0 0.23795681063122925 0.24850894632206758 0.07225913621262459 0.10735586481113318
0 0.14285714285714285 0.24652087475149104 0.09800664451827243 0.17892644135188865
0 0.2217607973421927 0.32604373757455263 0.03488372093023256 0.0636182902584493
0 0.10880398671096346 0.6138170974155069 0.11627906976744186 0.13618290258449303
0 0.12624584717607973 0.8891650099403577 0.10299003322259137 0.07852882703777335
0 0.06769102990033223 0.7678926441351888 0.08222591362126246 0.11232604373757454
0 0.2666112956810631 0.5313121272365805 0.04318936877076412 0.0467196819085487
0 0.0946843853820598 0.5119284294234592 0.13787375415282394 0.09145129224652086
0 0.03737541528239203 0.6799204771371768 0.04318936877076412 0.04771371769383698
0 0.260797342192691 0.7211729622266401 0.051495016611295685 0.07455268389662027
0 0.0170265780730897 0.8672962226640158 0.025747508305647843 0.0467196819085487
0 0.1553156146179402 0.05417495029821073 0.12624584717607973 0.0904572564612326
0 0.061877076411960136 0.02783300198807157 0.014119601328903655 0.05367793240556659
0 0.20182724252491696 0.7962226640159045 0.023255813953488372 0.073558648111332
0 0.07101328903654486 0.15109343936381708 0.0473421926910299 0.09940357852882703
0 0.15033222591362128 0.03379721669980119 0.04817275747508306 0.049701789264413515
