0 0.5473321858864028 0.7471324296141815 0.07401032702237521 0.11157455683003129
0 0.6450086058519794 0.7445255474452555 0.10068846815834769 0.18561001042752867
0 0.5619621342512909 0.6652763295099061 0.03614457831325301 0.0667361835245047
0 0.6695352839931153 0.36287799791449427 0.11876075731497418 0.14181438998957246
0 0.6437177280550774 0.07768508863399375 0.10499139414802065 0.08237747653806048
0 0.706540447504303 0.20125130344108447 0.08433734939759037 0.11678832116788321
0 0.5103270223752152 0.4551616266944734 0.04475043029259897 0.049009384775808136
0 0.6867469879518072 0.4676746611053181 0.14113597246127368 0.09489051094890512
0 0.7409638554216867 0.29144942648592287 0.04475043029259897 0.049009384775808136
0 0.5103270223752152 0.2575599582898853 0.05335628227194492 0.07716371220020855
0 0.7564543889845095 0.0959332638164755 0.025817555938037865 0.04796663190823775
0 0.6376936316695353 0.9447340980187696 0.12908777969018934 0.09384775808133472
0 0.73407917383821 0.9681960375391032 0.013769363166953529 0.05526590198123045
0 0.5688468158347677 0.1772679874869656 0.024096385542168676 0.07716371220020855
0 0.7211703958691911 0.8409801876955162 0.04819277108433735 0.1032325338894682
0 0.6437177280550774 0.9661105318039624 0.049913941480206545 0.051094890510948905
