0 0.7718446601941747 0.75048828125 0.07281553398058253 0.1103515625
0 0.8681229773462784 0.7490234375 0.10032362459546926 0.18359375
0 0.7872168284789645 0.669921875 0.03559870550161812 0.06640625
0 0.8956310679611651 0.3720703125 0.11812297734627833 0.140625
0 0.8725728155339806 0.08984375 0.10436893203883496 0.08203125
0 0.9344660194174758 0.21240234375 0.08414239482200647 0.1162109375
0 0.7370550161812298 0.46142578125 0.043689320388349516 0.0478515625
0 0.9122168284789645 0.4755859375 0.13996763754045308 0.09375
0 0.9676375404530745 0.3017578125 0.043689320388349516 0.048828125
0 0.7390776699029127 0.26611328125 0.052588996763754045 0.0771484375
0 0.9846278317152104 0.10888671875 0.025889967637540454 0.0478515625
0 0.860032362459547 0.947265625 0.127831715210356 0.091796875
0 0.9550970873786409 0.9716796875 0.013754045307443367 0.0546875
0 0.7973300970873787 0.1875 0.023462783171521038 0.076171875
0 0.9437702265372169 0.845703125 0.04773462783171521 0.1015625
0 0.8652912621359223 0.96826171875 0.04935275080906149 0.0517578125
