0 0.7903225806451613 0.29554455445544553 0.07196029776674938 0.10792079207920792
0 0.8846153846153846 0.3103960396039604 0.09842845326716294 0.1792079207920792
0 0.7969396195202647 0.37574257425742574 0.03556658395368073 0.06435643564356436
0 0.8742762613730356 0.6801980198019802 0.11579818031430934 0.13663366336633664
0 0.8238213399503722 0.9504950495049505 0.10256410256410256 0.07920792079207921
0 0.8966087675765095 0.8405940594059406 0.0827129859387924 0.11287128712871287
0 0.727874276261373 0.5707920792079207 0.043010752688172046 0.046534653465346534
0 0.9003308519437552 0.5816831683168316 0.1381306865177833 0.09207920792079208
0 0.9375516956162118 0.7579207920792079 0.043837882547559964 0.046534653465346534
0 0.7105045492142267 0.7603960396039604 0.05128205128205128 0.07524752475247524
0 0.935070306038048 0.9470297029702971 0.02564102564102564 0.046534653465346534
0 0.8957816377171216 0.11732673267326733 0.12572373862696443 0.0900990099009901
0 0.9913151364764268 0.10693069306930693 0.014061207609594707 0.053465346534653464
0 0.760132340777502 0.845049504950495 0.02315963606286187 0.07425742574257425
0 0.967328370554177 0.22772277227722773 0.04714640198511166 0.09900990099009901
0 0.902812241521919 0.09801980198019802 0.04880066170388751 0.04950495049504951
