0 0.7921875 0.2519230769230769 0.075625 0.11615384615384615
0 0.8925000000000001 0.25846153846153846 0.10250000000000001 0.19384615384615383
0 0.805 0.33807692307692305 0.03625 0.06846153846153846
0 0.9053125 0.6596153846153846 0.121875 0.14846153846153845
0 0.869375 0.9573076923076923 0.1075 0.08538461538461538
0 0.9384375 0.8307692307692308 0.08687500000000001 0.12153846153846154
0 0.744375 0.5553846153846154 0.045 0.05076923076923077
0 0.9265625000000001 0.5507692307692308 0.144375 0.09846153846153846
0 0.9765625 0.7384615384615385 0.044375 0.05076923076923077
0 0.7378125 0.7619230769230769 0.053125 0.08076923076923077
0 0.985625 0.9434615384615385 0.02625 0.05
0 0.8925000000000001 0.04923076923076923 0.1325 0.09692307692307692
0 0.9921875 0.028846153846153848 0.013125 0.05615384615384615
0 0.7953125 0.8492307692307692 0.024375 0.08
0 0.9746875 0.16153846153846155 0.048125 0.10615384615384615
0 0.8984375 0.027307692307692307 0.050625 0.05307692307692308
