0 0.7877697841726619 0.2514705882352941 0.0759392486011191 0.11666666666666667
0 0.8868904876099121 0.25735294117647056 0.10311750599520383 0.1931372549019608
0 0.8009592326139089 0.33627450980392154 0.03677058353317346 0.06862745098039216
0 0.9024780175859313 0.6529411764705882 0.12150279776179057 0.14705882352941177
0 0.8697042366107114 0.9475490196078431 0.10711430855315747 0.08529411764705883
0 0.9376498800959232 0.8225490196078431 0.08633093525179857 0.12156862745098039
0 0.7422062350119903 0.5524509803921569 0.045563549160671464 0.05
0 0.9232613908872902 0.546078431372549 0.14388489208633093 0.09803921568627451
0 0.9744204636290967 0.7303921568627451 0.04476418864908074 0.050980392156862744
0 0.7378097521982414 0.7563725490196078 0.05435651478816946 0.07941176470588235
0 0.9852118305355715 0.932843137254902 0.026378896882494004 0.05
0 0.8852917665867306 0.05 0.13189448441247 0.09607843137254901
0 0.9840127897681854 0.02892156862745098 0.014388489208633093 0.05784313725490196
0 0.7953637090327738 0.8416666666666667 0.023980815347721823 0.07941176470588235
0 0.9680255795363709 0.1602941176470588 0.0495603517186251 0.10686274509803921
0 0.891286970423661 0.028431372549019607 0.051159072741806554 0.052941176470588235
