0 0.5957607872823618 0.7214673913043478 0.07267221801665405 0.10778985507246377
0 0.6896290688872067 0.7065217391304348 0.0984102952308857 0.1793478260869565
0 0.6025738077214232 0.6413043478260869 0.0348221044663134 0.06340579710144928
0 0.6794095382286147 0.3374094202898551 0.11582134746404239 0.13677536231884058
0 0.6294473883421651 0.06702898550724638 0.10219530658591976 0.07971014492753624
0 0.7021196063588191 0.1766304347826087 0.08251324753974262 0.11231884057971014
0 0.5333080999242997 0.4461050724637681 0.04314912944738834 0.04619565217391305
0 0.7062831188493566 0.43523550724637683 0.13777441332323997 0.09148550724637682
0 0.742997728993187 0.25905797101449274 0.04314912944738834 0.04710144927536232
0 0.5162755488266465 0.25679347826086957 0.05147615442846329 0.07518115942028986
0 0.7403482210446631 0.07019927536231885 0.025738077214231644 0.04619565217391305
0 0.7009841029523088 0.8994565217391305 0.12566237698713095 0.09057971014492754
0 0.7963663890991673 0.9098731884057971 0.013626040878122634 0.05344202898550725
0 0.5658591975775927 0.17210144927536233 0.023467070401211203 0.07427536231884058
0 0.7728993186979561 0.7894021739130435 0.046934140802422405 0.09873188405797101
0 0.708554125662377 0.9189311594202899 0.04844814534443603 0.049818840579710144
