0 0.23850574712643677 0.24877330716388615 0.07142857142857142 0.10696761530912659
0 0.14367816091954022 0.246810598626104 0.09852216748768472 0.1776251226692836
0 0.22208538587848933 0.32630029440628067 0.035303776683087026 0.06378802747791952
0 0.10878489326765188 0.6123650637880275 0.11576354679802955 0.1354268891069676
0 0.12561576354679801 0.8876349362119724 0.10180623973727422 0.07948969578017664
0 0.06732348111658457 0.7664376840039253 0.08210180623973727 0.11187438665358193
0 0.26642036124794743 0.5309126594700686 0.04351395730706075 0.047105004906771344
0 0.09482758620689655 0.5112855740922473 0.13711001642036125 0.0902845927379784
0 0.03694581280788177 0.6786064769381747 0.04269293924466338 0.04612365063788027
0 0.26067323481116583 0.720314033366045 0.05172413793103448 0.07458292443572129
0 0.016420361247947456 0.8650637880274779 0.026272577996715927 0.04612365063788027
0 0.1564039408866995 0.05446516192345436 0.12561576354679801 0.08930323846908733
0 0.06280788177339901 0.02747791952894995 0.013957307060755337 0.05299313052011776
0 0.201559934318555 0.7948969578017664 0.023809523809523808 0.07458292443572129
0 0.07183908045977011 0.15063788027477917 0.046798029556650245 0.09911678115799803
0 0.15147783251231525 0.0338567222767419 0.04844006568144499 0.05004906771344455
