0 0.7878068091844813 0.7483026188166828 0.07600950118764846 0.11542192046556742
0 0.8867775138558986 0.7419980601357905 0.10292953285827394 0.19204655674102813
0 0.8004750593824228 0.6634335596508244 0.03642121931908155 0.06789524733268672
0 0.9026128266033254 0.3467507274490786 0.12193190815518606 0.14645974781765275
0 0.8697545526524149 0.0533462657613967 0.10688836104513064 0.08535402521823472
0 0.9370546318289785 0.17798254122211446 0.08630245447347584 0.12124151309408342
0 0.7422802850356294 0.4481086323957323 0.04513064133016627 0.0504364694471387
0 0.9231987331749801 0.45441319107662465 0.14410134600158353 0.0979631425800194
0 0.9742676167854315 0.27012609117361785 0.04513064133016627 0.049466537342386034
0 0.7379255740300871 0.24393792434529582 0.053840063341250986 0.08050436469447139
0 0.9857482185273159 0.06838021338506305 0.026920031670625493 0.049466537342386034
0 0.8847980997624703 0.9495635305528614 0.13222486144101345 0.09699321047526674
0 0.9837688044338875 0.9704170708050437 0.015043547110055422 0.05722599418040737
0 0.7957244655581948 0.15906886517943744 0.023752969121140142 0.07953443258971872
0 0.9675376088677751 0.8389912706110573 0.049089469517022956 0.1066925315227934
0 0.891132224861441 0.9713870029097963 0.05146476642913697 0.0533462657613967
