0 0.5771875 0.25115384615384617 0.075625 0.11615384615384615
0 0.6771875 0.25846153846153846 0.10312500000000001 0.19384615384615383
0 0.589375 0.3373076923076923 0.03625 0.06846153846153846
0 0.6896875 0.6592307692307692 0.121875 0.14769230769230768
0 0.65375 0.9565384615384616 0.1075 0.08538461538461538
0 0.723125 0.8307692307692308 0.08625000000000001 0.12153846153846154
0 0.52875 0.555 0.045 0.05
0 0.71125 0.5507692307692308 0.145 0.09846153846153846
0 0.76125 0.7380769230769231 0.045 0.05
0 0.5225 0.7615384615384615 0.05375 0.08
0 0.770625 0.943076923076923 0.02625 0.04923076923076923
0 0.676875 0.04846153846153846 0.1325 0.09692307692307692
0 0.776875 0.02846153846153846 0.01375 0.05692307692307692
0 0.58 0.8484615384615385 0.02375 0.08
0 0.759375 0.16115384615384615 0.04875 0.10692307692307693
0 0.6834375 0.02653846153846154 0.050625 0.05307692307692308
