0 0.7921875 0.7473076923076923 0.075625 0.11615384615384615
0 0.8925000000000001 0.7407692307692307 0.10250000000000001 0.19384615384615383
0 0.805 0.6611538461538462 0.03625 0.06846153846153846
0 0.9053125 0.3396153846153846 0.121875 0.14846153846153845
0 0.869375 0.04230769230769231 0.1075 0.08461538461538462
0 0.9384375 0.16846153846153847 0.08687500000000001 0.12153846153846154
0 0.744375 0.44384615384615383 0.045 0.05076923076923077
0 0.9265625000000001 0.44846153846153847 0.144375 0.09846153846153846
0 0.9765625 0.26076923076923075 0.044375 0.05076923076923077
0 0.7378125 0.2373076923076923 0.053125 0.08076923076923077
0 0.985625 0.05576923076923077 0.02625 0.05
0 0.8925000000000001 0.95 0.1325 0.09692307692307692
0 0.9921875 0.9703846153846154 0.013125 0.05615384615384615
0 0.7953125 0.15 0.024375 0.08
0 0.9746875 0.8376923076923077 0.048125 0.10615384615384615
0 0.8984375 0.9719230769230769 0.050625 0.05307692307692308
