0 0.6369294605809128 0.7407407407407407 0.07385892116182573 0.11011011011011011
0 0.733609958506224 0.7402402402402403 0.0995850622406639 0.1831831831831832
0 0.6522821576763486 0.6601601601601601 0.034854771784232366 0.06506506506506507
0 0.7614107883817427 0.3638638638638639 0.11701244813278008 0.13913913913913914
0 0.7390041493775933 0.08208208208208208 0.10373443983402489 0.08208208208208208
0 0.800414937759336 0.2047047047047047 0.08381742738589211 0.11511511511511512
0 0.6029045643153527 0.45245245245245247 0.04398340248962655 0.04804804804804805
0 0.7780082987551867 0.466966966966967 0.14024896265560166 0.09309309309309309
0 0.833609958506224 0.29429429429429427 0.04398340248962655 0.04804804804804805
0 0.6053941908713693 0.25725725725725723 0.05228215767634855 0.07607607607607608
0 0.8506224066390041 0.1016016016016016 0.026556016597510373 0.04704704704704705
0 0.7244813278008299 0.9369369369369369 0.12780082987551866 0.0920920920920921
0 0.8195020746887967 0.9619619619619619 0.014107883817427386 0.05405405405405406
0 0.6639004149377593 0.17917917917917917 0.023236514522821577 0.07607607607607608
0 0.808298755186722 0.8363363363363363 0.04813278008298755 0.1011011011011011
0 0.7298755186721991 0.9584584584584585 0.04896265560165975 0.05105105105105105
