0 0.7906879194630873 0.7171052631578947 0.07298657718120805 0.11032388663967611
0 0.886744966442953 0.7044534412955465 0.10067114093959731 0.18421052631578946
0 0.7990771812080537 0.6351214574898786 0.0360738255033557 0.06578947368421052
0 0.8833892617449665 0.3259109311740891 0.1174496644295302 0.1396761133603239
0 0.837248322147651 0.04757085020242915 0.1040268456375839 0.08097165991902834
0 0.9089765100671141 0.16194331983805668 0.08305369127516779 0.11538461538461539
0 0.7328020134228188 0.4331983805668016 0.044463087248322146 0.048582995951417005
0 0.9081375838926175 0.4266194331983806 0.1401006711409396 0.09412955465587045
0 0.949244966442953 0.24746963562753035 0.044463087248322146 0.04757085020242915
0 0.7185402684563759 0.2388663967611336 0.05285234899328859 0.07692307692307693
0 0.9500838926174496 0.053643724696356275 0.026006711409395974 0.0465587044534413
0 0.8947147651006712 0.9023279352226721 0.12835570469798657 0.09210526315789473
0 0.9911912751677853 0.9149797570850202 0.014261744966442953 0.05465587044534413
0 0.7709731543624161 0.15384615384615385 0.02348993288590604 0.07692307692307693
0 0.9693791946308724 0.791497975708502 0.047818791946308725 0.10121457489878542
0 0.9014261744966443 0.9225708502024291 0.04949664429530201 0.05161943319838057
