0 0.2517591868647381 0.2598499061913696 0.07193119624706802 0.10881801125703565
0 0.1563721657544957 0.2589118198874296 0.0985144644253323 0.1801125703564728
0 0.23573103987490227 0.33864915572232646 0.035183737294761534 0.06378986866791744
0 0.12431587177482407 0.6285178236397748 0.11571540265832682 0.13696060037523453
0 0.14308053166536355 0.9061913696060038 0.10320562939796717 0.08067542213883677
0 0.0836591086786552 0.7847091932457786 0.08287724784988272 0.11350844277673545
0 0.28225175918686474 0.5445590994371482 0.0437842064112588 0.04784240150093809
0 0.10906958561376075 0.5272045028142589 0.1383893666927287 0.09193245778611632
0 0.05238467552775606 0.6960600375234521 0.0437842064112588 0.04690431519699812
0 0.27756059421422985 0.7359287054409006 0.05160281469898358 0.07410881801125703
0 0.033229085222830336 0.8850844277673546 0.02580140734949179 0.04596622889305816
0 0.1673182173573104 0.0651969981238274 0.1266614542611415 0.09099437148217636
0 0.07388584831899922 0.038930581613508444 0.013291634089132134 0.05347091932457786
0 0.21892103205629398 0.8119136960600375 0.023455824863174355 0.07410881801125703
0 0.0836591086786552 0.16322701688555347 0.04691164972634871 0.09943714821763602
0 0.16262705238467554 0.04455909943714822 0.04847537138389366 0.04971857410881801
