0 0.6550290939318371 0.7352941176470588 0.07315045719035744 0.10867397806580259
0 0.7502078137988363 0.7362911266201395 0.09891936824605153 0.18045862412761712
0 0.6708229426433915 0.656530408773679 0.034912718204488775 0.06480558325024925
0 0.7822111388196177 0.3668993020937188 0.11637572734829593 0.13758723828514455
0 0.7639235245220283 0.08873379860418742 0.10307564422277639 0.0797607178464606
0 0.8229426433915212 0.21036889332003986 0.0831255195344971 0.11365902293120637
0 0.6246882793017456 0.45064805583250245 0.04405652535328346 0.04785643070787637
0 0.7975893599334996 0.4685942173479561 0.13881961762261014 0.0917248255234297
0 0.8545303408146301 0.2991026919242273 0.043225270157938485 0.04785643070787637
0 0.6292601828761429 0.2597208374875374 0.051537822111388194 0.07477567298105682
0 0.8740648379052369 0.11016949152542373 0.025768911055694097 0.04685942173479561
0 0.7389858686616791 0.9297108673978065 0.12635078969243557 0.09072781655034895
0 0.8333333333333334 0.9561316051844466 0.014131338320864505 0.053838484546360914
0 0.6882793017456359 0.1834496510468594 0.023275145469659187 0.07577268195413758
0 0.8233582709891937 0.8325024925224326 0.04738154613466334 0.09970089730807577
0 0.7443890274314214 0.9511465603190428 0.049044056525353284 0.049850448654037885
