0 0.8823529411764706 0.7750472589792061 0.0784313725490196 0.11342155009451796
0 0.7698039215686274 0.31568998109640833 0.03529411764705882 0.05860113421550095
0 0.8090196078431372 0.8969754253308129 0.10745098039215686 0.0945179584120983
0 0.76 0.24338374291115314 0.06745098039215686 0.11247637051039698
0 0.9172549019607843 0.694234404536862 0.04627450980392157 0.048204158790170135
0 0.7082352941176471 0.5108695652173914 0.04078431372549019 0.05387523629489603
0 0.9188235294117647 0.9021739130434783 0.024313725490196076 0.046313799621928164
0 0.9352941176470588 0.5808128544423441 0.0196078431372549 0.048204158790170135
0 0.1192156862745098 0.011814744801512287 0.025098039215686273 0.01228733459357278
0 0.8596078431372549 0.4617202268431002 0.18196078431372548 0.19943289224952743
0 0.8607843137254901 0.6053875236294897 0.09490196078431372 0.1275992438563327
0 0.7423529411764705 0.7707939508506616 0.04784313725490196 0.10302457466918714
0 0.6949019607843137 0.6876181474480152 0.05647058823529411 0.07655954631379962
0 0.8541176470588235 0.251890359168242 0.09098039215686274 0.1767485822306238
0 0.9388235294117646 0.12570888468809074 0.05333333333333333 0.13232514177693763
0 0.8815686274509803 0.08601134215500945 0.06745098039215686 0.06049149338374291
