0 0.9213615023474179 0.27626641651031897 0.07746478873239437 0.11163227016885553
0 0.7652582159624414 0.7091932457786116 0.03442879499217527 0.058161350844277676
0 0.8615023474178404 0.14681050656660413 0.10641627543035995 0.09287054409005628
0 0.7488262910798122 0.7786116322701688 0.06729264475743349 0.11069418386491557
0 0.9479655712050078 0.3602251407129456 0.04460093896713615 0.04690431519699812
0 0.7241784037558686 0.5098499061913696 0.03990610328638498 0.05347091932457786
0 0.9698748043818467 0.1571294559099437 0.024256651017214397 0.04409005628517824
0 0.9542253521126761 0.47373358348968103 0.019561815336463225 0.04690431519699812
0 0.09546165884194054 0.9132270168855535 0.025039123630672927 0.012195121951219513
0 0.8677621283255086 0.5792682926829268 0.17996870109546168 0.19606003752345216
0 0.8838028169014085 0.43902439024390244 0.09311424100156494 0.12570356472795496
0 0.7832550860719875 0.2603189493433396 0.046948356807511735 0.10037523452157598
0 0.7284820031298904 0.3348968105065666 0.056338028169014086 0.075046904315197
0 0.8415492957746479 0.7837711069418386 0.08998435054773084 0.17354596622889307
0 0.912754303599374 0.9197936210131332 0.05242566510172144 0.1303939962476548
0 0.8525039123630673 0.950281425891182 0.06651017214397496 0.0600375234521576
