0 0.9359832635983263 0.2312820512820513 0.08117154811715481 0.12
0 0.803347280334728 0.7082051282051282 0.03682008368200836 0.06256410256410257
0 0.8648535564853556 0.1 0.1112970711297071 0.09948717948717949
0 0.7907949790794978 0.7830769230769231 0.0702928870292887 0.11794871794871795
0 0.9694560669456066 0.31846153846153846 0.04769874476987447 0.050256410256410255
0 0.7468619246861924 0.5 0.042677824267782424 0.05641025641025641
0 0.9782426778242678 0.1 0.02510460251046025 0.048205128205128206
0 0.9836820083682007 0.43846153846153846 0.02092050209205021 0.050256410256410255
0 0.1209205020920502 0.9917948717948718 0.02594142259414226 0.012307692307692308
0 0.901255230125523 0.5594871794871795 0.18744769874476985 0.21025641025641026
0 0.9079497907949791 0.4087179487179487 0.09874476987447699 0.13435897435897437
0 0.7912133891213389 0.2287179487179487 0.049372384937238493 0.10871794871794872
0 0.7393305439330543 0.31384615384615383 0.05774058577405857 0.08
0 0.8878661087866109 0.7794871794871795 0.09372384937238493 0.18666666666666668
0 0.9707112970711297 0.916923076923077 0.05523012552301255 0.13948717948717948
0 0.9108786610878661 0.9548717948717949 0.06945606694560669 0.06358974358974359
