0 0.06077116512992456 0.23227132579650567 0.08130762782900251 0.11921891058581706
0 0.19572506286672256 0.7096608427543679 0.03604358759430008 0.06269270298047276
0 0.13202011735121544 0.09969167523124357 0.11148365465213747 0.09866392600205551
0 0.20871751886001677 0.7852004110996917 0.07041072925398156 0.11921891058581706
0 0.028080469404861693 0.32014388489208634 0.04777870913663034 0.050359712230215826
0 0.2518860016764459 0.5010277492291881 0.04274937133277452 0.0565262076053443
0 0.01760268231349539 0.10020554984583761 0.025146689019279127 0.048304213771839674
0 0.013830678960603521 0.4403905447070915 0.020955574182732608 0.050359712230215826
0 0.8822296730930428 0.9917780061664954 0.025984911986588432 0.012332990750256938
0 0.0972338642078793 0.5616649537512847 0.18943839061190276 0.21068859198355602
0 0.08968985750209556 0.40955806783144916 0.0989103101424979 0.13463514902363824
0 0.2057837384744342 0.2286742034943474 0.04945515507124895 0.10791366906474821
0 0.25901089689857504 0.31397738951695786 0.0586756077116513 0.08119218910585817
0 0.11106454316848281 0.7821171634121274 0.09471919530595138 0.18705035971223022
0 0.028499580888516347 0.920349434737924 0.055322715842414084 0.14080164439876672
0 0.0892707460184409 0.9583761562178829 0.06957250628667226 0.06474820143884892
