0 0.9330104923325262 0.22978303747534518 0.08071025020177562 0.1183431952662722
0 0.8030669895076674 0.7036489151873767 0.03551251008878127 0.062130177514792904
0 0.8611783696529459 0.10009861932938857 0.10976594027441484 0.09763313609467456
0 0.7909604519774011 0.7785996055226825 0.06941081517352704 0.11735700197238659
0 0.9661016949152542 0.3160749506903353 0.04681194511702986 0.05029585798816568
0 0.7457627118644068 0.49802761341222884 0.041969330104923326 0.05522682445759369
0 0.9745762711864406 0.09960552268244577 0.02502017756255044 0.04733727810650888
0 0.9814366424535915 0.4349112426035503 0.020984665052461663 0.04930966469428008
0 0.12510088781275222 0.9906311637080868 0.0258272800645682 0.012820512820512822
0 0.8999192897497982 0.5557199211045365 0.18724778046811943 0.20808678500986194
0 0.9059725585149313 0.40581854043392507 0.0976594027441485 0.13313609467455623
0 0.7889426957223568 0.22830374753451677 0.04923325262308313 0.10749506903353058
0 0.7376916868442291 0.3131163708086785 0.058111380145278446 0.07988165680473373
0 0.8878127522195318 0.7741617357001973 0.09362389023405972 0.1854043392504931
0 0.9709443099273607 0.9092702169625247 0.05488297013720742 0.13806706114398423
0 0.9112187247780468 0.9482248520710059 0.06941081517352704 0.06410256410256411
