0 0.9243750000000001 0.22615384615384615 0.08125 0.12
0 0.7859375000000001 0.7073076923076923 0.035625000000000004 0.06230769230769231
0 0.85375 0.09192307692307693 0.11125 0.09923076923076923
0 0.7725 0.7834615384615384 0.07 0.11923076923076924
0 0.9571875 0.315 0.046875 0.05
0 0.7309375 0.4957692307692308 0.041875 0.05615384615384615
0 0.9684375000000001 0.09384615384615384 0.024375 0.047692307692307694
0 0.9706250000000001 0.43653846153846154 0.02 0.05
0 0.09406250000000001 0.9857692307692307 0.025625000000000002 0.011538461538461539
0 0.88625 0.558076923076923 0.18875 0.21153846153846154
0 0.8946875 0.405 0.098125 0.1346153846153846
0 0.77875 0.22115384615384615 0.04875 0.10846153846153846
0 0.7253125 0.30653846153846154 0.058125 0.08076923076923077
0 0.8709375 0.7807692307692308 0.094375 0.18769230769230769
0 0.9534375 0.9211538461538461 0.054375 0.14076923076923076
0 0.8921875 0.9592307692307692 0.069375 0.06461538461538462
