0 0.08125 0.7784615384615384 0.08125 0.12
0 0.2196875 0.29730769230769233 0.035625000000000004 0.06230769230769231
0 0.151875 0.9126923076923077 0.11125 0.09923076923076923
0 0.233125 0.22115384615384615 0.07 0.11923076923076924
0 0.0484375 0.6896153846153846 0.046875 0.05
0 0.27468750000000003 0.5088461538461538 0.041875 0.05615384615384615
0 0.0371875 0.9107692307692308 0.024375 0.047692307692307694
0 0.035 0.568076923076923 0.02 0.05
0 0.9115625 0.018846153846153846 0.025625000000000002 0.011538461538461539
0 0.1196875 0.44576923076923075 0.18937500000000002 0.21153846153846154
0 0.11156250000000001 0.5988461538461538 0.098125 0.1346153846153846
0 0.2275 0.7826923076923077 0.04875 0.10846153846153846
0 0.2809375 0.6973076923076923 0.058125 0.08076923076923077
0 0.1353125 0.2230769230769231 0.094375 0.18769230769230769
0 0.0525 0.08307692307692308 0.055 0.14
0 0.1140625 0.045 0.069375 0.06384615384615384
