0 0.9366895499618613 0.26823638042474607 0.07932875667429444 0.11542012927054478
0 0.7871853546910755 0.7188365650969529 0.03508771929824562 0.06001846722068328
0 0.8733790999237224 0.1371191135734072 0.10831426392067126 0.0951061865189289
0 0.7719298245614036 0.791320406278855 0.06864988558352403 0.11449676823638041
0 0.965675057208238 0.3545706371191136 0.045766590389016024 0.04801477377654663
0 0.7414187643020596 0.515697137580794 0.041189931350114416 0.05447830101569714
0 0.9839816933638444 0.14496768236380425 0.02440884820747521 0.04616805170821791
0 0.9748283752860413 0.4709141274238227 0.01983218916857361 0.04801477377654663
0 0.10945842868039665 0.9506001846722067 0.025171624713958812 0.012003693444136657
0 0.8890160183066362 0.5821791320406279 0.1838291380625477 0.20221606648199444
0 0.9019832189168574 0.4376731301939058 0.09534706331045004 0.12927054478301014
0 0.795957284515637 0.25715604801477376 0.048054919908466824 0.10433979686057249
0 0.7418001525553013 0.335180055401662 0.057208237986270026 0.07756232686980609
0 0.8668954996186118 0.7936288088642659 0.09229595728451565 0.18005540166204986
0 0.9420289855072465 0.9307479224376731 0.05339435545385202 0.1348107109879963
0 0.8813882532418001 0.9644506001846722 0.06788710907704043 0.061865189289012
