0 0.9158716392020815 0.21812434141201262 0.0797918473547268 0.11591148577449946
0 0.7940156114483955 0.6859852476290832 0.03555941023417172 0.061116965226554264
0 0.8438855160450998 0.09220231822971549 0.10928013876843018 0.0958904109589041
0 0.7827406764960971 0.7597471022128556 0.06851691240242845 0.11591148577449946
0 0.9501300954032957 0.3024236037934668 0.04596704249783174 0.04847207586933614
0 0.7346053772766695 0.4847207586933614 0.04163052905464007 0.0547945205479452
0 0.9553339115351257 0.08956796628029504 0.02515177797051171 0.046364594309799785
0 0.9666088464874241 0.41886195995785036 0.0199479618386817 0.04952581664910432
0 0.12836079791847355 0.9805057955742886 0.026019080659150044 0.011591148577449946
0 0.8876843018213356 0.5389884088514225 0.1847354726799653 0.20337197049525815
0 0.8911535125758889 0.39199157007376184 0.09627059843885516 0.13066385669125394
0 0.7736339982653946 0.2197049525816649 0.04856895056374674 0.10432033719704951
0 0.7241977450130095 0.304004214963119 0.05724197745013009 0.07903055848261327
0 0.8781439722463139 0.7534246575342465 0.09280138768430182 0.18124341412012643
0 0.9622723330442324 0.8846153846153846 0.05464006938421509 0.13593256059009481
0 0.9032957502168256 0.9236037934668071 0.06851691240242845 0.06217070600632244
