0 0.9425 0.23384615384615384 0.08125 0.12
0 0.8043750000000001 0.7146153846153847 0.035 0.06153846153846154
0 0.8721875 0.09923076923076923 0.111875 0.09846153846153846
0 0.79125 0.7907692307692308 0.07 0.11846153846153847
0 0.9753125 0.3223076923076923 0.046875 0.05076923076923077
0 0.7490625 0.5034615384615385 0.041875 0.05615384615384615
0 0.9868750000000001 0.10076923076923076 0.02375 0.047692307692307694
0 0.9890625000000001 0.44384615384615383 0.019375 0.05076923076923077
0 0.1125 0.9926923076923077 0.025 0.011538461538461539
0 0.9046875 0.5657692307692308 0.18937500000000002 0.21153846153846154
0 0.9128125 0.4126923076923077 0.098125 0.1346153846153846
0 0.796875 0.22884615384615384 0.04875 0.10846153846153846
0 0.7434375 0.31423076923076926 0.058125 0.08076923076923077
0 0.8890625 0.7884615384615384 0.094375 0.18769230769230769
0 0.971875 0.9288461538461539 0.055 0.14076923076923076
0 0.9103125 0.9669230769230769 0.069375 0.06461538461538462
