0 0.06406124093473005 0.21942800788954636 0.0813859790491539 0.1193293885601578
0 0.1966156325543916 0.6947731755424064 0.0354552780016116 0.062130177514792904
0 0.1353746978243352 0.08777120315581854 0.11120064464141821 0.09861932938856016
0 0.20910556003223207 0.7702169625246549 0.07010475423045931 0.1183431952662722
0 0.031023368251410152 0.3062130177514793 0.0475423045930701 0.05029585798816568
0 0.25302175664786464 0.48767258382643003 0.041901692183722805 0.05621301775147929
0 0.02215954875100725 0.08826429980276135 0.0249798549556809 0.04832347140039448
0 0.016518936341659952 0.4255424063116371 0.020145044319097503 0.05029585798816568
0 0.878323932312651 0.9792899408284024 0.0257856567284448 0.01183431952662722
0 0.09871071716357775 0.5463510848126233 0.18775181305398872 0.20907297830374755
0 0.09226430298146655 0.39595660749506906 0.09750201450443191 0.13313609467455623
0 0.20910556003223207 0.21646942800788957 0.0491539081385979 0.10749506903353058
0 0.2610797743755036 0.3017751479289941 0.0580177276390008 0.08086785009861934
0 0.1120064464141821 0.7662721893491125 0.09347300564061241 0.1854043392504931
0 0.0290088638195004 0.9028599605522682 0.0547945205479452 0.13905325443786984
0 0.0894439967767929 0.9413214990138068 0.0692989524576954 0.06410256410256411
