0 0.936875 0.23076923076923078 0.08125 0.12
0 0.7984375 0.7119230769230769 0.035625000000000004 0.06230769230769231
0 0.86625 0.09653846153846155 0.11125 0.09923076923076923
0 0.785 0.7880769230769231 0.07 0.11923076923076924
0 0.9696875 0.31961538461538463 0.046875 0.05
0 0.7434375 0.5003846153846154 0.041875 0.05615384615384615
0 0.9809375 0.09846153846153846 0.024375 0.047692307692307694
0 0.983125 0.4411538461538462 0.02 0.05
0 0.1065625 0.9903846153846154 0.025625000000000002 0.011538461538461539
0 0.8984375 0.5626923076923077 0.18937500000000002 0.21153846153846154
0 0.9065625 0.4096153846153846 0.098125 0.1346153846153846
0 0.790625 0.22576923076923078 0.04875 0.10846153846153846
0 0.7371875 0.31115384615384617 0.058125 0.08076923076923077
0 0.8828125 0.7853846153846153 0.094375 0.18769230769230769
0 0.9656250000000001 0.9257692307692308 0.055 0.14076923076923076
0 0.9040625 0.9638461538461538 0.069375 0.06461538461538462
