0 0.9187550525464834 0.7240038872691934 0.07841552142279709 0.11273080660835762
0 0.7643492320129345 0.2857142857142857 0.034761519805982216 0.05830903790087463
0 0.8577202910266774 0.8542274052478134 0.1067097817299919 0.09329446064139942
0 0.7477768795472918 0.21574344023323613 0.06790622473726758 0.11273080660835762
0 0.9458367016976555 0.6389698736637511 0.04527081649151172 0.047619047619047616
0 0.721503637833468 0.48639455782312924 0.0412287793047696 0.05344995140913508
0 0.9668552950687146 0.8440233236151603 0.024252223120452707 0.04567541302235179
0 0.9527081649151171 0.5252672497570456 0.02021018593371059 0.047619047619047616
0 0.09175424413904608 0.0738581146744412 0.025060630557801132 0.011661807580174927
0 0.86661277283751 0.4173955296404276 0.18108326596604687 0.19727891156462585
0 0.8815683104284558 0.5587949465500486 0.09458367016976556 0.12633624878522837
0 0.7797089733225545 0.738095238095238 0.04769603880355699 0.1020408163265306
0 0.7247372675828617 0.662779397473275 0.05578011317704123 0.07580174927113702
0 0.841552142279709 0.21137026239067055 0.09054163298302344 0.17589893100097181
0 0.9135004042037186 0.07482993197278912 0.05335489086499595 0.13216715257531583
0 0.8532740501212611 0.043731778425655975 0.06709781729991915 0.06025267249757045
