0 0.9193825042881647 0.22481827622014539 0.07890222984562607 0.11526479750778816
0 0.8014579759862779 0.6895119418483904 0.03516295025728988 0.060228452751817235
0 0.846483704974271 0.10072689511941849 0.10806174957118353 0.09553478712357216
0 0.79073756432247 0.7622014537902388 0.0686106346483705 0.1142263759086189
0 0.9536878216123499 0.3078920041536864 0.04631217838765009 0.04880581516095535
0 0.7409948542024014 0.49117341640706125 0.041166380789022294 0.05399792315680166
0 0.9575471698113207 0.09709241952232606 0.024871355060034305 0.04672897196261682
0 0.9708404802744425 0.42315680166147457 0.020583190394511147 0.04880581516095535
0 0.14150943396226415 0.9880581516095535 0.025728987993138937 0.01142263759086189
0 0.8927958833619211 0.5430944963655244 0.1835334476843911 0.20145379023883697
0 0.8962264150943396 0.39667705088265837 0.09605488850771869 0.12876427829698858
0 0.7778730703259005 0.22793354101765317 0.048027444253859346 0.10488058151609553
0 0.7294168096054888 0.31204569055036346 0.057461406518010294 0.0778816199376947
0 0.8855060034305318 0.7554517133956387 0.09176672384219554 0.17964693665628245
0 0.9699828473413379 0.8847352024922118 0.05317324185248713 0.13499480789200416
0 0.9120926243567753 0.9241952232606438 0.06775300171526587 0.06230529595015576
