0 0.9375 0.22692307692307692 0.08125 0.12
0 0.7990625 0.708076923076923 0.035625000000000004 0.06230769230769231
0 0.8668750000000001 0.0926923076923077 0.11125 0.09923076923076923
0 0.785625 0.7842307692307692 0.07 0.11923076923076924
0 0.9703125 0.31576923076923075 0.046875 0.05
0 0.7440625 0.49653846153846154 0.041875 0.05615384615384615
0 0.9815625 0.09461538461538462 0.024375 0.047692307692307694
0 0.98375 0.4373076923076923 0.02 0.05
0 0.1071875 0.9865384615384616 0.025625000000000002 0.011538461538461539
0 0.8990625 0.5588461538461539 0.18937500000000002 0.21153846153846154
0 0.9071875 0.40576923076923077 0.098125 0.1346153846153846
0 0.79125 0.22192307692307692 0.04875 0.10846153846153846
0 0.7378125 0.3073076923076923 0.058125 0.08076923076923077
0 0.8834375 0.7815384615384615 0.094375 0.18769230769230769
0 0.96625 0.921923076923077 0.055 0.14076923076923076
0 0.9046875 0.96 0.069375 0.06461538461538462
