0 0.9425 0.7653846153846153 0.08125 0.12
0 0.8043750000000001 0.2846153846153846 0.035 0.06153846153846154
0 0.8721875 0.9 0.111875 0.09846153846153846
0 0.79125 0.20846153846153845 0.07 0.11846153846153847
0 0.9753125 0.676923076923077 0.046875 0.05076923076923077
0 0.7490625 0.4957692307692308 0.041875 0.05615384615384615
0 0.9868750000000001 0.8984615384615384 0.02375 0.047692307692307694
0 0.9890625000000001 0.5553846153846154 0.019375 0.05076923076923077
0 0.1125 0.006538461538461538 0.025 0.011538461538461539
0 0.9046875 0.43346153846153845 0.18937500000000002 0.21153846153846154
0 0.9128125 0.5865384615384616 0.098125 0.1346153846153846
0 0.796875 0.7703846153846153 0.04875 0.10846153846153846
0 0.7434375 0.685 0.058125 0.08076923076923077
0 0.8890625 0.21076923076923076 0.094375 0.18769230769230769
0 0.971875 0.07076923076923076 0.055 0.14
0 0.9103125 0.032692307692307694 0.069375 0.06384615384615384
