0 0.07125000000000001 0.21769230769230768 0.08125 0.12
0 0.2096875 0.6988461538461539 0.035625000000000004 0.06230769230769231
0 0.141875 0.08346153846153846 0.11125 0.09923076923076923
0 0.22312500000000002 0.775 0.07 0.11923076923076924
0 0.0384375 0.30653846153846154 0.046875 0.05
0 0.2646875 0.48730769230769233 0.041875 0.05615384615384615
0 0.0271875 0.08538461538461538 0.024375 0.047692307692307694
0 0.025 0.4280769230769231 0.02 0.05
0 0.9015625 0.9773076923076923 0.025625000000000002 0.011538461538461539
0 0.10968750000000001 0.5496153846153846 0.18937500000000002 0.21153846153846154
0 0.1015625 0.39653846153846156 0.098125 0.1346153846153846
0 0.2175 0.21269230769230768 0.04875 0.10846153846153846
0 0.2709375 0.2980769230769231 0.058125 0.08076923076923077
0 0.1253125 0.7723076923076924 0.094375 0.18769230769230769
0 0.0425 0.9126923076923077 0.055 0.14076923076923076
0 0.1040625 0.9507692307692308 0.069375 0.06461538461538462
