0 0.8009554140127388 0.7659675881792183 0.030254777070063694 0.05052430886558627
0 0.8853503184713376 0.7488083889418493 0.1321656050955414 0.1954242135367016
0 0.6361464968152867 0.7111534795042898 0.06050955414012739 0.07244995233555768
0 0.6922770700636943 0.6796949475691134 0.0517515923566879 0.08198284080076262
0 0.7683121019108281 0.7106768350810295 0.039808917197452234 0.04861773117254528
0 0.6918789808917197 0.7497616777883699 0.02070063694267516 0.05433746425166825
0 0.9378980891719746 0.7979027645376549 0.03343949044585987 0.047664442326024785
0 0.909235668789809 0.39704480457578645 0.0445859872611465 0.09437559580552907
0 0.8554936305732485 0.1892278360343184 0.1265923566878981 0.1325071496663489
0 0.7671178343949046 0.6601525262154433 0.08519108280254778 0.07721639656816015
