0 0.16360153256704982 0.288961038961039 0.0314176245210728 0.05287569573283859
0 0.07701149425287357 0.3042671614100186 0.135632183908046 0.20222634508348794
0 0.3306513409961686 0.3515769944341373 0.06206896551724138 0.07421150278293136
0 0.27241379310344827 0.3821892393320965 0.052873563218390804 0.08534322820037106
0 0.19540229885057472 0.34740259740259744 0.041379310344827586 0.05102040816326531
0 0.27471264367816095 0.3102968460111317 0.020689655172413793 0.05658627087198516
0 0.024521072796934867 0.25139146567717996 0.033716475095785445 0.05009276437847866
0 0.044444444444444446 0.6665120593692022 0.04597701149425287 0.09740259740259741
0 0.09386973180076628 0.8831168831168831 0.12950191570881225 0.137291280148423
0 0.19540229885057472 0.3998144712430427 0.08735632183908046 0.07977736549165121
