0 0.16738382099827884 0.7410526315789474 0.031841652323580036 0.05473684210526315
0 0.07874354561101549 0.731578947368421 0.13855421686746988 0.20842105263157895
0 0.3347676419965577 0.6647368421052632 0.06368330464716007 0.07684210526315789
0 0.2736660929432014 0.6373684210526316 0.05335628227194492 0.08736842105263158
0 0.19707401032702238 0.6784210526315789 0.04130808950086059 0.05157894736842105
0 0.27969018932874357 0.7115789473684211 0.022375215146299483 0.05894736842105263
0 0.027969018932874356 0.7889473684210526 0.03528399311531842 0.05157894736842105
0 0.028399311531841654 0.36105263157894735 0.04647160068846816 0.10105263157894737
0 0.06884681583476765 0.13473684210526315 0.13253012048192772 0.14105263157894737
0 0.1944922547332186 0.6247368421052631 0.08950086058519793 0.0831578947368421
