0 0.3485558157689305 0.723444976076555 0.03200624512099922 0.05550239234449761
0 0.25956284153005466 0.7133971291866029 0.13817330210772832 0.20956937799043063
0 0.5171740827478533 0.6483253588516746 0.06323185011709602 0.07751196172248805
0 0.4558938329430133 0.6200956937799044 0.0546448087431694 0.08803827751196172
0 0.37861046057767367 0.6607655502392344 0.04215456674473068 0.052631578947368425
0 0.4613583138173302 0.6952153110047847 0.02185792349726776 0.0583732057416268
0 0.20804059328649493 0.7712918660287081 0.0351288056206089 0.05167464114832536
0 0.2107728337236534 0.3397129186602871 0.046838407494145196 0.1014354066985646
0 0.25214676034348166 0.11244019138755981 0.1327088212334114 0.14258373205741628
0 0.3762685402029664 0.6066985645933014 0.08899297423887588 0.08229665071770335
