0 0.8375 0.7234615384615385 0.03125 0.054615384615384614
0 0.9275 0.7126923076923077 0.13875 0.21153846153846154
0 0.6671875 0.6496153846153846 0.063125 0.07769230769230769
0 0.72875 0.6203846153846154 0.05375 0.08846153846153847
0 0.806875 0.6607692307692308 0.04125 0.052307692307692305
0 0.72375 0.6961538461538461 0.02125 0.05846153846153846
0 0.9796875 0.7703846153846153 0.034375 0.05153846153846154
0 0.97375 0.33384615384615385 0.04625 0.10153846153846154
0 0.9303125 0.10461538461538461 0.133125 0.14307692307692307
0 0.8090625 0.6061538461538462 0.089375 0.08307692307692308
