0 0.20750000000000002 0.23115384615384615 0.03125 0.054615384615384614
0 0.11750000000000001 0.24192307692307694 0.13875 0.21153846153846154
0 0.3778125 0.305 0.063125 0.07769230769230769
0 0.31625000000000003 0.3342307692307692 0.05375 0.08846153846153847
0 0.238125 0.29384615384615387 0.04125 0.052307692307692305
0 0.32125 0.25846153846153846 0.02125 0.05846153846153846
0 0.0653125 0.18423076923076923 0.034375 0.05153846153846154
0 0.07125000000000001 0.6207692307692307 0.04625 0.10153846153846154
0 0.115 0.85 0.13375 0.14307692307692307
0 0.2365625 0.34846153846153843 0.089375 0.08307692307692308
