0 0.26875 0.26269230769230767 0.03125 0.054615384615384614
0 0.17875 0.2734615384615385 0.13875 0.21153846153846154
0 0.4390625 0.33653846153846156 0.063125 0.07769230769230769
0 0.3775 0.3657692307692308 0.05375 0.08846153846153847
0 0.299375 0.3253846153846154 0.04125 0.052307692307692305
0 0.3825 0.29 0.02125 0.05846153846153846
0 0.1265625 0.21576923076923077 0.034375 0.05153846153846154
0 0.1325 0.6523076923076923 0.04625 0.10153846153846154
0 0.17625 0.8823076923076923 0.13375 0.14307692307692307
0 0.2978125 0.38076923076923075 0.089375 0.08307692307692308
