0 0.8081880212282032 0.2534059945504087 0.030326004548900682 0.05086285195277021
0 0.8938589840788476 0.25567665758401453 0.13191811978771797 0.1952770208900999
0 0.6512509476876421 0.3346957311534968 0.060652009097801364 0.07175295186194368
0 0.711144806671721 0.3564940962761126 0.05155420773313116 0.08265213442325159
0 0.7824109173616376 0.31335149863760214 0.039423805913570885 0.049046321525885554
0 0.7020470053070508 0.2874659400544959 0.02122820318423048 0.055404178019981834
0 0.9401061410159212 0.19845594913714804 0.03335860500379075 0.04813805631244323
0 0.9579226686884003 0.600817438692098 0.04473085670962851 0.09355131698455948
0 0.9291129643669447 0.8156221616712079 0.12661106899166036 0.13260672116257946
0 0.7873388931008339 0.3637602179836512 0.08567096285064443 0.07720254314259764
