0 0.649375 0.23192307692307693 0.03125 0.054615384615384614
0 0.739375 0.24269230769230768 0.13875 0.21153846153846154
0 0.4790625 0.3057692307692308 0.063125 0.07769230769230769
0 0.540625 0.335 0.05375 0.08846153846153847
0 0.61875 0.2946153846153846 0.04125 0.052307692307692305
0 0.535625 0.2592307692307692 0.02125 0.05846153846153846
0 0.7915625000000001 0.185 0.034375 0.05153846153846154
0 0.785625 0.6215384615384615 0.04625 0.10153846153846154
0 0.7421875 0.8515384615384616 0.133125 0.14307692307692307
0 0.6209375 0.35 0.089375 0.08307692307692308
