0 0.6919540229885057 0.3130755064456722 0.030651340996168584 0.05156537753222836
0 0.7773946360153257 0.3291896869244936 0.13256704980842912 0.19797421731123388
0 0.5260536398467434 0.3701657458563536 0.06053639846743295 0.07366482504604052
0 0.5831417624521072 0.40147329650092084 0.052107279693486594 0.08287292817679558
0 0.6597701149425288 0.3692449355432781 0.03984674329501916 0.04972375690607735
0 0.581992337164751 0.3305709023941068 0.020689655172413793 0.05524861878453039
0 0.8298850574712644 0.2785451197053407 0.033716475095785445 0.04880294659300184
0 0.8042145593869732 0.6850828729281768 0.04521072796934866 0.09576427255985268
0 0.7521072796934866 0.8959484346224678 0.12796934865900383 0.13443830570902396
0 0.6590038314176245 0.4203499079189687 0.08582375478927204 0.07826887661141806
