0 0.8332025117739404 0.3168224299065421 0.030612244897959186 0.05046728971962617
0 0.9167974882260597 0.33457943925233646 0.13029827315541603 0.1925233644859813
0 0.6691522762951335 0.36728971962616824 0.06043956043956044 0.07102803738317758
0 0.7248822605965464 0.39953271028037385 0.05102040816326531 0.08130841121495327
0 0.8006279434850864 0.37009345794392523 0.03924646781789639 0.048598130841121495
0 0.7252747252747254 0.33037383177570095 0.020408163265306124 0.05327102803738318
0 0.9693877551020409 0.28738317757009346 0.03296703296703297 0.04766355140186916
0 0.9356357927786499 0.6817757009345795 0.04395604395604396 0.09252336448598131
0 0.8799058084772371 0.8855140186915889 0.12558869701726846 0.12990654205607477
0 0.7986656200941916 0.4200934579439253 0.08398744113029828 0.07570093457943926
