0 0.22875 0.7373076923076923 0.03125 0.054615384615384614
0 0.13875 0.7265384615384616 0.13875 0.21153846153846154
0 0.3990625 0.6634615384615384 0.063125 0.07769230769230769
0 0.3375 0.6342307692307693 0.05375 0.08846153846153847
0 0.259375 0.6746153846153846 0.04125 0.052307692307692305
0 0.3425 0.71 0.02125 0.05846153846153846
0 0.0865625 0.7842307692307692 0.034375 0.05153846153846154
0 0.0925 0.3476923076923077 0.04625 0.10153846153846154
0 0.13625 0.1176923076923077 0.13375 0.14307692307692307
0 0.2578125 0.6192307692307693 0.089375 0.08307692307692308
