0 0.815251572327044 0.7447916666666667 0.031446540880503145 0.052083333333333336
0 0.9017295597484277 0.7405303030303031 0.13364779874213836 0.19886363636363638
0 0.6556603773584906 0.6647727272727273 0.06132075471698113 0.07386363636363637
0 0.7154088050314465 0.6415719696969697 0.05188679245283019 0.08428030303030304
0 0.7885220125786164 0.6841856060606061 0.04088050314465409 0.05018939393939394
0 0.7075471698113208 0.7121212121212122 0.020440251572327046 0.054924242424242424
0 0.9492924528301887 0.7973484848484849 0.03380503144654088 0.04924242424242424
0 0.9622641509433962 0.38825757575757575 0.045597484276729564 0.09659090909090909
0 0.9300314465408805 0.17045454545454547 0.1289308176100629 0.13446969696969696
0 0.7924528301886793 0.6330492424242424 0.08647798742138366 0.07859848484848485
