0 0.255 0.21269230769230768 0.03125 0.054615384615384614
0 0.165 0.22346153846153846 0.13875 0.21153846153846154
0 0.4253125 0.2865384615384615 0.063125 0.07769230769230769
0 0.36375 0.31576923076923075 0.05375 0.08846153846153847
0 0.285625 0.2753846153846154 0.04125 0.052307692307692305
0 0.36875 0.24 0.02125 0.05846153846153846
0 0.1128125 0.16576923076923078 0.034375 0.05153846153846154
0 0.11875000000000001 0.6023076923076923 0.04625 0.10153846153846154
0 0.1621875 0.8323076923076923 0.133125 0.14307692307692307
0 0.2834375 0.33076923076923076 0.089375 0.08307692307692308
