0 0.6370967741935484 0.719421101774043 0.0314900153609831 0.05322128851540617
0 0.7250384024577573 0.7058823529411765 0.13671274961597543 0.2054154995331466
0 0.46889400921658986 0.65406162464986 0.06221198156682028 0.07563025210084034
0 0.5288018433179723 0.6237161531279178 0.052995391705069124 0.08590102707749767
0 0.6059907834101382 0.6596638655462185 0.041474654377880185 0.05135387488328665
0 0.5253456221198156 0.6970121381886089 0.021505376344086023 0.0569561157796452
0 0.7772657450076805 0.7600373482726425 0.03379416282642089 0.05042016806722689
0 0.761136712749616 0.3389355742296919 0.04608294930875576 0.09897292250233428
0 0.7135176651305684 0.11904761904761905 0.130568356374808 0.13912231559290383
0 0.6063748079877113 0.6069094304388423 0.08832565284178187 0.08029878618113913
