0 0.3125 0.24269230769230768 0.03125 0.054615384615384614
0 0.2225 0.25346153846153846 0.13875 0.21153846153846154
0 0.48281250000000003 0.31653846153846155 0.063125 0.07769230769230769
0 0.42125 0.3457692307692308 0.05375 0.08846153846153847
0 0.343125 0.30538461538461537 0.04125 0.052307692307692305
0 0.42625 0.27 0.02125 0.05846153846153846
0 0.1703125 0.19576923076923078 0.034375 0.05153846153846154
0 0.17625 0.6323076923076923 0.04625 0.10153846153846154
0 0.22 0.8623076923076923 0.13375 0.14307692307692307
0 0.3415625 0.3607692307692308 0.089375 0.08307692307692308
