0 0.16 0.7384615384615385 0.03125 0.055384615384615386
0 0.0696875 0.7276923076923076 0.138125 0.21076923076923076
0 0.3296875 0.6646153846153846 0.063125 0.07846153846153846
0 0.268125 0.6357692307692308 0.05375 0.08846153846153847
0 0.19062500000000002 0.6757692307692308 0.04125 0.05307692307692308
0 0.27375 0.7111538461538461 0.02125 0.057692307692307696
0 0.017812500000000002 0.785 0.034375 0.05153846153846154
0 0.02375 0.34884615384615386 0.04625 0.10230769230769231
0 0.0671875 0.11923076923076924 0.133125 0.14307692307692307
0 0.1884375 0.6207692307692307 0.089375 0.08307692307692308
