0 0.8143750000000001 0.7711538461538462 0.03125 0.054615384615384614
0 0.904375 0.7603846153846154 0.13875 0.21153846153846154
0 0.6440625 0.6973076923076923 0.063125 0.07769230769230769
0 0.7056250000000001 0.6680769230769231 0.05375 0.08846153846153847
0 0.7837500000000001 0.7084615384615385 0.04125 0.052307692307692305
0 0.700625 0.7438461538461538 0.02125 0.05846153846153846
0 0.9565625 0.818076923076923 0.034375 0.05153846153846154
0 0.950625 0.38153846153846155 0.04625 0.10153846153846154
0 0.906875 0.1523076923076923 0.13375 0.14307692307692307
0 0.7853125 0.6538461538461539 0.089375 0.08307692307692308
