0 0.384375 0.4411538461538462 0.06375 0.07615384615384616
0 0.0315625 0.38153846153846155 0.063125 0.06615384615384616
0 0.5459375 0.8792307692307693 0.068125 0.07692307692307693
0 0.1946875 0.4746153846153846 0.036875 0.05076923076923077
0 0.2584375 0.5430769230769231 0.099375 0.11692307692307692
0 0.6515625 0.8438461538461538 0.138125 0.1076923076923077
0 0.43093750000000003 0.8992307692307693 0.08687500000000001 0.06307692307692307
0 0.43593750000000003 0.8092307692307692 0.063125 0.10923076923076923
0 0.253125 0.92 0.06125 0.05692307692307692
0 0.8765625 0.05384615384615385 0.143125 0.1076923076923077
0 0.5840625 0.01730769230769231 0.050625 0.03461538461538462
0 0.476875 0.34192307692307694 0.04125 0.06846153846153846
0 0.27875 0.37384615384615383 0.16875 0.12153846153846154
0 0.0990625 0.505 0.089375 0.07
0 0.7025 0.4238461538461539 0.03625 0.09846153846153846
0 0.881875 0.5203846153846153 0.1 0.10538461538461538
0 0.65375 0.6684615384615384 0.14875 0.16615384615384615
0 0.5446875 0.9615384615384616 0.140625 0.07538461538461538
0 0.525 0.6611538461538462 0.06375 0.08384615384615385
0 0.028125 0.6442307692307693 0.0375 0.10230769230769231
0 0.45125 0.43576923076923074 0.0375 0.04384615384615385
0 0.175625 0.7838461538461539 0.06375 0.07076923076923076
0 0.9712500000000001 0.016923076923076923 0.05625 0.033846153846153845
0 0.596875 0.3811538461538462 0.0425 0.04692307692307692
0 0.588125 0.30538461538461537 0.09875 0.10307692307692308
0 0.6903125 0.2765384615384615 0.050625 0.06384615384615384
0 0.06125 0.9173076923076923 0.1225 0.16384615384615384
0 0.516875 0.7534615384615385 0.11875000000000001 0.1376923076923077
0 0.8915625 0.9738461538461538 0.053125 0.05076923076923077
0 0.446875 0.5692307692307692 0.0675 0.10923076923076923
0 0.980625 0.7534615384615385 0.0375 0.07153846153846154
0 0.49 0.49923076923076926 0.04 0.0876923076923077
0 0.925625 0.6623076923076923 0.09125 0.07384615384615384
0 0.11937500000000001 0.43653846153846154 0.065 0.06230769230769231
0 0.3875 0.23307692307692307 0.03375 0.04923076923076923
0 0.573125 0.5596153846153846 0.0425 0.03461538461538462
0 0.2978125 0.9761538461538461 0.043125000000000004 0.046153846153846156
0 0.6765625000000001 0.4926923076923077 0.029375000000000002 0.04230769230769231
0 0.45687500000000003 0.22076923076923077 0.08375 0.06923076923076923
0 0.42312500000000003 0.6330769230769231 0.05 0.06307692307692307
0 0.2328125 0.6115384615384616 0.084375 0.08923076923076922
0 0.0121875 0.5165384615384615 0.024375 0.07923076923076923
0 0.9521875 0.16807692307692307 0.094375 0.07153846153846154
0 0.535 0.48923076923076925 0.03 0.05692307692307692
0 0.6843750000000001 0.7523076923076923 0.03 0.05692307692307692
0 0.47781250000000003 0.8738461538461538 0.044375 0.033846153846153845
0 0.7578125 0.4042307692307692 0.019375 0.02846153846153846
0 0.36312500000000003 0.9534615384615385 0.02875 0.04692307692307692
0 0.65125 0.5315384615384615 0.0525 0.03538461538461538
0 0.608125 0.425 0.085 0.06538461538461539
0 0.010937500000000001 0.24346153846153845 0.021875000000000002 0.045384615384615384
0 0.989375 0.8680769230769231 0.02 0.06230769230769231
0 0.980625 0.3046153846153846 0.0375 0.0876923076923077
0 0.8775000000000001 0.44576923076923075 0.07875 0.07461538461538461
0 0.5321875 0.23 0.029375000000000002 0.05384615384615385
0 0.4478125 0.9857692307692307 0.025625000000000002 0.026923076923076925
0 0.3453125 0.8053846153846154 0.035625000000000004 0.04461538461538461
0 0.4 0.29423076923076924 0.04 0.05923076923076923
0 0.3303125 0.6823076923076923 0.040625 0.07230769230769231
0 0.2871875 0.6711538461538461 0.035625000000000004 0.05615384615384615
0 0.29031250000000003 0.8115384615384615 0.08687500000000001 0.10615384615384615
0 0.15687500000000001 0.6676923076923077 0.0575 0.12
0 0.7284375 0.7303846153846154 0.021875000000000002 0.03461538461538462
0 0.9393750000000001 0.9896153846153846 0.01875 0.019230769230769232
0 0.995 0.965 0.00875 0.019230769230769232
0 0.6359375 0.41 0.029375000000000002 0.03692307692307692
0 0.9928125 0.10346153846153847 0.013125 0.022307692307692306
0 0.8803125 0.6053846153846154 0.046875 0.04923076923076923
0 0.72375 0.515 0.058750000000000004 0.03923076923076923
0 0.6240625 0.2373076923076923 0.020625 0.025384615384615384
0 0.1146875 0.3546153846153846 0.089375 0.08615384615384615
0 0.21875 0.7003846153846154 0.06375 0.09153846153846154
0 0.3209375 0.9242307692307692 0.023125 0.016153846153846154
0 0.38656250000000003 0.7738461538461539 0.030625 0.033846153846153845
0 0.81125 0.9623076923076923 0.04875 0.07384615384615384
0 0.0996875 0.6323076923076923 0.059375000000000004 0.047692307692307694
0 0.6234375 0.4823076923076923 0.041875 0.04923076923076923
0 0.2028125 0.6773076923076923 0.030625 0.045384615384615384
0 0.561875 0.3326923076923077 0.04625 0.05
0 0.4146875 0.9888461538461538 0.019375 0.02076923076923077
0 0.44906250000000003 0.6961538461538461 0.023125 0.03230769230769231
0 0.27375 0.7269230769230769 0.0375 0.05384615384615385
0 0.051562500000000004 0.29923076923076924 0.066875 0.08
0 0.1965625 0.8565384615384616 0.054375 0.054615384615384614
0 0.3778125 0.6192307692307693 0.045625 0.04
0 0.9571875 0.5130769230769231 0.084375 0.1
0 0.930625 0.39115384615384613 0.0975 0.12846153846153846
0 0.883125 0.16346153846153846 0.03 0.05307692307692308
