0 0.615625 0.5588461538461539 0.06375 0.07615384615384616
0 0.9684375000000001 0.6176923076923077 0.063125 0.06615384615384616
0 0.45406250000000004 0.12038461538461538 0.068125 0.07615384615384616
0 0.805 0.5253846153846153 0.0375 0.05076923076923077
0 0.7415625 0.45615384615384613 0.099375 0.11692307692307692
0 0.3484375 0.15538461538461537 0.138125 0.1076923076923077
0 0.56875 0.10076923076923076 0.08750000000000001 0.06307692307692307
0 0.56375 0.19038461538461537 0.06375 0.11
0 0.7468750000000001 0.08 0.06125 0.05692307692307692
0 0.1228125 0.9457692307692308 0.143125 0.10846153846153846
0 0.4159375 0.9823076923076923 0.050625 0.03538461538461538
0 0.5225 0.6573076923076923 0.04125 0.06846153846153846
0 0.7212500000000001 0.6261538461538462 0.16875 0.12153846153846154
0 0.900625 0.4946153846153846 0.08875 0.07076923076923076
0 0.2975 0.5761538461538461 0.03625 0.09846153846153846
0 0.1178125 0.47923076923076924 0.099375 0.10461538461538461
0 0.3459375 0.33153846153846156 0.148125 0.16615384615384615
0 0.4546875 0.038461538461538464 0.140625 0.07538461538461538
0 0.47500000000000003 0.33884615384615385 0.06375 0.08384615384615385
0 0.9715625 0.355 0.036875 0.10230769230769231
0 0.5484375 0.5638461538461539 0.036875 0.043076923076923075
0 0.824375 0.2153846153846154 0.06375 0.07076923076923076
0 0.0284375 0.9826923076923076 0.055625 0.03461538461538462
0 0.4025 0.6188461538461538 0.0425 0.04692307692307692
0 0.411875 0.6942307692307692 0.09875 0.10230769230769231
0 0.309375 0.7226923076923077 0.05 0.06384615384615384
0 0.9384375 0.08269230769230769 0.123125 0.16384615384615384
0 0.4825 0.24615384615384617 0.11875000000000001 0.13846153846153847
0 0.108125 0.026153846153846153 0.0525 0.05076923076923077
0 0.5525 0.43038461538461537 0.0675 0.11
0 0.0190625 0.24615384615384617 0.036875 0.07076923076923076
0 0.51 0.5003846153846154 0.04 0.08846153846153847
0 0.074375 0.33692307692307694 0.09125 0.07384615384615384
0 0.8803125 0.5626923076923077 0.065625 0.06230769230769231
0 0.6125 0.7669230769230769 0.03375 0.04923076923076923
0 0.4265625 0.4403846153846154 0.043125000000000004 0.03461538461538462
0 0.7015625 0.023846153846153847 0.043125000000000004 0.046153846153846156
0 0.3228125 0.5069230769230769 0.029375000000000002 0.043076923076923075
0 0.5428125 0.7788461538461539 0.084375 0.07
0 0.5765625 0.36615384615384616 0.050625 0.06307692307692307
0 0.766875 0.38769230769230767 0.085 0.08923076923076922
0 0.9878125 0.48307692307692307 0.024375 0.07846153846153846
0 0.0478125 0.8311538461538461 0.094375 0.07153846153846154
0 0.46468750000000003 0.51 0.030625 0.05692307692307692
0 0.3153125 0.24769230769230768 0.029375000000000002 0.05692307692307692
0 0.5221875 0.12538461538461537 0.044375 0.033846153846153845
0 0.241875 0.5957692307692307 0.01875 0.02846153846153846
0 0.636875 0.046153846153846156 0.02875 0.046153846153846156
0 0.3484375 0.46807692307692306 0.053125 0.03461538461538462
0 0.39156250000000004 0.5746153846153846 0.084375 0.06461538461538462
0 0.9890625000000001 0.7565384615384615 0.021875000000000002 0.045384615384615384
0 0.0103125 0.13153846153846155 0.019375 0.06307692307692307
0 0.0190625 0.695 0.036875 0.08846153846153847
0 0.1221875 0.5534615384615384 0.079375 0.07461538461538461
0 0.4678125 0.7692307692307693 0.029375000000000002 0.05384615384615385
0 0.551875 0.01423076923076923 0.025 0.026923076923076925
0 0.6546875 0.19384615384615383 0.035625000000000004 0.04461538461538461
0 0.6 0.705 0.04 0.05923076923076923
0 0.6690625 0.3173076923076923 0.040625 0.07153846153846154
0 0.7125 0.32846153846153847 0.03625 0.05692307692307692
0 0.7090625 0.18846153846153846 0.08687500000000001 0.10615384615384615
0 0.8428125 0.3323076923076923 0.058125 0.12
0 0.2715625 0.2692307692307692 0.021875000000000002 0.033846153846153845
0 0.06 0.01 0.01875 0.01846153846153846
0 0.0046875 0.03461538461538462 0.008125 0.02
0 0.3640625 0.5892307692307692 0.029375000000000002 0.03692307692307692
0 0.0071875 0.8957692307692308 0.013125 0.022307692307692306
0 0.1190625 0.3942307692307692 0.046875 0.04846153846153846
0 0.2759375 0.4846153846153846 0.059375000000000004 0.04
0 0.37593750000000004 0.7626923076923077 0.020625 0.025384615384615384
0 0.885 0.6453846153846153 0.08875 0.08615384615384615
0 0.780625 0.29923076923076924 0.06375 0.09076923076923077
0 0.67875 0.075 0.02375 0.016153846153846154
0 0.613125 0.22576923076923078 0.03 0.03307692307692308
0 0.1884375 0.037307692307692306 0.048125 0.07307692307692308
0 0.9 0.3669230769230769 0.058750000000000004 0.047692307692307694
0 0.37593750000000004 0.5173076923076924 0.041875 0.05
0 0.796875 0.3223076923076923 0.03125 0.04461538461538461
0 0.438125 0.666923076923077 0.04625 0.04923076923076923
0 0.585 0.010769230769230769 0.01875 0.02
0 0.5509375 0.30346153846153845 0.023125 0.031538461538461536
0 0.7262500000000001 0.2726923076923077 0.0375 0.054615384615384614
0 0.9478125000000001 0.7 0.066875 0.08
0 0.8028125 0.1426923076923077 0.054375 0.054615384615384614
0 0.6215625 0.38 0.045625 0.04
0 0.0425 0.48615384615384616 0.08375 0.1
0 0.06875 0.6084615384615385 0.0975 0.1276923076923077
0 0.11625 0.8357692307692308 0.03 0.05307692307692308
