0 0.38727858293075684 0.45463320463320467 0.061191626409017714 0.07142857142857142
0 0.049516908212560384 0.4266409266409267 0.06038647342995169 0.06177606177606178
0 0.5632045088566827 0.8465250965250966 0.06521739130434782 0.07142857142857142
0 0.20933977455716585 0.5 0.03542673107890499 0.04826254826254826
0 0.27294685990338163 0.5583976833976834 0.09500805152979067 0.10907335907335908
0 0.6610305958132046 0.805984555984556 0.1320450885668277 0.1003861003861004
0 0.4553140096618358 0.8735521235521235 0.08293075684380032 0.059845559845559844
0 0.4553140096618358 0.7900579150579151 0.06038647342995169 0.10135135135135136
0 0.28784219001610306 0.9063706563706564 0.05877616747181964 0.05405405405405406
0 0.8333333333333334 0.05888030888030888 0.13687600644122383 0.1003861003861004
0 0.5543478260869565 0.04826254826254826 0.04911433172302738 0.03281853281853282
0 0.46980676328502413 0.3556949806949807 0.039452495974235106 0.06467181467181467
0 0.2834138486312399 0.4000965250965251 0.1610305958132045 0.11293436293436293
0 0.11996779388083736 0.5347490347490348 0.0853462157809984 0.06563706563706564
0 0.6876006441223832 0.41361003861003864 0.03542673107890499 0.0916988416988417
0 0.8627214170692431 0.4893822393822394 0.09581320450885668 0.09845559845559845
0 0.6541867954911433 0.6438223938223938 0.14251207729468598 0.15444015444015444
0 0.5660225442834138 0.9222972972972974 0.13365539452495975 0.07046332046332046
0 0.5318035426731079 0.6462355212355213 0.061996779388083734 0.07818532818532818
0 0.05998389694041868 0.6694015444015444 0.036231884057971016 0.09555984555984556
0 0.4504830917874396 0.4444980694980695 0.036231884057971016 0.041505791505791506
0 0.2069243156199678 0.7866795366795367 0.061191626409017714 0.06563706563706564
0 0.9214975845410628 0.017857142857142856 0.05394524959742351 0.03185328185328185
0 0.5857487922705314 0.3827220077220077 0.04106280193236715 0.04343629343629344
0 0.572866344605475 0.31322393822393824 0.09420289855072464 0.09555984555984556
0 0.6686795491143317 0.27895752895752896 0.04911433172302738 0.059845559845559844
0 0.10587761674718196 0.9184362934362934 0.11674718196457327 0.15154440154440155
0 0.5289855072463768 0.7321428571428572 0.11272141706924316 0.12837837837837837
0 0.895330112721417 0.9073359073359074 0.05152979066022544 0.04826254826254826
0 0.4528985507246377 0.5675675675675675 0.06521739130434782 0.10231660231660232
0 0.9681964573268921 0.696911196911197 0.036231884057971016 0.06756756756756757
0 0.49033816425120774 0.49951737451737455 0.03864734299516908 0.08204633204633205
0 0.9114331723027376 0.6167953667953668 0.08695652173913043 0.0694980694980695
0 0.1356682769726248 0.4705598455598456 0.061996779388083734 0.05888030888030888
0 0.37922705314009664 0.26206563706563707 0.0322061191626409 0.0472972972972973
0 0.572061191626409 0.5492277992277993 0.04106280193236715 0.03281853281853282
0 0.3329307568438003 0.9551158301158301 0.04106280193236715 0.04343629343629344
0 0.6666666666666666 0.4797297297297297 0.028985507246376812 0.04054054054054054
0 0.4444444444444444 0.24565637065637067 0.08051529790660225 0.06467181467181467
0 0.43397745571658614 0.6283783783783784 0.04830917874396135 0.059845559845559844
0 0.2524154589371981 0.6230694980694981 0.08132045088566828 0.08397683397683398
0 0.038244766505636074 0.5526061776061776 0.023349436392914653 0.07432432432432433
0 0.9110305958132046 0.1587837837837838 0.09098228663446055 0.06660231660231661
0 0.5322061191626409 0.48696911196911197 0.028985507246376812 0.05308880308880309
0 0.6876006441223832 0.7186293436293436 0.028985507246376812 0.05308880308880309
0 0.49798711755233493 0.8465250965250966 0.0426731078904992 0.03281853281853282
0 0.7391304347826086 0.3918918918918919 0.01932367149758454 0.02702702702702703
0 0.39331723027375204 0.9285714285714286 0.02818035426731079 0.0444015444015444
0 0.644524959742351 0.5173745173745173 0.050724637681159424 0.03281853281853282
0 0.5986312399355878 0.4222972972972973 0.08132045088566828 0.060810810810810814
0 0.022946859903381644 0.3001930501930502 0.021739130434782608 0.04247104247104247
0 0.9826892109500805 0.8021235521235521 0.020128824476650563 0.05791505791505792
0 0.9448470209339774 0.28233590733590735 0.036231884057971016 0.08204633204633205
0 0.854669887278583 0.42084942084942084 0.0748792270531401 0.0694980694980695
0 0.5161030595813204 0.24806949806949807 0.028985507246376812 0.0501930501930502
0 0.4754428341384863 0.9522200772200773 0.0249597423510467 0.026061776061776062
0 0.3691626409017713 0.7934362934362934 0.03462157809983897 0.04247104247104247
0 0.394524959742351 0.3175675675675676 0.03864734299516908 0.055984555984555984
0 0.34822866344605474 0.6814671814671814 0.039452495974235106 0.06756756756756757
0 0.3071658615136876 0.6742277992277993 0.03462157809983897 0.05308880308880309
0 0.3172302737520129 0.8035714285714286 0.08373590982286634 0.09942084942084942
0 0.18317230273752014 0.6805019305019305 0.05555555555555555 0.11196911196911197
0 0.7282608695652174 0.694980694980695 0.021739130434782608 0.03281853281853282
0 0.9416264090177133 0.917953667953668 0.018518518518518517 0.019305019305019305
0 0.9931561996779388 0.890926640926641 0.008856682769726247 0.019305019305019305
0 0.6239935587761675 0.4063706563706564 0.028985507246376812 0.03474903474903475
0 0.9460547504025765 0.09604247104247104 0.01288244766505636 0.0222007722007722
0 0.8655394524959742 0.5675675675675675 0.04508856682769726 0.04633204633204634
0 0.7125603864734299 0.49662162162162166 0.05636070853462158 0.037644787644787646
0 0.6034621578099839 0.2475868725868726 0.020128824476650563 0.02413127413127413
0 0.12721417069243157 0.3952702702702703 0.0853462157809984 0.08011583011583012
0 0.24396135265700483 0.7060810810810811 0.061191626409017714 0.08590733590733592
0 0.35185185185185186 0.9049227799227799 0.02254428341384863 0.01640926640926641
0 0.40619967793880835 0.7611003861003861 0.029790660225442835 0.03185328185328185
0 0.8188405797101449 0.9025096525096525 0.04669887278582931 0.0694980694980695
0 0.12761674718196458 0.6525096525096525 0.0571658615136876 0.0444015444015444
0 0.6159420289855072 0.47393822393822393 0.040257648953301126 0.04633204633204634
0 0.22745571658615138 0.6862934362934363 0.029790660225442835 0.04247104247104247
0 0.5495169082125604 0.34025096525096526 0.04428341384863124 0.0472972972972973
0 0.4444444444444444 0.9575289575289575 0.01932367149758454 0.019305019305019305
0 0.4613526570048309 0.6843629343629344 0.02254428341384863 0.03088803088803089
0 0.2971014492753623 0.7263513513513513 0.037037037037037035 0.05115830115830116
0 0.06481481481481481 0.34893822393822393 0.06360708534621579 0.07432432432432433
0 0.23067632850241546 0.8527992277992278 0.05233494363929146 0.05115830115830116
0 0.39049919484702095 0.6192084942084942 0.043478260869565216 0.037644787644787646
0 0.9339774557165862 0.47731660231660233 0.08051529790660225 0.09362934362934364
0 0.9025764895330113 0.36631274131274133 0.09339774557165861 0.11872586872586872
0 0.8454106280193237 0.16023166023166024 0.028985507246376812 0.0501930501930502
