0 0.6145919208573785 0.5526579739217653 0.06347897774113767 0.07422266800401203
0 0.9604286892003298 0.5977933801404213 0.06265457543281121 0.0641925777331996
0 0.4464138499587799 0.13590772316950853 0.06677658697444352 0.07522567703109329
0 0.798845836768343 0.5135406218655968 0.036273701566364384 0.05015045135406219
0 0.734954657873042 0.4498495486459378 0.09810387469084914 0.11334002006018054
0 0.34418796372629845 0.17352056168505517 0.13602638087386645 0.10431293881644935
0 0.5581203627370157 0.1123370110330993 0.08573784006595218 0.062186559679037114
0 0.5556471558120363 0.1995987963891675 0.06265457543281121 0.10631895687061184
0 0.731244847485573 0.08625877632898696 0.06100577081615829 0.05616850551654965
0 0.1430338004946414 0.9438314944834504 0.14097279472382523 0.10431293881644935
0 0.4295136026380874 0.9689067201604814 0.0494641384995878 0.034102306920762285
0 0.5267930750206101 0.6514543630892679 0.041220115416323165 0.06720160481444333
0 0.7192910140148393 0.6138415245737212 0.16570486397361914 0.11835506519558676
0 0.8915910964550701 0.48144433299899697 0.08821104699093157 0.06820461384152457
0 0.30420445177246497 0.5807422266800402 0.036273701566364384 0.0962888665997994
0 0.12695795548227534 0.4934804413239719 0.0989282769991756 0.10230692076228685
0 0.3462489694971146 0.34252758274824474 0.14674361088211046 0.16148445336008024
0 0.4460016488046167 0.05616850551654965 0.13849958779884583 0.07422266800401203
0 0.47197032151690027 0.3455366098294885 0.06347897774113767 0.08124373119358075
0 0.9575432811211871 0.34453360080240725 0.03709810387469085 0.09929789368104312
0 0.5494641384995879 0.5601805416248746 0.03709810387469085 0.04312938816449348
0 0.8103874690849134 0.21514543630892677 0.06265457543281121 0.06920762286860582
0 0.05152514427040396 0.9824473420260782 0.055234954657873044 0.033099297893681046
0 0.40849134377576257 0.6178535606820461 0.04204451772464963 0.04613841524573721
0 0.41879637262984337 0.691073219658977 0.09727947238252267 0.10030090270812438
0 0.3194558944765045 0.7221664994984955 0.05028854080791426 0.062186559679037114
0 0.9183841714756802 0.08174523570712136 0.12036273701566365 0.15947843530591777
0 0.4777411376751855 0.25626880641925776 0.11624072547403133 0.1334002006018054
0 0.10717230008244023 0.05616850551654965 0.05276174773289365 0.05015045135406219
0 0.5502885408079142 0.4312938816449348 0.06677658697444352 0.10631895687061184
0 0.02514427040395713 0.2723169508525577 0.03709810387469085 0.06920762286860582
0 0.5098928276999176 0.5005015045135406 0.0403957131079967 0.08625877632898696
0 0.08120362737015664 0.35807422266800404 0.0898598516075845 0.07221664994984955
0 0.8730420445177247 0.5481444332998997 0.06430338004946413 0.06118355065195587
0 0.6162407254740313 0.7537612838515547 0.033800494641384994 0.04914744232698094
0 0.4274525968672712 0.4453360080240722 0.04204451772464963 0.034102306920762285
0 0.686727122835944 0.033600802407221665 0.04286892003297609 0.04513540621865597
0 0.3281121187139324 0.5135406218655968 0.02967848309975268 0.04212637913741224
0 0.5490519373454246 0.7678034102306921 0.08244023083264633 0.06720160481444333
0 0.5721352019785656 0.3691073219658977 0.0494641384995878 0.062186559679037114
0 0.7584501236603463 0.3826479438314945 0.08244023083264633 0.08726178535606821
0 0.9760923330585326 0.46690070210631895 0.0247320692497939 0.07723169508525576
0 0.0663643858202803 0.8365095285857572 0.09315746084089035 0.07021063189568706
0 0.46619950535861504 0.5115346038114343 0.030502885408079144 0.05616850551654965
0 0.31450948062654577 0.26278836509528586 0.030502885408079144 0.05616850551654965
0 0.5131904369332234 0.13841524573721165 0.043693322341302555 0.034102306920762285
0 0.25061830173124483 0.6013039117352056 0.01978565539983512 0.029087261785356068
0 0.622835943940643 0.057673019057171516 0.028854080791426217 0.04714142427281846
0 0.35160758450123664 0.4749247743229689 0.05193734542456719 0.03510531594784353
0 0.3965375103050289 0.5762286860581746 0.08408903544929926 0.06318956870611836
0 0.983924154987634 0.730692076228686 0.02225886232481451 0.04513540621865597
0 0.014014839241549877 0.16198595787362086 0.01978565539983512 0.06118355065195587
0 0.03586150041220115 0.705616850551655 0.03709810387469085 0.08525576730190572
0 0.1327287716405606 0.5651955867602808 0.07749381698268755 0.0732196589769308
0 0.4748557295960429 0.7617853560682046 0.02967848309975268 0.05315947843530592
0 0.5395713107996702 0.02958876629889669 0.025556471558120363 0.02708124373119358
0 0.6442704039571311 0.1995987963891675 0.03544929925803792 0.044132397191574725
0 0.6026380873866447 0.695085255767302 0.03957131079967024 0.058174523570712136
0 0.6615828524319868 0.31795386158475425 0.0403957131079967 0.07021063189568706
0 0.7036273701566365 0.3274824473420261 0.03544929925803792 0.055165496489468405
0 0.6974443528441879 0.19207622868605817 0.08573784006595218 0.10330992978936811
0 0.8314097279472382 0.3259779338014042 0.05688375927452597 0.11634904714142427
0 0.27164056059356967 0.2858575727181545 0.02225886232481451 0.034102306920762285
0 0.05976916735366859 0.04312938816449348 0.018961253091508656 0.020060180541624874
0 0.006183017312448475 0.0687061183550652 0.009068425391591096 0.01905717151454363
0 0.3697444352844188 0.5917753259779338 0.028854080791426217 0.03610832497492478
0 0.028441879637262985 0.8996990972918756 0.014014839241549877 0.022066198595787363
0 0.12654575432811213 0.41173520561685056 0.04699093157460841 0.04914744232698094
0 0.28153338829348723 0.4934804413239719 0.0585325638911789 0.03811434302908726
0 0.3854080791426216 0.7577733199598796 0.020610057708161583 0.025075225677031094
0 0.8800494641384996 0.6268806419257773 0.08821104699093157 0.08425275827482448
0 0.7699917559769167 0.29638916750250754 0.06265457543281121 0.08926780341023069
0 0.6652926628194559 0.08425275827482448 0.023083264633140973 0.0160481444332999
0 0.6046990931574608 0.2316950852557673 0.030502885408079144 0.034102306920762285
0 0.18590272052761747 0.06519558676028084 0.048639736191261336 0.07221664994984955
0 0.887881286067601 0.3585757271815446 0.05935696619950536 0.04714142427281846
0 0.3800494641384996 0.5215646940822467 0.041220115416323165 0.0481444332998997
0 0.7860676009892827 0.3184553660982949 0.030502885408079144 0.04513540621865597
0 0.44352844187963725 0.6634904714142428 0.046166529266281946 0.04914744232698094
0 0.5721352019785656 0.025576730190571714 0.01978565539983512 0.02106318956870612
0 0.5453421269579555 0.30892678034102306 0.023907666941467436 0.0320962888665998
0 0.7159934047815334 0.2733199598796389 0.03709810387469085 0.05315947843530592
0 0.9422918384171476 0.6780341023069207 0.06595218466611706 0.07823470411233702
0 0.7877164056059357 0.14493480441323972 0.05358615004122012 0.05315947843530592
0 0.6162407254740313 0.3801404212637914 0.04534212695795548 0.04012036108324975
0 0.05358615004122012 0.5030090270812437 0.08244023083264633 0.09729187562688064
0 0.08244023083264633 0.6198595787362087 0.09563066776586975 0.12437311935807423
0 0.1339653751030503 0.8375125376128385 0.030502885408079144 0.05215646940822467
