0 0.3883579496090356 0.4392177589852009 0.0625543006081668 0.07505285412262157
0 0.04517810599478714 0.36945031712473575 0.0625543006081668 0.06448202959830868
0 0.5356211989574283 0.8673361522198731 0.06689834926151172 0.07505285412262157
0 0.20243266724587314 0.46458773784355184 0.036490008688097306 0.049682875264270614
0 0.2628149435273675 0.53276955602537 0.09817549956559513 0.11416490486257928
0 0.6394439617723718 0.8372093023255814 0.1355343179843614 0.10570824524312897
0 0.42311033883579496 0.8826638477801269 0.08514335360556037 0.0613107822410148
0 0.4300608166811468 0.7965116279069768 0.0625543006081668 0.10676532769556026
0 0.24891398783666377 0.8969344608879493 0.059947871416159856 0.056025369978858354
0 0.8774978279756733 0.0824524312896406 0.1407471763683753 0.10570824524312897
0 0.5933970460469157 0.03699788583509514 0.05039096437880104 0.03382663847780127
0 0.4808861859252823 0.34672304439746304 0.04083405734144222 0.06765327695560254
0 0.2867072111207645 0.37050739957716705 0.16507384882710685 0.11733615221987316
0 0.10816681146828844 0.49101479915433405 0.08774978279756733 0.06871035940803383
0 0.6993918331885317 0.4339323467230444 0.036490008688097306 0.09619450317124736
0 0.8718505647263249 0.5332980972515856 0.09817549956559513 0.1025369978858351
0 0.6459600347523892 0.6680761099365751 0.1468288444830582 0.16067653276955604
0 0.5330147697654214 0.9471458773784356 0.13814074717636837 0.07399577167019028
0 0.520417028670721 0.6564482029598309 0.0625543006081668 0.0824524312896406
0 0.036055603822762815 0.6226215644820297 0.03735881841876629 0.09936575052854123
0 0.45395308427454384 0.436046511627907 0.03735881841876629 0.04334038054968288
0 0.17636837532580363 0.7626849894291755 0.0625543006081668 0.06871035940803383
0 0.9713292788879235 0.05021141649048626 0.05560382276281494 0.03276955602536998
0 0.5973066898349261 0.3890063424947146 0.042571676802780185 0.046511627906976744
0 0.5903562119895742 0.31553911205074 0.09643788010425716 0.10042283298097252
0 0.6907037358818419 0.2912262156448203 0.05039096437880104 0.062367864693446094
0 0.06168549087749783 0.8874207188160677 0.11989574283231971 0.15961945031712474
0 0.5104257167680277 0.7452431289640592 0.11728931364031277 0.1331923890063425
0 0.8709817549956559 0.9709302325581396 0.05299739357080799 0.049682875264270614
0 0.446133796698523 0.5650105708245243 0.06689834926151172 0.10676532769556026
0 0.9630755864465681 0.7610993657505286 0.03735881841876629 0.06976744186046512
0 0.4900086880973067 0.4984143763213531 0.03996524761077324 0.08562367864693446
0 0.9113814074717637 0.671247357293869 0.09035621198957428 0.0718816067653277
0 0.12945264986967853 0.4254756871035941 0.06429192006950478 0.06025369978858351
0 0.39617723718505643 0.23890063424947147 0.03301476976542137 0.048625792811839326
0 0.5695047784535187 0.5602536997885835 0.042571676802780185 0.03382663847780127
0 0.2914856646394439 0.952431289640592 0.042571676802780185 0.046511627906976744
0 0.6724587315377932 0.49894291754756875 0.029539530842745437 0.042283298097251586
0 0.4643788010425717 0.22938689217758987 0.08253692441355343 0.06765327695560254
0 0.42180712423979144 0.6257928118393234 0.049522154648132054 0.0613107822410148
0 0.2363162467419635 0.5983086680761099 0.08340573414422241 0.08668076109936576
0 0.02302345786272806 0.49894291754756875 0.02519548218940052 0.07822410147991543
0 0.9491746307558644 0.1955602536997886 0.09296264118158123 0.06976744186046512
0 0.5343179843614249 0.49101479915433405 0.029539530842745437 0.056025369978858354
0 0.6737619461337967 0.75 0.03040834057341442 0.056025369978858354
0 0.46959165942658554 0.8604651162790699 0.044309296264118156 0.03382663847780127
0 0.7536924413553432 0.41701902748414377 0.01998262380538662 0.02854122621564482
0 0.3557775847089487 0.9328752642706132 0.028670721112076452 0.045454545454545456
0 0.6463944396177237 0.5354122621564482 0.052128583840139006 0.03488372093023256
0 0.606863596872285 0.4312896405919662 0.08427454387489139 0.06342494714587738
0 0.02823631624674196 0.23520084566596194 0.021720243266724587 0.045454545454545456
0 0.969157254561251 0.872093023255814 0.01998262380538662 0.0613107822410148
0 0.9735013032145959 0.32822410147991543 0.03735881841876629 0.08562367864693446
0 0.8696785403996524 0.4608879492600423 0.07819287576020852 0.07399577167019028
0 0.5377932232841007 0.2404862579281184 0.029539530842745437 0.05391120507399577
0 0.43744569939183314 0.9672304439746301 0.02519548218940052 0.027484143763213533
0 0.341876629018245 0.7896405919661734 0.035621198957428324 0.04439746300211417
0 0.40660295395308427 0.2975687103594081 0.03996524761077324 0.05813953488372093
0 0.32971329278887923 0.669661733615222 0.04083405734144222 0.0708245243128964
0 0.288010425716768 0.6575052854122622 0.035621198957428324 0.054968287526427066
0 0.288010425716768 0.7933403805496829 0.08601216333622937 0.1025369978858351
0 0.16072980017376193 0.6495771670190275 0.057341442224152904 0.11733615221987316
0 0.7176368375325803 0.7304439746300212 0.02258905299739357 0.03382663847780127
0 0.9174630755864465 0.9878435517970402 0.019113814074717635 0.020084566596194505
0 0.9721980886185925 0.9661733615221988 0.008688097306689834 0.019027484143763214
0 0.6342311033883579 0.41807610993657507 0.029539530842745437 0.03699788583509514
0 0.9904430929626411 0.13477801268498943 0.013900955690703735 0.022198731501057084
0 0.8688097306689835 0.6152219873150105 0.04691572545612511 0.048625792811839326
0 0.7180712423979149 0.5221987315010571 0.05821025195482189 0.03805496828752643
0 0.627280625543006 0.25052854122621565 0.020851433536055602 0.025369978858350954
0 0.1268462206776716 0.3461945031712474 0.08861859252823631 0.08350951374207188
0 0.2206776715899218 0.6834038054968288 0.0625543006081668 0.08985200845665962
0 0.31494352736750647 0.9032769556025371 0.023457862728062554 0.015856236786469344
0 0.3827106863596872 0.7600422832980973 0.03040834057341442 0.03382663847780127
0 0.7927888792354474 0.9571881606765328 0.04778453518679409 0.07293868921775899
0 0.10599478714161598 0.6136363636363636 0.059079061685490875 0.04756871035940804
0 0.6203301476976542 0.48731501057082455 0.041702867072111204 0.048625792811839326
0 0.2054735013032146 0.6606765327695561 0.03040834057341442 0.04439746300211417
0 0.5642919200695048 0.34090909090909094 0.04604691572545612 0.049682875264270614
0 0.4052997393570808 0.968816067653277 0.01998262380538662 0.020084566596194505
0 0.445264986967854 0.687632135306554 0.023457862728062554 0.03276955602536998
0 0.2732406602953953 0.711416490486258 0.03735881841876629 0.052854122621564484
0 0.06689834926151172 0.29069767441860467 0.06602953953084274 0.07822410147991543
0 0.19548218940052128 0.8335095137420719 0.05386620330147698 0.05391120507399577
0 0.3779322328410078 0.6109936575052854 0.04517810599478714 0.04016913319238901
0 0.9461337966985229 0.5290697674418605 0.08340573414422241 0.09830866807610994
0 0.923110338835795 0.4101479915433404 0.09643788010425716 0.12473572938689219
0 0.8818418766290181 0.1886892177589852 0.029539530842745437 0.051797040169133196
