0 0.6102272727272727 0.5614678899082569 0.06287878787878788 0.07339449541284404
0 0.9496212121212121 0.6353211009174312 0.06136363636363636 0.06330275229357799
0 0.4681818181818182 0.13715596330275232 0.06666666666666667 0.07431192660550459
0 0.7946969696969697 0.5389908256880734 0.03636363636363636 0.04862385321100918
0 0.7352272727272727 0.4706422018348624 0.09621212121212121 0.11192660550458716
0 0.36477272727272725 0.16559633027522935 0.1340909090909091 0.10366972477064221
0 0.5799242424242425 0.12339449541284404 0.08409090909090909 0.061467889908256884
0 0.571969696969697 0.20871559633027525 0.06212121212121212 0.10550458715596331
0 0.7526515151515152 0.11192660550458716 0.059848484848484845 0.05504587155963303
0 0.1215909090909091 0.9068807339449542 0.13863636363636364 0.10366972477064221
0 0.4034090909090909 0.9555045871559633 0.04924242424242424 0.03394495412844037
0 0.5174242424242425 0.6513761467889909 0.04090909090909091 0.06605504587155964
0 0.7102272727272727 0.6307339449541285 0.1643939393939394 0.11651376146788991
0 0.8882575757575758 0.5146788990825688 0.08712121212121213 0.06788990825688074
0 0.3018939393939394 0.5628440366972477 0.035606060606060606 0.0944954128440367
0 0.13143939393939394 0.46238532110091746 0.09772727272727273 0.10091743119266056
0 0.3571969696969697 0.33256880733944955 0.14469696969696969 0.15871559633027524
0 0.471969696969697 0.05871559633027523 0.13636363636363635 0.07339449541284404
0 0.4810606060606061 0.3458715596330275 0.06212121212121212 0.08073394495412844
0 0.9609848484848484 0.3857798165137615 0.037121212121212124 0.0981651376146789
0 0.5450757575757575 0.5637614678899083 0.037121212121212124 0.043119266055045874
0 0.8231060606060606 0.24541284403669728 0.06287878787878788 0.06880733944954129
0 0.02878787878787879 0.9371559633027523 0.05454545454545454 0.03394495412844037
0 0.40265151515151515 0.608256880733945 0.041666666666666664 0.045871559633027525
0 0.4087121212121212 0.6807339449541285 0.09621212121212121 0.09908256880733946
0 0.3090909090909091 0.7036697247706423 0.05 0.062385321100917435
0 0.9382575757575757 0.1243119266055046 0.11893939393939394 0.15688073394495414
0 0.49204545454545456 0.25779816513761467 0.1159090909090909 0.13211009174311927
0 0.13674242424242425 0.030275229357798167 0.05227272727272727 0.04954128440366973
0 0.5537878787878788 0.43669724770642204 0.06666666666666667 0.10458715596330276
0 0.043560606060606064 0.23577981651376148 0.037121212121212124 0.06972477064220184
0 0.5098484848484849 0.5009174311926605 0.03939393939393939 0.08440366972477065
0 0.09393939393939393 0.32522935779816514 0.0893939393939394 0.07064220183486239
0 0.8666666666666667 0.5788990825688074 0.06363636363636363 0.060550458715596334
0 0.6007575757575757 0.7596330275229358 0.03333333333333333 0.047706422018348627
0 0.43143939393939396 0.439908256880734 0.041666666666666664 0.03394495412844037
0 0.7113636363636363 0.056422018348623856 0.04242424242424243 0.044954128440366975
0 0.32916666666666666 0.4986238532110092 0.029545454545454545 0.04128440366972477
0 0.5325757575757576 0.7678899082568807 0.08181818181818182 0.06605504587155964
0 0.5791666666666667 0.3770642201834863 0.04924242424242424 0.060550458715596334
0 0.7625 0.40688073394495416 0.08257575757575758 0.0853211009174312
0 0.9727272727272728 0.5077981651376147 0.024242424242424242 0.07614678899082569
0 0.05227272727272727 0.7940366972477064 0.09242424242424242 0.06880733944954129
0 0.4659090909090909 0.5082568807339449 0.030303030303030304 0.05504587155963303
0 0.3299242424242424 0.25137614678899084 0.029545454545454545 0.05504587155963303
0 0.5337121212121212 0.14495412844036698 0.04318181818181818 0.03302752293577982
0 0.24772727272727274 0.5788990825688074 0.019696969696969695 0.027522935779816515
0 0.6473484848484848 0.07522935779816514 0.02803030303030303 0.045871559633027525
0 0.3549242424242424 0.4628440366972477 0.05227272727272727 0.03394495412844037
0 0.3931818181818182 0.5665137614678899 0.08333333333333333 0.06330275229357799
0 0.9647727272727272 0.7678899082568807 0.02196969696969697 0.044036697247706424
0 0.038636363636363635 0.1261467889908257 0.019696969696969695 0.05963302752293578
0 0.029166666666666667 0.663302752293578 0.037121212121212124 0.08440366972477065
0 0.13333333333333333 0.5334862385321101 0.07727272727272727 0.07247706422018349
0 0.4602272727272727 0.7555045871559634 0.029545454545454545 0.05229357798165138
0 0.5662878787878788 0.03990825688073395 0.025 0.026605504587155965
0 0.6598484848484848 0.21697247706422018 0.03484848484848485 0.043119266055045874
0 0.5901515151515152 0.7009174311926606 0.03939393939393939 0.05688073394495413
0 0.6700757575757575 0.3348623853211009 0.04015151515151515 0.06972477064220184
0 0.7117424242424243 0.34724770642201835 0.035606060606060606 0.05412844036697248
0 0.7128787878787879 0.21330275229357798 0.08484848484848485 0.1018348623853211
0 0.8375 0.3568807339449541 0.056818181818181816 0.11559633027522936
0 0.28674242424242424 0.2701834862385321 0.02196969696969697 0.03394495412844037
0 0.09128787878787879 0.013302752293577982 0.01893939393939394 0.01926605504587156
0 0.03636363636363636 0.033486238532110094 0.00909090909090909 0.01926605504587156
0 0.3659090909090909 0.5793577981651377 0.02878787878787879 0.03577981651376147
0 0.010606060606060607 0.8541284403669726 0.013636363636363636 0.022018348623853212
0 0.1359848484848485 0.381651376146789 0.04621212121212121 0.047706422018348627
0 0.2840909090909091 0.47522935779816516 0.05757575757575758 0.03853211009174312
0 0.3715909090909091 0.7440366972477065 0.020454545454545454 0.025688073394495414
0 0.868560606060606 0.6568807339449542 0.08712121212121213 0.08256880733944955
0 0.7787878787878788 0.3229357798165138 0.06212121212121212 0.08807339449541285
0 0.6871212121212121 0.10458715596330276 0.022727272727272728 0.01651376146788991
0 0.6189393939393939 0.24495412844036699 0.030303030303030304 0.03302752293577982
0 0.21401515151515152 0.044954128440366975 0.04772727272727273 0.07155963302752294
0 0.8916666666666667 0.39357798165137614 0.05757575757575758 0.045871559633027525
0 0.3803030303030303 0.5110091743119266 0.04090909090909091 0.047706422018348627
0 0.7931818181818182 0.3458715596330275 0.030303030303030304 0.044036697247706424
0 0.4348484848484849 0.6564220183486239 0.045454545454545456 0.04862385321100918
0 0.5984848484848485 0.0389908256880734 0.019696969696969695 0.02110091743119266
0 0.5556818181818182 0.31605504587155964 0.023484848484848483 0.03211009174311927
0 0.7261363636363637 0.294954128440367 0.037121212121212124 0.05229357798165138
0 0.9272727272727272 0.7119266055045872 0.06515151515151515 0.07706422018348624
0 0.8049242424242424 0.17522935779816515 0.05378787878787879 0.05321100917431193
0 0.621969696969697 0.39220183486238536 0.045454545454545456 0.03944954128440367
0 0.058333333333333334 0.4655963302752294 0.08181818181818182 0.0963302752293578
0 0.07992424242424243 0.5825688073394496 0.0946969696969697 0.12293577981651377
0 0.11856060606060606 0.8018348623853211 0.029545454545454545 0.05137614678899083
