0 0.3842323651452282 0.4413265306122449 0.06473029045643153 0.07653061224489796
0 0.031950207468879666 0.3831632653061225 0.06390041493775933 0.0663265306122449
0 0.5464730290456431 0.8775510204081634 0.06887966804979254 0.07755102040816328
0 0.1950207468879668 0.4755102040816327 0.03817427385892116 0.05102040816326531
0 0.2589211618257261 0.5433673469387755 0.0995850622406639 0.11734693877551021
0 0.6518672199170125 0.8423469387755103 0.13858921161825727 0.10918367346938776
0 0.43153526970954353 0.8979591836734695 0.0879668049792531 0.06326530612244899
0 0.43651452282157677 0.8081632653061225 0.06307053941908713 0.11020408163265308
0 0.25435684647302903 0.9193877551020408 0.06224066390041494 0.05714285714285715
0 0.875103734439834 0.05408163265306123 0.14356846473029045 0.10816326530612246
0 0.5825726141078839 0.018367346938775512 0.051452282157676346 0.03469387755102041
0 0.4767634854771784 0.34234693877551026 0.04232365145228216 0.06836734693877551
0 0.27883817427385893 0.3744897959183674 0.16929460580912864 0.12244897959183675
0 0.0995850622406639 0.5061224489795919 0.08962655601659751 0.07142857142857144
0 0.7016597510373443 0.42346938775510207 0.03734439834024896 0.1
0 0.8809128630705394 0.5193877551020408 0.1004149377593361 0.10612244897959185
0 0.653941908713693 0.6673469387755102 0.14937759336099585 0.1673469387755102
0 0.5452282157676348 0.9596938775510205 0.14107883817427386 0.07653061224489796
0 0.5253112033195021 0.6607142857142858 0.06473029045643153 0.08469387755102041
0 0.029045643153526972 0.6454081632653061 0.03817427385892116 0.10306122448979593
0 0.45145228215767635 0.4357142857142858 0.03817427385892116 0.04489795918367347
0 0.1767634854771784 0.7836734693877552 0.06473029045643153 0.07142857142857144
0 0.9692946058091286 0.017346938775510204 0.056431535269709544 0.03469387755102041
0 0.5966804979253112 0.38112244897959185 0.043153526970954356 0.047959183673469394
0 0.587551867219917 0.3056122448979592 0.0995850622406639 0.10306122448979593
0 0.6896265560165975 0.276530612244898 0.051452282157676346 0.0653061224489796
0 0.06265560165975104 0.9168367346938776 0.12365145228215767 0.1642857142857143
0 0.51701244813278 0.7525510204081634 0.11950207468879667 0.13775510204081634
0 0.891701244813278 0.9714285714285715 0.05394190871369294 0.05102040816326531
0 0.4473029045643153 0.5693877551020409 0.06804979253112033 0.11020408163265308
0 0.9800829875518672 0.751530612244898 0.03817427385892116 0.07244897959183674
0 0.4900414937759336 0.4994897959183674 0.04066390041493776 0.08877551020408164
0 0.9248962655601659 0.6607142857142858 0.0921161825726141 0.07448979591836735
0 0.11991701244813277 0.43775510204081636 0.06556016597510374 0.06326530612244899
0 0.3871369294605809 0.2341836734693878 0.03402489626556016 0.05
0 0.5730290456431535 0.5591836734693878 0.04398340248962655 0.03469387755102041
0 0.2991701244813278 0.9755102040816327 0.04398340248962655 0.04693877551020409
0 0.6763485477178423 0.4918367346938776 0.029875518672199168 0.04285714285714286
0 0.45643153526970953 0.22142857142857145 0.08464730290456432 0.06938775510204082
0 0.42365145228215767 0.6326530612244898 0.05062240663900415 0.06326530612244899
0 0.23360995850622407 0.6117346938775511 0.08547717842323652 0.09081632653061225
0 0.013278008298755186 0.5178571428571429 0.024896265560165973 0.08061224489795919
0 0.9506224066390041 0.16785714285714287 0.0954356846473029 0.07244897959183674
0 0.5348547717842324 0.4892857142857143 0.030705394190871368 0.05816326530612245
0 0.6842323651452282 0.7510204081632654 0.030705394190871368 0.05714285714285715
0 0.4784232365145228 0.8724489795918368 0.04564315352697095 0.03469387755102041
0 0.7568464730290456 0.4035714285714286 0.01991701244813278 0.02959183673469388
0 0.3643153526970954 0.9525510204081633 0.029875518672199168 0.047959183673469394
0 0.6506224066390042 0.5311224489795919 0.053112033195020746 0.03571428571428572
0 0.6078838174273858 0.42500000000000004 0.08547717842323652 0.0663265306122449
0 0.011203319502074689 0.24540816326530615 0.022406639004149378 0.04591836734693878
0 0.9887966804979252 0.8653061224489796 0.02074688796680498 0.06326530612244899
0 0.979253112033195 0.3035714285714286 0.03817427385892116 0.08877551020408164
0 0.8763485477178423 0.44489795918367353 0.07966804979253111 0.07551020408163266
0 0.5315352697095436 0.2306122448979592 0.030705394190871368 0.05510204081632654
0 0.44896265560165977 0.9841836734693878 0.026556016597510373 0.02755102040816327
0 0.34605809128630705 0.8045918367346939 0.036514522821576766 0.04591836734693878
0 0.39958506224066387 0.29540816326530617 0.04066390041493776 0.06020408163265307
0 0.33112033195020746 0.6821428571428572 0.04149377593360996 0.07244897959183674
0 0.2879668049792531 0.6714285714285715 0.036514522821576766 0.05714285714285715
0 0.29128630705394193 0.8107142857142858 0.0879668049792531 0.10714285714285715
0 0.15767634854771784 0.6683673469387755 0.058091286307053944 0.12040816326530614
0 0.7282157676348547 0.7290816326530613 0.022406639004149378 0.03571428571428572
0 0.9394190871369295 0.9867346938775511 0.01991701244813278 0.020408163265306124
0 0.9946058091286307 0.9622448979591838 0.009128630705394191 0.020408163265306124
0 0.6356846473029045 0.40969387755102044 0.029875518672199168 0.03775510204081633
0 0.9912863070539418 0.10357142857142858 0.014107883817427386 0.023469387755102045
0 0.8796680497925311 0.6035714285714286 0.04813278008298755 0.05
0 0.7232365145228216 0.5142857142857143 0.05892116182572614 0.04081632653061225
0 0.6232365145228216 0.23775510204081635 0.021576763485477178 0.02653061224489796
0 0.11493775933609958 0.35561224489795923 0.09045643153526971 0.08673469387755103
0 0.21950207468879668 0.7005102040816327 0.06390041493775933 0.09285714285714286
0 0.32199170124481324 0.9229591836734695 0.023236514522821577 0.017346938775510204
0 0.3871369294605809 0.7734693877551021 0.030705394190871368 0.03469387755102041
0 0.8116182572614108 0.9596938775510205 0.04979253112033195 0.07448979591836735
0 0.1004149377593361 0.6326530612244898 0.059751037344398336 0.0489795918367347
0 0.6228215767634855 0.4821428571428572 0.04232365145228216 0.05
0 0.2033195020746888 0.6775510204081633 0.03153526970954357 0.04693877551020409
0 0.5614107883817427 0.33265306122448984 0.04730290456431535 0.05102040816326531
0 0.41576763485477175 0.9872448979591838 0.01991701244813278 0.02142857142857143
0 0.44937759336099586 0.6954081632653062 0.024066390041493774 0.0336734693877551
0 0.2746887966804979 0.726530612244898 0.03817427385892116 0.05510204081632654
0 0.05228215767634855 0.30153061224489797 0.06804979253112033 0.08061224489795919
0 0.1979253112033195 0.8566326530612246 0.05560165975103734 0.056122448979591844
0 0.3784232365145228 0.6193877551020409 0.046473029045643155 0.04081632653061225
0 0.9560165975103734 0.5117346938775511 0.08464730290456432 0.10102040816326531
0 0.9294605809128631 0.39081632653061227 0.0979253112033195 0.1285714285714286
0 0.8817427385892116 0.16377551020408165 0.030705394190871368 0.05408163265306123
