0 0.6115351993214588 0.5619195046439628 0.06276505513146735 0.07533539731682146
0 0.9546225614927905 0.632094943240454 0.06191687871077184 0.06501547987616099
0 0.4643765903307888 0.13364293085655313 0.06700593723494487 0.07533539731682146
0 0.7977099236641221 0.5361197110423116 0.0364715860899067 0.05056759545923632
0 0.7370653095843935 0.4680082559339525 0.09838846480067855 0.11455108359133126
0 0.3604749787955895 0.16408668730650153 0.13570822731128074 0.10526315789473684
0 0.5771840542832909 0.11867905056759545 0.08566581849024597 0.06191950464396284
0 0.5699745547073791 0.20485036119711042 0.06276505513146735 0.10629514963880288
0 0.7510602205258694 0.10423116615067078 0.06022052586938083 0.05572755417956656
0 0.12213740458015267 0.9184726522187822 0.14079728583545378 0.10526315789473684
0 0.4067005937234945 0.9638802889576883 0.05004240882103477 0.03508771929824561
0 0.5190839694656488 0.654798761609907 0.04071246819338423 0.06707946336429307
0 0.7133163698049194 0.6305469556243549 0.1662425784563189 0.1176470588235294
0 0.8914334181509754 0.5103199174406604 0.08821034775233248 0.06914344685242517
0 0.3006785411365564 0.567079463364293 0.0364715860899067 0.09597523219814241
0 0.1280746395250212 0.4680082559339525 0.09838846480067855 0.10216718266253869
0 0.35453774385072095 0.3333333333333333 0.1458863443596268 0.1609907120743034
0 0.4677692960135708 0.054179566563467486 0.13825275657336725 0.07327141382868936
0 0.4796437659033079 0.3446852425180598 0.06361323155216285 0.0825593395252838
0 0.9643765903307888 0.37822497420020634 0.037319762510602206 0.10010319917440659
0 0.546225614927905 0.564499484004128 0.037319762510602206 0.04334365325077399
0 0.823579304495335 0.23890608875128996 0.06276505513146735 0.06914344685242517
0 0.02883799830364716 0.9504643962848296 0.05597964376590331 0.033023735810113516
0 0.4028837998303647 0.6124871001031992 0.04240882103477523 0.04643962848297213
0 0.40966921119592875 0.6857585139318885 0.09669211195928754 0.10010319917440659
0 0.30916030534351147 0.7100103199174406 0.05004240882103477 0.06191950464396284
0 0.9380831212892281 0.11351909184726522 0.12044105173876166 0.1589267285861713
0 0.48982188295165396 0.25593395252837975 0.11620016963528414 0.13415892672858615
0 0.12934690415606445 0.030443756449948397 0.05343511450381679 0.05056759545923632
0 0.5538592027141646 0.436016511867905 0.06615776081424936 0.10629514963880288
0 0.037319762510602206 0.23942208462332298 0.037319762510602206 0.07017543859649122
0 0.510178117048346 0.5020639834881321 0.03986429177268872 0.08565531475748193
0 0.089058524173028 0.3292053663570691 0.0899067005937235 0.07223942208462332
0 0.8702290076335878 0.5753353973168214 0.06446140797285835 0.060887512899896794
0 0.6039016115351993 0.762125902992776 0.033927056827820185 0.04850361197110423
0 0.4300254452926209 0.4411764705882353 0.04240882103477523 0.034055727554179564
0 0.7086513994910941 0.04850361197110423 0.043256997455470736 0.04540763673890608
0 0.32782018659881257 0.5020639834881321 0.02968617472434266 0.04231166150670794
0 0.5356234096692112 0.7719298245614035 0.08227311280746395 0.06811145510835913
0 0.5784563189143341 0.37564499484004127 0.04919423240033927 0.06191950464396284
0 0.7633587786259541 0.4029927760577915 0.08312128922815945 0.08771929824561403
0 0.9766751484308737 0.5020639834881321 0.024597116200169637 0.07739938080495355
0 0.05131467345207803 0.80546955624355 0.09245122985581 0.06914344685242517
0 0.4660729431721798 0.5103199174406604 0.02968617472434266 0.05675954592363261
0 0.3265479219677693 0.25128998968008254 0.030534351145038167 0.05675954592363261
0 0.5309584393553859 0.1413828689370485 0.04410517387616624 0.033023735810113516
0 0.24639525021204411 0.5846233230134158 0.019508057675996608 0.02786377708978328
0 0.6446140797285835 0.06862745098039215 0.02883799830364716 0.04643962848297213
0 0.3532654792196777 0.4654282765737874 0.05173876166242578 0.03508771929824561
0 0.3931297709923664 0.5696594427244581 0.08396946564885496 0.06398348813209494
0 0.9715860899067006 0.7657378740970071 0.022900763358778626 0.04540763673890608
0 0.031382527565733676 0.1284829721362229 0.020356234096692113 0.060887512899896794
0 0.026717557251908396 0.6723426212590299 0.03816793893129771 0.08565531475748193
0 0.13061916878710772 0.5402476780185758 0.07803223070398643 0.07327141382868936
0 0.4626802374893978 0.760577915376677 0.02968617472434266 0.053663570691434466
0 0.5627650551314674 0.034055727554179564 0.026293469041560644 0.026831785345717233
0 0.6581849024597116 0.21207430340557273 0.035623409669211195 0.044375644994840036
0 0.5932994062765055 0.7033023735810113 0.03986429177268872 0.0588235294117647
0 0.6700593723494487 0.33126934984520123 0.04071246819338423 0.07017543859649122
0 0.7116200169635284 0.3436532507739938 0.035623409669211195 0.05572755417956656
0 0.7120441051738762 0.20794633642930854 0.08566581849024597 0.10423116615067078
0 0.8392705682782019 0.3513931888544891 0.056827820186598814 0.11661506707946336
0 0.2828668363019508 0.2708978328173374 0.022900763358778626 0.034055727554179564
0 0.08312128922815945 0.012899896800825593 0.018659881255301103 0.0196078431372549
0 0.028413910093299407 0.03560371517027863 0.009329940627650551 0.0196078431372549
0 0.3655640373197625 0.5830753353973168 0.02883799830364716 0.03715170278637771
0 0.010178117048346057 0.8663570691434468 0.013570822731128074 0.021671826625386994
0 0.13189143341815096 0.3864809081527347 0.04664970313825276 0.04850361197110423
0 0.282442748091603 0.47884416924664597 0.05767599660729432 0.0392156862745098
0 0.37319762510602206 0.7502579979360164 0.020356234096692113 0.024767801857585137
0 0.8727735368956743 0.654798761609907 0.08821034775233248 0.08359133126934984
0 0.7794741306191688 0.3178534571723426 0.06276505513146735 0.08875128998968007
0 0.68490245971162 0.09803921568627451 0.022900763358778626 0.016511867905056758
0 0.6174724342663274 0.24097007223942207 0.030534351145038167 0.034055727554179564
0 0.20737913486005088 0.044375644994840036 0.04834605597964377 0.07223942208462332
0 0.8939779474130619 0.3875128998968008 0.05937234944868532 0.04643962848297213
0 0.3795589482612383 0.5134158926728586 0.041560644614079725 0.04850361197110423
0 0.7947413061916878 0.34055727554179566 0.030534351145038167 0.04540763673890608
0 0.4359626802374894 0.6604747162022704 0.04580152671755725 0.049535603715170275
0 0.5949957591178965 0.032507739938080496 0.019508057675996608 0.021671826625386994
0 0.55470737913486 0.3137254901960784 0.02374893977947413 0.033023735810113516
0 0.7264631043256997 0.2899896800825593 0.03816793893129771 0.053663570691434466
0 0.9329940627650551 0.7100103199174406 0.06615776081424936 0.0784313725490196
0 0.8044953350296862 0.16718266253869968 0.05343511450381679 0.053663570691434466
0 0.6221374045801527 0.3900928792569659 0.04495335029686175 0.0392156862745098
0 0.0542832909245123 0.4721362229102167 0.08312128922815945 0.09803921568627451
0 0.07760814249363868 0.5908152734778122 0.09584393553859202 0.12487100103199174
0 0.1183206106870229 0.8116615067079462 0.02968617472434266 0.05263157894736842
