0 0.38375000000000004 0.4403846153846154 0.06375 0.07615384615384616
0 0.03125 0.38153846153846155 0.0625 0.06615384615384616
0 0.5453125 0.8788461538461538 0.068125 0.07615384615384616
0 0.194375 0.47423076923076923 0.0375 0.05153846153846154
0 0.2578125 0.5430769230769231 0.099375 0.11692307692307692
0 0.6509375000000001 0.8438461538461538 0.138125 0.1076923076923077
0 0.43062500000000004 0.8984615384615384 0.08750000000000001 0.06307692307692307
0 0.435625 0.8088461538461539 0.06375 0.11
0 0.2525 0.9192307692307692 0.06125 0.05692307692307692
0 0.8765625 0.05384615384615385 0.143125 0.1076923076923077
0 0.58375 0.01730769230769231 0.051250000000000004 0.03461538461538462
0 0.476875 0.34192307692307694 0.04125 0.06846153846153846
0 0.278125 0.3730769230769231 0.16875 0.12153846153846154
0 0.09875 0.5046153846153846 0.08875 0.07076923076923076
0 0.701875 0.4230769230769231 0.03625 0.09846153846153846
0 0.8815625 0.52 0.099375 0.10461538461538461
0 0.6534375 0.6676923076923077 0.148125 0.16615384615384615
0 0.5446875 0.9607692307692308 0.140625 0.07538461538461538
0 0.524375 0.6603846153846153 0.06375 0.08384615384615385
0 0.028125 0.6442307692307693 0.0375 0.10230769230769231
0 0.4509375 0.43538461538461537 0.036875 0.043076923076923075
0 0.17500000000000002 0.7838461538461539 0.06375 0.07076923076923076
0 0.9709375 0.016923076923076923 0.055625 0.033846153846153845
0 0.596875 0.3803846153846154 0.0425 0.04692307692307692
0 0.5875 0.305 0.09875 0.10230769230769231
0 0.6900000000000001 0.2765384615384615 0.05 0.06384615384615384
0 0.06125 0.9165384615384615 0.1225 0.16384615384615384
0 0.516875 0.7530769230769231 0.11875000000000001 0.13846153846153847
0 0.89125 0.9730769230769231 0.0525 0.05076923076923077
0 0.446875 0.5688461538461539 0.0675 0.11
0 0.9803125 0.7530769230769231 0.036875 0.07076923076923076
0 0.489375 0.49884615384615383 0.04 0.08846153846153847
0 0.925 0.6623076923076923 0.09125 0.07384615384615384
0 0.1190625 0.43653846153846154 0.065625 0.06230769230769231
0 0.386875 0.2323076923076923 0.03375 0.04923076923076923
0 0.5728125000000001 0.5588461538461539 0.043125000000000004 0.03461538461538462
0 0.2978125 0.9753846153846154 0.043125000000000004 0.046153846153846156
0 0.6765625000000001 0.49230769230769234 0.029375000000000002 0.043076923076923075
0 0.4565625 0.22038461538461537 0.084375 0.07
0 0.42281250000000004 0.6330769230769231 0.050625 0.06307692307692307
0 0.2325 0.6115384615384616 0.085 0.08923076923076922
0 0.011875 0.5161538461538462 0.02375 0.07846153846153846
0 0.9515625 0.16807692307692307 0.094375 0.07153846153846154
0 0.5346875 0.48923076923076925 0.030625 0.05692307692307692
0 0.6840625 0.7515384615384615 0.029375000000000002 0.05692307692307692
0 0.47750000000000004 0.8738461538461538 0.045 0.033846153846153845
0 0.7575000000000001 0.4034615384615385 0.01875 0.02846153846153846
0 0.3625 0.953076923076923 0.02875 0.046153846153846156
0 0.65125 0.5311538461538462 0.0525 0.03461538461538462
0 0.6078125 0.4246153846153846 0.084375 0.06461538461538462
0 0.010625 0.24269230769230768 0.02125 0.045384615384615384
0 0.9890625000000001 0.8676923076923077 0.019375 0.06307692307692307
0 0.9803125 0.30423076923076925 0.036875 0.08846153846153847
0 0.8771875 0.44576923076923075 0.079375 0.07461538461538461
0 0.531875 0.23 0.03 0.05384615384615385
0 0.4475 0.985 0.025 0.026923076923076925
0 0.3446875 0.8053846153846154 0.035625000000000004 0.04461538461538461
0 0.39937500000000004 0.29423076923076924 0.04 0.05923076923076923
0 0.3303125 0.681923076923077 0.040625 0.07153846153846154
0 0.286875 0.6707692307692308 0.03625 0.05692307692307692
0 0.29031250000000003 0.8107692307692308 0.08687500000000001 0.10615384615384615
0 0.1565625 0.666923076923077 0.058125 0.12
0 0.7278125 0.73 0.021875000000000002 0.033846153846153845
0 0.9393750000000001 0.9892307692307692 0.01875 0.01846153846153846
0 0.9946875000000001 0.9646153846153847 0.008125 0.02
0 0.6353125000000001 0.41 0.029375000000000002 0.03692307692307692
0 0.9921875 0.10346153846153847 0.013125 0.022307692307692306
0 0.8803125 0.605 0.046875 0.04846153846153846
0 0.7234375000000001 0.5146153846153846 0.059375000000000004 0.04
0 0.6234375 0.23692307692307693 0.020625 0.026153846153846153
0 0.114375 0.35384615384615387 0.08875 0.08615384615384615
0 0.21875 0.7 0.06375 0.09076923076923077
0 0.320625 0.9242307692307692 0.02375 0.016153846153846154
0 0.38625 0.7734615384615384 0.03 0.03307692307692308
0 0.8109375 0.9619230769230769 0.048125 0.07307692307692308
0 0.099375 0.6323076923076923 0.058750000000000004 0.047692307692307694
0 0.6234375 0.4819230769230769 0.041875 0.05
0 0.2028125 0.676923076923077 0.030625 0.04461538461538461
0 0.56125 0.3323076923076923 0.04625 0.04923076923076923
0 0.414375 0.9884615384615385 0.01875 0.02
0 0.44875 0.6957692307692308 0.0225 0.031538461538461536
0 0.273125 0.7265384615384616 0.0375 0.054615384615384614
0 0.051562500000000004 0.29923076923076924 0.066875 0.08
0 0.1965625 0.8565384615384616 0.054375 0.054615384615384614
0 0.3778125 0.6192307692307693 0.045625 0.04
0 0.9571875 0.5130769230769231 0.084375 0.1
0 0.930625 0.39076923076923076 0.0975 0.1276923076923077
0 0.883125 0.16346153846153846 0.03 0.05307692307692308
