0 0.615 0.558076923076923 0.06375 0.07615384615384616
0 0.9678125000000001 0.6176923076923077 0.063125 0.06615384615384616
0 0.4534375 0.12 0.068125 0.07692307692307693
0 0.8046875 0.5246153846153846 0.036875 0.05076923076923077
0 0.7409375 0.45615384615384613 0.099375 0.11692307692307692
0 0.3478125 0.15538461538461537 0.138125 0.1076923076923077
0 0.5684375 0.1 0.08687500000000001 0.06307692307692307
0 0.5634375 0.19 0.063125 0.10923076923076923
0 0.74625 0.07923076923076923 0.06125 0.05692307692307692
0 0.1228125 0.9453846153846154 0.143125 0.1076923076923077
0 0.41531250000000003 0.9819230769230769 0.050625 0.03461538461538462
0 0.5225 0.6573076923076923 0.04125 0.06846153846153846
0 0.720625 0.6253846153846154 0.16875 0.12153846153846154
0 0.9003125000000001 0.49423076923076925 0.089375 0.07
0 0.296875 0.5753846153846154 0.03625 0.09846153846153846
0 0.11750000000000001 0.47884615384615387 0.1 0.10538461538461538
0 0.345625 0.33076923076923076 0.14875 0.16615384615384615
0 0.4546875 0.03769230769230769 0.140625 0.07538461538461538
0 0.474375 0.33807692307692305 0.06375 0.08384615384615385
0 0.9712500000000001 0.355 0.0375 0.10230769230769231
0 0.548125 0.5634615384615385 0.0375 0.04384615384615385
0 0.82375 0.2153846153846154 0.06375 0.07076923076923076
0 0.028125 0.9823076923076923 0.05625 0.033846153846153845
0 0.4025 0.6180769230769231 0.0425 0.04692307692307692
0 0.41125 0.6938461538461539 0.09875 0.10307692307692308
0 0.3090625 0.7226923076923077 0.050625 0.06384615384615384
0 0.938125 0.08192307692307692 0.1225 0.16384615384615384
0 0.4825 0.24576923076923077 0.11875000000000001 0.1376923076923077
0 0.1078125 0.025384615384615384 0.053125 0.05076923076923077
0 0.5525 0.43 0.0675 0.10923076923076923
0 0.01875 0.24576923076923077 0.0375 0.07153846153846154
0 0.509375 0.5 0.04 0.0876923076923077
0 0.07375 0.33692307692307694 0.09125 0.07384615384615384
0 0.88 0.5626923076923077 0.065 0.06230769230769231
0 0.6118750000000001 0.7661538461538462 0.03375 0.04923076923076923
0 0.42625 0.43961538461538463 0.0425 0.03461538461538462
0 0.7015625 0.023076923076923078 0.043125000000000004 0.046153846153846156
0 0.3228125 0.5065384615384615 0.029375000000000002 0.04230769230769231
0 0.5425 0.7784615384615384 0.08375 0.06923076923076923
0 0.57625 0.36615384615384616 0.05 0.06307692307692307
0 0.7665625 0.38769230769230767 0.084375 0.08923076923076922
0 0.9871875 0.4826923076923077 0.024375 0.07923076923076923
0 0.0471875 0.8311538461538461 0.094375 0.07153846153846154
0 0.464375 0.51 0.03 0.05692307692307692
0 0.315 0.2469230769230769 0.03 0.05692307692307692
0 0.5215625 0.12538461538461537 0.044375 0.033846153846153845
0 0.2415625 0.595 0.019375 0.02846153846153846
0 0.63625 0.04576923076923077 0.02875 0.04692307692307692
0 0.348125 0.4676923076923077 0.0525 0.03538461538461538
0 0.39125 0.5742307692307692 0.085 0.06538461538461539
0 0.9884375 0.7557692307692307 0.021875000000000002 0.045384615384615384
0 0.01 0.13115384615384615 0.02 0.06230769230769231
0 0.01875 0.6946153846153846 0.0375 0.0876923076923077
0 0.121875 0.5534615384615384 0.07875 0.07461538461538461
0 0.46718750000000003 0.7692307692307693 0.029375000000000002 0.05384615384615385
0 0.5515625000000001 0.013461538461538462 0.025625000000000002 0.026923076923076925
0 0.6540625 0.19384615384615383 0.035625000000000004 0.04461538461538461
0 0.599375 0.705 0.04 0.05923076923076923
0 0.6690625 0.3169230769230769 0.040625 0.07230769230769231
0 0.7121875 0.3280769230769231 0.035625000000000004 0.05615384615384615
0 0.7090625 0.18769230769230769 0.08687500000000001 0.10615384615384615
0 0.8425 0.33153846153846156 0.0575 0.12
0 0.2709375 0.26884615384615385 0.021875000000000002 0.03461538461538462
0 0.06 0.009615384615384616 0.01875 0.019230769230769232
0 0.004375 0.03423076923076923 0.00875 0.019230769230769232
0 0.3634375 0.5892307692307692 0.029375000000000002 0.03692307692307692
0 0.0065625 0.8957692307692308 0.013125 0.022307692307692306
0 0.1190625 0.39384615384615385 0.046875 0.04923076923076923
0 0.275625 0.48423076923076924 0.058750000000000004 0.03923076923076923
0 0.3753125 0.7619230769230769 0.020625 0.025384615384615384
0 0.8846875000000001 0.6446153846153846 0.089375 0.08615384615384615
0 0.780625 0.2988461538461539 0.06375 0.09153846153846154
0 0.6784375 0.075 0.023125 0.016153846153846154
0 0.6128125 0.22538461538461538 0.030625 0.033846153846153845
0 0.18812500000000001 0.03692307692307692 0.04875 0.07384615384615384
0 0.8996875 0.3669230769230769 0.059375000000000004 0.047692307692307694
0 0.37593750000000004 0.5169230769230769 0.041875 0.04923076923076923
0 0.7965625000000001 0.3219230769230769 0.030625 0.045384615384615384
0 0.4375 0.6665384615384615 0.04625 0.05
0 0.5846875 0.010384615384615384 0.019375 0.02076923076923077
0 0.5503125 0.3030769230769231 0.023125 0.03230769230769231
0 0.725625 0.2723076923076923 0.0375 0.05384615384615385
0 0.9478125000000001 0.7 0.066875 0.08
0 0.8028125 0.1426923076923077 0.054375 0.054615384615384614
0 0.6215625 0.38 0.045625 0.04
0 0.0421875 0.48615384615384616 0.084375 0.1
0 0.06875 0.6080769230769231 0.0975 0.12846153846153846
0 0.11625 0.8357692307692308 0.03 0.05307692307692308
