0 0.38526477359938605 0.5532710280373832 0.06293169608595549 0.07476635514018692
0 0.03875671527244819 0.6004672897196262 0.06216423637759018 0.06448598130841121
0 0.5525709900230238 0.13457943925233645 0.06753645433614736 0.07476635514018692
0 0.2003069838833461 0.5154205607476636 0.03683806600153492 0.049532710280373836
0 0.2640061396776669 0.45140186915887853 0.09823484267075978 0.11401869158878505
0 0.6550268610897928 0.17196261682242991 0.13584036838066002 0.10467289719626169
0 0.4405218726016884 0.11168224299065421 0.08595548733691481 0.06261682242990654
0 0.44359171143514964 0.19906542056074766 0.06293169608595549 0.10654205607476636
0 0.2666922486569455 0.08598130841121496 0.060629316960859554 0.056074766355140186
0 0.8587874136607828 0.9439252336448598 0.14121258633921718 0.10467289719626169
0 0.5717574827321565 0.9705607476635515 0.05065234075211052 0.03457943925233645
0 0.47390636991557944 0.6523364485981309 0.04067536454336147 0.06728971962616823
0 0.2805065234075211 0.6154205607476636 0.16653875671527243 0.11869158878504674
0 0.10782808902532617 0.4827102803738318 0.08825786646201074 0.06822429906542056
0 0.6964696853415195 0.5799065420560748 0.036070606293169605 0.09626168224299066
0 0.8737528779739063 0.49252336448598133 0.09900230237912509 0.102803738317757
0 0.6534919416730621 0.34158878504672896 0.14658480429777437 0.1616822429906542
0 0.5529547198772065 0.054672897196261686 0.13891020721412126 0.07383177570093458
0 0.5272448196469686 0.3448598130841122 0.06293169608595549 0.08224299065420561
0 0.04105909439754413 0.34626168224299064 0.03760552570990023 0.1
0 0.4508825786646201 0.5607476635514019 0.03760552570990023 0.04299065420560748
0 0.18802762854950114 0.21542056074766355 0.06293169608595549 0.07009345794392524
0 0.9504988488104374 0.9827102803738318 0.056024558710667687 0.03457943925233645
0 0.5920951650038373 0.6182242990654205 0.0422102839600921 0.04579439252336449
0 0.5821181887950883 0.691588785046729 0.09746738296239447 0.10093457943925234
0 0.6811204911742134 0.7228971962616823 0.0498848810437452 0.06261682242990654
0 0.07904834996162702 0.08271028037383178 0.12125863392171911 0.15981308411214953
0 0.5214888718342287 0.25514018691588786 0.11742133537989255 0.13457943925233645
0 0.8929393706830391 0.053738317757009345 0.052954719877206444 0.049532710280373836
0 0.4493476592478895 0.43177570093457945 0.06676899462778205 0.10654205607476636
0 0.9750575594781273 0.2696261682242991 0.03760552570990023 0.07009345794392524
0 0.4896392939370683 0.5009345794392523 0.039907904834996163 0.08598130841121496
0 0.919800460475825 0.35654205607476636 0.08979278587874137 0.07196261682242991
0 0.12586339217191098 0.55 0.0644666155026861 0.06074766355140187
0 0.3837298541826554 0.7551401869158879 0.03376822716807368 0.048598130841121495
0 0.5725249424405219 0.44485981308411215 0.042977743668457406 0.03364485981308411
0 0.31158864159631616 0.033177570093457946 0.042977743668457406 0.04579439252336449
0 0.6722947045280123 0.5126168224299066 0.02916346891788181 0.042056074766355145
0 0.4516500383729854 0.7691588785046729 0.08211818879508825 0.06728971962616823
0 0.42709132770529545 0.36915887850467294 0.0498848810437452 0.06168224299065421
0 0.24059861857252493 0.3841121495327103 0.08365310821181887 0.08785046728971962
0 0.023023791250959325 0.46869158878504674 0.024558710667689946 0.07757009345794393
0 0.9351496546431313 0.835981308411215 0.09286262471220261 0.07009345794392524
0 0.5337682271680737 0.5121495327102804 0.029930928626247123 0.056074766355140186
0 0.6853415195702226 0.26168224299065423 0.03069838833461243 0.056074766355140186
0 0.48580199539524177 0.13738317757009347 0.044512663085188024 0.03364485981308411
0 0.7498081350729087 0.6009345794392523 0.019953952417498082 0.028037383177570093
0 0.375287797390637 0.05700934579439253 0.02916346891788181 0.04672897196261683
0 0.6485034535686877 0.47476635514018695 0.052187260168841135 0.03551401869158879
0 0.6039907904834996 0.5761682242990654 0.0844205679201842 0.06448598130841121
0 0.015732924021488872 0.7336448598130841 0.022256331542594012 0.04485981308411215
0 0.9861857252494244 0.15934579439252336 0.019953952417498082 0.06074766355140187
0 0.9658480429777436 0.7046728971962617 0.03760552570990023 0.08598130841121496
0 0.8679969301611665 0.5644859813084112 0.07828089025326171 0.07289719626168224
0 0.5257099002302379 0.7626168224299066 0.02916346891788181 0.052336448598130844
0 0.4589409056024559 0.028504672897196263 0.026093630084420567 0.02710280373831776
0 0.3545663852647736 0.19953271028037384 0.035303146584804296 0.04392523364485981
0 0.397544128933231 0.6962616822429907 0.039907904834996163 0.05794392523364486
0 0.3372985418265541 0.3186915887850467 0.04067536454336147 0.07102803738317758
0 0.29508825786646203 0.3275700934579439 0.036070606293169605 0.05514018691588785
0 0.30084420567920184 0.19205607476635514 0.08595548733691481 0.10373831775700935
0 0.16730621642363774 0.3271028037383178 0.056792018419033 0.1177570093457944
0 0.7279355333844973 0.2845794392523365 0.022256331542594012 0.03457943925233645
0 0.9397544128933231 0.039719626168224303 0.01918649270913277 0.019626168224299065
0 0.9938603223330775 0.06588785046728972 0.00920951650038373 0.019626168224299065
0 0.6308518802762855 0.591588785046729 0.02916346891788181 0.03738317757009346
0 0.9739063699155794 0.9 0.013814274750575594 0.022429906542056077
0 0.8737528779739063 0.41028037383177574 0.04681504221028396 0.048598130841121495
0 0.7191097467382962 0.49252336448598133 0.05832693783576362 0.03925233644859813
0 0.615886415963162 0.758411214953271 0.02072141212586339 0.025233644859813085
0 0.11933998465080584 0.6289719626168224 0.08825786646201074 0.08411214953271029
0 0.22870299309286263 0.297196261682243 0.06293169608595549 0.0897196261682243
0 0.33346124328472754 0.08411214953271029 0.023791250959324634 0.016822429906542057
0 0.39447429009976975 0.23177570093457944 0.03069838833461243 0.03364485981308411
0 0.8138910207214121 0.06261682242990654 0.04834996162701458 0.07289719626168224
0 0.11089792785878741 0.3598130841121496 0.05909439754412893 0.04672897196261683
0 0.6201074443591711 0.5214953271028038 0.04144282425172678 0.048598130841121495
0 0.21258633921719108 0.31962616822429907 0.03069838833461243 0.04485981308411215
0 0.5564082885648504 0.6640186915887851 0.04604758250191865 0.049532710280373836
0 0.4263238679969302 0.024299065420560748 0.01918649270913277 0.020560747663551402
0 0.45395241749808135 0.30887850467289724 0.023791250959324634 0.03271028037383178
0 0.28280890253261703 0.2733644859813084 0.03760552570990023 0.05327102803738318
0 0.056792018419033 0.680373831775701 0.06600153491941672 0.07850467289719626
0 0.21028396009209516 0.1453271028037383 0.05372217958557176 0.05327102803738318
0 0.3829623944742901 0.3808411214953271 0.04604758250191865 0.04018691588785047
0 0.9474290099769762 0.5014018691588785 0.08365310821181887 0.09813084112149534
0 0.9190330007674598 0.6191588785046729 0.09593246354566386 0.12429906542056075
0 0.8676132003069839 0.8373831775700935 0.029930928626247123 0.052336448598130844
