0 0.38375000000000004 0.5588461538461539 0.06375 0.07615384615384616
0 0.03125 0.6176923076923077 0.0625 0.06615384615384616
0 0.5453125 0.12038461538461538 0.068125 0.07615384615384616
0 0.194375 0.5253846153846153 0.0375 0.05076923076923077
0 0.2578125 0.45615384615384613 0.099375 0.11692307692307692
0 0.6509375000000001 0.15538461538461537 0.138125 0.1076923076923077
0 0.43062500000000004 0.10076923076923076 0.08750000000000001 0.06307692307692307
0 0.435625 0.19038461538461537 0.06375 0.11
0 0.2525 0.08 0.06125 0.05692307692307692
0 0.8765625 0.9457692307692308 0.143125 0.10846153846153846
0 0.58375 0.9823076923076923 0.051250000000000004 0.03538461538461538
0 0.476875 0.6573076923076923 0.04125 0.06846153846153846
0 0.278125 0.6261538461538462 0.16875 0.12153846153846154
0 0.09875 0.4946153846153846 0.08875 0.07076923076923076
0 0.701875 0.5761538461538461 0.03625 0.09846153846153846
0 0.8815625 0.47923076923076924 0.099375 0.10461538461538461
0 0.6534375 0.33153846153846156 0.148125 0.16615384615384615
0 0.5446875 0.038461538461538464 0.140625 0.07538461538461538
0 0.524375 0.33884615384615385 0.06375 0.08384615384615385
0 0.028125 0.355 0.0375 0.10230769230769231
0 0.4509375 0.5638461538461539 0.036875 0.043076923076923075
0 0.17500000000000002 0.2153846153846154 0.06375 0.07076923076923076
0 0.9709375 0.9826923076923076 0.055625 0.03461538461538462
0 0.596875 0.6188461538461538 0.0425 0.04692307692307692
0 0.5875 0.6942307692307692 0.09875 0.10230769230769231
0 0.6900000000000001 0.7226923076923077 0.05 0.06384615384615384
0 0.06125 0.08269230769230769 0.1225 0.16384615384615384
0 0.516875 0.24615384615384617 0.11875000000000001 0.13846153846153847
0 0.89125 0.026153846153846153 0.0525 0.05076923076923077
0 0.446875 0.43038461538461537 0.0675 0.11
0 0.9803125 0.24615384615384617 0.036875 0.07076923076923076
0 0.489375 0.5003846153846154 0.04 0.08846153846153847
0 0.925 0.33692307692307694 0.09125 0.07384615384615384
0 0.1190625 0.5626923076923077 0.065625 0.06230769230769231
0 0.386875 0.7669230769230769 0.03375 0.04923076923076923
0 0.5728125000000001 0.4403846153846154 0.043125000000000004 0.03461538461538462
0 0.2978125 0.023846153846153847 0.043125000000000004 0.046153846153846156
0 0.6765625000000001 0.5069230769230769 0.029375000000000002 0.043076923076923075
0 0.4565625 0.7788461538461539 0.084375 0.07
0 0.42281250000000004 0.36615384615384616 0.050625 0.06307692307692307
0 0.2325 0.38769230769230767 0.085 0.08923076923076922
0 0.011875 0.48307692307692307 0.02375 0.07846153846153846
0 0.9515625 0.8311538461538461 0.094375 0.07153846153846154
0 0.5346875 0.51 0.030625 0.05692307692307692
0 0.6840625 0.24769230769230768 0.029375000000000002 0.05692307692307692
0 0.47750000000000004 0.12538461538461537 0.045 0.033846153846153845
0 0.7575000000000001 0.5957692307692307 0.01875 0.02846153846153846
0 0.3625 0.046153846153846156 0.02875 0.046153846153846156
0 0.65125 0.46807692307692306 0.0525 0.03461538461538462
0 0.6078125 0.5746153846153846 0.084375 0.06461538461538462
0 0.010625 0.7565384615384615 0.02125 0.045384615384615384
0 0.9890625000000001 0.13153846153846155 0.019375 0.06307692307692307
0 0.9803125 0.695 0.036875 0.08846153846153847
0 0.8771875 0.5534615384615384 0.079375 0.07461538461538461
0 0.531875 0.7692307692307693 0.03 0.05384615384615385
0 0.4475 0.01423076923076923 0.025 0.026923076923076925
0 0.3446875 0.19384615384615383 0.035625000000000004 0.04461538461538461
0 0.39937500000000004 0.705 0.04 0.05923076923076923
0 0.3303125 0.3173076923076923 0.040625 0.07153846153846154
0 0.286875 0.32846153846153847 0.03625 0.05692307692307692
0 0.29031250000000003 0.18846153846153846 0.08687500000000001 0.10615384615384615
0 0.1565625 0.3323076923076923 0.058125 0.12
0 0.7278125 0.2692307692307692 0.021875000000000002 0.033846153846153845
0 0.9393750000000001 0.01 0.01875 0.01846153846153846
0 0.9946875000000001 0.03461538461538462 0.008125 0.02
0 0.6353125000000001 0.5892307692307692 0.029375000000000002 0.03692307692307692
0 0.9921875 0.8957692307692308 0.013125 0.022307692307692306
0 0.8803125 0.3942307692307692 0.046875 0.04846153846153846
0 0.7234375000000001 0.4846153846153846 0.059375000000000004 0.04
0 0.6234375 0.7626923076923077 0.020625 0.025384615384615384
0 0.114375 0.6453846153846153 0.08875 0.08615384615384615
0 0.21875 0.29923076923076924 0.06375 0.09076923076923077
0 0.320625 0.075 0.02375 0.016153846153846154
0 0.38625 0.22576923076923078 0.03 0.03307692307692308
0 0.8109375 0.037307692307692306 0.048125 0.07307692307692308
0 0.099375 0.3669230769230769 0.058750000000000004 0.047692307692307694
0 0.6234375 0.5173076923076924 0.041875 0.05
0 0.2028125 0.3223076923076923 0.030625 0.04461538461538461
0 0.56125 0.666923076923077 0.04625 0.04923076923076923
0 0.414375 0.010769230769230769 0.01875 0.02
0 0.44875 0.30346153846153845 0.0225 0.031538461538461536
0 0.273125 0.2726923076923077 0.0375 0.054615384615384614
0 0.051562500000000004 0.7 0.066875 0.08
0 0.1965625 0.1426923076923077 0.054375 0.054615384615384614
0 0.3778125 0.38 0.045625 0.04
0 0.9571875 0.48615384615384616 0.084375 0.1
0 0.930625 0.6084615384615385 0.0975 0.1276923076923077
0 0.883125 0.8357692307692308 0.03 0.05307692307692308
