0 0.384375 0.558076923076923 0.06375 0.07615384615384616
0 0.0315625 0.6176923076923077 0.063125 0.06615384615384616
0 0.5459375 0.12 0.068125 0.07692307692307693
0 0.1946875 0.5246153846153846 0.036875 0.05076923076923077
0 0.2584375 0.45615384615384613 0.099375 0.11692307692307692
0 0.6515625 0.15538461538461537 0.138125 0.1076923076923077
0 0.43093750000000003 0.1 0.08687500000000001 0.06307692307692307
0 0.43593750000000003 0.19 0.063125 0.10923076923076923
0 0.253125 0.07923076923076923 0.06125 0.05692307692307692
0 0.8765625 0.9453846153846154 0.143125 0.1076923076923077
0 0.5840625 0.9819230769230769 0.050625 0.03461538461538462
0 0.476875 0.6573076923076923 0.04125 0.06846153846153846
0 0.27875 0.6253846153846154 0.16875 0.12153846153846154
0 0.0990625 0.49423076923076925 0.089375 0.07
0 0.7025 0.5753846153846154 0.03625 0.09846153846153846
0 0.881875 0.47884615384615387 0.1 0.10538461538461538
0 0.65375 0.33076923076923076 0.14875 0.16615384615384615
0 0.5446875 0.03769230769230769 0.140625 0.07538461538461538
0 0.525 0.33807692307692305 0.06375 0.08384615384615385
0 0.028125 0.355 0.0375 0.10230769230769231
0 0.45125 0.5634615384615385 0.0375 0.04384615384615385
0 0.175625 0.2153846153846154 0.06375 0.07076923076923076
0 0.9712500000000001 0.9823076923076923 0.05625 0.033846153846153845
0 0.596875 0.6180769230769231 0.0425 0.04692307692307692
0 0.588125 0.6938461538461539 0.09875 0.10307692307692308
0 0.6903125 0.7226923076923077 0.050625 0.06384615384615384
0 0.06125 0.08192307692307692 0.1225 0.16384615384615384
0 0.516875 0.24576923076923077 0.11875000000000001 0.1376923076923077
0 0.8915625 0.025384615384615384 0.053125 0.05076923076923077
0 0.446875 0.43 0.0675 0.10923076923076923
0 0.980625 0.24576923076923077 0.0375 0.07153846153846154
0 0.49 0.5 0.04 0.0876923076923077
0 0.925625 0.33692307692307694 0.09125 0.07384615384615384
0 0.11937500000000001 0.5626923076923077 0.065 0.06230769230769231
0 0.3875 0.7661538461538462 0.03375 0.04923076923076923
0 0.573125 0.43961538461538463 0.0425 0.03461538461538462
0 0.2978125 0.023076923076923078 0.043125000000000004 0.046153846153846156
0 0.6765625000000001 0.5065384615384615 0.029375000000000002 0.04230769230769231
0 0.45687500000000003 0.7784615384615384 0.08375 0.06923076923076923
0 0.42312500000000003 0.36615384615384616 0.05 0.06307692307692307
0 0.2328125 0.38769230769230767 0.084375 0.08923076923076922
0 0.0121875 0.4826923076923077 0.024375 0.07923076923076923
0 0.9521875 0.8311538461538461 0.094375 0.07153846153846154
0 0.535 0.51 0.03 0.05692307692307692
0 0.6843750000000001 0.2469230769230769 0.03 0.05692307692307692
0 0.47781250000000003 0.12538461538461537 0.044375 0.033846153846153845
0 0.7578125 0.595 0.019375 0.02846153846153846
0 0.36312500000000003 0.04576923076923077 0.02875 0.04692307692307692
0 0.65125 0.4676923076923077 0.0525 0.03538461538461538
0 0.608125 0.5742307692307692 0.085 0.06538461538461539
0 0.010937500000000001 0.7557692307692307 0.021875000000000002 0.045384615384615384
0 0.989375 0.13115384615384615 0.02 0.06230769230769231
0 0.980625 0.6946153846153846 0.0375 0.0876923076923077
0 0.8775000000000001 0.5534615384615384 0.07875 0.07461538461538461
0 0.5321875 0.7692307692307693 0.029375000000000002 0.05384615384615385
0 0.4478125 0.013461538461538462 0.025625000000000002 0.026923076923076925
0 0.3453125 0.19384615384615383 0.035625000000000004 0.04461538461538461
0 0.4 0.705 0.04 0.05923076923076923
0 0.3303125 0.3169230769230769 0.040625 0.07230769230769231
0 0.2871875 0.3280769230769231 0.035625000000000004 0.05615384615384615
0 0.29031250000000003 0.18769230769230769 0.08687500000000001 0.10615384615384615
0 0.15687500000000001 0.33153846153846156 0.0575 0.12
0 0.7284375 0.26884615384615385 0.021875000000000002 0.03461538461538462
0 0.9393750000000001 0.009615384615384616 0.01875 0.019230769230769232
0 0.995 0.03423076923076923 0.00875 0.019230769230769232
0 0.6359375 0.5892307692307692 0.029375000000000002 0.03692307692307692
0 0.9928125 0.8957692307692308 0.013125 0.022307692307692306
0 0.8803125 0.39384615384615385 0.046875 0.04923076923076923
0 0.72375 0.48423076923076924 0.058750000000000004 0.03923076923076923
0 0.6240625 0.7619230769230769 0.020625 0.025384615384615384
0 0.1146875 0.6446153846153846 0.089375 0.08615384615384615
0 0.21875 0.2988461538461539 0.06375 0.09153846153846154
0 0.3209375 0.075 0.023125 0.016153846153846154
0 0.38656250000000003 0.22538461538461538 0.030625 0.033846153846153845
0 0.81125 0.03692307692307692 0.04875 0.07384615384615384
0 0.0996875 0.3669230769230769 0.059375000000000004 0.047692307692307694
0 0.6234375 0.5169230769230769 0.041875 0.04923076923076923
0 0.2028125 0.3219230769230769 0.030625 0.045384615384615384
0 0.561875 0.6665384615384615 0.04625 0.05
0 0.4146875 0.010384615384615384 0.019375 0.02076923076923077
0 0.44906250000000003 0.3030769230769231 0.023125 0.03230769230769231
0 0.27375 0.2723076923076923 0.0375 0.05384615384615385
0 0.051562500000000004 0.7 0.066875 0.08
0 0.1965625 0.1426923076923077 0.054375 0.054615384615384614
0 0.3778125 0.38 0.045625 0.04
0 0.9571875 0.48615384615384616 0.084375 0.1
0 0.930625 0.6084615384615385 0.0975 0.1276923076923077
0 0.883125 0.8357692307692308 0.03 0.05307692307692308
