0 0.6151771956856703 0.5428176795580111 0.06086286594761171 0.070902394106814
0 0.950693374422188 0.567219152854512 0.060092449922958396 0.06077348066298343
0 0.4375963020030817 0.1556169429097606 0.06471494607087827 0.0718232044198895
0 0.7916024653312789 0.49585635359116026 0.0362095531587057 0.046961325966850834
0 0.727657935285054 0.43876611418047884 0.09476117103235748 0.10773480662983426
0 0.3401386748844376 0.19705340699815838 0.13020030816640987 0.0994475138121547
0 0.5446841294298922 0.12753222836095765 0.08320493066255778 0.05801104972375691
0 0.5454545454545455 0.21040515653775324 0.060092449922958396 0.10036832412523021
0 0.7110939907550077 0.0934622467771639 0.058551617873651776 0.05248618784530387
0 0.1741140215716487 0.9383057090239411 0.13559322033898305 0.0994475138121547
0 0.45107858243451465 0.9470534069981584 0.04853620955315871 0.03222836095764273
0 0.5335130970724191 0.6413443830570903 0.039291217257318954 0.06353591160220995
0 0.7184129429892142 0.5948434622467772 0.15947611710323575 0.11233885819521179
0 0.8798151001540833 0.4599447513812155 0.0847457627118644 0.06537753222836096
0 0.3162557781201849 0.5851749539594844 0.03466872110939908 0.09116022099447514
0 0.14214175654853622 0.5124309392265194 0.09476117103235748 0.09668508287292818
0 0.3482280431432974 0.35727440147329653 0.14021571648690292 0.15285451197053407
0 0.43412942989214176 0.08011049723756906 0.1332819722650231 0.06998158379373849
0 0.46956856702619415 0.35359116022099446 0.06086286594761171 0.07734806629834254
0 0.9387519260400616 0.32642725598526706 0.0362095531587057 0.09484346224677717
0 0.5520030816640986 0.5529465930018417 0.0362095531587057 0.04143646408839779
0 0.7916024653312789 0.21132596685082874 0.06086286594761171 0.06537753222836096
0 0.08705701078582435 0.9802025782688767 0.053929121725731895 0.03222836095764273
0 0.41833590138674887 0.6155616942909761 0.040061633281972264 0.0432780847145488
0 0.43104776579352855 0.6837016574585636 0.09322033898305085 0.09484346224677717
0 0.33628659476117106 0.7191528545119705 0.04853620955315871 0.058931860036832415
0 0.8917565485362096 0.07965009208103131 0.11633281972265024 0.15009208103130756
0 0.47226502311248075 0.2679558011049724 0.11248073959938368 0.1270718232044199
0 0.10670261941448382 0.09852670349907919 0.05007704160246533 0.04788213627992634
0 0.5485362095531587 0.430939226519337 0.06471494607087827 0.10128913443830571
0 0.03582434514637905 0.30755064456721914 0.0362095531587057 0.06629834254143646
0 0.5123266563944531 0.498158379373849 0.038520801232665644 0.08103130755064457
0 0.09244992295839753 0.386279926335175 0.08628659476117104 0.06906077348066299
0 0.8647919876733436 0.5244014732965009 0.06240369799691834 0.05801104972375691
0 0.6240369799691834 0.7329650092081031 0.032357473035439135 0.04604051565377532
0 0.4302773497688752 0.45027624309392267 0.04083204930662558 0.03314917127071823
0 0.6656394453004623 0.04604051565377532 0.04160246533127889 0.0423572744014733
0 0.33705701078582434 0.5197974217311234 0.028505392912172575 0.03959484346224678
0 0.5593220338983051 0.7504604051565378 0.08012326656394453 0.06445672191528545
0 0.5674114021571649 0.3701657458563536 0.04853620955315871 0.058931860036832415
0 0.7480739599383668 0.3738489871086556 0.08012326656394453 0.08287292817679558
0 0.9610939907550078 0.44198895027624313 0.023882896764252697 0.07366482504604052
0 0.0963020030816641 0.8406998158379374 0.08936825885978429 0.06629834254143646
0 0.4703389830508475 0.5115101289134438 0.028505392912172575 0.05248618784530387
0 0.31432973805855163 0.283609576427256 0.029275808936825888 0.053406998158379376
0 0.5019260400616333 0.15469613259668508 0.0423728813559322 0.03130755064456722
0 0.2654083204930663 0.608195211786372 0.019260400616332822 0.026703499079189688
0 0.6055469953775039 0.07228360957642725 0.02773497688751926 0.0432780847145488
0 0.3586286594761171 0.4825046040515654 0.05007704160246533 0.03314917127071823
0 0.4052388289676425 0.576427255985267 0.08012326656394453 0.06077348066298343
0 0.9780431432973806 0.6915285451197054 0.020801232665639446 0.0423572744014733
0 0.020801232665639446 0.20349907918968693 0.020030816640986132 0.0570902394106814
0 0.06124807395993837 0.7182320441988951 0.0362095531587057 0.08103130755064457
0 0.15061633281972264 0.5805709023941068 0.07473035439137134 0.06906077348066299
0 0.48805855161787365 0.748158379373849 0.028505392912172575 0.05064456721915286
0 0.5238828967642527 0.04972375690607735 0.02465331278890601 0.02578268876611418
0 0.6305855161787366 0.20626151012891344 0.03466872110939908 0.0423572744014733
0 0.6086286594761171 0.6781767955801106 0.038520801232665644 0.05432780847145488
0 0.6521571648690293 0.31721915285451197 0.039291217257318954 0.06721915285451198
0 0.6929892141756548 0.32366482504604055 0.03466872110939908 0.05248618784530387
0 0.6822033898305085 0.19613259668508287 0.08243451463790447 0.09760589318600368
0 0.8162557781201849 0.31583793738489874 0.05469953775038521 0.11049723756906078
0 0.27426810477657937 0.3070902394106814 0.02157164869029276 0.03222836095764273
0 0.06086286594761171 0.08839779005524862 0.01848998459167951 0.01841620626151013
0 0.010015408320493066 0.1151012891344383 0.009244992295839754 0.01841620626151013
0 0.3802003081664099 0.5920810313075506 0.028505392912172575 0.034990791896869246
0 0.06124807395993837 0.9028545119705341 0.013097072419106319 0.02117863720073665
0 0.13867488443759632 0.43462246777163904 0.044684129429892146 0.04604051565377532
0 0.29121725731895226 0.503683241252302 0.05546995377503852 0.03683241252302026
0 0.4010015408320493 0.7495395948434622 0.020801232665639446 0.02394106813996317
0 0.8736517719568567 0.598987108655617 0.0847457627118644 0.08011049723756906
0 0.7561633281972265 0.2914364640883978 0.06086286594761171 0.0837937384898711
0 0.6467642526964561 0.09530386740331492 0.022342064714946073 0.01565377532228361
0 0.5936055469953775 0.23848987108655617 0.030046224961479198 0.03130755064456722
0 0.1829738058551618 0.10220994475138122 0.04699537750385208 0.06813996316758748
0 0.8721109399075501 0.3434622467771639 0.05701078582434515 0.04419889502762431
0 0.38751926040061635 0.5248618784530387 0.040061633281972264 0.04604051565377532
0 0.7723420647149462 0.3112338858195212 0.030046224961479198 0.0423572744014733
0 0.4541602465331279 0.6569981583793739 0.04391371340523883 0.046961325966850834
0 0.5546995377503853 0.04419889502762431 0.01848998459167951 0.020257826887661142
0 0.539291217257319 0.31445672191528545 0.023112480739599383 0.030386740331491715
0 0.7026194144838213 0.27163904235727443 0.03543913713405239 0.04972375690607735
0 0.9364406779661018 0.6436464088397791 0.06394453004622497 0.07366482504604052
0 0.7673343605546996 0.14640883977900554 0.052388289676425275 0.05156537753222836
0 0.6105546995377504 0.3789134438305709 0.04391371340523883 0.037753222836095765
0 0.0716486902927581 0.5253222836095764 0.08012326656394453 0.09300184162062615
0 0.10323574730354391 0.6344383057090239 0.09244992295839753 0.11786372007366483
0 0.1610169491525424 0.8383977900552486 0.029275808936825888 0.04880294659300184
