0 0.36759189797449365 0.2961121157323689 0.09752438109527382 0.11482820976491862
0 0.5393848462115529 0.8078661844484629 0.06001500375093774 0.10216998191681735
0 0.20330082520630158 0.46609403254972875 0.06451612903225806 0.1274864376130199
0 0.7501875468867217 0.5628390596745027 0.06001500375093774 0.08047016274864376
0 0.5697674418604651 0.527124773960217 0.10127531882970743 0.09584086799276673
0 0.3428357089272318 0.4168173598553345 0.16654163540885222 0.13200723327305605
0 0.90847711927982 0.30063291139240506 0.05701425356339085 0.051537070524412296
0 0.7014253563390848 0.7956600361663653 0.09002250562640661 0.06148282097649186
0 0.8750937734433609 0.7002712477396021 0.0622655663915979 0.05877034358047016
0 0.6770442610652664 0.6469258589511754 0.08777194298574643 0.20162748643761302
0 0.30532633158289574 0.7870705244122965 0.07051762940735185 0.11482820976491862
0 0.9208552138034509 0.5764014466546112 0.06826706676669167 0.06781193490054249
0 0.3698424606151538 0.10171790235081374 0.0555138784696174 0.09855334538878842
0 0.8533383345836459 0.36301989150090413 0.05926481620405102 0.10759493670886075
0 0.41747936984246065 0.19077757685352623 0.06526631657914479 0.10488245931283906
0 0.77231807951988 0.6546112115732369 0.06976744186046512 0.06871609403254973
0 0.3698424606151538 0.07007233273056057 0.042010502625656414 0.037070524412296565
0 0.931357839459865 0.6767631103074141 0.03825956489122281 0.08227848101265822
0 0.9444861215303826 0.4190777576853526 0.03600900225056264 0.11301989150090415
0 0.8612153038259566 0.4896021699819168 0.07501875468867217 0.14376130198915008
0 0.5495123780945237 0.6464737793851718 0.11177794448612154 0.15009041591320071
0 0.9501125281320331 0.3892405063291139 0.02625656414103526 0.051537070524412296
0 0.5360090022505627 0.24141048824593128 0.05476369092273069 0.0650994575045208
0 0.7003000750187547 0.5316455696202531 0.04576144036009002 0.0433996383363472
0 0.9557389347336834 0.21925858951175406 0.03000750187546887 0.05515370705244123
0 0.26969242310577646 0.15415913200723327 0.13878469617404351 0.18896925858951175
0 0.21230307576894225 0.30289330922242313 0.1110277569392348 0.12477396021699819
0 0.5885221305326331 0.761754068716094 0.051762940735183796 0.05877034358047016
0 0.6399099774943736 0.43399638336347196 0.12153038259564891 0.10126582278481013
0 0.687171792948237 0.20298372513562388 0.14703675918979744 0.11482820976491862
0 0.5393848462115529 0.2206148282097649 0.06601650412603151 0.09945750452079566
