0 0.639375 0.27615384615384614 0.10125 0.12153846153846154
0 0.436875 0.8084615384615385 0.06125 0.1076923076923077
0 0.8025 0.46807692307692306 0.06625 0.1346153846153846
0 0.22843750000000002 0.5334615384615384 0.061875 0.08538461538461538
0 0.418125 0.5076923076923077 0.105 0.10153846153846154
0 0.659375 0.40615384615384614 0.17250000000000001 0.14
0 0.0759375 0.24384615384615385 0.059375000000000004 0.05384615384615385
0 0.26875 0.7846153846153846 0.0925 0.06461538461538462
0 0.0921875 0.6707692307692308 0.064375 0.06153846153846154
0 0.3009375 0.6280769230769231 0.090625 0.21461538461538462
0 0.68125 0.8023076923076923 0.0725 0.12153846153846154
0 0.0503125 0.5365384615384615 0.07062500000000001 0.07153846153846154
0 0.645625 0.06923076923076923 0.0575 0.10461538461538461
0 0.130625 0.31384615384615383 0.06125 0.11384615384615385
0 0.5921875 0.16076923076923078 0.066875 0.11076923076923077
0 0.2015625 0.63 0.07187500000000001 0.07230769230769231
0 0.6471875 0.03576923076923077 0.043125000000000004 0.03769230769230769
0 0.0346875 0.6423076923076924 0.039375 0.0876923076923077
0 0.033125 0.3676923076923077 0.03625 0.12
0 0.1165625 0.44769230769230767 0.076875 0.1523076923076923
0 0.43375 0.6365384615384615 0.11625 0.15923076923076923
0 0.0284375 0.3353846153846154 0.026875 0.05384615384615385
0 0.4665625 0.20653846153846153 0.056875 0.06846153846153846
0 0.2821875 0.5034615384615385 0.046875 0.045384615384615384
0 0.0303125 0.15423076923076923 0.030625 0.057692307692307696
0 0.7478125 0.13230769230769232 0.144375 0.2
0 0.800625 0.29423076923076924 0.115 0.13153846153846155
0 0.388125 0.7565384615384615 0.05375 0.06230769230769231
0 0.3496875 0.4046153846153846 0.12562500000000001 0.1076923076923077
0 0.31125 0.15615384615384614 0.1525 0.12153846153846154
0 0.4640625 0.18461538461538463 0.068125 0.10461538461538461
