0 0.36235955056179775 0.702252693437806 0.10032102728731943 0.11949069539666994
0 0.5529695024077047 0.17776689520078356 0.060995184590690206 0.10675808031341823
0 0.19863563402889245 0.5186092066601371 0.0666131621187801 0.13222331047992164
0 0.7628410914927769 0.4417238001958864 0.06179775280898876 0.0842311459353575
0 0.5762439807383628 0.47110675808031344 0.1043338683788122 0.09990205680705191
0 0.3402889245585875 0.5754162585700294 0.17014446227929375 0.13809990205680706
0 0.9173354735152488 0.7203721841332028 0.0593900481540931 0.05386875612144956
0 0.7191011235955056 0.19735553379040158 0.09149277688603531 0.06366307541625857
0 0.8948635634028892 0.3041136141038198 0.06420545746388442 0.06170421155729677
0 0.6898073836276083 0.35063663075416257 0.09069020866773676 0.20959843290891284
0 0.3130016051364366 0.18952007835455437 0.07223113964686999 0.12047012732615084
0 0.937800963081862 0.4338883447600392 0.06982343499197431 0.07051909892262488
0 0.35914927768860355 0.9040156709108718 0.05698234349919743 0.10381978452497552
0 0.8619582664526485 0.653281096963761 0.060995184590690206 0.11165523996082273
0 0.41051364365971105 0.8134182174338884 0.0666131621187801 0.10871694417238002
0 0.7877207062600321 0.3462291870714985 0.07142857142857142 0.07149853085210578
0 0.3579454253611557 0.9368266405484819 0.04333868378812199 0.03819784524975514
0 0.9514446227929374 0.3305582761998041 0.03932584269662921 0.0871694417238002
0 0.9574638844301766 0.5984329089128306 0.03691813804173355 0.11753183153770813
0 0.8739967897271268 0.5225269343780607 0.07704654895666131 0.14985308521057786
0 0.5589887640449438 0.34573947110675807 0.11476725521669341 0.15670910871694418
0 0.9622792937399679 0.6297747306562194 0.02728731942215088 0.05288932419196866
0 0.53330658105939 0.7659157688540646 0.05698234349919743 0.06856023506366307
0 0.7102728731942215 0.47208619000979435 0.04654895666131621 0.045053868756121454
0 0.9634831460674157 0.806562193927522 0.03130016051364366 0.05778648383937317
0 0.25762439807383625 0.8452497551420176 0.14285714285714285 0.1958863858961802
0 0.20385232744783308 0.6885406464250735 0.11396468699839486 0.12928501469147893
0 0.6023274478330658 0.2277179236043095 0.05377207062600321 0.06170421155729677
0 0.6456661316211878 0.5700293829578844 0.12439807383627609 0.10577864838393732
0 0.6869983948635634 0.8119490695396671 0.1508828250401284 0.11949069539666994
0 0.5365168539325843 0.7879529872673849 0.06821829855537721 0.10284035259549462
