0 0.354375 0.7076923076923077 0.10125 0.12153846153846154
0 0.556875 0.1753846153846154 0.06125 0.1076923076923077
0 0.19125 0.5157692307692308 0.06625 0.1346153846153846
0 0.7653125000000001 0.4503846153846154 0.061875 0.08538461538461538
0 0.575625 0.47615384615384615 0.105 0.10153846153846154
0 0.33437500000000003 0.5776923076923077 0.17250000000000001 0.14
0 0.9178125 0.74 0.059375000000000004 0.05384615384615385
0 0.725 0.19923076923076924 0.0925 0.06461538461538462
0 0.9015625 0.3130769230769231 0.064375 0.06153846153846154
0 0.6928125 0.3557692307692308 0.090625 0.21461538461538462
0 0.3125 0.18153846153846154 0.0725 0.12153846153846154
0 0.9434375 0.4473076923076923 0.07062500000000001 0.07153846153846154
0 0.348125 0.9146153846153846 0.0575 0.10461538461538461
0 0.863125 0.67 0.06125 0.11384615384615385
0 0.4015625 0.823076923076923 0.066875 0.11076923076923077
0 0.7921875 0.35384615384615387 0.07187500000000001 0.07230769230769231
0 0.3465625 0.948076923076923 0.043125000000000004 0.03769230769230769
0 0.9590625 0.3415384615384615 0.039375 0.0876923076923077
0 0.9606250000000001 0.6161538461538462 0.03625 0.12
0 0.8771875 0.5361538461538462 0.076875 0.1523076923076923
0 0.56 0.3473076923076923 0.11625 0.15923076923076923
0 0.9653125 0.6484615384615384 0.026875 0.05384615384615385
0 0.5271875 0.7773076923076923 0.056875 0.06846153846153846
0 0.7115625 0.4803846153846154 0.046875 0.045384615384615384
0 0.9634375000000001 0.8296153846153846 0.030625 0.057692307692307696
0 0.2459375 0.8515384615384616 0.144375 0.2
0 0.193125 0.6896153846153846 0.115 0.13153846153846155
0 0.605625 0.2273076923076923 0.05375 0.06230769230769231
0 0.6440625 0.5792307692307692 0.12562500000000001 0.1076923076923077
0 0.6825 0.8276923076923077 0.1525 0.12153846153846154
0 0.5296875 0.7992307692307692 0.068125 0.10461538461538461
