0 0.6376633986928105 0.30569430569430567 0.10049019607843138 0.11988011988011987
0 0.4309640522875817 0.8226773226773226 0.06127450980392157 0.1068931068931069
0 0.795343137254902 0.497002997002997 0.0661764705882353 0.13286713286713286
0 0.22875816993464054 0.548951048951049 0.06209150326797386 0.08491508491508491
0 0.4158496732026144 0.527972027972028 0.10457516339869281 0.1008991008991009
0 0.6556372549019608 0.43356643356643354 0.1707516339869281 0.13786213786213786
0 0.0821078431372549 0.2627372627372627 0.059640522875817 0.053946053946053944
0 0.2651143790849673 0.7962037962037962 0.0923202614379085 0.06393606393606394
0 0.09272875816993464 0.6808191808191808 0.06454248366013073 0.060939060939060936
0 0.29901960784313725 0.6433566433566433 0.08986928104575163 0.21178821178821178
0 0.6715686274509804 0.8221778221778222 0.07189542483660132 0.11988011988011987
0 0.05310457516339869 0.548951048951049 0.07026143790849673 0.07092907092907093
0 0.6462418300653595 0.1028971028971029 0.057189542483660136 0.1038961038961039
0 0.1352124183006536 0.3321678321678322 0.06127450980392157 0.11288711288711288
0 0.5923202614379085 0.1913086913086913 0.06699346405228758 0.1088911088911089
0 0.20098039215686275 0.6433566433566433 0.07189542483660132 0.07192807192807193
0 0.6482843137254902 0.06993006993006994 0.04330065359477124 0.03796203796203796
0 0.0363562091503268 0.6518481518481518 0.040032679738562095 0.08691308691308691
0 0.03839869281045752 0.38311688311688313 0.03594771241830066 0.11888111888111888
0 0.119281045751634 0.463036963036963 0.07679738562091504 0.15084915084915085
0 0.4297385620915033 0.6548451548451548 0.11601307189542484 0.15684315684315683
0 0.03431372549019608 0.35114885114885114 0.02777777777777778 0.052947052947052944
0 0.4681372549019608 0.23376623376623376 0.057189542483660136 0.06793206793206794
0 0.28227124183006536 0.5209790209790209 0.04656862745098039 0.04495504495504495
0 0.03839869281045752 0.17382617382617382 0.03104575163398693 0.057942057942057944
0 0.7459150326797386 0.16633366633366634 0.14379084967320263 0.1968031968031968
0 0.7957516339869282 0.3256743256743257 0.11437908496732027 0.12987012987012986
0 0.3831699346405229 0.7707292707292708 0.05392156862745098 0.06293706293706294
0 0.3496732026143791 0.42507492507492506 0.12418300653594772 0.1068931068931069
0 0.31495098039215685 0.18081918081918083 0.15114379084967322 0.11988011988011987
0 0.4652777777777778 0.21178821178821178 0.06781045751633988 0.1038961038961039
