0 0.3625 0.28692307692307695 0.10125 0.12153846153846154
0 0.5650000000000001 0.8192307692307692 0.06125 0.1076923076923077
0 0.199375 0.47884615384615387 0.06625 0.1346153846153846
0 0.7734375 0.5442307692307692 0.061875 0.08538461538461538
0 0.58375 0.5184615384615384 0.105 0.10153846153846154
0 0.3425 0.4169230769230769 0.17250000000000001 0.14
0 0.9259375 0.25461538461538463 0.059375000000000004 0.05384615384615385
0 0.733125 0.7953846153846154 0.0925 0.06461538461538462
0 0.9096875 0.6815384615384615 0.064375 0.06153846153846154
0 0.7009375 0.6388461538461538 0.090625 0.21461538461538462
0 0.320625 0.813076923076923 0.0725 0.12153846153846154
0 0.9515625 0.5473076923076923 0.07062500000000001 0.07153846153846154
0 0.35625 0.08 0.0575 0.10461538461538461
0 0.87125 0.32461538461538464 0.06125 0.11384615384615385
0 0.4096875 0.17153846153846153 0.066875 0.11076923076923077
0 0.8003125 0.6407692307692308 0.07187500000000001 0.07230769230769231
0 0.3546875 0.046538461538461535 0.043125000000000004 0.03769230769230769
0 0.9671875 0.6530769230769231 0.039375 0.0876923076923077
0 0.96875 0.37846153846153846 0.03625 0.12
0 0.8853125000000001 0.4584615384615385 0.076875 0.1523076923076923
0 0.568125 0.6473076923076924 0.11625 0.15923076923076923
0 0.9734375000000001 0.34615384615384615 0.026875 0.05384615384615385
0 0.5353125 0.2173076923076923 0.056875 0.06846153846153846
0 0.7196875 0.5142307692307693 0.046875 0.045384615384615384
0 0.9715625 0.165 0.030625 0.057692307692307696
0 0.2546875 0.1423076923076923 0.144375 0.2
0 0.201875 0.30423076923076925 0.115 0.13153846153846155
0 0.614375 0.7665384615384615 0.05375 0.06230769230769231
0 0.6528125 0.4146153846153846 0.12562500000000001 0.1076923076923077
0 0.69125 0.16615384615384615 0.1525 0.12153846153846154
0 0.5384375 0.1946153846153846 0.068125 0.10461538461538461
