0 0.6246875000000001 0.7407692307692307 0.100625 0.12153846153846154
0 0.4225 0.20846153846153845 0.06125 0.1076923076923077
0 0.7878125 0.5484615384615384 0.066875 0.13384615384615384
0 0.21406250000000002 0.48307692307692307 0.061875 0.08461538461538462
0 0.4034375 0.5088461538461538 0.105625 0.10230769230769231
0 0.6446875 0.6103846153846154 0.171875 0.14076923076923076
0 0.0615625 0.7723076923076924 0.059375000000000004 0.05384615384615385
0 0.2540625 0.23153846153846153 0.093125 0.06461538461538462
0 0.0775 0.34615384615384615 0.065 0.06153846153846154
0 0.28625 0.38846153846153847 0.09125 0.21384615384615385
0 0.666875 0.21384615384615385 0.0725 0.12153846153846154
0 0.035937500000000004 0.4796153846153846 0.07062500000000001 0.07153846153846154
0 0.630625 0.9476923076923077 0.0575 0.10461538461538461
0 0.1159375 0.7026923076923077 0.061875 0.11461538461538462
0 0.5778125000000001 0.8553846153846154 0.066875 0.11076923076923077
0 0.186875 0.38653846153846155 0.07125000000000001 0.07307692307692308
0 0.6325000000000001 0.9807692307692307 0.0425 0.038461538461538464
0 0.0203125 0.37461538461538463 0.039375 0.0876923076923077
0 0.01875 0.6492307692307693 0.03625 0.12
0 0.1021875 0.5684615384615385 0.076875 0.1523076923076923
0 0.4190625 0.37961538461538463 0.116875 0.15923076923076923
0 0.01375 0.6811538461538461 0.02625 0.054615384615384614
0 0.45156250000000003 0.8103846153846154 0.056875 0.06846153846153846
0 0.2671875 0.5130769230769231 0.046875 0.046153846153846156
0 0.0159375 0.8623076923076923 0.030625 0.05846153846153846
0 0.7328125 0.8846153846153846 0.144375 0.2
0 0.785625 0.7226923076923077 0.115 0.13153846153846155
0 0.373125 0.2603846153846154 0.05375 0.06230769230769231
0 0.3346875 0.6123076923076923 0.12562500000000001 0.1076923076923077
0 0.29625 0.8607692307692307 0.1525 0.12153846153846154
0 0.44906250000000003 0.8323076923076923 0.068125 0.10461538461538461
