0 0.3725 0.7207692307692307 0.10125 0.12153846153846154
0 0.5750000000000001 0.18846153846153846 0.06125 0.1076923076923077
0 0.209375 0.5288461538461539 0.06625 0.1346153846153846
0 0.7834375 0.4634615384615385 0.061875 0.08538461538461538
0 0.59375 0.48923076923076925 0.105 0.10153846153846154
0 0.3525 0.5907692307692307 0.17250000000000001 0.14
0 0.9359375 0.7530769230769231 0.059375000000000004 0.05384615384615385
0 0.743125 0.2123076923076923 0.0925 0.06461538461538462
0 0.9196875 0.3261538461538461 0.064375 0.06153846153846154
0 0.7109375 0.3688461538461538 0.090625 0.21461538461538462
0 0.330625 0.1946153846153846 0.0725 0.12153846153846154
0 0.9615625 0.4603846153846154 0.07062500000000001 0.07153846153846154
0 0.36625 0.9276923076923077 0.0575 0.10461538461538461
0 0.88125 0.683076923076923 0.06125 0.11384615384615385
0 0.4196875 0.8361538461538461 0.066875 0.11076923076923077
0 0.8103125 0.3669230769230769 0.07187500000000001 0.07230769230769231
0 0.3646875 0.9611538461538461 0.043125000000000004 0.03769230769230769
0 0.9771875 0.3546153846153846 0.039375 0.0876923076923077
0 0.97875 0.6292307692307693 0.03625 0.12
0 0.8953125000000001 0.5492307692307692 0.076875 0.1523076923076923
0 0.578125 0.36038461538461536 0.11625 0.15923076923076923
0 0.9834375000000001 0.6615384615384615 0.026875 0.05384615384615385
0 0.5453125 0.7903846153846154 0.056875 0.06846153846153846
0 0.7296875 0.49346153846153845 0.046875 0.045384615384615384
0 0.9815625 0.8426923076923077 0.030625 0.057692307692307696
0 0.2640625 0.8646153846153846 0.144375 0.2
0 0.21125 0.7026923076923077 0.115 0.13153846153846155
0 0.62375 0.2403846153846154 0.05375 0.06230769230769231
0 0.6621875 0.5923076923076923 0.12562500000000001 0.1076923076923077
0 0.700625 0.8407692307692307 0.1525 0.12153846153846154
0 0.5478125 0.8123076923076923 0.068125 0.10461538461538461
