0 0.34210526315789475 0.6954022988505748 0.10186757215619695 0.12225705329153606
0 0.5437181663837012 0.16405433646812959 0.06196943972835314 0.10867293625914316
0 0.17869269949066213 0.5041797283176594 0.06706281833616298 0.13479623824451412
0 0.7521222410865874 0.4383490073145246 0.06281833616298811 0.08672936259143156
0 0.5628183361629882 0.4639498432601881 0.10526315789473684 0.10240334378265414
0 0.32173174872665533 0.5658307210031348 0.1731748726655348 0.14106583072100315
0 0.9044991511035654 0.7277951933124348 0.06027164685908319 0.05538140020898642
0 0.7117996604414262 0.18756530825496345 0.09252971137521222 0.0658307210031348
0 0.8883701188455009 0.30094043887147337 0.06536502546689303 0.06269592476489029
0 0.6799660441426146 0.34378265412748177 0.09168081494057725 0.21525600835945666
0 0.299660441426146 0.1698014629049112 0.0730050933786078 0.12225705329153606
0 0.9303904923599321 0.4352142110762801 0.07130730050933785 0.07210031347962383
0 0.3357385398981324 0.9022988505747127 0.05857385398981324 0.10553814002089865
0 0.8501697792869269 0.6577847439916407 0.06196943972835314 0.11389759665621736
0 0.38879456706281834 0.8113897596656218 0.06791171477079797 0.11180773249738768
0 0.7788624787775891 0.34169278996865204 0.07215619694397284 0.07314524555903867
0 0.3340407470288625 0.9357366771159875 0.0432937181663837 0.03866248693834901
0 0.9456706281833616 0.32967607105538144 0.040747028862478774 0.08881922675026124
0 0.9473684210526315 0.6039707419017765 0.03735144312393888 0.12121212121212123
0 0.864176570458404 0.5240334378265413 0.07809847198641766 0.15360501567398122
0 0.5471137521222411 0.33594566353187044 0.11629881154499151 0.15987460815047025
0 0.952037351443124 0.6363636363636365 0.02801358234295416 0.05433646812957158
0 0.5144312393887945 0.765412748171369 0.057724957555178265 0.07001044932079416
0 0.698641765704584 0.4686520376175549 0.04753820033955857 0.047021943573667714
0 0.950339558573854 0.8171368861024034 0.031409168081494056 0.05851619644723094
0 0.23387096774193547 0.8401253918495298 0.14516129032258066 0.20062695924764892
0 0.18081494057724956 0.67816091954023 0.11544991511035653 0.1316614420062696
0 0.5929541595925297 0.2163009404388715 0.055178268251273345 0.06269592476489029
0 0.6311544991511036 0.5673981191222571 0.1264855687606112 0.10867293625914316
0 0.6697792869269948 0.8155694879832812 0.15280135823429541 0.12225705329153606
0 0.517402376910017 0.7873563218390806 0.06876061120543293 0.10553814002089865
