0 0.670625 0.2853846153846154 0.10125 0.12153846153846154
0 0.468125 0.8176923076923077 0.06125 0.1076923076923077
0 0.83375 0.4773076923076923 0.06625 0.1346153846153846
0 0.2596875 0.5426923076923077 0.061875 0.08538461538461538
0 0.449375 0.5169230769230769 0.105 0.10153846153846154
0 0.690625 0.4153846153846154 0.17250000000000001 0.14
0 0.1071875 0.2530769230769231 0.059375000000000004 0.05384615384615385
0 0.3 0.7938461538461539 0.0925 0.06461538461538462
0 0.1234375 0.68 0.064375 0.06153846153846154
0 0.3321875 0.6373076923076924 0.090625 0.21461538461538462
0 0.7125 0.8115384615384615 0.0725 0.12153846153846154
0 0.0815625 0.5457692307692308 0.07062500000000001 0.07153846153846154
0 0.676875 0.07846153846153846 0.0575 0.10461538461538461
0 0.161875 0.3230769230769231 0.06125 0.11384615384615385
0 0.6234375 0.17 0.066875 0.11076923076923077
0 0.2328125 0.6392307692307693 0.07187500000000001 0.07230769230769231
0 0.6784375 0.045 0.043125000000000004 0.03769230769230769
0 0.0659375 0.6515384615384615 0.039375 0.0876923076923077
0 0.064375 0.3769230769230769 0.03625 0.12
0 0.1478125 0.45692307692307693 0.076875 0.1523076923076923
0 0.465 0.6457692307692308 0.11625 0.15923076923076923
0 0.059687500000000004 0.3446153846153846 0.026875 0.05384615384615385
0 0.4978125 0.21576923076923077 0.056875 0.06846153846153846
0 0.3134375 0.5126923076923077 0.046875 0.045384615384615384
0 0.0615625 0.16346153846153846 0.030625 0.057692307692307696
0 0.7784375 0.14076923076923076 0.144375 0.2
0 0.83125 0.3026923076923077 0.115 0.13153846153846155
0 0.41875 0.765 0.05375 0.06230769230769231
0 0.3803125 0.41307692307692306 0.12562500000000001 0.1076923076923077
0 0.341875 0.1646153846153846 0.1525 0.12153846153846154
0 0.4946875 0.1930769230769231 0.068125 0.10461538461538461
