0 0.3746875 0.25846153846153846 0.100625 0.12153846153846154
0 0.5771875 0.7907692307692308 0.060625 0.1076923076923077
0 0.21156250000000001 0.45076923076923076 0.066875 0.13384615384615384
0 0.7853125 0.5161538461538462 0.061875 0.08461538461538462
0 0.5959375 0.49038461538461536 0.105625 0.10230769230769231
0 0.3546875 0.38884615384615384 0.171875 0.14076923076923076
0 0.9378125 0.22692307692307692 0.059375000000000004 0.05384615384615385
0 0.7453125 0.7676923076923077 0.093125 0.06461538461538462
0 0.921875 0.6530769230769231 0.065 0.06153846153846154
0 0.713125 0.6107692307692307 0.09125 0.21384615384615385
0 0.3328125 0.7853846153846153 0.07187500000000001 0.12153846153846154
0 0.9634375000000001 0.5196153846153846 0.07062500000000001 0.07153846153846154
0 0.36875 0.051923076923076926 0.0575 0.10384615384615385
0 0.8834375 0.29653846153846153 0.061875 0.11461538461538462
0 0.4215625 0.14384615384615385 0.066875 0.11076923076923077
0 0.8125 0.6126923076923076 0.07125000000000001 0.07307692307692308
0 0.366875 0.018846153846153846 0.0425 0.03769230769230769
0 0.9790625000000001 0.6246153846153846 0.039375 0.0876923076923077
0 0.980625 0.35 0.03625 0.12
0 0.8975 0.4307692307692308 0.07625 0.1523076923076923
0 0.5803125 0.6196153846153846 0.116875 0.15923076923076923
0 0.985625 0.3180769230769231 0.02625 0.054615384615384614
0 0.5478125 0.18884615384615386 0.056875 0.06846153846153846
0 0.7321875 0.48615384615384616 0.046875 0.046153846153846156
0 0.98375 0.13692307692307693 0.03 0.05846153846153846
0 0.2665625 0.11461538461538462 0.144375 0.2
0 0.21375 0.2765384615384615 0.115 0.13153846153846155
0 0.62625 0.7388461538461538 0.05375 0.06230769230769231
0 0.6646875 0.3869230769230769 0.12562500000000001 0.1076923076923077
0 0.703125 0.13846153846153847 0.1525 0.12153846153846154
0 0.5503125 0.16692307692307692 0.068125 0.10461538461538461
