0 0.6325000000000001 0.7269230769230769 0.10125 0.12153846153846154
0 0.43 0.1946153846153846 0.06125 0.1076923076923077
0 0.795625 0.535 0.06625 0.1346153846153846
0 0.2215625 0.4696153846153846 0.061875 0.08538461538461538
0 0.41125 0.49538461538461537 0.105 0.10153846153846154
0 0.6525 0.5969230769230769 0.17250000000000001 0.14
0 0.0690625 0.7592307692307693 0.059375000000000004 0.05384615384615385
0 0.261875 0.21846153846153846 0.0925 0.06461538461538462
0 0.0853125 0.3323076923076923 0.064375 0.06153846153846154
0 0.2940625 0.375 0.090625 0.21461538461538462
0 0.6743750000000001 0.20076923076923076 0.0725 0.12153846153846154
0 0.043437500000000004 0.4665384615384615 0.07062500000000001 0.07153846153846154
0 0.63875 0.9338461538461539 0.0575 0.10461538461538461
0 0.12375 0.6892307692307692 0.06125 0.11384615384615385
0 0.5853125 0.8423076923076923 0.066875 0.11076923076923077
0 0.1946875 0.3730769230769231 0.07187500000000001 0.07230769230769231
0 0.6403125000000001 0.9673076923076923 0.043125000000000004 0.03769230769230769
0 0.0278125 0.3607692307692308 0.039375 0.0876923076923077
0 0.02625 0.6353846153846154 0.03625 0.12
0 0.10968750000000001 0.5553846153846154 0.076875 0.1523076923076923
0 0.426875 0.36615384615384616 0.11625 0.15846153846153846
0 0.021562500000000002 0.6676923076923077 0.026875 0.05384615384615385
0 0.4596875 0.7965384615384615 0.056875 0.06846153846153846
0 0.2753125 0.49961538461538463 0.046875 0.045384615384615384
0 0.0234375 0.8488461538461538 0.030625 0.057692307692307696
0 0.7403125 0.8707692307692307 0.144375 0.2
0 0.793125 0.7088461538461538 0.115 0.13153846153846155
0 0.380625 0.24653846153846154 0.05375 0.06230769230769231
0 0.34218750000000003 0.5984615384615385 0.12562500000000001 0.1076923076923077
0 0.30375 0.8469230769230769 0.1525 0.12153846153846154
0 0.4565625 0.8184615384615385 0.068125 0.10461538461538461
