0 0.6265060240963856 0.7359882005899705 0.10120481927710843 0.1209439528023599
0 0.4208835341365462 0.21484759095378567 0.06104417670682731 0.1071779744346116
0 0.7859437751004016 0.544739429695182 0.06666666666666667 0.1337266470009833
0 0.21686746987951808 0.48820058997050153 0.06265060240963856 0.0855457227138643
0 0.40481927710843374 0.5108161258603737 0.10441767068273093 0.10127826941986234
0 0.6449799196787149 0.6071779744346116 0.1718875502008032 0.13864306784660768
0 0.06867469879518072 0.7753195673549657 0.060240963855421686 0.054080629301868244
0 0.25421686746987954 0.24041297935103245 0.0923694779116466 0.06391347099311702
0 0.08072289156626507 0.35496558505408066 0.06506024096385543 0.06096361848574238
0 0.28795180722891567 0.39429695181907576 0.09076305220883535 0.21238938053097348
0 0.6626506024096386 0.2168141592920354 0.07228915662650602 0.1209439528023599
0 0.04096385542168675 0.48770894788593905 0.07068273092369479 0.07079646017699115
0 0.6345381526104418 0.9395280235988202 0.05783132530120482 0.1032448377581121
0 0.12208835341365462 0.7055063913470994 0.06104417670682731 0.11307767944936087
0 0.5807228915662651 0.8500491642084563 0.06746987951807229 0.10914454277286137
0 0.1895582329317269 0.3938053097345133 0.07228915662650602 0.07177974434611603
0 0.636144578313253 0.9724680432645035 0.043373493975903614 0.03736479842674533
0 0.024096385542168676 0.3839724680432645 0.040160642570281124 0.08751229105211407
0 0.02530120481927711 0.6543756145526057 0.03614457831325301 0.11897738446411013
0 0.10682730923694779 0.5742379547689282 0.07710843373493977 0.1514257620452311
0 0.41927710843373495 0.3839724680432645 0.11566265060240964 0.15830875122910523
0 0.020883534136546186 0.6858407079646018 0.027309236947791166 0.054080629301868244
0 0.45582329317269077 0.8067846607669616 0.0570281124497992 0.06784660766961652
0 0.27028112449799196 0.5172074729596854 0.04738955823293173 0.04523107177974435
0 0.024497991967871488 0.8647984267453295 0.03132530120481928 0.05801376597836775
0 0.7345381526104418 0.8761061946902655 0.14377510040160643 0.1986234021632252
0 0.785140562248996 0.716322517207473 0.11485943775100402 0.13077679449360866
0 0.37269076305220883 0.2669616519174041 0.05461847389558233 0.06194690265486726
0 0.3381526104417671 0.6140609636184858 0.12530120481927712 0.1071779744346116
0 0.3024096385542169 0.8588987217305802 0.15180722891566265 0.1209439528023599
0 0.45341365461847394 0.8289085545722714 0.06827309236947791 0.10422812192723697
