0 0.32945736434108525 0.2640918580375783 0.09905254091300603 0.11691022964509393
0 0.5107665805340224 0.7818371607515657 0.06029285099052541 0.10438413361169101
0 0.16580534022394489 0.4405010438413361 0.06459948320413436 0.12943632567849686
0 0.7209302325581395 0.5281837160751566 0.06029285099052541 0.08350730688935282
0 0.5378983634797588 0.4947807933194154 0.1024978466838932 0.09812108559498955
0 0.3066322136089578 0.3877870563674321 0.16881998277347116 0.1346555323590814
0 0.8776916451335056 0.2578288100208768 0.05857019810508183 0.052192066805845504
0 0.6744186046511628 0.766179540709812 0.0913006029285099 0.06263048016701461
0 0.8492678725236865 0.6654488517745302 0.06373815676141258 0.05949895615866388
0 0.6477174849267873 0.6153444676409185 0.08957795004306632 0.20563674321503128
0 0.2734711455641688 0.7651356993736951 0.0714900947459087 0.11691022964509393
0 0.8936261843238588 0.539144050104384 0.06976744186046512 0.06993736951983298
0 0.3298880275624462 0.0662839248434238 0.056847545219638244 0.10125260960334029
0 0.8225667527993109 0.32254697286012524 0.06029285099052541 0.11064718162839247
0 0.3789836347975883 0.15605427974947805 0.06546080964685616 0.10751565762004174
0 0.7441860465116279 0.62160751565762 0.07062876830318691 0.06993736951983298
0 0.3290267011197244 0.03392484342379958 0.04306632213608958 0.03653444676409186
0 0.9056847545219638 0.6403966597077244 0.03875968992248062 0.08455114822546972
0 0.9155900086132644 0.37839248434237993 0.03617571059431524 0.11586638830897703
0 0.8320413436692506 0.45093945720250517 0.07579672695951765 0.14613778705636743
0 0.5185185185185185 0.6174321503131524 0.11369509043927649 0.1534446764091858
0 0.9207579672695951 0.34759916492693105 0.02756244616709733 0.052192066805845504
0 0.4991386735572782 0.20563674321503128 0.05598621877691645 0.06680584551148225
0 0.669681309216193 0.4973903966597077 0.04565030146425495 0.044885177453027135
0 0.9242032730404823 0.174321503131524 0.031007751937984496 0.056367432150313146
0 0.22911283376399655 0.12160751565762003 0.14125753660637383 0.19311064718162838
0 0.1731266149870801 0.2740083507306889 0.1119724375538329 0.12630480167014613
0 0.5598621877691645 0.7338204592901878 0.053402239448751075 0.06054279749478079
0 0.6072351421188631 0.39926931106471814 0.1223083548664944 0.1033402922755741
0 0.6520241171403962 0.1638830897703549 0.14814814814814814 0.11691022964509393
0 0.5030146425495263 0.18423799582463463 0.06718346253229975 0.10125260960334029
