0 0.6464401294498382 0.709279368213228 0.10032362459546926 0.11944718657453109
0 0.43851132686084143 0.19693978282329713 0.06148867313915858 0.10562685093780848
0 0.8033980582524273 0.5182625863770977 0.06634304207119741 0.13228035538005922
0 0.23867313915857608 0.46989141164856857 0.06148867313915858 0.08489634748272458
0 0.4255663430420712 0.49012833168805525 0.10355987055016182 0.09970384995064165
0 0.6642394822006473 0.5824284304047384 0.16990291262135923 0.13820335636722605
0 0.09425566343042072 0.7561697926949654 0.059061488673139165 0.053307008884501475
0 0.2738673139158576 0.22458045409674232 0.09142394822006474 0.06416584402764067
0 0.10234627831715211 0.3395853899308983 0.063915857605178 0.06120434353405725
0 0.30825242718446605 0.3756169792694965 0.0889967637540453 0.2102665350444225
0 0.6783980582524273 0.19595261599210265 0.07200647249190939 0.11944718657453109
0 0.063915857605178 0.4713721618953603 0.06957928802588997 0.0700888450148075
0 0.6565533980582524 0.9106614017769002 0.057443365695792885 0.10365251727541953
0 0.1464401294498382 0.6865745310957552 0.06148867313915858 0.11154985192497531
0 0.6023462783171522 0.8232971372161895 0.06715210355987056 0.1085883514313919
0 0.21035598705501618 0.376604146100691 0.07119741100323625 0.07206317867719644
0 0.6585760517799353 0.9432379072063178 0.043689320388349516 0.0384995064165844
0 0.046521035598705504 0.36920039486673245 0.03964401294498382 0.08687068114511352
0 0.049757281553398064 0.636229022704837 0.03640776699029127 0.11747285291214214
0 0.1302588996763754 0.5562685093780848 0.07605177993527508 0.14906219151036523
0 0.43851132686084143 0.3642645607107601 0.11488673139158577 0.15597235932872655
0 0.04571197411003237 0.6683119447186574 0.026699029126213594 0.053307008884501475
0 0.47815533980582525 0.7818361303060216 0.05663430420711974 0.06712734452122408
0 0.29207119741100324 0.4975320829220138 0.046925566343042076 0.045409674234945706
0 0.05097087378640777 0.8440276406712733 0.03074433656957929 0.05725567620927936
0 0.755663430420712 0.8469891411648568 0.1423948220064725 0.1954590325765054
0 0.8046116504854369 0.6880552813425469 0.11407766990291263 0.12833168805528133
0 0.39158576051779936 0.2487660414610069 0.05339805825242719 0.06120434353405725
0 0.3596278317152104 0.5927936821322803 0.12378640776699029 0.10562685093780848
0 0.3260517799352751 0.8356367226061204 0.1504854368932039 0.11944718657453109
0 0.47572815533980584 0.8035538005923001 0.06796116504854369 0.10266535044422506
