0 0.6426269137792103 0.28076923076923077 0.0958904109589041 0.11153846153846154
0 0.42022562449637385 0.7475961538461539 0.058823529411764705 0.09903846153846155
0 0.7840451248992747 0.47019230769230774 0.06285253827558421 0.12307692307692308
0 0.24053182917002416 0.47884615384615387 0.058823529411764705 0.07884615384615384
0 0.4206285253827558 0.4725961538461539 0.0999194198227236 0.09326923076923077
0 0.6535052377115229 0.4009615384615385 0.1627719580983078 0.12884615384615386
0 0.11482675261885576 0.20192307692307693 0.057211925866236905 0.05
0 0.2639000805801773 0.7115384615384616 0.0878323932312651 0.05961538461538462
0 0.10475423045930701 0.5918269230769231 0.0612409347300564 0.05673076923076924
0 0.30338436744560837 0.5716346153846155 0.0862207896857373 0.19711538461538464
0 0.6502820306204673 0.7639423076923078 0.0692989524576954 0.1125
0 0.07292506043513296 0.4658653846153846 0.06688154713940371 0.06634615384615385
0 0.660757453666398 0.09278846153846154 0.0547945205479452 0.09711538461538462
0 0.1619661563255439 0.27067307692307696 0.0580177276390008 0.10480769230769231
0 0.604754230459307 0.17115384615384616 0.0636583400483481 0.10192307692307692
0 0.20991136180499595 0.5644230769230769 0.0684931506849315 0.06730769230769232
0 0.6643835616438356 0.0625 0.0410958904109589 0.03461538461538462
0 0.051974214343271555 0.5610576923076923 0.0378726833199033 0.08173076923076923
0 0.06728444802578565 0.3110576923076923 0.0346494762288477 0.11057692307692309
0 0.14061240934730057 0.3908653846153846 0.07332796132151491 0.13942307692307693
0 0.427477840451249 0.5913461538461539 0.11039484286865431 0.14615384615384616
0 0.064464141821112 0.28076923076923077 0.0257856567284448 0.05
0 0.48428686543110394 0.20192307692307693 0.0547945205479452 0.06346153846153846
0 0.29331184528605964 0.4567307692307693 0.045124899274778404 0.04230769230769231
0 0.07735697018533441 0.11586538461538462 0.0290088638195004 0.05288461538461539
0 0.7526188557614827 0.1591346153846154 0.136986301369863 0.18365384615384617
0 0.7925060435132957 0.3110576923076923 0.1087832393231265 0.1201923076923077
0 0.37711522965350525 0.6961538461538462 0.0515713134568896 0.057692307692307696
0 0.3622078968573731 0.3716346153846154 0.11845286059629331 0.09903846153846155
0 0.34125705076551166 0.1423076923076923 0.1442385173247381 0.11153846153846154
0 0.4830781627719581 0.18173076923076925 0.0652699435938759 0.09615384615384616
