0 0.37115384615384617 0.7248134328358209 0.09923076923076923 0.11753731343283581
0 0.5834615384615385 0.2248134328358209 0.06076923076923077 0.1044776119402985
0 0.21884615384615386 0.5340485074626865 0.06538461538461539 0.1296641791044776
0 0.7773076923076923 0.49673507462686567 0.06076923076923077 0.0830223880597015
0 0.5926923076923077 0.5135261194029851 0.10230769230769231 0.09794776119402984
0 0.3557692307692308 0.5998134328358209 0.16846153846153847 0.13432835820895522
0 0.916923076923077 0.7807835820895522 0.05846153846153846 0.05223880597014925
0 0.7457692307692307 0.25513059701492535 0.09 0.0625
0 0.9138461538461539 0.37173507462686567 0.06307692307692307 0.06063432835820896
0 0.71 0.40345149253731344 0.08923076923076922 0.20615671641791045
0 0.34615384615384615 0.22014925373134328 0.07076923076923076 0.11753731343283581
0 0.9503846153846154 0.5018656716417911 0.07 0.06902985074626866
0 0.35923076923076924 0.9221082089552238 0.05692307692307692 0.10167910447761194
0 0.8661538461538462 0.7112873134328358 0.06 0.10914179104477612
0 0.41384615384615386 0.8372201492537313 0.06615384615384616 0.10727611940298508
0 0.8065384615384615 0.40625 0.07 0.06996268656716417
0 0.3565384615384615 0.9542910447761194 0.04230769230769231 0.03731343283582089
0 0.9688461538461538 0.40158582089552236 0.03923076923076923 0.08488805970149253
0 0.9619230769230769 0.664179104477612 0.036153846153846154 0.11567164179104478
0 0.8838461538461538 0.5834888059701493 0.07538461538461538 0.146455223880597
0 0.5815384615384616 0.3889925373134328 0.11384615384615385 0.15298507462686567
0 0.9657692307692307 0.6949626865671642 0.026923076923076925 0.05223880597014925
0 0.536923076923077 0.7989738805970149 0.055384615384615386 0.06623134328358209
0 0.7246153846153847 0.523320895522388 0.046153846153846156 0.04477611940298507
0 0.9584615384615385 0.8684701492537313 0.03076923076923077 0.055970149253731345
0 0.2619230769230769 0.8577425373134329 0.14076923076923076 0.19123134328358207
0 0.21615384615384614 0.7005597014925373 0.1123076923076923 0.12686567164179105
0 0.6296153846153846 0.27705223880597013 0.05307692307692308 0.05970149253731343
0 0.6565384615384615 0.615205223880597 0.12230769230769231 0.10354477611940298
0 0.6865384615384615 0.8540111940298507 0.14846153846153845 0.1166044776119403
0 0.5388461538461539 0.8199626865671642 0.06692307692307692 0.10074626865671642
