0 0.5573448546739984 0.11047070124879922 0.08405341712490182 0.08261287223823247
0 0.22898664571877456 0.8208453410182517 0.04477611940298508 0.037463976945244955
0 0.43715632364493323 0.946685878962536 0.046347211311861744 0.06243996157540826
0 0.4485467399842891 0.8424591738712776 0.09112333071484682 0.08261287223823247
0 0.4893951296150825 0.1440922190201729 0.07227022780832679 0.09606147934678194
0 0.0828750981932443 0.7420749279538905 0.08562450903377848 0.14697406340057637
0 0.9626865671641792 0.9793467819404419 0.05106048703849175 0.0393852065321806
0 0.6237234878240377 0.06772334293948126 0.1492537313432836 0.1143131604226705
0 0.39395129615082486 0.03170028818443804 0.1154752553024352 0.049951969260326606
0 0.15632364493322862 0.3808837656099904 0.047132757266300083 0.08549471661863592
0 0.27494108405341716 0.04226705091258405 0.09583660644147683 0.07492795389048991
0 0.34956794972505895 0.11287223823246878 0.06598586017282011 0.11239193083573487
0 0.018853102906520033 0.7780979827089337 0.032992930086410056 0.11911623439000961
0 0.408483896307934 0.4217098943323727 0.028279654359780047 0.04226705091258405
0 0.20895522388059704 0.8611911623439 0.03456402199528673 0.03170028818443804
0 0.26001571091908876 0.30883765609990393 0.031421838177533384 0.03170028818443804
0 0.31343283582089554 0.8698366954851104 0.023566378633150042 0.025936599423631124
0 0.04752553024351925 0.3045148895292987 0.07934014139827181 0.09029779058597502
0 0.28554595443833464 0.8352545629202689 0.01963864886095837 0.022094140249759846
0 0.25530243519245877 0.9173871277617675 0.0816967792615868 0.0845341018251681
0 0.9634721131186175 0.9140249759846302 0.05106048703849175 0.0893371757925072
0 0.48546739984289083 0.04514889529298751 0.03927729772191674 0.06340057636887608
0 0.314611154752553 0.5081652257444764 0.032207384131971724 0.040345821325648415
0 0.015318146111547526 0.9567723342939481 0.030636292223095052 0.049951969260326606
0 0.10526315789473685 0.5129682997118156 0.023566378633150042 0.02881844380403458
0 0.06873527101335429 0.024495677233429394 0.04477611940298508 0.047070124879923146
0 0.016889238020424194 0.6479346781940442 0.025923016496465046 0.037463976945244955
0 0.04163393558523174 0.6071085494716618 0.023566378633150042 0.026897214217098942
0 0.18617439120188534 0.30883765609990393 0.02985074626865672 0.027857829010566763
0 0.02945797329143755 0.06195965417867435 0.03692065985860173 0.1239193083573487
0 0.26865671641791045 0.8693563880883766 0.02513747054202671 0.021133525456292025
0 0.023959151610369208 0.15898174831892412 0.01963864886095837 0.043227665706051875
0 0.37470542026708564 0.8568683957732949 0.037706205813040065 0.04418828049951969
0 0.12136684996072271 0.30643611911623436 0.04320502749410841 0.03073967339097022
0 0.8511390416339356 0.11767531219980787 0.04477611940298508 0.027857829010566763
0 0.7262372348782404 0.06051873198847262 0.0542026708562451 0.09606147934678194
0 0.5259230164964651 0.024975984630163303 0.021209740769835037 0.03266090297790586
0 0.9846818538884525 0.16618635926993275 0.025923016496465046 0.09990393852065321
0 0.9469756480754125 0.08069164265129683 0.052631578947368425 0.0787704130643612
0 0.7415553809897879 0.15081652257444764 0.03456402199528673 0.06147934678194044
0 0.4948939512961509 0.9812680115273775 0.02670856245090338 0.01825168107588857
0 0.8601728201099765 0.050432276657060515 0.03613511390416339 0.047070124879923146
0 0.1912804399057345 0.978386167146974 0.027494108405341715 0.012487992315081652
0 0.8244304791830322 0.9903938520653218 0.022780832678711706 0.011527377521613832
0 0.9014139827179891 0.12055715658021134 0.0589159465828751 0.09510086455331412
0 0.31736056559308723 0.013928914505283382 0.02670856245090338 0.01825168107588857
0 0.12961508248232523 0.6508165225744477 0.018853102906520033 0.01825168107588857
0 0.1610369206598586 0.5581171950048031 0.015710919088766692 0.021133525456292025
0 0.3016496465043205 0.9452449567723342 0.04556166535742341 0.08261287223823247
0 0.3307148468185389 0.9831892411143132 0.02513747054202671 0.008645533141210374
0 0.4171249018067557 0.15081652257444764 0.06912804399057346 0.06724303554274735
0 0.05302435192458759 0.17002881844380402 0.027494108405341715 0.03842459173871277
0 0.6029065200314219 0.9865513928914506 0.08091123330714847 0.011527377521613832
0 0.13786331500392773 0.2516810758885687 0.09033778476040849 0.12487992315081652
0 0.9222309505106049 0.46878001921229584 0.14454045561665357 0.2420749279538905
