0 0.5534375 0.8969230769230769 0.084375 0.08307692307692308
0 0.22968750000000002 0.16692307692307692 0.044375 0.03692307692307692
0 0.441875 0.04269230769230769 0.04625 0.06230769230769231
0 0.4525 0.14923076923076922 0.09125 0.08307692307692308
0 0.485 0.8615384615384616 0.0725 0.09692307692307692
0 0.0809375 0.24461538461538462 0.085625 0.14923076923076922
0 0.9740625 0.019615384615384614 0.050625 0.03923076923076923
0 0.6196875000000001 0.9415384615384615 0.150625 0.11538461538461539
0 0.386875 0.9742307692307692 0.11625 0.05
0 0.150625 0.6138461538461538 0.04625 0.08615384615384615
0 0.26625 0.9611538461538461 0.09625 0.07615384615384616
0 0.3428125 0.8903846153846153 0.065625 0.11307692307692307
0 0.0165625 0.20653846153846153 0.033125 0.12076923076923077
0 0.40625 0.5773076923076923 0.0275 0.04230769230769231
0 0.21 0.12576923076923077 0.03375 0.031538461538461536
0 0.2546875 0.6892307692307692 0.030625 0.03076923076923077
0 0.3159375 0.11884615384615385 0.023125 0.025384615384615384
0 0.0396875 0.69 0.079375 0.09076923076923077
0 0.2871875 0.15307692307692308 0.019375 0.021538461538461538
0 0.2575 0.06961538461538462 0.0825 0.08538461538461538
0 0.9740625 0.08653846153846154 0.050625 0.09
0 0.479375 0.9619230769230769 0.03875 0.06384615384615384
0 0.3128125 0.4869230769230769 0.031875 0.04
0 0.015 0.024615384615384615 0.03 0.04923076923076923
0 0.1003125 0.47846153846153844 0.023125 0.02923076923076923
0 0.0578125 0.9757692307692307 0.044375 0.04692307692307692
0 0.012812500000000001 0.3392307692307692 0.025625000000000002 0.03692307692307692
0 0.0371875 0.3811538461538462 0.023125 0.026923076923076925
0 0.18031250000000001 0.688076923076923 0.029375000000000002 0.026923076923076925
0 0.0184375 0.9365384615384615 0.036875 0.12538461538461537
0 0.2703125 0.11884615384615385 0.024375 0.02076923076923077
0 0.0140625 0.8376923076923077 0.019375 0.043076923076923075
0 0.3775 0.13346153846153846 0.0375 0.04384615384615385
0 0.114375 0.6892307692307692 0.0425 0.03076923076923077
0 0.8503125 0.895 0.044375 0.026923076923076925
0 0.7234375000000001 0.9507692307692308 0.054375 0.09692307692307692
0 0.5203125 0.9834615384615385 0.020625 0.031538461538461536
0 0.9865625 0.8480769230769231 0.025625000000000002 0.10076923076923076
0 0.9471875000000001 0.9346153846153846 0.053125 0.07846153846153846
0 0.74 0.8592307692307692 0.03375 0.06153846153846154
0 0.50125 0.008846153846153846 0.02625 0.01769230769230769
0 0.8590625000000001 0.9642307692307692 0.035625000000000004 0.04692307692307692
0 0.1934375 0.006153846153846154 0.026875 0.012307692307692308
0 0.8346875 0.0057692307692307696 0.021875000000000002 0.011538461538461539
0 0.901875 0.8934615384615384 0.058750000000000004 0.09615384615384616
0 0.309375 0.9907692307692307 0.02625 0.016923076923076923
0 0.1271875 0.3384615384615385 0.018125 0.016923076923076923
0 0.1575 0.43346153846153845 0.015 0.02076923076923077
0 0.3046875 0.041923076923076924 0.045625 0.08384615384615385
0 0.3346875 0.0038461538461538464 0.024375 0.007692307692307693
0 0.4115625 0.8530769230769231 0.069375 0.06769230769230769
0 0.043437500000000004 0.8269230769230769 0.026875 0.038461538461538464
0 0.6103125 0.005384615384615384 0.080625 0.010769230769230769
0 0.13 0.7453846153846154 0.09125 0.12615384615384614
0 0.926875 0.5392307692307692 0.14625 0.24615384615384617
