0 0.4559965487489215 0.8874868559411145 0.08369283865401209 0.08201892744479496
0 0.7584124245038827 0.16982124079915878 0.04486626402070751 0.03680336487907466
0 0.5483175150992234 0.05573080967402734 0.0457290767903365 0.06098843322818086
0 0.5396893874029336 0.15930599369085174 0.090595340811044 0.08096740273396424
0 0.5224331320103538 0.8512092534174552 0.07161345987920621 0.09568874868559411
0 0.9059534081104401 0.24079915878023134 0.08455565142364108 0.1451104100946372
0 0.026315789473684213 0.04889589905362776 0.050905953408110445 0.03890641430073607
0 0.3917169974115617 0.9327024185068349 0.14840379637618636 0.11356466876971609
0 0.6207937877480587 0.9574132492113564 0.11475409836065574 0.04942166140904311
0 0.8446937014667818 0.6009463722397476 0.04659188955996549 0.08517350157728706
0 0.7385677308024159 0.9416403785488958 0.09490940465918896 0.07465825446898001
0 0.6622088006902502 0.8748685594111462 0.06471095772217429 0.11146161934805468
0 0.9680759275237274 0.20189274447949526 0.03278688524590164 0.1177707676130389
0 0.5936151855047455 0.573080967402734 0.027610008628127698 0.04206098843322818
0 0.776962899050906 0.12933753943217666 0.03364969801553063 0.031545741324921134
0 0.7446074201898188 0.6771819137749737 0.03106125970664366 0.031545741324921134
0 0.6734253666954271 0.1256572029442692 0.023295944779982744 0.026288117770767613
0 0.9547023295944781 0.6713985278654048 0.07851596203623815 0.08937960042060988
0 0.7018981880931838 0.15825446898002102 0.019844693701466784 0.022082018927444793
0 0.7295081967213115 0.07623554153522608 0.0819672131147541 0.08307045215562565
0 0.027610008628127698 0.11356466876971609 0.050043140638481455 0.08832807570977917
0 0.5293356341673857 0.9484752891692955 0.03882657463330458 0.06309148264984227
0 0.683779119930975 0.48264984227129337 0.03192407247627265 0.03995793901156677
0 0.9659188955996549 0.025236593059936908 0.030198446937014668 0.048370136698212406
0 0.8917169974115617 0.4679284963196635 0.023295944779982744 0.029442691903259724
0 0.9430543572044867 0.9495268138801262 0.04486626402070751 0.046267087276550996
0 0.9741156169111304 0.33070452155625657 0.025884383088869718 0.03680336487907466
0 0.9512510785159621 0.37223974763406936 0.023295944779982744 0.027339642481598318
0 0.817083692838654 0.6740273396424816 0.029335634167385678 0.027339642481598318
0 0.9805867126833477 0.9100946372239748 0.03710094909404659 0.12302839116719243
0 0.7178602243313201 0.12407991587802313 0.024158757549611734 0.02103049421661409
0 0.9831751509922347 0.8144058885383806 0.019844693701466784 0.04311251314405888
0 0.6130284728213978 0.14195583596214512 0.03710094909404659 0.044164037854889586
0 0.8817946505608283 0.6729758149316509 0.04314063848144953 0.031545741324921134
0 0.16522864538395168 0.8948475289169295 0.04400345125107852 0.027339642481598318
0 0.29033649698015535 0.944794952681388 0.054357204486626405 0.09568874868559411
0 0.49007765314926666 0.9705573080967402 0.020707506471095774 0.031545741324921134
0 0.030629853321829166 0.8527865404837014 0.026747195858498708 0.09884332281808622
0 0.07118205349439172 0.935856992639327 0.052631578947368425 0.07781282860147214
0 0.2722174288179465 0.8569926393270242 0.03364969801553063 0.06098843322818086
0 0.4896462467644521 0.024710830704521555 0.026747195858498708 0.017875920084121977
0 0.15789473684210528 0.9621451104100947 0.0362381363244176 0.046267087276550996
0 0.7907679033649698 0.012618296529968454 0.026747195858498708 0.012618296529968454
0 0.16307161345987922 0.031545741324921134 0.022433132010353754 0.012618296529968454
0 0.11475409836065574 0.8948475289169295 0.058671268334771355 0.0946372239747634
0 0.6967213114754098 0.9710830704521556 0.026747195858498708 0.017875920084121977
0 0.862381363244176 0.3333333333333333 0.0181190681622088 0.016824395373291272
0 0.8343399482312338 0.4258675078864353 0.01553062985332183 0.02103049421661409
0 0.682916307161346 0.050998948475289164 0.0457290767903365 0.08307045215562565
0 0.6527178602243313 0.014721345951629862 0.025021570319240728 0.008412197686645636
0 0.59404659188956 0.8406940063091483 0.06816220880069025 0.06624605678233439
0 0.953839516824849 0.804416403785489 0.026747195858498708 0.03785488958990536
0 0.3826574633304573 0.024710830704521555 0.08024158757549613 0.011566771819137749
0 0.86755823986195 0.7276550998948476 0.090595340811044 0.12407991587802313
0 0.0828300258843831 0.5509989484752892 0.14322691975841242 0.2397476340694006
