0 0.5528125 0.10230769230769231 0.084375 0.08307692307692308
0 0.2290625 0.8323076923076923 0.044375 0.03692307692307692
0 0.44125000000000003 0.9565384615384616 0.04625 0.06230769230769231
0 0.451875 0.85 0.09125 0.08307692307692308
0 0.484375 0.1376923076923077 0.0725 0.09692307692307692
0 0.0803125 0.7546153846153846 0.085625 0.14923076923076922
0 0.9734375000000001 0.9796153846153847 0.050625 0.03923076923076923
0 0.6190625 0.057692307692307696 0.150625 0.11538461538461539
0 0.38625 0.025 0.11625 0.05
0 0.15 0.3853846153846154 0.04625 0.08615384615384615
0 0.265625 0.03807692307692308 0.09625 0.07615384615384616
0 0.34218750000000003 0.10884615384615384 0.065625 0.11307692307692307
0 0.01625 0.7926923076923077 0.0325 0.12076923076923077
0 0.405625 0.4219230769230769 0.0275 0.04230769230769231
0 0.209375 0.8734615384615385 0.03375 0.031538461538461536
0 0.2540625 0.31 0.030625 0.03076923076923077
0 0.3153125 0.8803846153846154 0.023125 0.025384615384615384
0 0.039375 0.30923076923076925 0.07875 0.09076923076923077
0 0.2865625 0.8461538461538461 0.019375 0.021538461538461538
0 0.256875 0.9296153846153846 0.0825 0.08538461538461538
0 0.9734375000000001 0.9126923076923077 0.050625 0.09
0 0.47875 0.037307692307692306 0.03875 0.06384615384615384
0 0.3121875 0.5123076923076924 0.031875 0.04
0 0.014687500000000001 0.9746153846153847 0.029375000000000002 0.04923076923076923
0 0.0996875 0.5207692307692308 0.023125 0.02923076923076923
0 0.0571875 0.02346153846153846 0.044375 0.04692307692307692
0 0.0125 0.66 0.025 0.03692307692307692
0 0.0365625 0.6180769230769231 0.023125 0.026923076923076925
0 0.1796875 0.31115384615384617 0.029375000000000002 0.026923076923076925
0 0.018125 0.06269230769230769 0.03625 0.12538461538461537
0 0.2696875 0.8803846153846154 0.024375 0.02076923076923077
0 0.0134375 0.16153846153846155 0.019375 0.043076923076923075
0 0.376875 0.8657692307692307 0.0375 0.04384615384615385
0 0.11375 0.31 0.0425 0.03076923076923077
0 0.8496875 0.10423076923076922 0.044375 0.026923076923076925
0 0.7228125 0.04846153846153846 0.054375 0.09692307692307692
0 0.5196875 0.015769230769230768 0.020625 0.031538461538461536
0 0.9859375 0.15115384615384617 0.025625000000000002 0.10076923076923076
0 0.9465625 0.06461538461538462 0.053125 0.07846153846153846
0 0.739375 0.1396153846153846 0.03375 0.06230769230769231
0 0.500625 0.9903846153846154 0.02625 0.01769230769230769
0 0.8584375 0.035 0.035625000000000004 0.04692307692307692
0 0.1928125 0.9930769230769231 0.026875 0.012307692307692308
0 0.8340625 0.9934615384615385 0.021875000000000002 0.011538461538461539
0 0.90125 0.10576923076923077 0.058750000000000004 0.09615384615384616
0 0.30875 0.008461538461538461 0.02625 0.016923076923076923
0 0.1265625 0.6607692307692308 0.018125 0.016923076923076923
0 0.15687500000000001 0.5657692307692308 0.015 0.02076923076923077
0 0.3040625 0.9573076923076923 0.045625 0.08384615384615385
0 0.3340625 0.9953846153846154 0.024375 0.007692307692307693
0 0.4109375 0.14615384615384616 0.069375 0.06769230769230769
0 0.0428125 0.1723076923076923 0.026875 0.038461538461538464
0 0.6096875 0.9938461538461538 0.080625 0.010769230769230769
0 0.13 0.25384615384615383 0.09125 0.12615384615384614
0 0.9265625000000001 0.46 0.145625 0.24615384615384617
