0 0.4666110183639399 0.8755020080321284 0.08180300500834725 0.07831325301204818
0 0.7437395659432388 0.1721887550200803 0.04340567612687813 0.035140562248995984
0 0.5358931552587646 0.06977911646586345 0.045075125208681135 0.05923694779116465
0 0.5300500834724541 0.17068273092369476 0.08848080133555927 0.07831325301204818
0 0.5300500834724541 0.8378514056224898 0.07011686143572621 0.09136546184738956
0 0.8893989983305509 0.23544176706827308 0.08263772954924875 0.1395582329317269
0 0.02629382303839733 0.08333333333333333 0.04924874791318865 0.038152610441767064
0 0.40525876460767946 0.9216867469879517 0.14440734557595994 0.10843373493975902
0 0.6293823038397329 0.9367469879518071 0.11185308848080133 0.048192771084337345
0 0.83889816360601 0.5848393574297188 0.045075125208681135 0.08132530120481928
0 0.7441569282136895 0.9166666666666666 0.09265442404006678 0.07228915662650602
0 0.667779632721202 0.8554216867469878 0.06343906510851419 0.10642570281124497
0 0.9494991652754591 0.19578313253012047 0.0325542570951586 0.1144578313253012
0 0.5930717863105176 0.5672690763052208 0.027545909849749584 0.040160642570281124
0 0.7608514190317196 0.1325301204819277 0.0325542570951586 0.03012048192771084
0 0.7429048414023373 0.66214859437751 0.03005008347245409 0.029116465863453813
0 0.659432387312187 0.1330321285140562 0.02337228714524207 0.0251004016064257
0 0.9482470784641068 0.6485943775100401 0.07679465776293823 0.08634538152610441
0 0.6882303839732888 0.16315261044176704 0.019198664440734557 0.02108433734939759
0 0.7132721202003339 0.08333333333333333 0.07929883138564274 0.08032128514056225
0 0.028797996661101836 0.14608433734939757 0.04924874791318865 0.08534136546184738
0 0.5400667779632722 0.9312248995983935 0.038397328881469114 0.061244979919678706
0 0.6786310517529216 0.4769076305220883 0.03171953255425709 0.038152610441767064
0 0.9428213689482471 0.025602409638554216 0.02921535893155259 0.04718875502008032
0 0.8810517529215359 0.4548192771084337 0.022537562604340568 0.028112449799196783
0 0.9436560934891486 0.9171686746987951 0.04257095158597663 0.04518072289156626
0 0.9586811352253757 0.3192771084337349 0.02587646076794658 0.03614457831325301
0 0.9373956594323873 0.3604417670682731 0.02337228714524207 0.02610441767068273
0 0.813856427378965 0.6556224899598393 0.028380634390651086 0.02610441767068273
0 0.9795492487479133 0.8775100401606425 0.03589315525876461 0.1184738955823293
0 0.7032554257095159 0.13052208835341364 0.024207011686143573 0.020080321285140562
0 0.9795492487479133 0.7846385542168673 0.019198664440734557 0.04116465863453815
0 0.6010016694490818 0.1506024096385542 0.03672787979966611 0.04216867469879518
0 0.8772954924874792 0.6526104417670682 0.041736227045075125 0.03012048192771084
0 0.18280467445742907 0.8925702811244979 0.04340567612687813 0.02610441767068273
0 0.3063439065108514 0.9367469879518071 0.05342237061769616 0.09236947791164658
0 0.5020868113522537 0.9538152610441766 0.020868113522537562 0.03012048192771084
0 0.0505008347245409 0.8579317269076304 0.02587646076794658 0.09538152610441766
0 0.09181969949916528 0.9357429718875501 0.05175292153589316 0.07429718875502007
0 0.2863105175292154 0.8524096385542168 0.0333889816360601 0.058232931726907626
0 0.47746243739565947 0.04267068273092369 0.02671118530884808 0.017068273092369475
0 0.1773789649415693 0.9583333333333333 0.034223706176961605 0.04518072289156626
0 0.7712854757929883 0.020080321285140562 0.02671118530884808 0.012048192771084336
0 0.15859766277128548 0.061244979919678706 0.021702838063439065 0.012048192771084336
0 0.1335559265442404 0.894578313253012 0.05676126878130217 0.09036144578313252
0 0.7040901502504174 0.9472891566265059 0.02587646076794658 0.017068273092369475
0 0.8493322203672788 0.32580321285140557 0.017529215358931552 0.017068273092369475
0 0.8247078464106845 0.41666666666666663 0.015025041736227046 0.020080321285140562
0 0.6665275459098498 0.06074297188755019 0.044240400667779636 0.07931726907630521
0 0.6364774624373957 0.027108433734939756 0.024207011686143573 0.008032128514056224
0 0.6001669449081803 0.825301204819277 0.0667779632721202 0.0642570281124498
0 0.9507512520868113 0.7766064257028111 0.02671118530884808 0.03714859437751004
0 0.3731218697829716 0.046686746987951805 0.07846410684474124 0.011044176706827308
0 0.8643572621035058 0.7058232931726907 0.08764607679465776 0.1184738955823293
0 0.09348914858096828 0.5652610441767068 0.14023372287145242 0.23092369477911645
