0 0.47531847133757965 0.8652751423149905 0.07961783439490447 0.07590132827324478
0 0.731687898089172 0.17362428842504743 0.04299363057324841 0.03415559772296015
0 0.5250796178343949 0.08111954459203036 0.043789808917197456 0.05787476280834915
0 0.5222929936305732 0.17836812144212524 0.08598726114649682 0.07590132827324478
0 0.5374203821656052 0.8268500948766604 0.06847133757961783 0.08823529411764706
0 0.8757961783439491 0.23007590132827324 0.08121019108280256 0.13567362428842505
0 0.02587579617834395 0.11005692599620494 0.04856687898089172 0.036053130929791274
0 0.41640127388535036 0.9122390891840607 0.14171974522292993 0.10531309297912714
0 0.6365445859872612 0.9198292220113852 0.10907643312101911 0.04648956356736243
0 0.8343949044585988 0.5706831119544592 0.0445859872611465 0.07874762808349146
0 0.748407643312102 0.896584440227704 0.09076433121019109 0.07020872865275142
0 0.6719745222929937 0.8391840607210627 0.06210191082802548 0.10341555977229602
0 0.9339171974522293 0.18927893738140417 0.03184713375796178 0.1110056925996205
0 0.5927547770700637 0.5621442125237192 0.026273885350318472 0.03889943074003795
0 0.7476114649681529 0.1342504743833017 0.03184713375796178 0.029411764705882353
0 0.741640127388535 0.6489563567362429 0.02945859872611465 0.028462998102466795
0 0.6480891719745223 0.13804554079696396 0.02229299363057325 0.023719165085388995
0 0.9430732484076434 0.6295066413662239 0.07563694267515923 0.0825426944971537
0 0.6767515923566879 0.16650853889943074 0.019108280254777073 0.019924098671726755
0 0.6994426751592357 0.08776091081593929 0.07722929936305734 0.07874762808349146
0 0.030254777070063694 0.170303605313093 0.04777070063694268 0.0825426944971537
0 0.5489649681528662 0.9174573055028463 0.037420382165605094 0.058823529411764705
0 0.6743630573248408 0.47106261859582543 0.030254777070063694 0.03700189753320683
0 0.9235668789808917 0.024667931688804556 0.028662420382165606 0.04554079696394687
0 0.8726114649681529 0.4435483870967742 0.02229299363057325 0.027514231499051234
0 0.9446656050955414 0.8899430740037951 0.04219745222929937 0.043643263757115754
0 0.9454617834394905 0.3092979127134725 0.024681528662420384 0.03415559772296015
0 0.9255573248407644 0.34962049335863377 0.023089171974522295 0.025616698292220113
0 0.8113057324840764 0.6408918406072106 0.028662420382165606 0.025616698292220113
0 0.9785031847133758 0.8505692599620494 0.03503184713375796 0.11480075901328274
0 0.6906847133757962 0.13377609108159394 0.023089171974522295 0.018975332068311195
0 0.9765127388535032 0.760910815939279 0.018312101910828025 0.03984819734345351
0 0.5911624203821656 0.15702087286527514 0.035828025477707005 0.04079696394686907
0 0.8730095541401275 0.6356736242884251 0.04060509554140128 0.028462998102466795
0 0.19785031847133758 0.8913662239089184 0.04219745222929937 0.025616698292220113
0 0.3196656050955414 0.9302656546489564 0.0517515923566879 0.08823529411764706
0 0.5123407643312102 0.9407020872865275 0.019904458598726117 0.029411764705882353
0 0.06727707006369427 0.861954459203036 0.024681528662420384 0.0920303605313093
0 0.10947452229299363 0.9364326375711575 0.05015923566878981 0.07210626185958255
0 0.29856687898089174 0.849146110056926 0.03184713375796178 0.05692599620493359
0 0.4673566878980892 0.055977229601518026 0.025477707006369428 0.017077798861480076
0 0.19386942675159236 0.9554079696394687 0.03423566878980892 0.043643263757115754
0 0.7551751592356688 0.024193548387096774 0.026273885350318472 0.012333965844402278
0 0.15525477707006372 0.08444022770398482 0.02070063694267516 0.011385199240986717
0 0.14968152866242038 0.8951612903225806 0.05573248407643312 0.08823529411764706
0 0.7101910828025478 0.9274193548387097 0.025477707006369428 0.016129032258064516
0 0.838375796178344 0.3192599620493359 0.01751592356687898 0.016129032258064516
0 0.8164808917197452 0.4084440227703985 0.015127388535031847 0.019924098671726755
0 0.6536624203821656 0.06736242884250475 0.04299363057324841 0.0777988614800759
0 0.6230095541401274 0.03557874762808349 0.023089171974522295 0.008538899430740038
0 0.6054936305732485 0.8121442125237192 0.0660828025477707 0.06261859582542695
0 0.9482484076433122 0.75426944971537 0.025477707006369428 0.036053130929791274
0 0.36544585987261147 0.06309297912713473 0.07643312101910829 0.010436432637571158
0 0.8614649681528663 0.6878557874762808 0.08598726114649682 0.1157495256166983
0 0.10310509554140128 0.5759013282732448 0.1377388535031847 0.2239089184060721
