0 0.5594102341717259 0.11416490486257928 0.08326105810928014 0.0824524312896406
0 0.2285342584562012 0.81553911205074 0.04423243712055507 0.03699788583509514
0 0.4349522983521249 0.9423890063424948 0.04596704249783174 0.062367864693446094
0 0.44709453599306154 0.8387949260042283 0.09106678230702515 0.08139534883720931
0 0.4913269731136166 0.14693446088794926 0.07198612315698179 0.09513742071881608
0 0.08412836079791847 0.7362579281183933 0.08499566348655681 0.14693446088794926
0 0.9575021682567215 0.9783298097251586 0.05030355594102342 0.039112050739957716
0 0.6253252385082394 0.07241014799154334 0.14917606244579357 0.113107822410148
0 0.39722463139635733 0.034355179704016914 0.11448395490026018 0.049682875264270614
0 0.15871639202081525 0.37896405919661735 0.046834345186470075 0.08562367864693446
0 0.27840416305290544 0.043868921775898524 0.09540329575021682 0.07505285412262157
0 0.3525585429314831 0.11469344608879493 0.0650477016478751 0.11099365750528542
0 0.0199479618386817 0.7716701902748415 0.03295750216825672 0.11839323467230445
0 0.409366869037294 0.42071881606765327 0.027753686036426712 0.042283298097251586
0 0.2085862966175195 0.8551797040169133 0.033824804856895055 0.03171247357293869
0 0.2623590633130963 0.3081395348837209 0.030355594102341715 0.0306553911205074
0 0.3126626192541197 0.864693446088795 0.023417172593235037 0.025369978858350954
0 0.05073720728534258 0.3017970401691332 0.07892454466608846 0.08985200845665962
0 0.28490893321769295 0.830338266384778 0.0199479618386817 0.022198731501057084
0 0.25411968777103205 0.9112050739957717 0.08152645273200347 0.08456659619450317
0 0.9583694709453598 0.9133192389006343 0.05030355594102342 0.08879492600422834
0 0.4878577623590633 0.048625792811839326 0.03902862098872507 0.06342494714587738
0 0.316131830008673 0.5063424947145878 0.032090199479618386 0.04016913319238901
0 0.015177797051170857 0.9487315010570825 0.030355594102341715 0.049682875264270614
0 0.10711188204683435 0.5095137420718816 0.023417172593235037 0.029598308668076112
0 0.07372072853425846 0.024312896405919663 0.045099739809193407 0.046511627906976744
0 0.01821335646140503 0.6421775898520085 0.026019080659150044 0.03699788583509514
0 0.04293148308759757 0.6025369978858351 0.023417172593235037 0.027484143763213533
0 0.18907198612315698 0.30761099365750527 0.02948829141370338 0.027484143763213533
0 0.034258456201214225 0.0613107822410148 0.03729401561144839 0.1226215644820296
0 0.2675628794449263 0.8636363636363636 0.02515177797051171 0.021141649048625793
0 0.02818733738074588 0.15750528541226216 0.0199479618386817 0.042283298097251586
0 0.3733738074588031 0.8525369978858351 0.03729401561144839 0.04334038054968288
0 0.12445793581960103 0.3044397463002114 0.042497831743278404 0.03171247357293869
0 0.8512575888985255 0.12367864693446089 0.04423243712055507 0.027484143763213533
0 0.7272333044232437 0.0660676532769556 0.05464006938421509 0.09619450317124736
0 0.5281873373807459 0.02854122621564482 0.020815264527320035 0.03171247357293869
0 0.9843885516045099 0.17283298097251587 0.026019080659150044 0.09830866807610994
0 0.9466608846487424 0.08773784355179705 0.05290546400693842 0.07822410147991543
0 0.7419774501300954 0.1553911205073996 0.033824804856895055 0.0613107822410148
0 0.49262792714657416 0.9767441860465117 0.026019080659150044 0.019027484143763214
0 0.8607979184735473 0.056553911205074 0.03555941023417172 0.04756871035940804
0 0.19037294015611447 0.9714587737843552 0.026886383347788378 0.012684989429175477
0 0.8204683434518647 0.9883720930232559 0.022549869904596703 0.012684989429175477
0 0.901561144839549 0.12632135306553913 0.05810928013876843 0.09408033826638479
0 0.32133564614050303 0.01638477801268499 0.026886383347788378 0.017970401691331926
0 0.13096270598438856 0.6464059196617337 0.019080659150043363 0.017970401691331926
0 0.1621856027753686 0.5549682875264271 0.015611448395490026 0.021141649048625793
0 0.30008673026886384 0.9397463002114166 0.045099739809193407 0.0824524312896406
0 0.32914137033824803 0.9767441860465117 0.02515177797051171 0.008456659619450317
0 0.41934084995663484 0.15274841437632136 0.06851691240242845 0.06659619450317125
0 0.05724197745013009 0.1686046511627907 0.027753686036426712 0.039112050739957716
0 0.5997398091934085 0.9825581395348838 0.08065915004336513 0.011627906976744186
0 0.1409366869037294 0.2510570824524313 0.09106678230702515 0.12367864693446089
0 0.9202081526452731 0.47198731501057084 0.14397224631396358 0.23995771670190275
