0 0.553125 0.8973076923076924 0.08375 0.08384615384615385
0 0.229375 0.1673076923076923 0.045 0.036153846153846154
0 0.4415625 0.043076923076923075 0.046875 0.06153846153846154
0 0.4521875 0.14961538461538462 0.090625 0.0823076923076923
0 0.4846875 0.8623076923076923 0.073125 0.09692307692307692
0 0.0809375 0.24461538461538462 0.085625 0.14923076923076922
0 0.97375 0.020384615384615383 0.05 0.03923076923076923
0 0.619375 0.941923076923077 0.15 0.11615384615384615
0 0.38656250000000003 0.9746153846153847 0.115625 0.05076923076923077
0 0.15 0.6142307692307692 0.04625 0.08692307692307692
0 0.26625 0.9619230769230769 0.09625 0.07615384615384616
0 0.3428125 0.8907692307692308 0.065625 0.11384615384615385
0 0.01625 0.20692307692307693 0.0325 0.12153846153846154
0 0.4059375 0.5776923076923077 0.026875 0.04153846153846154
0 0.2096875 0.12615384615384614 0.034375 0.03230769230769231
0 0.254375 0.6892307692307692 0.03125 0.03076923076923077
0 0.3153125 0.11961538461538461 0.023125 0.025384615384615384
0 0.039375 0.69 0.07875 0.09076923076923077
0 0.2871875 0.15346153846153845 0.019375 0.022307692307692306
0 0.2575 0.07038461538461538 0.0825 0.08538461538461538
0 0.97375 0.08692307692307692 0.05 0.09076923076923077
0 0.479375 0.9623076923076923 0.03875 0.06461538461538462
0 0.3128125 0.48730769230769233 0.031875 0.03923076923076923
0 0.014687500000000001 0.025384615384615384 0.029375000000000002 0.04923076923076923
0 0.0996875 0.47923076923076924 0.023125 0.02923076923076923
0 0.0571875 0.9761538461538461 0.044375 0.047692307692307694
0 0.0125 0.3396153846153846 0.025 0.03769230769230769
0 0.0365625 0.38153846153846155 0.023125 0.026153846153846153
0 0.18 0.6884615384615385 0.02875 0.027692307692307693
0 0.018125 0.9373076923076923 0.03625 0.12538461538461537
0 0.27 0.11884615384615385 0.02375 0.02076923076923077
0 0.01375 0.838076923076923 0.01875 0.04230769230769231
0 0.3771875 0.13384615384615384 0.038125 0.04461538461538461
0 0.114375 0.6892307692307692 0.0425 0.03076923076923077
0 0.8503125 0.8953846153846153 0.044375 0.026153846153846153
0 0.7234375000000001 0.9515384615384616 0.054375 0.09692307692307692
0 0.5196875 0.9842307692307692 0.020625 0.031538461538461536
0 0.9859375 0.8488461538461538 0.025625000000000002 0.10076923076923076
0 0.9465625 0.9346153846153846 0.053125 0.07846153846153846
0 0.739375 0.86 0.03375 0.06153846153846154
0 0.500625 0.00923076923076923 0.02625 0.016923076923076923
0 0.85875 0.9642307692307692 0.035 0.04692307692307692
0 0.193125 0.006538461538461538 0.02625 0.011538461538461539
0 0.834375 0.006538461538461538 0.02125 0.011538461538461539
0 0.9015625 0.8934615384615384 0.058125 0.09615384615384616
0 0.30875 0.9911538461538462 0.02625 0.01769230769230769
0 0.12687500000000002 0.3392307692307692 0.01875 0.016923076923076923
0 0.1575 0.43346153846153845 0.015 0.02076923076923077
0 0.304375 0.04269230769230769 0.045 0.08384615384615385
0 0.33437500000000003 0.004230769230769231 0.025 0.006923076923076923
0 0.41125 0.8534615384615385 0.06875 0.06846153846153846
0 0.043125000000000004 0.8273076923076923 0.0275 0.03923076923076923
0 0.6096875 0.0057692307692307696 0.080625 0.01
0 0.13 0.7453846153846154 0.09125 0.12615384615384614
0 0.926875 0.5392307692307692 0.14625 0.24615384615384617
