0 0.4459375 0.8969230769230769 0.084375 0.08307692307692308
0 0.7696875 0.16692307692307692 0.044375 0.03692307692307692
0 0.5575 0.04269230769230769 0.04625 0.06230769230769231
0 0.546875 0.14923076923076922 0.09125 0.08307692307692308
0 0.514375 0.8615384615384616 0.0725 0.09692307692307692
0 0.9184375 0.24461538461538462 0.085625 0.14923076923076922
0 0.0253125 0.019615384615384614 0.050625 0.03923076923076923
0 0.3796875 0.9415384615384615 0.150625 0.11538461538461539
0 0.6125 0.9742307692307692 0.11625 0.05
0 0.84875 0.6138461538461538 0.04625 0.08615384615384615
0 0.733125 0.9611538461538461 0.09625 0.07615384615384616
0 0.6565625 0.8903846153846153 0.065625 0.11307692307692307
0 0.9828125 0.20653846153846153 0.033125 0.12076923076923077
0 0.593125 0.5773076923076923 0.0275 0.04230769230769231
0 0.789375 0.12576923076923077 0.03375 0.031538461538461536
0 0.7446875000000001 0.6892307692307692 0.030625 0.03076923076923077
0 0.6834375 0.11884615384615385 0.023125 0.025384615384615384
0 0.9596875 0.69 0.079375 0.09076923076923077
0 0.7121875 0.15307692307692308 0.019375 0.021538461538461538
0 0.7418750000000001 0.06961538461538462 0.0825 0.08538461538461538
0 0.0253125 0.08653846153846154 0.050625 0.09
0 0.52 0.9619230769230769 0.03875 0.06384615384615384
0 0.6865625 0.4869230769230769 0.031875 0.04
0 0.984375 0.024615384615384615 0.03 0.04923076923076923
0 0.8990625 0.47846153846153844 0.023125 0.02923076923076923
0 0.9415625 0.9757692307692307 0.044375 0.04692307692307692
0 0.9865625 0.3392307692307692 0.025625000000000002 0.03692307692307692
0 0.9621875 0.3811538461538462 0.023125 0.026923076923076925
0 0.8190625 0.688076923076923 0.029375000000000002 0.026923076923076925
0 0.9809375 0.9365384615384615 0.036875 0.12538461538461537
0 0.7290625000000001 0.11884615384615385 0.024375 0.02076923076923077
0 0.9853125 0.8376923076923077 0.019375 0.043076923076923075
0 0.6218750000000001 0.13346153846153846 0.0375 0.04384615384615385
0 0.885 0.6892307692307692 0.0425 0.03076923076923077
0 0.14906250000000001 0.895 0.044375 0.026923076923076925
0 0.2759375 0.9507692307692308 0.054375 0.09692307692307692
0 0.4790625 0.9834615384615385 0.020625 0.031538461538461536
0 0.012812500000000001 0.8480769230769231 0.025625000000000002 0.10076923076923076
0 0.0521875 0.9346153846153846 0.053125 0.07846153846153846
0 0.259375 0.8592307692307692 0.03375 0.06153846153846154
0 0.498125 0.008846153846153846 0.02625 0.01769230769230769
0 0.1403125 0.9642307692307692 0.035625000000000004 0.04692307692307692
0 0.8059375 0.006153846153846154 0.026875 0.012307692307692308
0 0.16468750000000001 0.0057692307692307696 0.021875000000000002 0.011538461538461539
0 0.0975 0.8934615384615384 0.058750000000000004 0.09615384615384616
0 0.6900000000000001 0.9907692307692307 0.02625 0.016923076923076923
0 0.8721875 0.3384615384615385 0.018125 0.016923076923076923
0 0.841875 0.43346153846153845 0.015 0.02076923076923077
0 0.6946875 0.041923076923076924 0.045625 0.08384615384615385
0 0.6646875 0.0038461538461538464 0.024375 0.007692307692307693
0 0.5878125 0.8530769230769231 0.069375 0.06769230769230769
0 0.9559375 0.8269230769230769 0.026875 0.038461538461538464
0 0.38906250000000003 0.005384615384615384 0.080625 0.010769230769230769
0 0.869375 0.7453846153846154 0.09125 0.12615384615384614
0 0.0728125 0.5392307692307692 0.145625 0.24615384615384617
