0 0.5434027777777778 0.11351636747624075 0.08333333333333333 0.08130939809926081
0 0.24262152777777776 0.8294614572333685 0.04427083333333333 0.036958817317845824
0 0.4526909722222222 0.9429778247096092 0.04600694444444444 0.06124604012671594
0 0.4609375 0.839493136219641 0.09027777777777778 0.08236536430834213
0 0.4774305555555555 0.14994720168954592 0.07118055555555555 0.09503695881731784
0 0.0954861111111111 0.7592397043294614 0.08506944444444443 0.1457233368532207
0 0.9739583333333333 0.9477296726504751 0.05034722222222222 0.039070749736008444
0 0.607204861111111 0.06810982048574445 0.1484375 0.1129883843717001
0 0.37934027777777773 0.04382259767687434 0.11458333333333333 0.04963041182682154
0 0.1558159722222222 0.40021119324181625 0.04600694444444444 0.08447729672650475
0 0.2612847222222222 0.06071805702217529 0.0954861111111111 0.07497360084477296
0 0.3381076388888889 0.12618796198521645 0.06510416666666666 0.11087645195353747
0 0.03298611111111111 0.7983104540654699 0.03298611111111111 0.11826821541710664
0 0.40625 0.4271383315733896 0.027777777777777776 0.04118268215417106
0 0.2243923611111111 0.8701161562829989 0.033854166666666664 0.03167898627243928
0 0.2556423611111111 0.3236536430834213 0.030381944444444444 0.03062302006335797
0 0.3276909722222222 0.8732840549102429 0.0234375 0.025343189017951424
0 0.045572916666666664 0.3294614572333685 0.07899305555555555 0.08870116156282998
0 0.2990451388888889 0.8410770855332629 0.019965277777777776 0.022175290390707494
0 0.2717013888888889 0.9223864836325237 0.08159722222222222 0.08342133051742344
0 0.9722222222222222 0.8833157338965153 0.05034722222222222 0.08764519535374868
0 0.4700520833333333 0.05279831045406547 0.0390625 0.06335797254487856
0 0.3172743055555555 0.5174234424498416 0.03211805555555555 0.04012671594508976
0 0.035590277777777776 0.9736008447729672 0.029513888888888888 0.04857444561774023
0 0.10894097222222221 0.5322069693769799 0.0234375 0.02956705385427666
0 0.05685763888888889 0.05279831045406547 0.04427083333333333 0.04646251319957761
0 0.02690972222222222 0.6700105596620908 0.026041666666666664 0.036958817317845824
0 0.04991319444444444 0.6282998944033791 0.0234375 0.027455121436114043
0 0.1831597222222222 0.3273495248152059 0.029513888888888888 0.027455121436114043
0 0.01953125 0.09186906019007392 0.03732638888888889 0.12249208025343188
0 0.2834201388888889 0.8743400211193241 0.02517361111111111 0.021119324181626188
0 0.016927083333333332 0.18796198521647306 0.019965277777777776 0.042238648363252376
0 0.3875868055555555 0.8569165786694826 0.03732638888888889 0.04329461457233368
0 0.11848958333333333 0.32787750791974657 0.04253472222222222 0.03062302006335797
0 0.833767361111111 0.10559662090813093 0.04427083333333333 0.027455121436114043
0 0.708767361111111 0.05596620908130939 0.0546875 0.09503695881731784
0 0.509548611111111 0.03062302006335797 0.020833333333333332 0.03167898627243928
0 0.96875 0.14625131995776133 0.026041666666666664 0.09820485744456177
0 0.9283854166666666 0.06388595564941921 0.05295138888888889 0.07708553326293557
0 0.7269965277777778 0.14361140443505807 0.033854166666666664 0.06124604012671594
0 0.51171875 0.9736008447729672 0.02690972222222222 0.01900739176346357
0 0.8411458333333333 0.03801478352692714 0.03645833333333333 0.04646251319957761
0 0.2105034722222222 0.9862724392819429 0.02690972222222222 0.012671594508975712
0 0.837673611111111 0.966209081309398 0.022569444444444444 0.012671594508975712
0 0.884548611111111 0.10506863780359028 0.059027777777777776 0.09398099260823653
0 0.3029513888888889 0.03062302006335797 0.026041666666666664 0.01689545934530095
0 0.1384548611111111 0.6668426610348468 0.018229166666666664 0.01795142555438226
0 0.16623263888888887 0.5744456177402323 0.014756944444444444 0.021119324181626188
0 0.3185763888888889 0.9482576557550157 0.04513888888888889 0.08236536430834213
0 0.3489583333333333 0.9841605068637803 0.024305555555555552 0.008447729672650475
0 0.4058159722222222 0.15997888067581836 0.06857638888888888 0.06652587117212248
0 0.04644097222222222 0.19746568109820484 0.02690972222222222 0.03801478352692714
0 0.6180555555555555 0.9730728616684265 0.0798611111111111 0.011615628299894402
0 0.1328125 0.2740232312565998 0.09027777777777778 0.12354804646251319
0 0.9166666666666666 0.4472016895459345 0.1440972222222222 0.23970432946145723
