0 0.571483771251932 0.13623725671918444 0.08114374034003091 0.0778498609823911
0 0.22720247295208654 0.7868396663577386 0.04327666151468315 0.03521779425393883
0 0.42272024729520863 0.9179796107506951 0.04482225656877898 0.05838739573679333
0 0.437789799072643 0.8202038924930491 0.08732612055641421 0.0778498609823911
0 0.5046367851622875 0.16311399443929564 0.0695517774343122 0.09082483781278962
0 0.09003091190108191 0.7043558850787767 0.08268933539412673 0.13901760889712697
0 0.9269706336939721 0.9786839666357738 0.04868624420401855 0.037071362372567196
0 0.6367851622874807 0.09916589434661724 0.1437403400309119 0.10750695088044486
0 0.41731066460587324 0.051899907321594066 0.11128284389489954 0.04633920296570899
0 0.17465224111282843 0.3674698795180723 0.04482225656877898 0.08063021316033364
0 0.3017774343122102 0.0551436515291937 0.09196290571870169 0.07136237256719184
0 0.37094281298299847 0.12604263206672844 0.0633693972179289 0.1056533827618165
0 0.02704791344667697 0.7344763670064876 0.03245749613601236 0.11214087117701575
0 0.41537867078825347 0.42029657089898054 0.02704791344667697 0.03985171455050973
0 0.20672333848531685 0.8239110287303059 0.033230293663060274 0.029657089898053754
0 0.27743431221020093 0.30583873957367935 0.02936630602782071 0.029657089898053754
0 0.3068006182380216 0.8378127896200186 0.023183925811437404 0.024096385542168676
0 0.07341576506955177 0.2891566265060241 0.07573415765069552 0.08526413345690455
0 0.28091190108191655 0.8044485634847081 0.019319938176197836 0.020389249304911955
0 0.24884080370942813 0.8795180722891567 0.07882534775888717 0.07970342910101946
0 0.9300618238021638 0.9170528266913809 0.04868624420401855 0.08433734939759037
0 0.5042503863987635 0.06997219647822057 0.03786707882534776 0.060240963855421686
0 0.3222565687789799 0.49721964782205746 0.030911901081916538 0.037998146431881374
0 0.01622874806800618 0.9026876737720111 0.02936630602782071 0.04633920296570899
0 0.12017001545595053 0.4893419833178869 0.02241112828438949 0.027803521779425393
0 0.10471406491499227 0.025949953660797033 0.04250386398763524 0.04448563484708063
0 0.030139103554868624 0.6116774791473587 0.02472952086553323 0.03521779425393883
0 0.05525502318392581 0.5746061167747915 0.02241112828438949 0.025949953660797033
0 0.20672333848531685 0.30120481927710846 0.0285935085007728 0.025949953660797033
0 0.06568778979907264 0.05931417979610751 0.03554868624420402 0.11677479147358666
0 0.2631375579598145 0.8345690454124189 0.023956723338485315 0.019462465245597776
0 0.05641421947449768 0.15013901760889714 0.01854714064914992 0.04077849860982391
0 0.365919629057187 0.8290083410565339 0.03632148377125193 0.04170528266913809
0 0.14412673879443585 0.29564411492122333 0.04095826893353941 0.029657089898053754
0 0.8531684698608965 0.15940685820203893 0.04327666151468315 0.025949953660797033
0 0.7357032457496135 0.09870250231696015 0.05255023183925811 0.08989805375347544
0 0.544435857805255 0.05329008341056534 0.02086553323029366 0.030583873957367932
0 0.9802936630602782 0.21316033364226136 0.025502318392581144 0.09453197405004635
0 0.9474497681607419 0.13021316033364227 0.05100463678516229 0.0732159406858202
0 0.7469088098918083 0.18443002780352177 0.033230293663060274 0.05746061167747915
0 0.47720247295208656 0.9536607970342911 0.025502318392581144 0.016682113067655237
0 0.865146831530139 0.0963855421686747 0.0347758887171561 0.04448563484708063
0 0.1846986089644513 0.933271547729379 0.026275115919629055 0.012974976830398516
0 0.7936630602782071 0.9814643188137164 0.021638330757341576 0.011121408711770158
0 0.9022411128284389 0.1645041705282669 0.05641421947449768 0.08989805375347544
0 0.34428129829984544 0.030583873957367932 0.025502318392581144 0.016682113067655237
0 0.13871715610510046 0.6209453197405005 0.01777434312210201 0.016682113067655237
0 0.1723338485316847 0.5352177942539389 0.015455950540958269 0.019462465245597776
0 0.2925038639876352 0.9087117701575533 0.04404945904173106 0.07877664504170528
0 0.3187789799072643 0.9457831325301205 0.023956723338485315 0.008341056533827619
0 0.43431221020092736 0.16589434661723818 0.06646058732612055 0.06302131603336422
0 0.08346213292117464 0.16265060240963855 0.026275115919629055 0.03614457831325301
0 0.580370942812983 0.9647822057460612 0.07727975270479134 0.011121408711770158
0 0.16190108191653788 0.24513438368860055 0.08732612055641421 0.11770157553290084
0 0.9080370942812983 0.49490268767377205 0.1391035548686244 0.22798887859128825
