0 0.4328301886792453 0.8736313868613138 0.08226415094339622 0.07937956204379562
0 0.770566037735849 0.19844890510948904 0.04377358490566038 0.035583941605839414
0 0.569811320754717 0.07025547445255474 0.045283018867924525 0.06021897810218978
0 0.5562264150943396 0.17016423357664234 0.0890566037735849 0.07937956204379562
0 0.5 0.8435218978102189 0.07018867924528302 0.09215328467153285
0 0.9109433962264151 0.2801094890510949 0.0830188679245283 0.14233576642335766
0 0.057358490566037736 0.02052919708029197 0.049811320754716976 0.03740875912408759
0 0.3671698113207547 0.9124087591240876 0.14566037735849055 0.1094890510948905
0 0.590566037735849 0.9557481751824817 0.11245283018867924 0.04835766423357664
0 0.830943396226415 0.6263686131386861 0.045283018867924525 0.08302919708029197
0 0.7071698113207546 0.948905109489051 0.09358490566037736 0.072992700729927
0 0.6358490566037736 0.8781934306569342 0.06415094339622641 0.10857664233576642
0 0.9747169811320754 0.24726277372262773 0.03245283018867924 0.11496350364963503
0 0.5856603773584905 0.5780109489051095 0.027169811320754716 0.04105839416058394
0 0.7909433962264151 0.16058394160583941 0.03320754716981132 0.03102189781021898
0 0.7283018867924528 0.6920620437956204 0.03018867924528302 0.03010948905109489
0 0.6886792452830188 0.14872262773722628 0.02339622641509434 0.025547445255474453
0 0.9354716981132075 0.7039233576642335 0.07773584905660377 0.08667883211678831
0 0.7154716981132075 0.18248175182481752 0.01962264150943396 0.021897810218978103
0 0.7467924528301887 0.10492700729927007 0.08075471698113207 0.08211678832116788
0 0.05509433962264151 0.08394160583941605 0.049811320754716976 0.08576642335766423
0 0.5018867924528302 0.9388686131386861 0.03773584905660377 0.06204379562043796
0 0.6792452830188679 0.4977189781021898 0.03169811320754717 0.03923357664233577
0 0.9822641509433961 0.07481751824817517 0.02943396226415094 0.04744525547445255
0 0.8841509433962264 0.5004562043795621 0.02339622641509434 0.028284671532846715
0 0.9079245283018867 0.9739963503649635 0.04377358490566038 0.04470802919708029
0 0.9735849056603774 0.3731751824817518 0.025660377358490565 0.0364963503649635
0 0.9486792452830188 0.4119525547445255 0.022641509433962263 0.02645985401459854
0 0.7999999999999999 0.6947992700729927 0.028679245283018868 0.02645985401459854
0 0.9471698113207546 0.938412408759124 0.03622641509433962 0.11952554744525547
0 0.7328301886792452 0.15100364963503649 0.024150943396226414 0.020985401459854013
0 0.9550943396226415 0.8453467153284672 0.018867924528301886 0.04105839416058394
0 0.6290566037735849 0.15921532846715328 0.0369811320754717 0.04288321167883211
0 0.8633962264150943 0.6993613138686131 0.04226415094339622 0.03010948905109489
0 0.14641509433962263 0.8562956204379562 0.04377358490566038 0.02645985401459854
0 0.26679245283018865 0.9160583941605839 0.05358490566037736 0.09306569343065693
0 0.4615094339622641 0.9571167883211679 0.020377358490566037 0.03102189781021898
0 0.01660377358490566 0.8047445255474452 0.025660377358490565 0.09671532846715328
0 0.051698113207547164 0.8891423357664233 0.052075471698113204 0.07572992700729926
0 0.25433962264150944 0.8280109489051095 0.03320754716981132 0.05930656934306569
0 0.5139622641509434 0.03512773722627737 0.025660377358490565 0.017335766423357664
0 0.13547169811320753 0.9215328467153284 0.03547169811320754 0.04562043795620438
0 0.8109433962264151 0.04835766423357664 0.02641509433962264 0.012773722627737226
0 0.1920754716981132 0.015054744525547444 0.02188679245283019 0.011861313868613138
0 0.09660377358490566 0.8526459854014599 0.057358490566037736 0.09215328467153285
0 0.6649056603773584 0.9749087591240876 0.025660377358490565 0.017335766423357664
0 0.8633962264150943 0.36633211678832117 0.01811320754716981 0.017335766423357664
0 0.830943396226415 0.45483576642335766 0.01509433962264151 0.020985401459854013
0 0.7022641509433962 0.07664233576642336 0.04452830188679245 0.08029197080291971
0 0.6747169811320755 0.038777372262773724 0.024150943396226414 0.008211678832116789
0 0.5713207547169811 0.8394160583941606 0.06792452830188679 0.06569343065693431
0 0.9271698113207547 0.833485401459854 0.02641509433962264 0.03740875912408759
0 0.4090566037735849 0.026003649635036496 0.07849056603773584 0.011861313868613138
0 0.8460377358490566 0.7518248175182481 0.0890566037735849 0.12043795620437955
0 0.08490566037735849 0.5150547445255474 0.1411320754716981 0.23448905109489052
