0 0.5632183908045977 0.11953488372093024 0.08275862068965517 0.08093023255813954
0 0.22873563218390805 0.8088372093023256 0.04367816091954023 0.036279069767441864
0 0.432183908045977 0.9362790697674419 0.04597701149425287 0.060465116279069774
0 0.44559386973180076 0.833953488372093 0.0896551724137931 0.08093023255813954
0 0.49540229885057474 0.15116279069767444 0.07126436781609195 0.09395348837209302
0 0.08582375478927204 0.7279069767441861 0.0842911877394636 0.14418604651162792
0 0.949808429118774 0.9786046511627907 0.04980842911877395 0.03906976744186047
0 0.628735632183908 0.07906976744186046 0.1478927203065134 0.1116279069767442
0 0.4026819923371648 0.03906976744186047 0.11417624521072797 0.04837209302325582
0 0.1632183908045977 0.3758139534883721 0.04597701149425287 0.08372093023255814
0 0.2850574712643678 0.04697674418604651 0.09501915708812261 0.07348837209302327
0 0.3578544061302682 0.11813953488372093 0.06436781609195402 0.10976744186046512
0 0.02260536398467433 0.7618604651162791 0.03295019157088123 0.1172093023255814
0 0.4114942528735632 0.42093023255813955 0.027586206896551724 0.04186046511627907
0 0.20842911877394638 0.8474418604651164 0.033716475095785445 0.03162790697674419
0 0.26666666666666666 0.3074418604651163 0.030651340996168584 0.030697674418604652
0 0.31149425287356325 0.858139534883721 0.023754789272030653 0.025116279069767444
0 0.05747126436781609 0.2986046511627907 0.07816091954022988 0.08744186046511629
0 0.2842911877394636 0.8237209302325582 0.01992337164750958 0.021395348837209303
0 0.25363984674329504 0.9027906976744187 0.08122605363984675 0.08279069767441861
0 0.9517241379310345 0.9144186046511629 0.05057471264367816 0.08744186046511629
0 0.49272030651341 0.05441860465116279 0.03831417624521073 0.06232558139534884
0 0.31800766283524906 0.5041860465116279 0.03218390804597701 0.03906976744186047
0 0.0157088122605364 0.9367441860465117 0.029885057471264367 0.04837209302325582
0 0.11072796934865901 0.5041860465116279 0.023754789272030653 0.029767441860465118
0 0.08237547892720307 0.024651162790697675 0.04367816091954023 0.04558139534883721
0 0.022222222222222223 0.6348837209302326 0.026053639846743297 0.036279069767441864
0 0.04674329501915709 0.5948837209302326 0.022988505747126436 0.026976744186046512
0 0.1942528735632184 0.3055813953488372 0.029885057471264367 0.026976744186046512
0 0.04291187739463602 0.060930232558139535 0.0367816091954023 0.12186046511627907
0 0.2674329501915709 0.856279069767442 0.024521072796934867 0.021395348837209303
0 0.03601532567049809 0.1558139534883721 0.01992337164750958 0.04186046511627907
0 0.37203065134099617 0.8465116279069768 0.037547892720306515 0.04279069767441861
0 0.12988505747126436 0.3023255813953489 0.0421455938697318 0.029767441860465118
0 0.8521072796934867 0.1330232558139535 0.044444444444444446 0.026046511627906978
0 0.7302681992337166 0.07488372093023256 0.05363984674329502 0.09395348837209302
0 0.5329501915708812 0.035348837209302326 0.020689655172413793 0.03162790697674419
0 0.9835249042145594 0.18372093023255814 0.02528735632183908 0.09767441860465116
0 0.9475095785440614 0.0986046511627907 0.052873563218390804 0.07627906976744186
0 0.7440613026819923 0.16325581395348837 0.033716475095785445 0.060465116279069774
0 0.489272030651341 0.9706976744186047 0.02681992337164751 0.017674418604651163
0 0.8624521072796936 0.06697674418604652 0.03601532567049809 0.046511627906976744
0 0.18965517241379312 0.9613953488372093 0.02681992337164751 0.012093023255813955
0 0.814176245210728 0.9865116279069768 0.022222222222222223 0.012093023255813955
0 0.9022988505747127 0.13674418604651165 0.05747126436781609 0.09302325581395349
0 0.32796934865900385 0.02 0.026053639846743297 0.017674418604651163
0 0.13333333333333333 0.6395348837209303 0.01839080459770115 0.017674418604651163
0 0.16551724137931034 0.5497674418604651 0.015325670498084292 0.02046511627906977
0 0.29846743295019157 0.9311627906976745 0.04521072796934866 0.08186046511627908
0 0.32720306513409964 0.9688372093023256 0.024521072796934867 0.008372093023255815
0 0.42375478927203064 0.15674418604651164 0.06896551724137931 0.06604651162790698
0 0.06475095785440613 0.16697674418604652 0.02681992337164751 0.03813953488372093
0 0.5954022988505747 0.9786046511627907 0.07969348659003832 0.011162790697674419
0 0.1467432950191571 0.24930232558139537 0.0896551724137931 0.12279069767441861
0 0.917624521072797 0.4776744186046512 0.14329501915708812 0.2372093023255814
