0 0.553125 0.10192307692307692 0.08375 0.08384615384615385
0 0.229375 0.8319230769230769 0.045 0.036153846153846154
0 0.4415625 0.9561538461538461 0.046875 0.06153846153846154
0 0.4521875 0.8496153846153847 0.090625 0.0823076923076923
0 0.4846875 0.13692307692307693 0.073125 0.09692307692307692
0 0.0809375 0.7546153846153846 0.085625 0.14923076923076922
0 0.97375 0.9788461538461538 0.05 0.03923076923076923
0 0.619375 0.057692307692307696 0.15 0.11538461538461539
0 0.38656250000000003 0.025 0.115625 0.05
0 0.15 0.385 0.04625 0.08692307692307692
0 0.26625 0.03769230769230769 0.09625 0.07538461538461538
0 0.3428125 0.10846153846153846 0.065625 0.11384615384615385
0 0.01625 0.7923076923076923 0.0325 0.12153846153846154
0 0.4059375 0.42153846153846153 0.026875 0.04153846153846154
0 0.2096875 0.8730769230769231 0.034375 0.03230769230769231
0 0.254375 0.31 0.03125 0.03076923076923077
0 0.3153125 0.8796153846153846 0.023125 0.025384615384615384
0 0.039375 0.30923076923076925 0.07875 0.09076923076923077
0 0.2871875 0.8457692307692307 0.019375 0.022307692307692306
0 0.2575 0.9288461538461539 0.0825 0.08538461538461538
0 0.97375 0.9123076923076923 0.05 0.09076923076923077
0 0.479375 0.03692307692307692 0.03875 0.06461538461538462
0 0.3128125 0.5119230769230769 0.031875 0.03923076923076923
0 0.014687500000000001 0.9738461538461538 0.029375000000000002 0.04923076923076923
0 0.0996875 0.52 0.023125 0.02923076923076923
0 0.0571875 0.02346153846153846 0.044375 0.04692307692307692
0 0.0125 0.6596153846153846 0.025 0.03769230769230769
0 0.0365625 0.6176923076923077 0.023125 0.026153846153846153
0 0.18 0.31076923076923074 0.02875 0.027692307692307693
0 0.018125 0.06230769230769231 0.03625 0.12461538461538461
0 0.27 0.8803846153846154 0.02375 0.02076923076923077
0 0.01375 0.16115384615384615 0.01875 0.04230769230769231
0 0.3771875 0.8653846153846154 0.038125 0.04461538461538461
0 0.114375 0.31 0.0425 0.03076923076923077
0 0.8503125 0.10384615384615385 0.044375 0.026153846153846153
0 0.7234375000000001 0.04807692307692308 0.054375 0.09615384615384616
0 0.5196875 0.015384615384615385 0.020625 0.03076923076923077
0 0.9859375 0.1503846153846154 0.025625000000000002 0.10076923076923076
0 0.9465625 0.06461538461538462 0.053125 0.07846153846153846
0 0.739375 0.13923076923076924 0.03375 0.06153846153846154
0 0.500625 0.99 0.02625 0.016923076923076923
0 0.85875 0.035 0.035 0.04692307692307692
0 0.193125 0.9926923076923077 0.02625 0.011538461538461539
0 0.834375 0.9926923076923077 0.02125 0.011538461538461539
0 0.9015625 0.10576923076923077 0.058125 0.09615384615384616
0 0.30875 0.008461538461538461 0.02625 0.016923076923076923
0 0.12687500000000002 0.66 0.01875 0.016923076923076923
0 0.1575 0.5657692307692308 0.015 0.02076923076923077
0 0.304375 0.9565384615384616 0.045 0.08384615384615385
0 0.33437500000000003 0.995 0.025 0.006923076923076923
0 0.41125 0.14576923076923076 0.06875 0.06846153846153846
0 0.043125000000000004 0.17192307692307693 0.0275 0.03923076923076923
0 0.6096875 0.9934615384615385 0.080625 0.01
0 0.13 0.25384615384615383 0.09125 0.12615384615384614
0 0.926875 0.46 0.14625 0.24615384615384617
