0 0.43903436988543376 0.8008849557522124 0.09083469721767594 0.07374631268436578
0 0.2279050736497545 0.7674532940019666 0.045008183306055646 0.036381514257620456
0 0.472176759410802 0.13815142576204523 0.132569558101473 0.0993117010816126
0 0.41693944353518825 0.39577187807276304 0.028641571194762686 0.04228121927236972
0 0.5736497545008183 0.10816125860373649 0.08183306055646482 0.08062930186823992
0 0.09042553191489362 0.6710914454277287 0.08592471358428806 0.11504424778761063
0 0.4181669394435352 0.9051130776794494 0.02618657937806874 0.05014749262536874
0 0.8678396072013094 0.07620452310717798 0.03355155482815057 0.036381514257620456
0 0.9333060556464812 0.9646017699115045 0.045008183306055646 0.049164208456243856
0 0.6378887070376432 0.08505408062930188 0.14157119476268412 0.08751229105211407
0 0.5069558101472995 0.054080629301868244 0.038461538461538464 0.043264503441494594
0 0.3036006546644845 0.04228121927236972 0.09328968903436989 0.049164208456243856
0 0.20703764320785598 0.8087512291052115 0.03273322422258593 0.03048180924287119
0 0.3240589198036007 0.4700098328416913 0.03273322422258593 0.03736479842674533
0 0.960720130932897 0.10176991150442478 0.07364975450081833 0.07374631268436578
0 0.025777414075286418 0.716322517207473 0.03191489361702128 0.11504424778761063
0 0.1751227495908347 0.34316617502458213 0.044189852700491 0.08259587020648967
0 0.368657937806874 0.8062930186823992 0.038461538461538464 0.03146509341199607
0 0.2823240589198036 0.7871189773844641 0.01800327332242226 0.024582104228121928
0 0.4824058919803601 0.944936086529007 0.028641571194762686 0.033431661750245825
0 0.27782324058919805 0.2807276302851524 0.03191489361702128 0.028515240904621438
0 0.7487725040916531 0.15978367748279254 0.03600654664484452 0.05801376597836775
0 0.30810147299509005 0.8220255653883973 0.023731587561374796 0.025565388397246806
0 0.7332242225859248 0.084070796460177 0.03764320785597382 0.07177974434611603
0 0.05360065466448445 0.5535889872173059 0.0220949263502455 0.025565388397246806
0 0.10474631751227496 0.016715830875122913 0.05073649754500818 0.025565388397246806
0 0.013911620294599018 0.8992133726647001 0.024549918166939445 0.06588003933136677
0 0.20744680851063832 0.2777777777777778 0.030278232405891982 0.026548672566371685
0 0.18453355155482815 0.928220255653884 0.036824877250409165 0.03146509341199607
0 0.028641571194762686 0.5904621435594887 0.024549918166939445 0.0344149459193707
0 0.910392798690671 0.14355948869223206 0.046644844517184945 0.07669616519174041
0 0.11988543371522095 0.4675516224188791 0.0220949263502455 0.028515240904621438
0 0.4337152209492635 0.04228121927236972 0.03600654664484452 0.029498525073746316
0 0.07201309328968904 0.2664700098328417 0.07855973813420622 0.0904621435594887
0 0.5384615384615384 0.956243854473943 0.04746317512274959 0.026548672566371685
0 0.1432078559738134 0.2704031465093412 0.0425531914893617 0.029498525073746316
0 0.9005728314238953 0.9837758112094396 0.036824877250409165 0.022615535889872175
0 0.9357610474631751 0.9031465093411997 0.045008183306055646 0.0776794493608653
0 0.8645662847790507 0.13569321533923304 0.02700490998363339 0.025565388397246806
0 0.3158756137479542 0.940511307767945 0.03273322422258593 0.026548672566371685
0 0.38461538461538464 0.03392330383480826 0.044189852700491 0.02064896755162242
0 0.411620294599018 0.9537856440511309 0.05564648117839607 0.01376597836774828
0 0.8183306055646482 0.9547689282202557 0.05728314238952537 0.0688298918387414
0 0.06178396072013093 0.05211406096361849 0.038461538461538464 0.10226155358898723
0 0.9819967266775778 0.1863323500491642 0.02291325695581015 0.09144542772861357
0 0.9439443535188217 0.7276302851524091 0.046644844517184945 0.05506391347099312
0 0.14034369885433715 0.5240904621435595 0.0220949263502455 0.019665683382497544
0 0.07528641571194764 0.9301868239921338 0.02618657937806874 0.011799410029498525
0 0.4063011456628478 0.952802359882006 0.0662847790507365 0.01376597836774828
0 0.8027823240589198 0.9739429695181908 0.027823240589198037 0.028515240904621438
0 0.9046644844517185 0.06784660766961652 0.01718494271685761 0.01376597836774828
0 0.1391162029459902 0.5993117010816126 0.016366612111292964 0.016715830875122913
0 0.3048281505728314 0.8810226155358899 0.0220949263502455 0.05506391347099312
0 0.9095744680851064 0.47492625368731567 0.13993453355155483 0.2458210422812193
0 0.2630932896890344 0.8805309734513275 0.051554828150572836 0.046214355948869225
0 0.279050736497545 0.8436578171091446 0.019639934533551555 0.033431661750245825
0 0.26432078559738137 0.8200589970501475 0.02291325695581015 0.019665683382497544
0 0.16202945990180034 0.2128810226155359 0.0851063829787234 0.09537856440511308
0 0.05728314238952537 0.12684365781710916 0.01800327332242226 0.03933136676499509
0 0.08469721767594109 0.14110127826941987 0.02536824877250409 0.0344149459193707
0 0.2806873977086743 0.9262536873156343 0.02127659574468085 0.0471976401179941
