0 0.4694304857621441 0.1926559356136821 0.09128978224455611 0.07344064386317908
0 0.2567001675041876 0.19617706237424548 0.04438860971524288 0.03621730382293763
0 0.4371859296482412 0.8556338028169015 0.1323283082077052 0.09959758551307848
0 0.4074539363484087 0.5920523138832998 0.02763819095477387 0.04124748490945675
0 0.5343383584589615 0.8993963782696178 0.08207705192629816 0.08048289738430583
0 0.11055276381909548 0.272635814889336 0.08542713567839195 0.11468812877263583
0 0.4585427135678392 0.08651911468812878 0.025963149078726967 0.05030181086519115
0 0.8237018425460637 0.9728370221327969 0.03433835845896147 0.03621730382293763
0 0.97571189279732 0.10010060362173039 0.04522613065326633 0.04929577464788733
0 0.5963149078726968 0.9310865191146882 0.14237855946398661 0.0875251509054326
0 0.46273031825795646 0.943158953722334 0.03936348408710218 0.04325955734406439
0 0.2600502512562814 0.9260563380281691 0.09296482412060302 0.04929577464788733
0 0.2399497487437186 0.1519114688128773 0.032663316582914576 0.03018108651911469
0 0.3228643216080402 0.5050301810865192 0.032663316582914576 0.03621730382293763
0 0.9187604690117253 0.960764587525151 0.07370184254606366 0.0744466800804829
0 0.05067001675041876 0.21780684104627768 0.03098827470686767 0.11569416498993965
0 0.1620603015075377 0.6091549295774649 0.04438860971524288 0.08148893360160966
0 0.3999162479061977 0.17706237424547286 0.03768844221105528 0.03018108651911469
0 0.31239530988274705 0.1841046277665996 0.018425460636515914 0.024144869215291753
0 0.5263819095477387 0.05583501006036218 0.02931323283082077 0.03319919517102616
0 0.25795644891122277 0.6861167002012073 0.031825795644891124 0.028169014084507046
0 0.7135678391959799 0.8732394366197184 0.035175879396984924 0.05835010060362174
0 0.3417085427135678 0.1529175050301811 0.02345058626465662 0.024144869215291753
0 0.690536013400335 0.9461770623742456 0.03768844221105528 0.07142857142857144
0 0.06197654941373534 0.3838028169014085 0.021775544388609715 0.025150905432595575
0 0.06030150753768844 0.9235412474849095 0.05025125628140704 0.026156941649899398
0 0.05695142378559464 0.035211267605633804 0.02512562814070352 0.06639839034205232
0 0.18760469011725295 0.6790744466800805 0.03015075376884422 0.026156941649899398
0 0.22948073701842547 0.03018108651911469 0.03685092127303183 0.03219315895372234
0 0.04103852596314908 0.34356136820925554 0.02512562814070352 0.035211267605633804
0 0.8718592964824121 0.9124748490945674 0.04690117252931324 0.07645875251509054
0 0.11934673366834171 0.4778672032193159 0.022613065326633167 0.028169014084507046
0 0.3890284757118928 0.9451710261569417 0.036013400335008376 0.02917505030181087
0 0.051926298157453935 0.6705231388329981 0.07872696817420435 0.08953722334004025
0 0.5833333333333334 0.05281690140845071 0.04773869346733668 0.02716297786720322
0 0.12353433835845896 0.6765593561368209 0.04271356783919598 0.02917505030181087
0 0.945142378559464 0.07696177062374246 0.036013400335008376 0.02313883299798793
0 0.9723618090452262 0.16146881287726358 0.04522613065326633 0.07746478873239437
0 0.8257956448911223 0.9129778672032194 0.02680067001675042 0.025150905432595575
0 0.36055276381909546 0.03722334004024145 0.032663316582914576 0.026156941649899398
0 0.3396147403685092 0.9461770623742456 0.04438860971524288 0.021126760563380285
0 0.457286432160804 0.03722334004024145 0.05527638190954774 0.014084507042253523
0 0.8609715242881072 0.09356136820925554 0.05695142378559464 0.06841046277665996
0 0.020938023450586266 0.8822937625754528 0.038525963149078725 0.10261569416498995
0 0.948073701842546 0.8797786720321933 0.02345058626465662 0.09154929577464789
0 0.9631490787269682 0.3375251509054326 0.04690117252931324 0.05533199195171026
0 0.14530988274706869 0.4250503018108652 0.022613065326633167 0.019114688128772636
0 0.12060301507537688 0.012072434607645876 0.02680067001675042 0.012072434607645876
0 0.4518425460636516 0.03722334004024145 0.0661641541038526 0.014084507042253523
0 0.8471524288107203 0.07243460764587525 0.02763819095477387 0.028169014084507046
0 0.8588777219430486 0.9869215291750504 0.017587939698492462 0.014084507042253523
0 0.15159128978224456 0.35060362173038234 0.01675041876046901 0.01710261569416499
0 0.3442211055276382 0.09456740442655936 0.021775544388609715 0.05432595573440644
0 0.9041038525963149 0.5835010060362174 0.13986599664991625 0.24547283702213282
0 0.30234505862646566 0.08853118712273643 0.05025125628140704 0.04627766599597586
0 0.3149078726968174 0.12776659959758552 0.020100502512562814 0.03420523138832998
0 0.297319932998325 0.1493963782696177 0.02345058626465662 0.019114688128772636
0 0.13651591289782244 0.7369215291750504 0.08542713567839195 0.09557344064386318
0 0.02345058626465662 0.807344064386318 0.018425460636515914 0.039235412474849095
0 0.052345058626465664 0.7972837022132797 0.024288107202680067 0.035211267605633804
0 0.3249581239530988 0.045774647887323945 0.021775544388609715 0.04728370221327968
