0 0.46147473073736534 0.18328298086606243 0.09279204639602319 0.07653575025176233
0 0.2444076222038111 0.19385699899295064 0.046396023198011595 0.03726082578046324
0 0.444076222038111 0.8690835850956697 0.13587406793703397 0.1027190332326284
0 0.40762220381110187 0.5976837865055388 0.02816901408450704 0.0433031218529708
0 0.5447390223695111 0.9103726082578046 0.08367854183927091 0.08257804632426989
0 0.09693454846727423 0.27794561933534745 0.08782104391052195 0.11883182275931521
0 0.44780447390223693 0.07401812688821752 0.027340513670256833 0.0513595166163142
0 0.8413421706710853 0.9763343403826787 0.03396851698425849 0.03726082578046324
0 0.9755592377796188 0.07049345417925479 0.04556752278376139 0.050352467270896276
0 0.608119304059652 0.9410876132930514 0.14581607290803644 0.08962739174219536
0 0.47224523612261804 0.9587109768378651 0.039768019884009936 0.04431017119838872
0 0.2655343827671914 0.9476334340382678 0.09527754763877382 0.050352467270896276
0 0.22576636288318144 0.14904330312185296 0.03396851698425849 0.032225579053373615
0 0.31897265948632975 0.5105740181268882 0.033140016570008285 0.038267875125881166
0 0.9374482187241093 0.9607250755287009 0.07539353769676885 0.07653575025176233
0 0.0347970173985087 0.22356495468277945 0.03148301574150787 0.11883182275931521
0 0.15741507870753935 0.6243705941591138 0.04473902236951118 0.08459214501510574
0 0.3902236951118475 0.1701913393756294 0.038111019055509524 0.032225579053373615
0 0.3011599005799503 0.1797583081570997 0.019055509527754762 0.025176233635448138
0 0.5161557580778791 0.04028197381671702 0.029826014913007456 0.03423967774420947
0 0.2572493786246893 0.6998992950654582 0.03231151615575808 0.030211480362537763
0 0.7265948632974316 0.877139979859013 0.03645401822700911 0.060422960725075525
0 0.3297431648715824 0.1470292044310171 0.023198011599005797 0.026183282980866064
0 0.7050538525269262 0.9531722054380665 0.038111019055509524 0.07351460221550855
0 0.05012427506213753 0.3947633434038268 0.02236951118475559 0.026183282980866064
0 0.061309030654515324 0.9521651560926485 0.05136702568351284 0.027190332326283987
0 0.03686826843413422 0.035246727089627394 0.02568351284175642 0.06847935548841894
0 0.18516984258492128 0.6953675730110775 0.030654515327257662 0.027190332326283987
0 0.2125103562551781 0.02416918429003021 0.03728251864125932 0.032225579053373615
0 0.02816901408450704 0.3539778449144008 0.024855012427506214 0.035246727089627394
0 0.8893951946975973 0.9118831822759316 0.0472245236122618 0.07955689828801611
0 0.11101905550952774 0.48992950654582074 0.023198011599005797 0.02920443101711984
0 0.3972659486329743 0.9627391742195368 0.03728251864125932 0.030211480362537763
0 0.0468102734051367 0.6918429003021148 0.08036454018227009 0.09264853977844914
0 0.5741507870753935 0.035246727089627394 0.04805302402651201 0.028197381671701913
0 0.11971830985915492 0.6948640483383686 0.043910521955260975 0.030211480362537763
0 0.9440762220381109 0.0473313192346425 0.03728251864125932 0.02416918429003021
0 0.9734879867439933 0.1339375629405841 0.046396023198011595 0.08056394763343404
0 0.8421706710853355 0.9144008056394763 0.027340513670256833 0.026183282980866064
0 0.34631317315658655 0.026686807653575024 0.033140016570008285 0.027190332326283987
0 0.34714167357083675 0.9657603222557906 0.04473902236951118 0.02014098690835851
0 0.4453189726594863 0.02366565961732125 0.057166528583264285 0.015105740181268881
0 0.8579121789560894 0.06747230614300101 0.058823529411764705 0.07049345417925479
0 0.020298260149130075 0.9108761329305136 0.03893951946975973 0.10574018126888217
0 0.9660314830157415 0.8761329305135952 0.023198011599005797 0.094662638469285
0 0.9681027340513669 0.3157099697885196 0.0472245236122618 0.05740181268882175
0 0.13628831814415907 0.43454179254783487 0.02236951118475559 0.019133937562940583
0 0.10149130074565037 0.00906344410876133 0.027340513670256833 0.012084592145015106
0 0.43993371996686 0.023162134944612285 0.06793703396851698 0.014098690835850957
0 0.8438276719138359 0.04682779456193353 0.02899751449875725 0.02920443101711984
0 0.8777961888980944 0.9899295065458208 0.01739850869925435 0.014098690835850957
0 0.1408450704225352 0.35699899295065457 0.016570008285004142 0.017119838872104734
0 0.33098591549295775 0.0866062437059416 0.02236951118475559 0.05639476334340383
0 0.9138359569179784 0.5715005035246727 0.14250207125103562 0.2527693856998993
0 0.2887323943661972 0.08207452165156093 0.05219552609776305 0.0473313192346425
0 0.3019884009942005 0.12134944612286001 0.020712510356255178 0.035246727089627394
0 0.28500414250207123 0.14501510574018128 0.023198011599005797 0.02014098690835851
0 0.13463131731565864 0.75730110775428 0.08699254349627174 0.0986908358509567
0 0.02112676056338028 0.8333333333333334 0.019055509527754762 0.041289023162134945
0 0.050538525269262634 0.8222557905337361 0.024855012427506214 0.035246727089627394
0 0.31027340513670254 0.03625377643504532 0.02236951118475559 0.04833836858006042
