0 0.5595432300163132 0.8022571148184494 0.09135399673735727 0.07360157016683022
0 0.7712071778140294 0.7688910696761531 0.044861337683523655 0.03631010794896958
0 0.5273246329526917 0.13738959764474976 0.13295269168026103 0.1000981354268891
0 0.5823817292006526 0.39597644749754657 0.02773246329526917 0.042198233562315994
0 0.42618270799347474 0.10745829244357212 0.08238172920065254 0.08145240431795878
0 0.9090538336052203 0.6722276741903827 0.08564437194127243 0.11579980372914621
0 0.5807504078303426 0.9062806673209027 0.026101141924959218 0.05004906771344455
0 0.13172920065252855 0.07458292443572129 0.033442088091353996 0.035328753680078505
0 0.06566068515497553 0.9656526005888125 0.044861337683523655 0.04906771344455348
0 0.36174551386623166 0.08390578999018646 0.14274061990212072 0.0873405299313052
0 0.4930668841761827 0.05299313052011776 0.03833605220228385 0.04317958783120706
0 0.6965742251223491 0.042198233562315994 0.09298531810766722 0.04906771344455348
0 0.7920065252854813 0.8105986261040234 0.032626427406199025 0.03140333660451423
0 0.6753670473083198 0.47006869479882235 0.032626427406199025 0.037291462217860644
0 0.03833605220228385 0.1000981354268891 0.0734094616639478 0.07458292443572129
0 0.9734910277324633 0.7178606476938174 0.03181076672104405 0.11481844946025514
0 0.8246329526916804 0.34347399411187435 0.04404567699836868 0.08243375858684984
0 0.6305057096247961 0.8076545632973503 0.037520391517128875 0.03140333660451423
0 0.716557911908646 0.7885181550539744 0.018760195758564437 0.02453385672227674
0 0.5163132137030996 0.9460255152109911 0.02936378466557912 0.033366045142296366
0 0.7218597063621534 0.2806673209028459 0.032626427406199025 0.02944062806673209
0 0.250815660685155 0.1589793915603533 0.03507340946166395 0.05888125613346418
0 0.6908646003262643 0.8233562315996074 0.022838499184339316 0.02551521099116781
0 0.2663132137030995 0.08292443572129538 0.03833605220228385 0.07163886162904808
0 0.9465742251223491 0.5544651619234543 0.02202283849918434 0.02551521099116781
0 0.8955954323001631 0.016683022571148183 0.05057096247960848 0.02551521099116781
0 0.985725938009788 0.9008832188420018 0.02528548123980424 0.06673209028459273
0 0.7924143556280587 0.2777232580961727 0.030179445350734097 0.02747791952894995
0 0.8140293637846656 0.9303238469087339 0.037520391517128875 0.03140333660451423
0 0.9706362153344209 0.5912659470068694 0.024469820554649267 0.03434739941118744
0 0.08931484502446982 0.14180569185475955 0.04649265905383361 0.0775269872423945
0 0.8796900489396412 0.4685966633954857 0.02202283849918434 0.02845927379784102
0 0.566068515497553 0.04121687929342492 0.03588907014681893 0.02944062806673209
0 0.9278140293637847 0.26692836113837093 0.07911908646003263 0.0902845927379784
0 0.4600326264274062 0.9573110893032384 0.04730831973898858 0.02649656526005888
0 0.8564437194127243 0.2708537782139352 0.04241435562805873 0.02944062806673209
0 0.09828711256117456 0.9847890088321883 0.0367047308319739 0.0225711481844946
0 0.06280587275693311 0.9033366045142296 0.04567699836867863 0.0775269872423945
0 0.13499184339314846 0.13444553483807653 0.026916802610114195 0.02551521099116781
0 0.6831158238172921 0.9416094210009813 0.03181076672104405 0.02649656526005888
0 0.6154159869494291 0.03287536800785083 0.04323001631321371 0.02060843964671246
0 0.5872756933115824 0.9548577036310107 0.05546492659053834 0.013738959764474975
0 0.1802610114192496 0.9558390578999018 0.05709624796084829 0.06869479882237488
0 0.9384176182707994 0.05201177625122669 0.03833605220228385 0.10206084396467124
0 0.017128874388254486 0.18498527968596662 0.022838499184339316 0.09126594700686948
0 0.05505709624796085 0.7271835132482826 0.04649265905383361 0.0549558390578999
0 0.8592985318107668 0.5250245338567222 0.02202283849918434 0.01962708537782139
0 0.9241435562805873 0.9322865554465162 0.026101141924959218 0.011776251226692836
0 0.5925774877650898 0.9548577036310107 0.06606851549755302 0.013738959764474975
0 0.19575856443719414 0.9749754661432777 0.02773246329526917 0.02845927379784102
0 0.09502446982055465 0.06575073601570167 0.017128874388254486 0.013738959764474975
0 0.8605220228384992 0.6000981354268891 0.016313213703099513 0.016683022571148183
0 0.6941272430668842 0.8822374877330715 0.021207177814029365 0.0549558390578999
0 0.08972267536704731 0.4744847890088322 0.1402936378466558 0.24631992149165846
0 0.7357259380097879 0.881746810598626 0.05057096247960848 0.04612365063788027
0 0.719820554649266 0.8454367026496564 0.020391517128874388 0.03434739941118744
0 0.7345024469820555 0.8213935230618252 0.02365415986949429 0.01962708537782139
0 0.8376835236541599 0.2129538763493621 0.08482871125611746 0.09617271835132482
0 0.9433115823817293 0.1270853778213935 0.018760195758564437 0.040235525024533855
0 0.9155791190864601 0.1408243375858685 0.02528548123980424 0.03434739941118744
0 0.718189233278956 0.9283611383709518 0.02202283849918434 0.047105004906771344
