0 0.5301526717557252 0.8064220183486239 0.09083969465648854 0.07339449541284404
0 0.7427480916030534 0.8036697247706422 0.044274809160305344 0.03669724770642202
0 0.5637404580152672 0.14449541284403672 0.13206106870229006 0.0981651376146789
0 0.5927480916030534 0.4077981651376147 0.028244274809160305 0.04128440366972477
0 0.466412213740458 0.10091743119266056 0.08091603053435115 0.08073394495412844
0 0.8885496183206106 0.7279816513761468 0.08549618320610687 0.11467889908256881
0 0.5408396946564885 0.9128440366972478 0.026717557251908396 0.04954128440366973
0 0.17786259541984734 0.02614678899082569 0.03358778625954199 0.03577981651376147
0 0.02480916030534351 0.8977064220183487 0.0450381679389313 0.04862385321100918
0 0.40496183206106867 0.06834862385321101 0.1412213740458015 0.0871559633027523
0 0.5377862595419848 0.056422018348623856 0.038931297709923665 0.043119266055045874
0 0.7404580152671756 0.07431192660550459 0.09312977099236641 0.04954128440366973
0 0.7591603053435114 0.8477064220183487 0.03282442748091603 0.031192660550458717
0 0.6774809160305344 0.49449541284403675 0.03282442748091603 0.03669724770642202
0 0.083206106870229 0.038073394495412846 0.0732824427480916 0.07431192660550459
0 0.9484732824427481 0.7821100917431193 0.031297709923664124 0.11467889908256881
0 0.8377862595419847 0.3912844036697248 0.04351145038167939 0.081651376146789
0 0.599618320610687 0.8220183486238533 0.03740458015267176 0.031192660550458717
0 0.6870229007633588 0.8151376146788991 0.0183206106870229 0.024770642201834864
0 0.4732824427480916 0.9431192660550459 0.02900763358778626 0.03302752293577982
0 0.7419847328244275 0.31422018348623854 0.03206106870229008 0.028440366972477066
0 0.2877862595419847 0.12660550458715597 0.035114503816793895 0.05871559633027523
0 0.6580152671755725 0.8463302752293579 0.022900763358778626 0.024770642201834864
0 0.31068702290076333 0.053669724770642205 0.03816793893129771 0.07064220183486239
0 0.9370229007633588 0.6169724770642202 0.022137404580152672 0.024770642201834864
0 0.9396946564885497 0.0779816513761468 0.050381679389312976 0.025688073394495414
0 0.9416030534351145 0.9651376146788991 0.025190839694656488 0.06605504587155964
0 0.8125954198473282 0.32155963302752294 0.029770992366412213 0.026605504587155965
0 0.7698473282442748 0.9692660550458716 0.03740458015267176 0.03211009174311927
0 0.9580152671755725 0.6568807339449542 0.024427480916030534 0.03486238532110092
0 0.12938931297709924 0.0871559633027523 0.046564885496183206 0.07706422018348624
0 0.8797709923664122 0.5220183486238532 0.022137404580152672 0.027522935779816515
0 0.6118320610687022 0.05504587155963303 0.03587786259541985 0.029357798165137616
0 0.9477099236641221 0.3298165137614679 0.07862595419847328 0.0889908256880734
0 0.416793893129771 0.9454128440366973 0.04732824427480916 0.026605504587155965
0 0.8763358778625954 0.3238532110091743 0.042748091603053436 0.029357798165137616
0 0.05534351145038168 0.9211009174311927 0.03587786259541985 0.022018348623853212
0 0.028244274809160305 0.8362385321100918 0.04580152671755725 0.0779816513761468
0 0.17557251908396945 0.08577981651376147 0.025954198473282442 0.024770642201834864
0 0.6389312977099236 0.9619266055045872 0.03206106870229008 0.026605504587155965
0 0.6610687022900763 0.05412844036697248 0.044274809160305344 0.02018348623853211
0 0.5423664122137405 0.9610091743119267 0.055725190839694655 0.013761467889908258
0 0.13931297709923665 0.9045871559633027 0.05725190839694656 0.06788990825688074
0 0.9790076335877862 0.11880733944954129 0.03740458015267176 0.1018348623853211
0 0.05381679389312977 0.11926605504587157 0.022137404580152672 0.09174311926605505
0 0.03778625954198473 0.6605504587155964 0.046564885496183206 0.05504587155963303
0 0.8538167938931298 0.5752293577981652 0.022137404580152672 0.01834862385321101
0 0.8778625954198473 0.9876146788990826 0.025954198473282442 0.011926605504587157
0 0.5477099236641221 0.9619266055045872 0.06641221374045801 0.013761467889908258
0 0.1530534351145038 0.9252293577981652 0.028244274809160305 0.028440366972477066
0 0.14274809160305343 0.012385321100917432 0.016793893129770993 0.013761467889908258
0 0.8477099236641221 0.6495412844036698 0.01603053435114504 0.01651376146788991
0 0.6553435114503817 0.9050458715596331 0.022137404580152672 0.05412844036697248
0 0.09732824427480916 0.4151376146788991 0.13969465648854962 0.24495412844036699
0 0.6969465648854962 0.9100917431192661 0.050381679389312976 0.045871559633027525
0 0.684732824427481 0.8720183486238533 0.01984732824427481 0.03394495412844037
0 0.7019083969465649 0.8500000000000001 0.02366412213740458 0.01926605504587156
0 0.8637404580152672 0.263302752293578 0.08473282442748091 0.09541284403669725
0 0.9763358778625955 0.19403669724770645 0.0183206106870229 0.03944954128440367
0 0.9473282442748091 0.2036697247706422 0.024427480916030534 0.03486238532110092
0 0.6748091603053435 0.9536697247706423 0.021374045801526718 0.046788990825688076
