0 0.451875 0.8269230769230769 0.09375 0.07692307692307693
0 0.22968750000000002 0.8073076923076923 0.046875 0.03769230769230769
0 0.4525 0.11461538461538462 0.13875 0.10461538461538461
0 0.408125 0.3942307692307692 0.02875 0.04384615384615385
0 0.5565625 0.07576923076923077 0.085625 0.08538461538461538
0 0.080625 0.7138461538461538 0.08875 0.12153846153846154
0 0.435 0.9396153846153846 0.02625 0.05307692307692308
0 0.8621875 0.018846153846153846 0.034375 0.03769230769230769
0 0.9759375 0.9642307692307692 0.045625 0.05153846153846154
0 0.6221875 0.046153846153846156 0.148125 0.09230769230769231
0 0.48375 0.022692307692307692 0.04 0.045384615384615384
0 0.2709375 0.025384615384615384 0.096875 0.05076923076923077
0 0.2096875 0.8523076923076923 0.034375 0.03230769230769231
0 0.314375 0.48115384615384615 0.03375 0.03923076923076923
0 0.9609375 0.03884615384615384 0.075625 0.07769230769230769
0 0.015625 0.7676923076923077 0.03125 0.12307692307692308
0 0.151875 0.3569230769230769 0.045 0.0876923076923077
0 0.3784375 0.8384615384615385 0.038125 0.03230769230769231
0 0.2871875 0.8234615384615385 0.019375 0.025384615384615384
0 0.5046875 0.9780769230769231 0.029375000000000002 0.03461538461538462
0 0.25625 0.28192307692307694 0.0325 0.03
0 0.7425 0.11730769230769231 0.03625 0.06076923076923077
0 0.3159375 0.8592307692307692 0.024375 0.026153846153846153
0 0.7221875 0.03769230769230769 0.038125 0.07538461538461538
0 0.035937500000000004 0.5911538461538461 0.021875000000000002 0.026923076923076925
0 0.061875 0.013461538461538462 0.0525 0.026923076923076925
0 0.0125 0.9634615384615385 0.025 0.07
0 0.18281250000000002 0.28423076923076923 0.030625 0.026923076923076925
0 0.1925 0.9823076923076923 0.03875 0.03230769230769231
0 0.0125 0.6323076923076923 0.025 0.03692307692307692
0 0.91 0.0876923076923077 0.0475 0.08153846153846153
0 0.1009375 0.49423076923076925 0.021875000000000002 0.03
0 0.4065625 0.015384615384615385 0.036875 0.03076923076923077
0 0.040625 0.2826923076923077 0.08125 0.09615384615384616
0 0.5634375 0.985 0.048125 0.026923076923076925
0 0.115625 0.2815384615384615 0.043750000000000004 0.03076923076923077
0 0.9428125 0.9873076923076923 0.038125 0.022307692307692306
0 0.9753125 0.8980769230769231 0.046875 0.0823076923076923
0 0.8618750000000001 0.08307692307692308 0.0275 0.026153846153846153
0 0.33 0.985 0.03375 0.026923076923076925
0 0.35531250000000003 0.010384615384615384 0.045625 0.02076923076923077
0 0.43125 0.9919230769230769 0.0575 0.013076923076923076
0 0.8559375 0.9626923076923077 0.059375000000000004 0.07153846153846154
0 0.019375 0.05384615384615385 0.03875 0.1076923076923077
0 0.9871875 0.1280769230769231 0.023125 0.09769230769230769
0 0.975 0.7092307692307692 0.0475 0.05846153846153846
0 0.12562500000000001 0.5526923076923077 0.0225 0.019230769230769232
0 0.078125 0.9926923076923077 0.0275 0.011538461538461539
0 0.42562500000000003 0.9919230769230769 0.06875 0.013076923076923076
0 0.8406250000000001 0.9842307692307692 0.02875 0.02846153846153846
0 0.9 0.006538461538461538 0.01625 0.013076923076923076
0 0.1278125 0.6338461538461538 0.016875 0.016923076923076923
0 0.3159375 0.9223076923076923 0.021875000000000002 0.05692307692307692
0 0.92625 0.4419230769230769 0.14625 0.2623076923076923
0 0.27187500000000003 0.925 0.0525 0.04846153846153846
0 0.286875 0.8846153846153846 0.02 0.03538461538461538
0 0.27 0.86 0.02375 0.02
0 0.1321875 0.21846153846153846 0.088125 0.10153846153846154
0 0.017812500000000002 0.1346153846153846 0.018125 0.04153846153846154
0 0.0475 0.1473076923076923 0.025 0.036153846153846154
0 0.29281250000000003 0.9730769230769231 0.021875000000000002 0.04923076923076923
