0 0.5242112986060161 0.1993006993006993 0.08877476155539252 0.07167832167832168
0 0.7329420396184887 0.19667832167832167 0.04402054292002935 0.03496503496503497
0 0.5689655172413793 0.8444055944055944 0.12986060161408658 0.09615384615384616
0 0.5928099779897286 0.5865384615384616 0.027879677182685254 0.04020979020979021
0 0.47432134996331626 0.8898601398601399 0.07997065297138665 0.07867132867132867
0 0.8782098312545855 0.26704545454545453 0.08363903154805577 0.11101398601398602
0 0.5326485693323552 0.09571678321678322 0.02641232575201761 0.04807692307692308
0 0.19185619955979458 0.9702797202797203 0.03301540719002201 0.03496503496503497
0 0.024944974321349966 0.12412587412587413 0.04402054292002935 0.0472027972027972
0 0.4145267791636097 0.9226398601398601 0.13939838591342626 0.08479020979020979
0 0.5451210564930301 0.9309440559440559 0.03815113719735877 0.04195804195804196
0 0.7443140132061629 0.9082167832167832 0.09170946441672781 0.0472027972027972
0 0.7490829053558328 0.1534090909090909 0.03228173147468819 0.030594405594405596
0 0.6742479823917829 0.4995629370629371 0.03228173147468819 0.03583916083916084
0 0.09831254585473222 0.9606643356643356 0.0719002201027146 0.07167832167832168
0 0.9358033749082906 0.21197552447552448 0.030080704328686723 0.11101398601398602
0 0.8345561261922231 0.5965909090909091 0.043286867204695524 0.07954545454545454
0 0.5920763022743948 0.18225524475524477 0.036683785766691124 0.030594405594405596
0 0.6782831988261189 0.1866258741258741 0.018341892883345562 0.0236013986013986
0 0.46515040352164344 0.06774475524475525 0.027879677182685254 0.032342657342657344
0 0.7417461482024945 0.673951048951049 0.030814380044020543 0.027972027972027972
0 0.29823917828319885 0.8693181818181818 0.034482758620689655 0.056818181818181816
0 0.648936170212766 0.15734265734265734 0.022743947175348497 0.024475524475524476
0 0.3217168011738812 0.9401223776223776 0.03741746148202495 0.06905594405594405
0 0.9280997798972854 0.3741258741258741 0.022010271460014674 0.024475524475524476
0 0.9405722670579604 0.8999125874125874 0.04988994864269993 0.025349650349650348
0 0.9262655906089509 0.03409090909090909 0.024211298606016143 0.06468531468531469
0 0.8107116654438739 0.6656468531468531 0.0293470286133529 0.025349650349650348
0 0.7567865003668379 0.034527972027972025 0.0359501100513573 0.030594405594405596
0 0.9475421863536317 0.3343531468531469 0.024211298606016143 0.03409090909090909
0 0.1430667644900954 0.9121503496503497 0.04548789435069699 0.0743006993006993
0 0.8738077769625826 0.46765734265734266 0.022010271460014674 0.027972027972027972
0 0.6184886280264124 0.930506993006993 0.03521643433602348 0.028846153846153848
0 0.9435069699192957 0.6538461538461539 0.07776962582538519 0.08741258741258741
0 0.40975788701393984 0.06687062937062938 0.046221570066030816 0.025349650349650348
0 0.8738077769625826 0.6612762237762237 0.04108584005869406 0.028846153846153848
0 0.054658840792369774 0.10008741258741259 0.0359501100513573 0.021853146853146852
0 0.029713866471019812 0.18356643356643357 0.04475421863536317 0.07517482517482517
0 0.18818782098312548 0.9117132867132867 0.02567865003668379 0.024475524475524476
0 0.6276595744680852 0.044580419580419584 0.03154805575935437 0.026223776223776224
0 0.6669112252384446 0.9300699300699301 0.0425531914893617 0.019230769230769232
0 0.533015407190022 0.04807692307692308 0.055025678650036686 0.013986013986013986
0 0.13756419662509173 0.1145104895104895 0.05649303008070433 0.06643356643356643
0 0.9783565663976523 0.8588286713286714 0.03741746148202495 0.09877622377622378
0 0.06786500366837858 0.8824300699300699 0.022743947175348497 0.08828671328671328
0 0.042186353631694797 0.3548951048951049 0.046221570066030816 0.05419580419580419
0 0.847028613352898 0.416520979020979 0.02127659574468085 0.018356643356643356
0 0.8631694790902421 0.013548951048951048 0.02567865003668379 0.011363636363636364
0 0.5381511371973587 0.047639860139860137 0.06529713866471021 0.013111888111888112
0 0.1504035216434336 0.09353146853146853 0.027879677182685254 0.027972027972027972
0 0.15737344093910494 0.9842657342657343 0.016874541452677916 0.013986013986013986
0 0.8393250183418929 0.34396853146853146 0.016140865737344096 0.016608391608391608
0 0.6452677916360969 0.10008741258741259 0.02127659574468085 0.05332167832167832
0 0.10528246515040353 0.5922202797202797 0.1371973587674248 0.23863636363636365
0 0.685986793837124 0.09396853146853147 0.04988994864269993 0.044580419580419584
0 0.6746148202494497 0.131993006993007 0.019809244314013208 0.033216783216783216
0 0.6922230374174615 0.15253496503496503 0.022743947175348497 0.018356643356643356
0 0.8620689655172414 0.7202797202797203 0.08363903154805577 0.09265734265734266
0 0.9743213499633163 0.7858391608391608 0.01760821716801174 0.038461538461538464
0 0.9460748349229641 0.7766608391608392 0.024211298606016143 0.03409090909090909
0 0.6636096845194425 0.05244755244755245 0.02127659574468085 0.045454545454545456
