0 0.4666392092257002 0.8096421471172961 0.0914332784184514 0.07455268389662027
0 0.2528830313014827 0.8041749502982106 0.044481054365733116 0.03578528827037773
0 0.4390444810543657 0.13966202783300197 0.13344316309719934 0.1003976143141153
0 0.40733113673805604 0.4055666003976143 0.028830313014827018 0.041749502982107355
0 0.5370675453047776 0.09642147117296222 0.08237232289950577 0.08151093439363816
0 0.10626029654036244 0.7251491053677932 0.085667215815486 0.11630218687872762
0 0.45510708401976935 0.9165009940357852 0.027182866556836903 0.049701789264413515
0 0.8282537067545305 0.024850894632206758 0.03377265238879736 0.03578528827037773
0 0.9748764415156508 0.9080516898608348 0.045304777594728174 0.048707753479125246
0 0.5992586490939045 0.06461232604373757 0.14250411861614498 0.08747514910536779
0 0.46540362438220756 0.050695825049701784 0.03953871499176277 0.04373757455268389
0 0.26153212520593083 0.0666003976143141 0.09308072487644152 0.049701789264413515
0 0.2355848434925865 0.8484095427435386 0.032948929159802305 0.03081510934393638
0 0.3212520593080725 0.4925447316103379 0.032948929159802305 0.036779324055666
0 0.9233937397034596 0.038270377733598406 0.07413509060955518 0.07455268389662027
0 0.04612850082372323 0.779821073558648 0.03130148270181219 0.11630218687872762
0 0.16062602965403625 0.3851888667992047 0.044481054365733116 0.08250497017892643
0 0.3970345963756178 0.8245526838966202 0.03789126853377265 0.03081510934393638
0 0.3084843492586491 0.816600397614314 0.018945634266886325 0.024850894632206758
0 0.5234761120263591 0.9483101391650098 0.028830313014827018 0.03379721669980119
0 0.2574135090609555 0.30914512922465204 0.03212520593080725 0.029821073558648107
0 0.7170510708401977 0.12475149105367792 0.03542009884678748 0.058648111332007945
0 0.33772652388797364 0.8484095427435386 0.023064250411861616 0.024850894632206758
0 0.6943986820428336 0.050695825049701784 0.03789126853377265 0.07157057654075547
0 0.05848434925864909 0.6123260437375745 0.023064250411861616 0.025844930417495027
0 0.06054365733113674 0.06709741550695825 0.051894563426688634 0.026838966202783296
0 0.05065897858319605 0.9647117296222663 0.025535420098846788 0.0666003976143141
0 0.18657331136738056 0.3156063618290258 0.030477759472817133 0.026838966202783296
0 0.2244645799011532 0.9711729622266401 0.03706754530477759 0.03180914512922465
0 0.03706754530477759 0.6525844930417495 0.02471169686985173 0.034791252485089456
0 0.8768533772652389 0.08648111332007952 0.04695222405271829 0.07753479125248508
0 0.11696869851729819 0.5173956262425446 0.023064250411861616 0.028827037773359838
0 0.3912685337726524 0.048707753479125246 0.036243822075782535 0.029821073558648107
0 0.05065897858319605 0.32206759443339955 0.0799011532125206 0.09145129224652086
0 0.5799011532125206 0.9517892644135187 0.047775947281713346 0.026838966202783296
0 0.12191103789126853 0.3170974155069582 0.042833607907743 0.029821073558648107
0 0.9443986820428336 0.9314115308151093 0.03706754530477759 0.021868787276341946
0 0.9719934102141681 0.845924453280318 0.04612850082372323 0.07753479125248508
0 0.8303130148270181 0.08548707753479125 0.026359143327841845 0.025844930417495027
0 0.35626029654036245 0.9657057654075546 0.03212520593080725 0.026838966202783296
0 0.3414332784184514 0.047216699801192835 0.04365733113673806 0.020874751491053677
0 0.45304777594728174 0.9662027833001987 0.05601317957166392 0.013916500994035784
0 0.8595551894563427 0.9135188866799204 0.05848434925864909 0.06958250497017891
0 0.020593080724876443 0.10834990059642147 0.03789126853377265 0.1033797216699801
0 0.9530477759472817 0.12077534791252484 0.023064250411861616 0.09244532803180913
0 0.964168039538715 0.6679920477137177 0.04695222405271829 0.05566600397614314
0 0.1429159802306425 0.5715705765407554 0.022240527182866558 0.019880715705765405
0 0.11490939044481055 0.9880715705765406 0.027182866556836903 0.011928429423459244
0 0.44769357495881384 0.9662027833001987 0.06672158154859967 0.013916500994035784
0 0.8459637561779242 0.9348906560636182 0.02800658978583196 0.028827037773359838
0 0.8640856672158155 0.011431411530815108 0.016474464579901153 0.014910536779324053
0 0.14827018121911037 0.6466202783300198 0.016474464579901153 0.016898608349900594
0 0.3397858319604613 0.9075546719681907 0.022240527182866558 0.05566600397614314
0 0.9065074135090609 0.41948310139165007 0.14085667215815487 0.24850894632206758
0 0.2981878088962109 0.9130218687872762 0.051070840197693576 0.0467196819085487
0 0.3109555189456343 0.8737574552683895 0.020593080724876443 0.03379721669980119
0 0.2936573311367381 0.8518886679920477 0.023887973640856673 0.019880715705765405
0 0.13591433278418452 0.2559642147117296 0.085667215815486 0.09642147117296222
0 0.023064250411861616 0.18439363817097412 0.018121911037891267 0.04075546719681908
0 0.051894563426688634 0.19433399602385684 0.02471169686985173 0.034791252485089456
0 0.3200164744645799 0.9567594433399601 0.022240527182866558 0.0467196819085487
