0 0.4338235294117647 0.2066420664206642 0.0890092879256966 0.07195571955719557
0 0.2271671826625387 0.24538745387453872 0.04411764705882353 0.03505535055350553
0 0.4791021671826626 0.853321033210332 0.13003095975232198 0.09594095940959409
0 0.4195046439628483 0.603321033210332 0.027863777089783284 0.04059040590405904
0 0.5789473684210527 0.8796125461254612 0.0804953560371517 0.07841328413284132
0 0.09326625386996905 0.34317343173431736 0.08436532507739938 0.11254612546125461
0 0.41099071207430343 0.10608856088560885 0.026315789473684213 0.047970479704797044
0 0.8691950464396285 0.9031365313653136 0.032507739938080496 0.03505535055350553
0 0.916795665634675 0.03413284132841328 0.04411764705882353 0.047970479704797044
0 0.6424148606811146 0.9003690036900369 0.1393188854489164 0.08487084870848709
0 0.5143188854489165 0.934040590405904 0.037925696594427245 0.04151291512915129
0 0.3142414860681115 0.9511070110701106 0.0913312693498452 0.047970479704797044
0 0.20510835913312694 0.20525830258302583 0.032507739938080496 0.03044280442804428
0 0.326625386996904 0.533210332103321 0.032507739938080496 0.03505535055350553
0 0.960139318885449 0.8754612546125461 0.07198142414860681 0.07195571955719557
0 0.02863777089783282 0.3002767527675277 0.030959752321981428 0.11162361623616236
0 0.18227554179566566 0.6609778597785978 0.042569659442724464 0.08025830258302583
0 0.3645510835913313 0.20341328413284132 0.03715170278637771 0.03044280442804428
0 0.27941176470588236 0.22416974169741696 0.018575851393188854 0.023985239852398522
0 0.4736842105263158 0.06503690036900368 0.027863777089783284 0.03228782287822878
0 0.2848297213622291 0.7190959409594095 0.030959752321981428 0.028597785977859776
0 0.7503869969040248 0.8242619926199262 0.0348297213622291 0.05627306273062731
0 0.3041795665634675 0.1900369003690037 0.02321981424148607 0.023985239852398522
0 0.7364551083591332 0.8989852398523985 0.03637770897832818 0.06918819188191881
0 0.05882352941176471 0.4589483394833948 0.021671826625386997 0.024907749077490774
0 0.11919504643962849 0.9810885608856088 0.04953560371517028 0.024907749077490774
0 0.013157894736842106 0.12269372693726936 0.02476780185758514 0.06457564575645756
0 0.2151702786377709 0.724169741697417 0.029411764705882356 0.025830258302583026
0 0.18072755417956657 0.08948339483394833 0.03637770897832818 0.03136531365313653
0 0.0336687306501548 0.42343173431734316 0.023993808049535607 0.033210332103321034
0 0.9094427244582044 0.8362546125461254 0.04643962848297214 0.07472324723247233
0 0.12538699690402477 0.540590405904059 0.021671826625386997 0.027675276752767528
0 0.4423374613003096 0.9478782287822878 0.0348297213622291 0.028597785977859776
0 0.08204334365325078 0.7384686346863468 0.07739938080495357 0.08763837638376383
0 0.5286377708978328 0.053044280442804424 0.04643962848297214 0.026752767527675275
0 0.15247678018575853 0.7320110701107011 0.041795665634674926 0.028597785977859776
0 0.8839009287925698 0.01614391143911439 0.03560371517027864 0.021217712177121772
0 0.9202786377708979 0.0940959409594096 0.04489164086687307 0.07564575645756458
0 0.8645510835913314 0.8445571955719557 0.026315789473684213 0.024907749077490774
0 0.30998452012383904 0.07472324723247233 0.03173374613003096 0.025830258302583026
0 0.3943498452012384 0.9571033210332103 0.042569659442724464 0.019372693726937267
0 0.4040247678018576 0.05904059040590406 0.05417956656346749 0.012915129151291513
0 0.8037925696594428 0.04658671586715867 0.0565015479876161 0.06734317343173432
0 0.07662538699690404 0.9483394833948339 0.03715170278637771 0.0996309963099631
0 0.9794891640866874 0.7924354243542435 0.022445820433436535 0.08856088560885608
0 0.9315015479876162 0.26522140221402213 0.0456656346749226 0.0544280442804428
0 0.14473684210526316 0.48523985239852396 0.021671826625386997 0.01845018450184502
0 0.07314241486068111 0.08994464944649447 0.025541795665634675 0.011992619926199261
0 0.3986068111455109 0.059501845018450183 0.06501547987616099 0.013837638376383764
0 0.7879256965944272 0.028597785977859776 0.027863777089783284 0.027675276752767528
0 0.9051857585139319 0.9105166051660516 0.016253869969040248 0.012915129151291513
0 0.14202786377708979 0.41190036900369004 0.016253869969040248 0.015682656826568265
0 0.30030959752321984 0.13284132841328414 0.021671826625386997 0.05350553505535055
0 0.9024767801857586 0.5124538745387454 0.13777089783281735 0.23892988929889297
0 0.25890092879256965 0.1342250922509225 0.05030959752321982 0.045202952029520294
0 0.2755417956656347 0.16974169741697417 0.020123839009287926 0.033210332103321034
0 0.2612229102167183 0.19326568265682656 0.022445820433436535 0.019372693726937267
0 0.1722136222910217 0.7882841328413284 0.08281733746130031 0.09317343173431734
0 0.07004643962848298 0.8745387453874538 0.01780185758513932 0.038745387453874534
0 0.09713622291021673 0.86070110701107 0.023993808049535607 0.033210332103321034
0 0.2755417956656347 0.08856088560885608 0.021671826625386997 0.046125461254612546
