0 0.5475 0.1723076923076923 0.09375 0.07692307692307693
0 0.7696875 0.19192307692307692 0.046875 0.03769230769230769
0 0.546875 0.8846153846153846 0.13875 0.10461538461538461
0 0.59125 0.605 0.02875 0.04384615384615385
0 0.4428125 0.9234615384615384 0.085625 0.08538461538461538
0 0.9187500000000001 0.2853846153846154 0.08875 0.12153846153846154
0 0.5646875 0.05961538461538462 0.026875 0.05307692307692308
0 0.1371875 0.9807692307692307 0.034375 0.038461538461538464
0 0.02375 0.035 0.04625 0.05153846153846154
0 0.3771875 0.9534615384615385 0.148125 0.09307692307692307
0 0.515625 0.9769230769230769 0.04 0.046153846153846156
0 0.7284375 0.9742307692307692 0.096875 0.05153846153846154
0 0.7896875 0.14692307692307693 0.034375 0.03230769230769231
0 0.685 0.5180769230769231 0.03375 0.03923076923076923
0 0.0384375 0.9607692307692308 0.075625 0.07846153846153846
0 0.9840625000000001 0.23153846153846153 0.031875 0.12307692307692308
0 0.8475 0.6423076923076924 0.045 0.0876923076923077
0 0.62125 0.16076923076923078 0.03875 0.03230769230769231
0 0.7125 0.17576923076923076 0.01875 0.025384615384615384
0 0.4946875 0.021153846153846155 0.029375000000000002 0.03461538461538462
0 0.743125 0.7173076923076923 0.0325 0.03
0 0.256875 0.8819230769230769 0.03625 0.06076923076923077
0 0.68375 0.14 0.02375 0.026153846153846153
0 0.2775 0.9619230769230769 0.03875 0.07615384615384616
0 0.9634375000000001 0.40807692307692306 0.021875000000000002 0.026923076923076925
0 0.9375 0.9861538461538462 0.0525 0.027692307692307693
0 0.9871875 0.03576923076923077 0.025625000000000002 0.07
0 0.8165625 0.715 0.030625 0.026923076923076925
0 0.806875 0.016923076923076923 0.03875 0.03230769230769231
0 0.9871875 0.3669230769230769 0.025625000000000002 0.03692307692307692
0 0.089375 0.9115384615384615 0.0475 0.08153846153846153
0 0.8984375 0.505 0.021875000000000002 0.03
0 0.5928125 0.9842307692307692 0.036875 0.031538461538461536
0 0.9590625 0.7165384615384616 0.081875 0.09615384615384616
0 0.43593750000000003 0.01423076923076923 0.048125 0.026923076923076925
0 0.8840625 0.7176923076923077 0.044375 0.03076923076923077
0 0.0565625 0.011923076923076923 0.038125 0.022307692307692306
0 0.0240625 0.10115384615384615 0.046875 0.0823076923076923
0 0.1375 0.9161538461538462 0.0275 0.026153846153846153
0 0.669375 0.01423076923076923 0.03375 0.026923076923076925
0 0.6440625 0.9892307692307692 0.045625 0.021538461538461538
0 0.568125 0.007307692307692308 0.0575 0.013076923076923076
0 0.1434375 0.03653846153846154 0.059375000000000004 0.07153846153846154
0 0.9803125 0.9457692307692308 0.039375 0.10846153846153846
0 0.0121875 0.8711538461538462 0.023125 0.09769230769230769
0 0.024375 0.29 0.0475 0.05846153846153846
0 0.87375 0.44653846153846155 0.0225 0.019230769230769232
0 0.92125 0.006538461538461538 0.0275 0.011538461538461539
0 0.57375 0.007307692307692308 0.06875 0.013076923076923076
0 0.15875 0.015 0.02875 0.02846153846153846
0 0.099375 0.9930769230769231 0.01625 0.013846153846153847
0 0.8715625 0.36538461538461536 0.016875 0.016923076923076923
0 0.6834375 0.07692307692307693 0.021875000000000002 0.05692307692307692
0 0.073125 0.5573076923076923 0.14625 0.2623076923076923
0 0.7275 0.07423076923076923 0.0525 0.04846153846153846
0 0.7125 0.11461538461538462 0.02 0.03538461538461538
0 0.729375 0.13923076923076924 0.02375 0.02
0 0.8671875 0.7807692307692308 0.088125 0.10153846153846154
0 0.9815625 0.8646153846153846 0.018125 0.04153846153846154
0 0.951875 0.8519230769230769 0.025 0.036153846153846154
0 0.7065625 0.026153846153846153 0.021875000000000002 0.04923076923076923
