0 0.44030482641828955 0.8043922369765066 0.09144792548687553 0.0745658835546476
0 0.22819644369178663 0.7727272727272727 0.04487722269263336 0.03575076608784474
0 0.46951735817104145 0.1348314606741573 0.13293818797629128 0.10010214504596528
0 0.4157493649449619 0.3958120531154239 0.028789161727349702 0.041879468845760985
0 0.5711261642675698 0.1041879468845761 0.08213378492802709 0.08171603677221655
0 0.08933107535986452 0.676200204290092 0.0855207451312447 0.11644535240040858
0 0.4199830651989839 0.9096016343207355 0.027095681625740897 0.05005107252298264
0 0.8670618120237087 0.06894790602655772 0.03386960203217612 0.03575076608784474
0 0.9377646062658763 0.965270684371808 0.04487722269263336 0.04902962206332993
0 0.6354784081287045 0.08069458631256385 0.14309906858594412 0.08784473953013279
0 0.5038103302286198 0.05005107252298264 0.03895004233700254 0.04290091930541369
0 0.29932260795935645 0.040347293156281924 0.09398814563928873 0.05005107252298264
0 0.20702794242167655 0.8146067415730337 0.03302286198137172 0.031664964249233915
0 0.32303132938187973 0.47139938712972423 0.03302286198137172 0.03779366700715015
0 0.9606265876375952 0.09346271705822268 0.07366638441998306 0.0745658835546476
0 0.024555461473327687 0.7231869254341164 0.03217612193056731 0.11644535240040858
0 0.1718882303132938 0.3447395301327886 0.044030482641828954 0.08273748723186926
0 0.3696020321761219 0.8105209397344229 0.03810330228619813 0.031664964249233915
0 0.2828111769686706 0.7921348314606742 0.018628281117696866 0.02553626149131767
0 0.48518204911092294 0.949438202247191 0.028789161727349702 0.033707865168539325
0 0.275190516511431 0.2808988764044944 0.03217612193056731 0.028600612870275793
0 0.7476714648602879 0.15474974463738508 0.03556308213378492 0.05822267620020429
0 0.3090601185436071 0.8268641470888662 0.023708721422523286 0.02553626149131767
0 0.731160033869602 0.07814096016343208 0.03810330228619813 0.07252298263534218
0 0.05122777307366638 0.5582226762002043 0.02286198137171888 0.02553626149131767
0 0.09949195596951735 0.01634320735444331 0.05165114309906858 0.02655771195097038
0 0.013547840812870448 0.90755873340143 0.02540220152413209 0.06639427987742595
0 0.20406435224386113 0.2783452502553626 0.030482641828958507 0.027579162410623085
0 0.18543607112616425 0.9351378958120531 0.03725656223539373 0.031664964249233915
0 0.026672311600338696 0.5955056179775281 0.024555461473327687 0.03472931562819204
0 0.9098221845893311 0.13687436159346272 0.046570702794242164 0.07763023493360573
0 0.11727349703640982 0.47088866189989786 0.02286198137171888 0.028600612870275793
0 0.4297205757832345 0.03830439223697651 0.03640982218458933 0.0296220633299285
0 0.06773920406435224 0.2686414708886619 0.07959356477561388 0.0898876404494382
0 0.5410668924640135 0.9596527068437181 0.04741744284504657 0.027579162410623085
0 0.1397121083827265 0.2722165474974464 0.04233700254022015 0.0296220633299285
0 0.9051651143099069 0.9846782431052095 0.03725656223539373 0.02247191011235955
0 0.9398814563928873 0.9029622063329928 0.04572396274343776 0.07763023493360573
0 0.8636748518204911 0.12921348314606743 0.027095681625740897 0.02553626149131767
0 0.3175275190516511 0.9458631256384066 0.03217612193056731 0.02655771195097038
0 0.3810330228619814 0.030643513789581207 0.044030482641828954 0.020429009193054137
0 0.4140558848433531 0.9586312563840654 0.0558848433530906 0.01327885597548519
0 0.8226079593564776 0.9560776302349336 0.058425063505503805 0.06945863125638407
0 0.0563082133784928 0.05209397344228805 0.03810330228619813 0.10214504596527069
0 0.9826418289585097 0.17926455566905006 0.02286198137171888 0.09295199182839632
0 0.9470787468247248 0.7257405515832482 0.046570702794242164 0.056179775280898875
0 0.1384419983065199 0.5275791624106231 0.02286198137171888 0.01940755873340143
0 0.07535986452159187 0.9387129724208376 0.027095681625740897 0.012257405515832483
0 0.4085520745131245 0.958120531154239 0.06689246401354784 0.014300306435137897
0 0.806943268416596 0.975485188968335 0.028789161727349702 0.028600612870275793
0 0.903471634208298 0.05975485188968335 0.01693480101608806 0.01327885597548519
0 0.1375952582557155 0.6036772216547498 0.016088060965283656 0.01634320735444331
0 0.3060965283657917 0.8866189989785496 0.021168501270110076 0.05515832482124617
0 0.9110922946655376 0.47088866189989786 0.1405588484335309 0.24719101123595508
0 0.26418289585097376 0.8861082737487233 0.05080440304826418 0.04596527068437181
0 0.2802709568162574 0.8493360572012257 0.02032176121930567 0.033707865168539325
0 0.26502963590177814 0.8248212461695608 0.023708721422523286 0.01940755873340143
0 0.15834038950042337 0.21348314606741572 0.0846740050804403 0.09601634320735444
0 0.052074513124470784 0.12819203268641471 0.01778154106689246 0.03983656792645557
0 0.08001693480101608 0.14198161389172625 0.024555461473327687 0.03472931562819204
0 0.2819644369178662 0.9325842696629214 0.022015241320914477 0.04698672114402452
