0 0.448207171314741 0.18044747081712062 0.09322709163346614 0.07684824902723736
0 0.2294820717131474 0.20476653696498054 0.04621513944223108 0.03793774319066148
0 0.4589641434262948 0.8769455252918288 0.13705179282868526 0.10408560311284047
0 0.4107569721115538 0.6040856031128404 0.02948207171314741 0.04474708171206226
0 0.5617529880478088 0.9129377431906615 0.08446215139442231 0.08463035019455253
0 0.08406374501992032 0.29863813229571984 0.08844621513944223 0.12062256809338522
0 0.4298804780876494 0.07052529182879377 0.027888446215139442 0.05155642023346303
0 0.8645418326693227 0.9620622568093385 0.0350597609561753 0.03696498054474708
0 0.9625498007968127 0.03453307392996109 0.04621513944223108 0.05155642023346303
0 0.6274900398406374 0.9406614785992218 0.14741035856573706 0.09143968871595332
0 0.4912350597609562 0.9664396887159533 0.04063745019920319 0.04571984435797666
0 0.28167330677290836 0.9683852140077821 0.09641434262948208 0.05155642023346303
0 0.20916334661354583 0.1605058365758755 0.034262948207171316 0.033073929961089495
0 0.31792828685258967 0.5214007782101168 0.03346613545816733 0.038910505836575876
0 0.9613545816733068 0.9396887159533074 0.07569721115537849 0.07782101167315175
0 0.01912350597609562 0.2480544747081712 0.03187250996015936 0.12062256809338522
0 0.1593625498007968 0.6464007782101168 0.04462151394422311 0.08657587548638132
0 0.3756972111553785 0.17120622568093385 0.03904382470119522 0.033073929961089495
0 0.2860557768924303 0.1872568093385214 0.01912350597609562 0.026264591439688716
0 0.49760956175298804 0.032101167315175094 0.02948207171314741 0.03501945525291829
0 0.26334661354581673 0.7174124513618677 0.03266932270916335 0.030155642023346304
0 0.7442231075697211 0.8681906614785992 0.03665338645418327 0.06128404669260701
0 0.31394422310756975 0.15175097276264593 0.02390438247011952 0.02529182879377432
0 0.7254980079681275 0.9469844357976653 0.03904382470119522 0.07490272373540856
0 0.04183266932270917 0.41974708171206226 0.02310756972111554 0.026264591439688716
0 0.07569721115537849 0.9844357976653697 0.05258964143426295 0.027237354085603113
0 0.013147410358565738 0.055933852140077824 0.026294820717131476 0.06906614785992218
0 0.1904382470119522 0.7169260700389105 0.030278884462151396 0.027237354085603113
0 0.1904382470119522 0.034046692607003895 0.03824701195219124 0.033073929961089495
0 0.01752988047808765 0.38035019455252916 0.02549800796812749 0.03696498054474708
0 0.9103585657370519 0.8934824902723736 0.04860557768924303 0.08073929961089495
0 0.10717131474103586 0.5131322957198443 0.02310756972111554 0.030155642023346304
0 0.4155378486055777 0.97568093385214 0.037450199203187255 0.0311284046692607
0 0.05059760956175299 0.7213035019455253 0.08207171314741037 0.0943579766536965
0 0.555776892430279 0.023832684824902722 0.04860557768924303 0.02821011673151751
0 0.12390438247011952 0.7208171206225681 0.043824701195219126 0.0311284046692607
0 0.9294820717131475 0.013132295719844358 0.037450199203187255 0.024319066147859923
0 0.9629482071713148 0.09922178988326849 0.04701195219123506 0.08171206225680934
0 0.8629482071713148 0.89931906614786 0.02709163346613546 0.026264591439688716
0 0.3258964143426295 0.02869649805447471 0.03346613545816733 0.02821011673151751
0 0.3645418326693227 0.9815175097276265 0.045418326693227096 0.021400778210116732
0 0.4254980079681275 0.019941634241245135 0.05737051792828685 0.014591439688715954
0 0.8442231075697212 0.038910505836575876 0.05976095617529881 0.07198443579766536
0 0.03227091633466136 0.9455252918287937 0.03904382470119522 0.10700389105058367
0 0.9860557768924303 0.8521400778210116 0.02310756972111554 0.09533073929961089
0 0.9653386454183267 0.2840466926070039 0.04860557768924303 0.058365758754863814
0 0.1302788844621514 0.45525291828793774 0.02310756972111554 0.019455252918287938
0 0.07729083665338646 0.026264591439688716 0.02709163346613546 0.011673151750972763
0 0.4199203187250996 0.019941634241245135 0.06852589641434263 0.014591439688715954
0 0.8286852589641435 0.01848249027237354 0.028685258964143426 0.029182879377431907
0 0.901593625498008 0.9732490272373541 0.016733067729083666 0.014591439688715954
0 0.13187250996015937 0.3764591439688716 0.016733067729083666 0.017509727626459144
0 0.31235059760956174 0.08998054474708171 0.022310756972111555 0.05739299610894942
0 0.9211155378486056 0.5466926070038911 0.1450199203187251 0.25680933852140075
0 0.2693227091633466 0.08852140077821012 0.05258964143426295 0.048638132295719845
0 0.2844621513944223 0.12791828793774318 0.020717131474103586 0.03599221789883268
0 0.26852589641434266 0.15223735408560313 0.02390438247011952 0.020428015564202335
0 0.14183266932270916 0.7825875486381323 0.08764940239043825 0.10019455252918288
0 0.030278884462151396 0.8667315175097277 0.01912350597609562 0.04085603112840467
0 0.05896414342629482 0.8535992217898832 0.02549800796812749 0.03599221789883268
0 0.28924302788844625 0.04085603112840467 0.022310756972111555 0.048638132295719845
