0 0.5471875 0.17192307692307693 0.094375 0.07769230769230769
0 0.769375 0.19192307692307692 0.04625 0.03769230769230769
0 0.5465625000000001 0.8842307692307693 0.138125 0.10538461538461538
0 0.59125 0.6042307692307692 0.02875 0.04384615384615385
0 0.4425 0.9234615384615384 0.085 0.08538461538461538
0 0.918125 0.285 0.08875 0.12230769230769231
0 0.5640625 0.05923076923076923 0.026875 0.052307692307692305
0 0.1365625 0.9803846153846154 0.034375 0.03769230769230769
0 0.023125 0.03423076923076923 0.04625 0.05153846153846154
0 0.3765625 0.953076923076923 0.148125 0.09230769230769231
0 0.515 0.9765384615384616 0.04 0.045384615384615384
0 0.7278125 0.9734615384615385 0.096875 0.05153846153846154
0 0.789375 0.14615384615384616 0.03375 0.03230769230769231
0 0.6843750000000001 0.5176923076923077 0.03375 0.038461538461538464
0 0.038125 0.96 0.07625 0.07846153846153846
0 0.9834375000000001 0.23115384615384615 0.031875 0.12230769230769231
0 0.846875 0.6419230769230769 0.045 0.08692307692307692
0 0.620625 0.16076923076923078 0.03875 0.03230769230769231
0 0.711875 0.175 0.01875 0.025384615384615384
0 0.4946875 0.021153846153846155 0.029375000000000002 0.03461538461538462
0 0.7425 0.7165384615384616 0.0325 0.03
0 0.256875 0.8815384615384615 0.03625 0.06153846153846154
0 0.683125 0.1396153846153846 0.02375 0.025384615384615384
0 0.276875 0.9615384615384616 0.03875 0.07538461538461538
0 0.963125 0.4076923076923077 0.0225 0.026153846153846153
0 0.936875 0.9857692307692307 0.0525 0.026923076923076925
0 0.9865625 0.035 0.025625000000000002 0.07
0 0.8165625 0.7146153846153847 0.030625 0.027692307692307693
0 0.8065625000000001 0.01653846153846154 0.038125 0.03307692307692308
0 0.9868750000000001 0.36653846153846154 0.025 0.036153846153846154
0 0.0890625 0.9115384615384615 0.048125 0.08153846153846153
0 0.8981250000000001 0.5046153846153846 0.0225 0.02923076923076923
0 0.5921875 0.9838461538461538 0.036875 0.03076923076923077
0 0.9584375 0.7161538461538461 0.081875 0.09538461538461539
0 0.435625 0.013846153846153847 0.04875 0.027692307692307693
0 0.88375 0.7169230769230769 0.043750000000000004 0.03076923076923077
0 0.05625 0.011538461538461539 0.0375 0.023076923076923078
0 0.0234375 0.10038461538461538 0.046875 0.0823076923076923
0 0.1371875 0.9161538461538462 0.026875 0.026153846153846153
0 0.6690625 0.013846153846153847 0.033125 0.027692307692307693
0 0.64375 0.9888461538461538 0.045 0.02076923076923077
0 0.568125 0.006923076923076923 0.0575 0.013846153846153847
0 0.1434375 0.036153846153846154 0.059375000000000004 0.07230769230769231
0 0.98 0.945 0.03875 0.10846153846153846
0 0.0115625 0.8707692307692307 0.023125 0.09692307692307692
0 0.0240625 0.28923076923076924 0.048125 0.05846153846153846
0 0.87375 0.44576923076923075 0.0225 0.019230769230769232
0 0.9209375 0.0057692307692307696 0.026875 0.011538461538461539
0 0.57375 0.006923076923076923 0.06875 0.013846153846153847
0 0.15875 0.014615384615384615 0.02875 0.02923076923076923
0 0.0990625 0.9923076923076923 0.016875 0.013846153846153847
0 0.87125 0.36538461538461536 0.01625 0.016923076923076923
0 0.6834375 0.07653846153846154 0.021875000000000002 0.057692307692307696
0 0.073125 0.5573076923076923 0.14625 0.2623076923076923
0 0.7275 0.07423076923076923 0.0525 0.04846153846153846
0 0.7125 0.11461538461538462 0.02 0.03538461538461538
0 0.729375 0.13923076923076924 0.02375 0.02
0 0.8671875 0.7807692307692308 0.088125 0.10153846153846154
0 0.9815625 0.8646153846153846 0.018125 0.04153846153846154
0 0.951875 0.8519230769230769 0.025 0.036153846153846154
0 0.7065625 0.026153846153846153 0.021875000000000002 0.04923076923076923
