0 0.5471875 0.8273076923076923 0.094375 0.07769230769230769
0 0.769375 0.8073076923076923 0.04625 0.03769230769230769
0 0.5465625000000001 0.115 0.138125 0.10538461538461538
0 0.59125 0.395 0.02875 0.04384615384615385
0 0.4425 0.07576923076923077 0.085 0.08538461538461538
0 0.918125 0.7142307692307692 0.08875 0.12230769230769231
0 0.5640625 0.94 0.026875 0.052307692307692305
0 0.1365625 0.018846153846153846 0.034375 0.03769230769230769
0 0.023125 0.965 0.04625 0.05153846153846154
0 0.3765625 0.046153846153846156 0.148125 0.09230769230769231
0 0.515 0.022692307692307692 0.04 0.045384615384615384
0 0.7278125 0.02576923076923077 0.096875 0.05153846153846154
0 0.789375 0.8530769230769231 0.03375 0.03230769230769231
0 0.6843750000000001 0.4815384615384615 0.03375 0.038461538461538464
0 0.038125 0.03923076923076923 0.07625 0.07846153846153846
0 0.9834375000000001 0.7680769230769231 0.031875 0.12230769230769231
0 0.846875 0.3573076923076923 0.045 0.08692307692307692
0 0.620625 0.8384615384615385 0.03875 0.03230769230769231
0 0.711875 0.8242307692307692 0.01875 0.025384615384615384
0 0.4946875 0.9780769230769231 0.029375000000000002 0.03461538461538462
0 0.7425 0.2826923076923077 0.0325 0.03
0 0.256875 0.1176923076923077 0.03625 0.06153846153846154
0 0.683125 0.8596153846153847 0.02375 0.025384615384615384
0 0.276875 0.03769230769230769 0.03875 0.07538461538461538
0 0.963125 0.5915384615384616 0.0225 0.026153846153846153
0 0.936875 0.013461538461538462 0.0525 0.026923076923076925
0 0.9865625 0.9642307692307692 0.025625000000000002 0.07
0 0.8165625 0.2846153846153846 0.030625 0.027692307692307693
0 0.8065625000000001 0.9826923076923076 0.038125 0.03307692307692308
0 0.9868750000000001 0.6326923076923077 0.025 0.036153846153846154
0 0.0890625 0.0876923076923077 0.048125 0.08153846153846153
0 0.8981250000000001 0.4946153846153846 0.0225 0.02923076923076923
0 0.5921875 0.015384615384615385 0.036875 0.03076923076923077
0 0.9584375 0.28307692307692306 0.081875 0.09538461538461539
0 0.435625 0.9853846153846154 0.04875 0.027692307692307693
0 0.88375 0.2823076923076923 0.043750000000000004 0.03076923076923077
0 0.05625 0.9876923076923076 0.0375 0.023076923076923078
0 0.0234375 0.8988461538461539 0.046875 0.0823076923076923
0 0.1371875 0.08307692307692308 0.026875 0.026153846153846153
0 0.6690625 0.9853846153846154 0.033125 0.027692307692307693
0 0.64375 0.010384615384615384 0.045 0.02076923076923077
0 0.568125 0.9923076923076923 0.0575 0.013846153846153847
0 0.1434375 0.963076923076923 0.059375000000000004 0.07230769230769231
0 0.98 0.05423076923076923 0.03875 0.10846153846153846
0 0.0115625 0.12846153846153846 0.023125 0.09692307692307692
0 0.0240625 0.71 0.048125 0.05846153846153846
0 0.87375 0.5534615384615384 0.0225 0.019230769230769232
0 0.9209375 0.9934615384615385 0.026875 0.011538461538461539
0 0.57375 0.9923076923076923 0.06875 0.013846153846153847
0 0.15875 0.9846153846153847 0.02875 0.02923076923076923
0 0.0990625 0.006923076923076923 0.016875 0.013846153846153847
0 0.87125 0.6338461538461538 0.01625 0.016923076923076923
0 0.6834375 0.9226923076923077 0.021875000000000002 0.057692307692307696
0 0.073125 0.4419230769230769 0.14625 0.2623076923076923
0 0.7275 0.925 0.0525 0.04846153846153846
0 0.7125 0.8846153846153846 0.02 0.03538461538461538
0 0.729375 0.86 0.02375 0.02
0 0.8671875 0.21846153846153846 0.088125 0.10153846153846154
0 0.9815625 0.1346153846153846 0.018125 0.04153846153846154
0 0.951875 0.1473076923076923 0.025 0.036153846153846154
0 0.7065625 0.9730769230769231 0.021875000000000002 0.04923076923076923
