0 0.4463276836158192 0.8156342182890856 0.09362389023405972 0.07571288102261554
0 0.2288135593220339 0.7895771878072764 0.04600484261501211 0.03736479842674533
0 0.4612590799031477 0.12536873156342185 0.13640032284100082 0.1032448377581121
0 0.41162227602905566 0.3952802359882006 0.029055690072639223 0.043264503441494594
0 0.5641646489104116 0.08997050147492626 0.08393866020984665 0.08357915437561456
0 0.08514931396287329 0.6951819075712882 0.08797417271993543 0.11996066863323501
0 0.4277643260694108 0.924778761061947 0.02744148506860371 0.05211406096361849
0 0.8648103309120257 0.04424778761061947 0.03470540758676352 0.03736479842674533
0 0.95682001614205 0.9646017699115045 0.04600484261501211 0.05113077679449361
0 0.629136400322841 0.06293018682399214 0.14608555286521388 0.0904621435594887
0 0.4939467312348668 0.036381514257620456 0.04035512510088781 0.04523107177974435
0 0.2853107344632768 0.033431661750245825 0.09604519774011298 0.05113077679449361
0 0.20863599677158998 0.8333333333333334 0.033091202582728005 0.032448377581120944
0 0.3188054882970137 0.476401179941003 0.03389830508474576 0.038348082595870206
0 0.9608555286521387 0.06686332350049165 0.07506053268765132 0.07669616519174041
0 0.020177562550443905 0.7453294001966568 0.03228410008071025 0.11996066863323501
0 0.162227602905569 0.35103244837758113 0.04519774011299435 0.08456243854473944
0 0.37449556093623887 0.8244837758112095 0.0387409200968523 0.032448377581120944
0 0.28490718321226793 0.808259587020649 0.01937046004842615 0.025565388397246806
0 0.4947538337368846 0.9631268436578172 0.029055690072639223 0.0344149459193707
0 0.2659402744148507 0.2817109144542773 0.033091202582728005 0.03048180924287119
0 0.7445520581113801 0.1361848574237955 0.03631961259079903 0.059980334316617506
0 0.31234866828087166 0.8426745329400197 0.024213075060532687 0.025565388397246806
0 0.7271993543179983 0.05801376597836775 0.0387409200968523 0.07472959685349066
0 0.043583535108958835 0.5747295968534907 0.022598870056497175 0.026548672566371685
0 0.08071025020177562 0.014749262536873158 0.0516545601291364 0.02753195673549656
0 0.0129136400322841 0.9351032448377582 0.0258272800645682 0.0688298918387414
0 0.19330104923325261 0.2812192723697149 0.03147699757869249 0.02753195673549656
0 0.18926553672316385 0.9587020648967552 0.037933817594834544 0.033431661750245825
0 0.019774011299435026 0.6140609636184858 0.02502017756255044 0.036381514257620456
0 0.9100080710250201 0.112094395280236 0.047619047619047616 0.08062930186823992
0 0.1089588377723971 0.48279252704031467 0.022598870056497175 0.029498525073746316
0 0.4184826472962066 0.027040314650934122 0.03631961259079903 0.03048180924287119
0 0.054075867635189664 0.275811209439528 0.08071025020177562 0.09341199606686333
0 0.552865213882163 0.9724680432645035 0.048426150121065374 0.02753195673549656
0 0.1275221953188055 0.27728613569321536 0.043583535108958835 0.03146509341199607
0 0.9241323648103309 0.9857423795476894 0.03712671509281679 0.022615535889872175
0 0.9580306698950767 0.9006882989183874 0.04681194511702986 0.08062930186823992
0 0.8627925746569814 0.10619469026548674 0.02744148506860371 0.025565388397246806
0 0.32405165456012913 0.9655850540806293 0.033091202582728005 0.02753195673549656
0 0.36803874092009686 0.02064896755162242 0.04519774011299435 0.021632251720747297
0 0.42251815980629537 0.9749262536873157 0.05730427764326069 0.014749262536873158
0 0.8389830508474576 0.9596853490658801 0.058918482647296204 0.07079646017699115
0 0.037933817594834544 0.05309734513274337 0.0387409200968523 0.10619469026548674
0 0.9850686037126715 0.15388397246804328 0.02340597255851493 0.09537856440511308
0 0.9612590799031476 0.7173058013765978 0.048426150121065374 0.05801376597836775
0 0.13196125907990314 0.5408062930186824 0.02340597255851493 0.019665683382497544
0 0.07707828894269572 0.9655850540806293 0.026634382566585957 0.011799410029498525
0 0.41727199354317995 0.9749262536873157 0.06779661016949153 0.014749262536873158
0 0.8240516545601291 0.97984267453294 0.029055690072639223 0.028515240904621438
0 0.9015334947538337 0.033431661750245825 0.017756255044390636 0.01376597836774828
0 0.1327683615819209 0.6184857423795477 0.01694915254237288 0.017699115044247787
0 0.311138014527845 0.9041297935103245 0.021791767554479417 0.056047197640118
0 0.9184826472962065 0.456243854473943 0.14366424535916061 0.2556538839724681
0 0.2683615819209039 0.9051130776794494 0.052461662631154156 0.04818092428711898
0 0.2836965294592413 0.8667649950835792 0.020177562550443905 0.0344149459193707
0 0.26755447941888616 0.8421828908554573 0.02340597255851493 0.02064896755162242
0 0.14527845036319612 0.21583087512291052 0.08716707021791767 0.0993117010816126
0 0.035108958837772396 0.13176007866273354 0.018563357546408393 0.04129793510324484
0 0.06376109765940274 0.14454277286135694 0.0258272800645682 0.035398230088495575
0 0.2877320419693301 0.952802359882006 0.021791767554479417 0.049164208456243856
