0 0.11438679245283019 0.296455938697318 0.08411949685534592 0.11206896551724137
0 0.44654088050314467 0.8548850574712643 0.13050314465408805 0.09482758620689655
0 0.44221698113207547 0.036398467432950186 0.05581761006289308 0.047892720306513405
0 0.22169811320754718 0.043103448275862065 0.04402515723270441 0.05172413793103448
0 0.5416666666666667 0.8936781609195402 0.07861635220125787 0.07854406130268199
0 0.4614779874213837 0.203544061302682 0.07075471698113207 0.07567049808429119
0 0.44339622641509435 0.09913793103448275 0.026729559748427674 0.043103448275862065
0 0.4720911949685535 0.9506704980842912 0.03537735849056604 0.06226053639846743
0 0.2531446540880503 0.21599616858237547 0.04088050314465409 0.035440613026819924
0 0.23309748427672958 0.17241379310344826 0.03380503144654088 0.03065134099616858
0 0.8215408805031447 0.06369731800766283 0.029874213836477988 0.03160919540229885
0 0.5090408805031447 0.06752873563218391 0.027515723270440252 0.03160919540229885
0 0.9481132075471699 0.08955938697318007 0.04874213836477988 0.045019157088122604
0 0.04088050314465409 0.05651340996168582 0.045597484276729564 0.07854406130268199
0 0.24882075471698115 0.9473180076628352 0.04638364779874214 0.05938697318007662
0 0.3867924528301887 0.9592911877394635 0.1069182389937107 0.045019157088122604
0 0.12696540880503146 0.49808429118773945 0.022798742138364782 0.03065134099616858
0 0.6025943396226415 0.9348659003831418 0.14072327044025157 0.1053639846743295
0 0.279874213836478 0.12356321839080459 0.07547169811320756 0.07662835249042145
0 0.9457547169811321 0.14511494252873564 0.04245283018867925 0.06609195402298851
0 0.389937106918239 0.18821839080459768 0.03773584905660378 0.035440613026819924
0 0.07861635220125787 0.6920498084291188 0.050314465408805034 0.0871647509578544
0 0.8867924528301887 0.9113984674329502 0.10062893081761007 0.11015325670498084
0 0.17216981132075473 0.625 0.04245283018867925 0.07950191570881225
0 0.07822327044025158 0.9525862068965517 0.040094339622641514 0.039272030651340994
0 0.040487421383647804 0.2567049808429119 0.05267295597484277 0.13218390804597702
0 0.3321540880503145 0.17193486590038312 0.022798742138364782 0.023946360153256702
0 0.045597484276729564 0.37068965517241376 0.029874213836477988 0.032567049808429116
0 0.3537735849056604 0.02346743295019157 0.026729559748427674 0.027777777777777776
0 0.9186320754716981 0.053639846743295014 0.0479559748427673 0.05172413793103448
0 0.30503144654088055 0.20210727969348657 0.01886792452830189 0.022988505747126436
0 0.06878930817610063 0.4075670498084291 0.022798742138364782 0.02586206896551724
0 0.26808176100628933 0.6973180076628352 0.0330188679245283 0.032567049808429116
0 0.19772012578616352 0.6977969348659003 0.02908805031446541 0.035440613026819924
0 0.3506289308176101 0.05220306513409961 0.025157232704402517 0.03160919540229885
0 0.9575471698113208 0.861111111111111 0.04874213836477988 0.08812260536398467
0 0.6930031446540881 0.9458812260536398 0.03852201257861636 0.08908045977011494
0 0.5640723270440252 0.045019157088122604 0.08569182389937108 0.05747126436781609
0 0.5110062893081762 0.9707854406130267 0.01886792452830189 0.027777777777777776
0 0.1363993710691824 0.6934865900383141 0.04166666666666667 0.028735632183908046
0 0.7161949685534592 0.860632183908046 0.0330188679245283 0.05076628352490421
0 0.33372641509433965 0.11206896551724137 0.019654088050314468 0.04980842911877394
0 0.29284591194968557 0.02586206896551724 0.027515723270440252 0.034482758620689655
0 0.3459119496855346 0.8840996168582375 0.059748427672955975 0.10153256704980843
0 0.9854559748427674 0.14559386973180075 0.022798742138364782 0.12260536398467432
0 0.8266509433962265 0.9636015325670497 0.03380503144654088 0.04597701149425287
0 0.025157232704402517 0.20306513409961685 0.01886792452830189 0.09195402298850575
0 0.8231132075471699 0.8989463601532567 0.0330188679245283 0.02586206896551724
0 0.28891509433962265 0.16762452107279693 0.02437106918238994 0.021072796934865898
0 0.04088050314465409 0.8271072796934865 0.01886792452830189 0.039272030651340994
0 0.01690251572327044 0.585727969348659 0.018081761006289308 0.06417624521072797
0 0.9760220125786164 0.9516283524904214 0.008647798742138365 0.03160919540229885
0 0.3125 0.06609195402298851 0.022798742138364782 0.04980842911877394
0 0.018474842767295597 0.6637931034482758 0.02437106918238994 0.06130268199233716
0 0.8557389937106918 0.9794061302681992 0.03380503144654088 0.033524904214559385
0 0.01218553459119497 0.8544061302681992 0.019654088050314468 0.04980842911877394
0 0.0330188679245283 0.899904214559387 0.06446540880503145 0.14080459770114942
0 0.7908805031446541 0.037835249042145594 0.022012578616352203 0.02969348659003831
0 0.31407232704402516 0.9731800766283525 0.022798742138364782 0.011494252873563218
0 0.13050314465408805 0.7590996168582375 0.050314465408805034 0.08141762452107279
0 0.1843553459119497 0.4674329501915709 0.022798742138364782 0.032567049808429116
0 0.29245283018867924 0.9348659003831418 0.05188679245283019 0.047892720306513405
0 0.3266509433962264 0.5167624521072797 0.030660377358490566 0.03160919540229885
0 0.4099842767295598 0.596743295019157 0.02908805031446541 0.040229885057471264
0 0.9080188679245284 0.5675287356321839 0.16037735849056606 0.23275862068965517
0 0.8415880503144655 0.10392720306513409 0.03537735849056604 0.045019157088122604
0 0.9025157232704403 0.14846743295019157 0.026729559748427674 0.03065134099616858
0 0.0813679245283019 0.5134099616858238 0.014937106918238994 0.026819923371647507
