0 0.13861386138613863 0.7140748031496063 0.08085808580858087 0.10531496062992125
0 0.43316831683168316 0.16830708661417323 0.1254125412541254 0.08858267716535433
0 0.4645214521452145 0.9384842519685039 0.052805280528052806 0.04429133858267716
0 0.2524752475247525 0.9458661417322834 0.0429042904290429 0.049212598425196846
0 0.5231023102310232 0.1264763779527559 0.07590759075907591 0.07381889763779527
0 0.47566006600660066 0.78001968503937 0.06848184818481848 0.0718503937007874
0 0.4628712871287129 0.8794291338582677 0.026402640264026403 0.040354330708661415
0 0.4542079207920792 0.07726377952755906 0.03382838283828383 0.058070866141732284
0 0.2755775577557756 0.781003937007874 0.039603960396039604 0.03248031496062992
0 0.25783828382838286 0.8233267716535433 0.03217821782178218 0.02854330708661417
0 0.8275577557755776 0.8892716535433071 0.028052805280528052 0.03051181102362205
0 0.5272277227722773 0.90501968503937 0.026402640264026403 0.02854330708661417
0 0.9476072607260726 0.8567913385826772 0.04702970297029703 0.04232283464566929
0 0.07879537953795379 0.9443897637795275 0.04372937293729373 0.07381889763779527
0 0.2396864686468647 0.09399606299212598 0.04537953795379538 0.05610236220472441
0 0.3721122112211221 0.07431102362204724 0.10231023102310231 0.04232283464566929
0 0.14232673267326734 0.5241141732283464 0.022277227722772276 0.02854330708661417
0 0.58003300330033 0.08366141732283465 0.1353135313531353 0.10039370078740158
0 0.3048679867986799 0.8666338582677166 0.07178217821782178 0.0718503937007874
0 0.9430693069306931 0.8046259842519685 0.041254125412541254 0.06200787401574803
0 0.4075907590759076 0.7987204724409449 0.036303630363036306 0.03248031496062992
0 0.08745874587458746 0.3449803149606299 0.04950495049504951 0.08169291338582677
0 0.8543729372937294 0.08809055118110236 0.09653465346534654 0.10334645669291338
0 0.18028052805280528 0.4015748031496063 0.04042904290429043 0.07480314960629922
0 0.07590759075907591 0.09990157480314961 0.037953795379537955 0.03641732283464567
0 0.06930693069306931 0.7559055118110236 0.04950495049504951 0.12401574803149606
0 0.3527227722772277 0.8174212598425197 0.022277227722772276 0.022637795275590553
0 0.06930693069306931 0.6491141732283464 0.028052805280528052 0.03051181102362205
0 0.37995049504950495 0.9557086614173228 0.02557755775577558 0.025590551181102362
0 0.9216171617161716 0.8927165354330708 0.04620462046204621 0.049212598425196846
0 0.3254950495049505 0.7913385826771654 0.018976897689768978 0.021653543307086614
0 0.08993399339933994 0.6126968503937008 0.02145214521452145 0.024606299212598423
0 0.26897689768976896 0.327755905511811 0.03135313531353135 0.02952755905511811
0 0.20173267326732675 0.33218503937007876 0.027227722772277228 0.03248031496062992
0 0.3758250825082508 0.9291338582677166 0.02392739273927393 0.02952755905511811
0 0.9236798679867987 0.13139763779527558 0.04702970297029703 0.08366141732283465
0 0.6662541254125413 0.06742125984251969 0.03712871287128713 0.08366141732283465
0 0.5812706270627063 0.922736220472441 0.08168316831683169 0.054133858267716536
0 0.4900990099009901 0.05511811023622047 0.018151815181518153 0.025590551181102362
0 0.14273927392739275 0.3395669291338583 0.039603960396039604 0.027559055118110236
0 0.6922442244224423 0.14616141732283464 0.03135313531353135 0.04822834645669291
0 0.3572607260726073 0.8740157480314961 0.019801980198019802 0.047244094488188976
0 0.3217821782178218 0.9581692913385826 0.026402640264026403 0.03248031496062992
0 0.3358085808580858 0.14763779527559054 0.057755775577557754 0.09645669291338582
0 0.9814356435643564 0.8021653543307087 0.022277227722772276 0.11614173228346457
0 0.7941419141914191 0.04232283464566929 0.03217821782178218 0.04330708661417323
0 0.05693069306930693 0.8080708661417323 0.018151815181518153 0.08661417322834646
0 0.7933168316831684 0.10383858267716535 0.03217821782178218 0.024606299212598423
0 0.3118811881188119 0.8243110236220472 0.023102310231023104 0.020669291338582675
0 0.04537953795379538 0.2204724409448819 0.018151815181518153 0.03740157480314961
0 0.03259075907590759 0.4483267716535433 0.017326732673267328 0.060039370078740155
0 0.9372937293729373 0.045275590551181105 0.00825082508250825 0.02952755905511811
0 0.3386963696369637 0.9183070866141733 0.022277227722772276 0.047244094488188976
0 0.03052805280528053 0.37450787401574803 0.023102310231023104 0.058070866141732284
0 0.8213696369636964 0.0265748031496063 0.03217821782178218 0.031496062992125984
0 0.0165016501650165 0.19586614173228345 0.019801980198019802 0.047244094488188976
0 0.03506600660066007 0.15206692913385828 0.06188118811881188 0.13287401574803148
0 0.7990924092409241 0.9153543307086615 0.020627062706270627 0.027559055118110236
0 0.3015676567656766 0.06594488188976377 0.022277227722772276 0.011811023622047244
0 0.13448844884488448 0.2785433070866142 0.04785478547854786 0.07677165354330709
0 0.19843234323432343 0.5492125984251969 0.022277227722772276 0.031496062992125984
0 0.2825907590759076 0.10334645669291338 0.05033003300330033 0.045275590551181105
0 0.33292079207920794 0.4940944881889764 0.028877887788778877 0.02952755905511811
0 0.4096534653465347 0.4138779527559055 0.028877887788778877 0.038385826771653545
0 0.889026402640264 0.40994094488188976 0.1542904290429043 0.21948818897637795
0 0.8452970297029703 0.8499015748031495 0.03382838283828383 0.04232283464566929
0 0.9018151815181519 0.8041338582677166 0.026402640264026403 0.02952755905511811
0 0.09777227722772278 0.5127952755905512 0.014026402640264026 0.025590551181102362
