0 0.865919629057187 0.28750000000000003 0.08114374034003091 0.10648148148148148
0 0.5645285935085007 0.8356481481481481 0.12596599690880989 0.08981481481481482
0 0.5397990726429676 0.05694444444444444 0.05332302936630603 0.04537037037037037
0 0.7530911901081916 0.052314814814814814 0.04250386398763524 0.049074074074074076
0 0.47333848531684697 0.8773148148148149 0.07650695517774343 0.075
0 0.526661514683153 0.21712962962962964 0.0687789799072643 0.07314814814814816
0 0.5409582689335394 0.11666666666666667 0.026275115919629055 0.040740740740740744
0 0.5428902627511591 0.9277777777777778 0.033230293663060274 0.05925925925925926
0 0.7287480680061824 0.21805555555555556 0.0401854714064915 0.032407407407407406
0 0.7465224111282843 0.17546296296296296 0.03245749613601236 0.028703703703703703
0 0.17387944358578053 0.10231481481481482 0.027820710973724884 0.030555555555555558
0 0.4760432766615147 0.08981481481481482 0.026275115919629055 0.02962962962962963
0 0.052163833075734155 0.13333333333333333 0.04714064914992272 0.04259259259259259
0 0.9281298299845441 0.05601851851851852 0.04327666151468315 0.075
0 0.758500772797527 0.913425925925926 0.04559505409582689 0.05648148148148149
0 0.625579598145286 0.9319444444444445 0.10278207109737249 0.04166666666666667
0 0.8605100463678516 0.4800925925925926 0.02241112828438949 0.028703703703703703
0 0.41615146831530136 0.9199074074074074 0.13678516228748067 0.10092592592592593
0 0.6993817619783617 0.13148148148148148 0.07264296754250386 0.07222222222222223
0 0.05641421947449768 0.1865740740740741 0.04173106646058732 0.062037037037037036
0 0.5954404945904173 0.19907407407407407 0.03632148377125193 0.03333333333333333
0 0.9142194744976816 0.6615740740740741 0.04945904173106646 0.08240740740740742
0 0.13987635239567234 0.9115740740740741 0.0973724884080371 0.10462962962962963
0 0.821097372488408 0.6027777777777777 0.04095826893353941 0.07592592592592592
0 0.9234930448222566 0.9092592592592593 0.03863987635239567 0.037037037037037035
0 0.9358578052550232 0.24629629629629632 0.05100463678516229 0.12592592592592594
0 0.6510819165378671 0.1800925925925926 0.02241112828438949 0.02314814814814815
0 0.9346986089644513 0.3541666666666667 0.0285935085007728 0.030555555555555558
0 0.624806800618238 0.04027777777777778 0.025502318392581144 0.025
0 0.07882534775888717 0.0976851851851852 0.04636785162287481 0.049074074074074076
0 0.6781298299845441 0.20694444444444446 0.01777434312210201 0.021296296296296296
0 0.9134466769706336 0.3907407407407408 0.021638330757341576 0.024074074074074074
0 0.731066460587326 0.6763888888888889 0.03245749613601236 0.030555555555555558
0 0.7990726429675424 0.6731481481481482 0.027820710973724884 0.03333333333333333
0 0.6286707882534776 0.06759259259259259 0.023956723338485315 0.02962962962962963
0 0.07032457496136012 0.8671296296296297 0.04791344667697063 0.08425925925925926
0 0.32882534775888717 0.9351851851851852 0.03786707882534776 0.08518518518518518
0 0.42194744976816073 0.07175925925925926 0.08191653786707882 0.05462962962962963
0 0.5061823802163833 0.9495370370370371 0.01854714064914992 0.026851851851851852
0 0.8585780525502318 0.6657407407407407 0.0401854714064915 0.02777777777777778
0 0.303323029366306 0.8550925925925926 0.03168469860896445 0.049074074074074076
0 0.6472179289026275 0.12361111111111112 0.019319938176197836 0.04722222222222222
0 0.6835394126738794 0.03888888888888889 0.025502318392581144 0.03333333333333333
0 0.6622874806800618 0.8578703703703704 0.0571870170015456 0.09722222222222222
0 0.018160741885625966 0.18842592592592594 0.02241112828438949 0.1175925925925926
0 0.20015455950540958 0.9587962962962964 0.03245749613601236 0.04351851851851852
0 0.9489953632148377 0.19351851851851853 0.01854714064914992 0.08703703703703704
0 0.2017001545595054 0.8972222222222223 0.03245749613601236 0.024074074074074074
0 0.6924265842349304 0.17407407407407408 0.023183925811437404 0.020370370370370372
0 0.955177743431221 0.788425925925926 0.01854714064914992 0.03796296296296296
0 0.9702472952086553 0.5574074074074075 0.01777434312210201 0.061111111111111116
0 0.05602782071097372 0.9546296296296297 0.008500772797527048 0.02962962962962963
0 0.6657650695517774 0.07824074074074075 0.02241112828438949 0.04722222222222222
0 0.9717928902627512 0.6319444444444444 0.023956723338485315 0.058333333333333334
0 0.1723338485316847 0.9750000000000001 0.03245749613601236 0.031481481481481485
0 0.9841576506955177 0.812962962962963 0.019319938176197836 0.04814814814814815
0 0.9656105100463679 0.8569444444444445 0.062596599690881 0.13425925925925927
0 0.20208655332302936 0.07685185185185185 0.02086553323029366 0.02777777777777778
0 0.69629057187017 0.9412037037037038 0.021638330757341576 0.012037037037037037
0 0.865919629057187 0.7277777777777779 0.04868624420401855 0.07777777777777778
0 0.8040958268933539 0.4537037037037037 0.02241112828438949 0.031481481481481485
0 0.7159969088098918 0.9032407407407408 0.05023183925811437 0.04537037037037037
0 0.6680834621329211 0.5078703703703704 0.030139103554868624 0.028703703703703703
0 0.5900309119010819 0.587962962962963 0.0285935085007728 0.03888888888888889
0 0.10780525502318393 0.5865740740740741 0.1553323029366306 0.2212962962962963
0 0.15571870170015456 0.14166666666666666 0.0347758887171561 0.04259259259259259
0 0.09814528593508501 0.18703703703703706 0.026275115919629055 0.02962962962962963
0 0.9053323029366306 0.4916666666666667 0.013137557959814528 0.02592592592592593
