0 0.8900304414003044 0.6665133394664213 0.08295281582952815 0.10947562097516099
0 0.5323439878234398 0.14857405703771848 0.12861491628614916 0.09291628334866606
0 0.5814307458143074 0.9480220791168353 0.0547945205479452 0.046918123275068994
0 0.7983257229832572 0.9231830726770929 0.0441400304414003 0.05059797608095676
0 0.4360730593607306 0.11867525298988041 0.0776255707762557 0.07727690892364306
0 0.5532724505327244 0.7861085556577737 0.0700152207001522 0.07451701931922723
0 0.5772450532724505 0.8868445262189513 0.02663622526636225 0.04231830726770929
0 0.5015220700152206 0.057037718491260346 0.0350076103500761 0.06071757129714812
0 0.7576103500761034 0.7571297148114076 0.04033485540334855 0.03311867525298988
0 0.7796803652968036 0.7980680772769089 0.03272450532724505 0.03035878564857406
0 0.2070015220700152 0.952161913523459 0.0289193302891933 0.031278748850046
0 0.5140791476407914 0.9231830726770929 0.02663622526636225 0.03035878564857406
0 0.08105022831050228 0.937442502299908 0.04794520547945205 0.04415823367065318
0 0.9752663622526636 0.8951241950321988 0.04490106544901065 0.07727690892364306
0 0.7214611872146118 0.04185832566697332 0.045662100456621 0.05795768169273229
0 0.584855403348554 0.04185832566697332 0.10578386605783865 0.04323827046918123
0 0.8660578386605784 0.47102115915363385 0.0228310502283105 0.029438822447102116
0 0.37404870624048703 0.08325666973321066 0.13926940639269406 0.10395584176632934
0 0.7363013698630136 0.8495860165593376 0.07382039573820395 0.07451701931922723
0 0.07990867579908675 0.8822447102115916 0.0426179604261796 0.06439742410303588
0 0.6248097412480974 0.7953081876724931 0.0365296803652968 0.03403863845446182
0 0.9033485540334855 0.2778288868445262 0.0502283105022831 0.08463661453541858
0 0.09512937595129375 0.1297148114075437 0.0989345509893455 0.10671573137074516
0 0.8146879756468797 0.3509659613615455 0.04185692541856925 0.07819687212511499
0 0.889269406392694 0.023459061637534497 0.03881278538812785 0.03771849126034959
0 0.9649923896499238 0.6996320147194112 0.0517503805175038 0.1297148114075437
0 0.682648401826484 0.8063477460901564 0.0228310502283105 0.022999080036798528
0 0.9535768645357686 0.5892364305427783 0.0289193302891933 0.03219871205151794
0 0.6693302891933028 0.953541858325667 0.02663622526636225 0.02667893284268629
0 0.1111111111111111 0.9701011959521619 0.0471841704718417 0.05059797608095676
0 0.7073820395738204 0.7755289788408464 0.01902587519025875 0.02207911683532659
0 0.9288432267884322 0.5551977920883164 0.02207001522070015 0.02483900643974241
0 0.7165144596651446 0.28794848206071755 0.03272450532724505 0.031278748850046
0 0.7853881278538812 0.2824287028518859 0.0289193302891933 0.034958601655933765
0 0.6708523592085236 0.9245630174793008 0.02359208523592085 0.031278748850046
0 0.0289193302891933 0.18491260349586017 0.0487062404870624 0.08647654093836246
0 0.2838660578386606 0.07957681692732291 0.0380517503805175 0.08739650413983441
0 0.46080669710806693 0.9489420423183073 0.08447488584474885 0.05611775528978841
0 0.46232876712328763 0.040478380864765406 0.01902587519025875 0.027598896044158234
0 0.8462709284627092 0.281048758049678 0.0410958904109589 0.028518859245630173
0 0.2659817351598173 0.16467341306347746 0.03272450532724505 0.04967801287948482
0 0.6841704718417047 0.8652253909843606 0.0197869101978691 0.04875804967801288
0 0.7290715372907153 0.9461821527138914 0.0273972602739726 0.03403863845446182
0 0.6293759512937595 0.11177552897884084 0.0593607305936073 0.10027598896044158
0 0.04071537290715373 0.8854645814167433 0.02207001522070015 0.12051517939282429
0 0.15144596651445966 0.07359705611775529 0.0334855403348554 0.04415823367065318
0 0.982876712328767 0.7516099356025759 0.01902587519025875 0.09015639374425023
0 0.158675799086758 0.13661453541858326 0.03272450532724505 0.02483900643974241
0 0.7248858447488584 0.8068077276908924 0.02359208523592085 0.020239190432382703
0 0.932648401826484 0.14305427782888686 0.01902587519025875 0.03955841766329347
0 0.9703196347031963 0.3767249310027599 0.0182648401826484 0.06347746090156393
0 0.005707762557077625 0.09751609935602576 0.00837138508371385 0.031278748850046
0 0.7073820395738204 0.9084636614535418 0.02207001522070015 0.04875804967801288
0 0.9642313546423135 0.3003679852805888 0.0243531202435312 0.05979760809567617
0 0.121765601217656 0.06071757129714812 0.0334855403348554 0.03311867525298988
0 0.9596651445966514 0.11361545538178473 0.0197869101978691 0.04875804967801288
0 0.9364535768645357 0.07083716651333946 0.06316590563165905 0.13799448022079117
0 0.23820395738203956 0.9747010119595216 0.0213089802130898 0.028518859245630173
0 0.6560121765601217 0.022539098436062558 0.0228310502283105 0.011959521619135235
0 0.8481735159817351 0.21665133394664213 0.04946727549467275 0.08003679852805888
0 0.8116438356164383 0.5055197792088316 0.02207001522070015 0.03219871205151794
0 0.6792237442922374 0.05841766329346826 0.05098934550989345 0.046918123275068994
0 0.6689497716894977 0.4696412143514259 0.030441400304414 0.03035878564857406
0 0.5821917808219178 0.3978840846366145 0.0289193302891933 0.03955841766329347
0 0.09360730593607305 0.4668813247470101 0.1582952815829528 0.22723091076356947
0 0.1845509893455099 0.9144434222631095 0.03576864535768645 0.04415823367065318
0 0.12214611872146118 0.8758049678012879 0.02663622526636225 0.029438822447102116
0 0.9101978691019786 0.45262189512419504 0.0136986301369863 0.025758969641214352
