0 0.10187500000000001 0.6965384615384616 0.085 0.11461538461538462
0 0.4525 0.13153846153846155 0.1325 0.09692307692307692
0 0.43093750000000003 0.9753846153846154 0.055625 0.047692307692307694
0 0.2059375 0.9615384615384616 0.044375 0.052307692307692305
0 0.550625 0.09461538461538462 0.08 0.08
0 0.45406250000000004 0.8034615384615384 0.07187500000000001 0.07769230769230769
0 0.43343750000000003 0.9107692307692308 0.026875 0.043076923076923075
0 0.480625 0.033846153846153845 0.035 0.06307692307692307
0 0.241875 0.7842307692307692 0.04125 0.03461538461538462
0 0.22062500000000002 0.8284615384615385 0.03375 0.03076923076923077
0 0.8184375 0.9592307692307692 0.029375000000000002 0.03230769230769231
0 0.4996875 0.9453846153846154 0.026875 0.03076923076923077
0 0.948125 0.9365384615384615 0.04875 0.045384615384615384
0 0.0225 0.9415384615384615 0.045 0.08
0 0.2528125 0.03 0.046875 0.06
0 0.3940625 0.022307692307692306 0.108125 0.04461538461538461
0 0.11937500000000001 0.4896153846153846 0.0225 0.03
0 0.6134375 0.05423076923076923 0.143125 0.10846153846153846
0 0.2671875 0.8803846153846154 0.075625 0.07769230769230769
0 0.9471875000000001 0.8788461538461538 0.043125000000000004 0.06692307692307692
0 0.380625 0.816923076923077 0.0375 0.03538461538461538
0 0.07375 0.28807692307692306 0.051250000000000004 0.08846153846153847
0 0.9034375 0.0876923076923077 0.10187500000000001 0.1123076923076923
0 0.168125 0.36 0.0425 0.08153846153846153
0 0.07875 0.019615384615384614 0.04 0.03923076923076923
0 0.025937500000000002 0.7353846153846154 0.051875000000000004 0.13538461538461538
0 0.32125 0.8319230769230769 0.0225 0.023846153846153847
0 0.0334375 0.6184615384615385 0.029375000000000002 0.03230769230769231
0 0.3403125 0.9857692307692307 0.026875 0.026923076923076925
0 0.9178125 0.9730769230769231 0.048125 0.052307692307692305
0 0.294375 0.8003846153846154 0.01875 0.022307692307692306
0 0.0578125 0.5811538461538461 0.021875000000000002 0.025384615384615384
0 0.2671875 0.28846153846153844 0.033125 0.03230769230769231
0 0.195625 0.28615384615384615 0.02875 0.03538461538461538
0 0.3378125 0.9557692307692308 0.024375 0.031538461538461536
0 0.9740625 0.14192307692307693 0.049375 0.09
0 0.70625 0.045384615384615384 0.03875 0.09076923076923077
0 0.555625 0.97 0.08625000000000001 0.05846153846153846
0 0.520625 0.013846153846153847 0.01875 0.027692307692307693
0 0.1328125 0.28846153846153844 0.041875 0.02923076923076923
0 0.728125 0.13423076923076924 0.0325 0.05153846153846154
0 0.321875 0.8938461538461538 0.02 0.05076923076923077
0 0.2784375 0.9819230769230769 0.026875 0.03461538461538462
0 0.350625 0.09846153846153846 0.06 0.10461538461538461
0 0.9875 0.88 0.0225 0.12615384615384614
0 0.843125 0.031538461538461536 0.03375 0.046153846153846156
0 0.0090625 0.7907692307692308 0.018125 0.09384615384615384
0 0.8378125000000001 0.09807692307692308 0.033125 0.025384615384615384
0 0.2775 0.835 0.02375 0.02076923076923077
0 0.038125 0.14769230769230768 0.01875 0.04
0 0.00875 0.39576923076923076 0.0175 0.06538461538461539
0 0.9946875000000001 0.048846153846153845 0.008125 0.031538461538461536
0 0.299375 0.9407692307692308 0.0225 0.05076923076923077
0 0.011875 0.315 0.02375 0.06230769230769231
0 0.873125 0.01653846153846154 0.03375 0.03307692307692308
0 0.0096875 0.11846153846153847 0.019375 0.05076923076923077
0 0.0321875 0.07230769230769231 0.064375 0.14461538461538462
0 0.786875 0.9846153846153847 0.02125 0.02923076923076923
0 0.32 0.0057692307692307696 0.0225 0.011538461538461539
0 0.1284375 0.22076923076923077 0.050625 0.08307692307692308
0 0.176875 0.5226923076923077 0.0225 0.03307692307692308
0 0.2975 0.04423076923076923 0.0525 0.04846153846153846
0 0.3234375 0.47615384615384615 0.030625 0.03076923076923077
0 0.4103125 0.39653846153846156 0.029375000000000002 0.040769230769230766
0 0.9178125 0.4419230769230769 0.163125 0.23923076923076922
0 0.8403125 0.9180769230769231 0.035625000000000004 0.045384615384615384
0 0.9034375 0.8738461538461538 0.026875 0.03076923076923077
0 0.073125 0.47192307692307695 0.01375 0.026923076923076925
