0 0.12064570943075616 0.2940267765190525 0.08326253186066271 0.1101956745623069
0 0.44265080713678845 0.849124613800206 0.12914188615123195 0.0937178166838311
0 0.44774851316907394 0.043769309989701334 0.05437553101104503 0.04634397528321318
0 0.22939677145284623 0.04634397528321318 0.044180118946474084 0.051493305870236865
0 0.5369583687340697 0.8892893923789907 0.07816482582837724 0.07723995880535531
0 0.4651656754460493 0.20854788877445932 0.07051826677994902 0.07518022657054582
0 0.4485981308411215 0.10556127703398557 0.027187765505522515 0.042224510813594233
0 0.4668649107901444 0.9438722966014418 0.034834324553950725 0.0607621009268795
0 0.25913338997451146 0.2167868177136972 0.04078164825828377 0.03398558187435633
0 0.23959218351741718 0.17404737384140062 0.033984706881903144 0.03089598352214212
0 0.8228547153780799 0.07672502574665294 0.029736618521665252 0.03192584963954686
0 0.5135938827527613 0.07518022657054582 0.026338147833474938 0.03089598352214212
0 0.9477485131690739 0.10453141091658084 0.04842820730671198 0.044284243048403706
0 0.0514018691588785 0.057157569515962924 0.045029736618521665 0.07723995880535531
0 0.2463891248937978 0.937178166838311 0.045879354290569246 0.05767250257466529
0 0.38317757009345793 0.951081359423275 0.10535259133389975 0.044284243048403706
0 0.1312659303313509 0.4927909371781668 0.022939677145284623 0.029866117404737384
0 0.5964316057774002 0.9304840370751802 0.1393372982158029 0.10401647785787847
0 0.28674596431605776 0.12615859938208032 0.07391673746813934 0.07518022657054582
0 0.9447748513169074 0.15911431513903193 0.04248088360237893 0.06488156539649845
0 0.39422259983007646 0.19258496395468588 0.03738317757009346 0.03501544799176107
0 0.08071367884451996 0.6828012358393408 0.05097706032285472 0.08444902162718847
0 0.8780798640611724 0.911946446961895 0.0994052676295667 0.10813594232749742
0 0.1745964316057774 0.6184346035015448 0.041631265930331354 0.07929969104016478
0 0.07774001699235344 0.9392378990731205 0.03993203058623619 0.03913491246138002
0 0.04800339847068819 0.25386199794026776 0.051826677994902294 0.13079299691040164
0 0.3372982158028887 0.1755921730175077 0.022090059473237042 0.02368692070030896
0 0.051826677994902294 0.36611740473738413 0.02888700084961767 0.03192584963954686
0 0.3602378929481733 0.029351184346035016 0.027187765505522515 0.025746652935118432
0 0.91928632115548 0.06797116374871266 0.0475785896346644 0.051493305870236865
0 0.31011045029736617 0.203913491246138 0.01869158878504673 0.02265705458290422
0 0.07476635514018692 0.4026776519052523 0.022090059473237042 0.024716786817713696
0 0.268054375531011 0.6915550978372811 0.03313508920985556 0.03192584963954686
0 0.1988105352591334 0.690010298661174 0.02888700084961767 0.03501544799176107
0 0.3572642310960068 0.05767250257466529 0.02463891248937978 0.03089598352214212
0 0.9485981308411215 0.8635427394438723 0.04842820730671198 0.08753861997940267
0 0.6860662701784197 0.942842430484037 0.038232795242141036 0.08753861997940267
0 0.5688190314358539 0.05406797116374871 0.08411214953271028 0.05664263645726055
0 0.5055225148683092 0.9649845520082388 0.01869158878504673 0.026776519052523172
0 0.13806287170773152 0.6848609680741503 0.041631265930331354 0.028836251287332644
0 0.7102803738317757 0.8594232749742533 0.03228547153780799 0.05046343975283213
0 0.33984706881903143 0.11637487126673532 0.020390824129141887 0.04943357363542739
0 0.30033984706881905 0.03038105046343975 0.026338147833474938 0.03398558187435633
0 0.34324553950722175 0.8764160659114315 0.059473237043330504 0.10092687950566426
0 0.9842820730671198 0.1596292481977343 0.022939677145284623 0.121524201853759
0 0.8181818181818182 0.9629248197734295 0.033984706881903144 0.04531410916580844
0 0.03313508920985556 0.19979402677651906 0.01869158878504673 0.09062821833161688
0 0.8152081563296517 0.8990731204943357 0.03313508920985556 0.024716786817713696
0 0.29481733220050976 0.17044284243048402 0.0237892948173322 0.021627188465499485
0 0.04205607476635514 0.8146240988671473 0.01954120645709431 0.03913491246138002
0 0.020815632965165677 0.5772399588053553 0.01784197111299915 0.06282183316168898
0 0.9655904842820731 0.9531410916580845 0.009345794392523366 0.03192584963954686
0 0.31945624468988953 0.07003089598352213 0.022090059473237042 0.04943357363542739
0 0.021665250637213255 0.6544799176107106 0.02463891248937978 0.0607621009268795
0 0.8470688190314358 0.9783728115345005 0.033984706881903144 0.032955715756951595
0 0.013593882752761258 0.8414006179196705 0.020390824129141887 0.04943357363542739
0 0.033559898045879354 0.8867147270854788 0.0637213254035684 0.1380020597322348
0 0.7931180968564147 0.05046343975283213 0.021240441801189464 0.028836251287332644
0 0.31053525913339 0.9634397528321318 0.022939677145284623 0.01132852729145211
0 0.13169073916737467 0.7497425334706488 0.04927782497875956 0.08032955715756951
0 0.18819031435853867 0.4634397528321318 0.022939677145284623 0.032955715756951595
0 0.2901444350042481 0.9253347064881565 0.051826677994902294 0.04634397528321318
0 0.32795242141036535 0.5144181256436663 0.03058623619371283 0.029866117404737384
0 0.40994052676295667 0.5942327497425335 0.029736618521665252 0.03913491246138002
0 0.903143585386576 0.574150360453141 0.15972812234494477 0.22966014418125644
0 0.8423959218351742 0.11688980432543769 0.034834324553950725 0.044284243048403706
0 0.9022939677145285 0.16168898043254376 0.027187765505522515 0.03089598352214212
0 0.08538657604078165 0.5066941297631308 0.014443500424808835 0.026776519052523172
