0 0.8975 0.6965384615384616 0.085 0.11461538461538462
0 0.546875 0.13153846153846155 0.1325 0.09692307692307692
0 0.5684375 0.9753846153846154 0.055625 0.047692307692307694
0 0.7934375 0.9615384615384616 0.044375 0.052307692307692305
0 0.44875 0.09461538461538462 0.08 0.08
0 0.5453125 0.8034615384615384 0.07187500000000001 0.07769230769230769
0 0.5659375 0.9107692307692308 0.026875 0.043076923076923075
0 0.51875 0.033846153846153845 0.035 0.06307692307692307
0 0.7575000000000001 0.7842307692307692 0.04125 0.03461538461538462
0 0.77875 0.8284615384615385 0.03375 0.03076923076923077
0 0.1809375 0.9592307692307692 0.029375000000000002 0.03230769230769231
0 0.4996875 0.9453846153846154 0.026875 0.03076923076923077
0 0.051250000000000004 0.9365384615384615 0.04875 0.045384615384615384
0 0.9771875 0.9415384615384615 0.045625 0.08
0 0.7465625 0.03 0.046875 0.06
0 0.6053125 0.022307692307692306 0.108125 0.04461538461538461
0 0.88 0.4896153846153846 0.0225 0.03
0 0.3859375 0.05423076923076923 0.143125 0.10846153846153846
0 0.7321875 0.8803846153846154 0.075625 0.07769230769230769
0 0.0521875 0.8788461538461538 0.043125000000000004 0.06692307692307692
0 0.61875 0.816923076923077 0.0375 0.03538461538461538
0 0.925625 0.28807692307692306 0.051250000000000004 0.08846153846153847
0 0.09593750000000001 0.0876923076923077 0.10187500000000001 0.1123076923076923
0 0.83125 0.36 0.0425 0.08153846153846153
0 0.920625 0.019615384615384614 0.04 0.03923076923076923
0 0.97375 0.7353846153846154 0.0525 0.13538461538461538
0 0.678125 0.8319230769230769 0.0225 0.023846153846153847
0 0.9659375 0.6184615384615385 0.029375000000000002 0.03230769230769231
0 0.6590625 0.9857692307692307 0.026875 0.026923076923076925
0 0.0815625 0.9730769230769231 0.048125 0.052307692307692305
0 0.705 0.8003846153846154 0.01875 0.022307692307692306
0 0.9415625 0.5811538461538461 0.021875000000000002 0.025384615384615384
0 0.7321875 0.28846153846153844 0.033125 0.03230769230769231
0 0.80375 0.28615384615384615 0.02875 0.03538461538461538
0 0.6615625 0.9557692307692308 0.024375 0.031538461538461536
0 0.0253125 0.14192307692307693 0.049375 0.09
0 0.293125 0.045384615384615384 0.03875 0.09076923076923077
0 0.44375000000000003 0.97 0.08625000000000001 0.05846153846153846
0 0.47875 0.013846153846153847 0.01875 0.027692307692307693
0 0.8665625 0.28846153846153844 0.041875 0.02923076923076923
0 0.27125 0.13423076923076924 0.0325 0.05153846153846154
0 0.6775 0.8938461538461538 0.02 0.05076923076923077
0 0.7209375 0.9819230769230769 0.026875 0.03461538461538462
0 0.64875 0.09846153846153846 0.06 0.10461538461538461
0 0.011875 0.88 0.0225 0.12615384615384614
0 0.15625 0.031538461538461536 0.03375 0.046153846153846156
0 0.990625 0.7907692307692308 0.01875 0.09384615384615384
0 0.1615625 0.09807692307692308 0.033125 0.025384615384615384
0 0.721875 0.835 0.02375 0.02076923076923077
0 0.96125 0.14769230769230768 0.01875 0.04
0 0.9909375 0.39576923076923076 0.018125 0.06538461538461539
0 0.0046875 0.048846153846153845 0.008125 0.031538461538461536
0 0.7000000000000001 0.9407692307692308 0.0225 0.05076923076923077
0 0.9878125 0.315 0.024375 0.06230769230769231
0 0.12625 0.01653846153846154 0.03375 0.03307692307692308
0 0.99 0.11846153846153847 0.02 0.05076923076923077
0 0.9675 0.07230769230769231 0.065 0.14461538461538462
0 0.2125 0.9846153846153847 0.02125 0.02923076923076923
0 0.6793750000000001 0.0057692307692307696 0.0225 0.011538461538461539
0 0.8709375 0.22076923076923077 0.050625 0.08307692307692308
0 0.8225 0.5226923076923077 0.0225 0.03307692307692308
0 0.701875 0.04423076923076923 0.0525 0.04846153846153846
0 0.6759375 0.47615384615384615 0.030625 0.03076923076923077
0 0.5890625 0.39653846153846156 0.029375000000000002 0.040769230769230766
0 0.0815625 0.4419230769230769 0.163125 0.23923076923076922
0 0.1590625 0.9180769230769231 0.035625000000000004 0.045384615384615384
0 0.09593750000000001 0.8738461538461538 0.026875 0.03076923076923077
0 0.92625 0.47192307692307695 0.01375 0.026923076923076925
