0 0.10187500000000001 0.3026923076923077 0.085 0.11461538461538462
0 0.453125 0.8676923076923077 0.1325 0.09692307692307692
0 0.43125 0.024615384615384615 0.055 0.047692307692307694
0 0.2065625 0.03807692307692308 0.044375 0.05153846153846154
0 0.55125 0.9046153846153846 0.08 0.08
0 0.45406250000000004 0.19653846153846155 0.07187500000000001 0.07769230769230769
0 0.43375 0.08846153846153847 0.02625 0.043076923076923075
0 0.48125 0.9653846153846154 0.035 0.06307692307692307
0 0.2421875 0.2153846153846154 0.041875 0.03538461538461538
0 0.22062500000000002 0.17153846153846153 0.03375 0.03076923076923077
0 0.81875 0.040769230769230766 0.03 0.03230769230769231
0 0.5 0.05384615384615385 0.0275 0.03076923076923077
0 0.948125 0.06307692307692307 0.04875 0.046153846153846156
0 0.0228125 0.057692307692307696 0.045625 0.08
0 0.253125 0.97 0.04625 0.06
0 0.3940625 0.9776923076923076 0.108125 0.04461538461538461
0 0.1196875 0.51 0.021875000000000002 0.02923076923076923
0 0.6140625000000001 0.9457692307692308 0.143125 0.10846153846153846
0 0.2675 0.11923076923076924 0.075 0.07692307692307693
0 0.9475 0.12115384615384615 0.043750000000000004 0.06692307692307692
0 0.38125000000000003 0.18269230769230768 0.0375 0.036153846153846154
0 0.0740625 0.7115384615384616 0.051875000000000004 0.08923076923076922
0 0.9034375 0.911923076923077 0.10187500000000001 0.11307692307692307
0 0.168125 0.6396153846153846 0.0425 0.0823076923076923
0 0.07906250000000001 0.9803846153846154 0.040625 0.03923076923076923
0 0.025937500000000002 0.26461538461538464 0.051875000000000004 0.13538461538461538
0 0.32125 0.16807692307692307 0.0225 0.023846153846153847
0 0.03375 0.38153846153846155 0.02875 0.03230769230769231
0 0.340625 0.01423076923076923 0.0275 0.026923076923076925
0 0.918125 0.02653846153846154 0.0475 0.05153846153846154
0 0.2946875 0.1996153846153846 0.018125 0.022307692307692306
0 0.058125 0.41884615384615387 0.0225 0.025384615384615384
0 0.2675 0.7111538461538461 0.03375 0.031538461538461536
0 0.19593750000000001 0.7138461538461538 0.028125 0.03538461538461538
0 0.338125 0.04384615384615385 0.025 0.03230769230769231
0 0.9740625 0.8580769230769231 0.049375 0.09
0 0.7065625 0.9542307692307692 0.038125 0.09153846153846154
0 0.55625 0.029615384615384616 0.08625000000000001 0.057692307692307696
0 0.520625 0.9861538461538462 0.01875 0.027692307692307693
0 0.133125 0.7115384615384616 0.0425 0.02923076923076923
0 0.7284375 0.8657692307692307 0.033125 0.05153846153846154
0 0.3225 0.10576923076923077 0.02 0.05
0 0.27875 0.01769230769230769 0.02625 0.033846153846153845
0 0.350625 0.9007692307692308 0.06 0.10461538461538461
0 0.9878125 0.11961538461538461 0.021875000000000002 0.12538461538461537
0 0.8434375000000001 0.9676923076923077 0.034375 0.046153846153846156
0 0.009375 0.20846153846153845 0.01875 0.09384615384615384
0 0.838125 0.9019230769230769 0.03375 0.025384615384615384
0 0.2778125 0.165 0.023125 0.02076923076923077
0 0.038125 0.8519230769230769 0.01875 0.03923076923076923
0 0.00875 0.6034615384615385 0.0175 0.06538461538461539
0 0.9946875000000001 0.9507692307692308 0.008125 0.03076923076923077
0 0.2996875 0.05884615384615385 0.023125 0.05153846153846154
0 0.011875 0.6846153846153846 0.02375 0.06307692307692307
0 0.87375 0.9830769230769231 0.03375 0.033846153846153845
0 0.0096875 0.8811538461538462 0.019375 0.05153846153846154
0 0.0321875 0.9276923076923077 0.064375 0.14461538461538462
0 0.7875 0.015 0.02125 0.02846153846153846
0 0.32 0.9938461538461538 0.0225 0.012307692307692308
0 0.12875 0.7788461538461539 0.051250000000000004 0.08384615384615385
0 0.1771875 0.4773076923076923 0.021875000000000002 0.03307692307692308
0 0.2975 0.955 0.0525 0.04846153846153846
0 0.3234375 0.5230769230769231 0.030625 0.03076923076923077
0 0.4103125 0.6026923076923076 0.029375000000000002 0.040769230769230766
0 0.918125 0.5573076923076923 0.16375 0.23923076923076922
0 0.8403125 0.08115384615384616 0.035625000000000004 0.045384615384615384
0 0.9034375 0.12538461538461537 0.026875 0.03076923076923077
0 0.073125 0.5273076923076923 0.01375 0.026923076923076925
