0 0.10250000000000001 0.3026923076923077 0.085 0.11461538461538462
0 0.453125 0.8676923076923077 0.1325 0.09692307692307692
0 0.4315625 0.023846153846153847 0.055625 0.047692307692307694
0 0.2065625 0.03769230769230769 0.044375 0.052307692307692305
0 0.55125 0.9046153846153846 0.08 0.08
0 0.4546875 0.19576923076923078 0.07187500000000001 0.07769230769230769
0 0.4340625 0.08846153846153847 0.026875 0.043076923076923075
0 0.48125 0.9653846153846154 0.035 0.06307692307692307
0 0.2425 0.215 0.04125 0.03461538461538462
0 0.22125 0.17076923076923076 0.03375 0.03076923076923077
0 0.8190625 0.04 0.029375000000000002 0.03230769230769231
0 0.5003125 0.05384615384615385 0.026875 0.03076923076923077
0 0.94875 0.06269230769230769 0.04875 0.045384615384615384
0 0.0228125 0.057692307692307696 0.045625 0.08
0 0.2534375 0.9692307692307692 0.046875 0.06
0 0.3946875 0.9769230769230769 0.108125 0.04461538461538461
0 0.12 0.5096153846153846 0.0225 0.03
0 0.6140625000000001 0.945 0.143125 0.10846153846153846
0 0.2678125 0.11884615384615385 0.075625 0.07769230769230769
0 0.9478125000000001 0.12038461538461538 0.043125000000000004 0.06692307692307692
0 0.38125000000000003 0.1823076923076923 0.0375 0.03538461538461538
0 0.074375 0.7111538461538461 0.051250000000000004 0.08846153846153847
0 0.9040625 0.9115384615384615 0.10187500000000001 0.1123076923076923
0 0.16875 0.6392307692307693 0.0425 0.08153846153846153
0 0.079375 0.9796153846153847 0.04 0.03923076923076923
0 0.02625 0.26384615384615384 0.0525 0.13538461538461538
0 0.321875 0.1673076923076923 0.0225 0.023846153846153847
0 0.0340625 0.38076923076923075 0.029375000000000002 0.03230769230769231
0 0.3409375 0.013461538461538462 0.026875 0.026923076923076925
0 0.9184375 0.026153846153846153 0.048125 0.052307692307692305
0 0.295 0.19884615384615384 0.01875 0.022307692307692306
0 0.0584375 0.41807692307692307 0.021875000000000002 0.025384615384615384
0 0.2678125 0.7107692307692308 0.033125 0.03230769230769231
0 0.19625 0.713076923076923 0.02875 0.03538461538461538
0 0.3384375 0.04346153846153846 0.024375 0.031538461538461536
0 0.9746875 0.8573076923076923 0.049375 0.09
0 0.706875 0.9538461538461539 0.03875 0.09076923076923077
0 0.55625 0.02923076923076923 0.08625000000000001 0.05846153846153846
0 0.52125 0.9853846153846154 0.01875 0.027692307692307693
0 0.13343750000000001 0.7107692307692308 0.041875 0.02923076923076923
0 0.72875 0.865 0.0325 0.05153846153846154
0 0.3225 0.10538461538461538 0.02 0.05076923076923077
0 0.2790625 0.01730769230769231 0.026875 0.03461538461538462
0 0.35125 0.9007692307692308 0.06 0.10461538461538461
0 0.988125 0.11923076923076924 0.0225 0.12615384615384614
0 0.84375 0.9676923076923077 0.03375 0.046153846153846156
0 0.009375 0.20846153846153845 0.01875 0.09384615384615384
0 0.8384375000000001 0.9011538461538462 0.033125 0.025384615384615384
0 0.278125 0.16423076923076924 0.02375 0.02076923076923077
0 0.03875 0.8515384615384616 0.01875 0.04
0 0.0090625 0.6034615384615385 0.018125 0.06538461538461539
0 0.9953125 0.9503846153846154 0.008125 0.031538461538461536
0 0.3 0.05846153846153846 0.0225 0.05076923076923077
0 0.0121875 0.6842307692307692 0.024375 0.06230769230769231
0 0.87375 0.9826923076923076 0.03375 0.03307692307692308
0 0.01 0.8807692307692307 0.02 0.05076923076923077
0 0.0325 0.926923076923077 0.065 0.14461538461538462
0 0.7875 0.014615384615384615 0.02125 0.02923076923076923
0 0.320625 0.9934615384615385 0.0225 0.011538461538461539
0 0.1290625 0.7784615384615384 0.050625 0.08307692307692308
0 0.1775 0.4765384615384615 0.0225 0.03307692307692308
0 0.2975 0.955 0.0525 0.04846153846153846
0 0.3234375 0.5230769230769231 0.030625 0.03076923076923077
0 0.4103125 0.6026923076923076 0.029375000000000002 0.040769230769230766
0 0.918125 0.5573076923076923 0.16375 0.23923076923076922
0 0.8403125 0.08115384615384616 0.035625000000000004 0.045384615384615384
0 0.9034375 0.12538461538461537 0.026875 0.03076923076923077
0 0.073125 0.5273076923076923 0.01375 0.026923076923076925
