0 0.8748994368463394 0.29223300970873783 0.082864038616251 0.1087378640776699
0 0.5595333869670153 0.8451456310679611 0.12791633145615447 0.09223300970873786
0 0.5478680611423974 0.04854368932038835 0.05470635559131134 0.04660194174757282
0 0.7642799678197908 0.04854368932038835 0.04344328238133548 0.05048543689320388
0 0.46661303298471435 0.8849514563106796 0.07723250201126307 0.07669902912621358
0 0.5321802091713596 0.2116504854368932 0.06999195494770716 0.07378640776699029
0 0.5482703137570394 0.10970873786407767 0.02654867256637168 0.040776699029126215
0 0.5362027353177795 0.9388349514563107 0.03459372485921158 0.06019417475728155
0 0.7369267900241351 0.21796116504854368 0.04022526146419952 0.03398058252427184
0 0.7558326629123089 0.17524271844660194 0.0329847144006436 0.030097087378640777
0 0.17618664521319388 0.08592233009708737 0.02896218825422365 0.03203883495145631
0 0.4831053901850362 0.08106796116504854 0.02654867256637168 0.030097087378640777
0 0.052695092518101366 0.11504854368932038 0.04746580852775543 0.043689320388349516
0 0.9420756234915526 0.05728155339805825 0.04505229283990346 0.07572815533980583
0 0.7550281576830249 0.929126213592233 0.045856798069187445 0.058252427184466014
0 0.6198712791633145 0.9446601941747572 0.10539018503620273 0.04271844660194175
0 0.8656476267095735 0.48834951456310677 0.02252614641995173 0.029126213592233007
0 0.4078841512469831 0.9271844660194174 0.13837489943684633 0.1029126213592233
0 0.7087691069991955 0.12864077669902912 0.0740144810941271 0.07475728155339806
0 0.05551086082059533 0.16893203883495145 0.041834271922767494 0.06407766990291262
0 0.6025744167337087 0.19514563106796115 0.03700724054706355 0.03495145631067961
0 0.917538213998391 0.6757281553398058 0.05068382944489139 0.08349514563106795
0 0.12791633145615447 0.9116504854368932 0.09814963797264682 0.10679611650485436
0 0.8238133547868061 0.6135922330097087 0.041834271922767494 0.07766990291262135
0 0.9231697506033789 0.9286407766990291 0.039420756234915526 0.037864077669902914
0 0.9465004022526146 0.25145631067961166 0.05068382944489139 0.12815533980582525
0 0.658889782783588 0.17766990291262136 0.02252614641995173 0.02330097087378641
0 0.9436846339501206 0.36213592233009706 0.02896218825422365 0.031067961165048542
0 0.6343523732904264 0.03349514563106796 0.02654867256637168 0.026213592233009706
0 0.08004827031375704 0.07864077669902912 0.04746580852775543 0.05048543689320388
0 0.6858407079646017 0.2058252427184466 0.018503620273531775 0.021359223300970873
0 0.9215607401448109 0.3990291262135922 0.02172164119066774 0.02524271844660194
0 0.7316975060337891 0.6864077669902913 0.0329847144006436 0.031067961165048542
0 0.8004827031375703 0.6844660194174756 0.02896218825422365 0.03495145631067961
0 0.6379726468222043 0.0616504854368932 0.02413515687851971 0.030097087378640777
0 0.0579243765084473 0.8650485436893204 0.04827031375703942 0.0854368932038835
0 0.31898632341110217 0.9402912621359223 0.03781174577634754 0.08640776699029126
0 0.42799678197908286 0.061165048543689315 0.08366854384553499 0.05631067961165048
0 0.49879324215607396 0.9592233009708737 0.019308125502815767 0.027184466019417475
0 0.8604183427192276 0.6786407766990291 0.0410297666934835 0.029126213592233007
0 0.2944489139179404 0.8577669902912621 0.03218020917135961 0.04951456310679611
0 0.656074014481094 0.11941747572815534 0.02011263073209976 0.04854368932038835
0 0.6938857602574416 0.03349514563106796 0.02654867256637168 0.03398058252427184
0 0.658487530168946 0.8703883495145631 0.05872888173773129 0.09999999999999999
0 0.016894609814963796 0.1703883495145631 0.02252614641995173 0.11941747572815534
0 0.18785197103781173 0.9611650485436892 0.0329847144006436 0.04466019417475728
0 0.9605792437650844 0.19805825242718444 0.019308125502815767 0.08932038834951456
0 0.1906677393403057 0.8985436893203883 0.03218020917135961 0.024271844660194174
0 0.7007240547063556 0.17233009708737862 0.02413515687851971 0.020388349514563107
0 0.9569589702333064 0.8058252427184466 0.018503620273531775 0.038834951456310676
0 0.9762670957361222 0.5703883495145631 0.018503620273531775 0.06310679611650485
0 0.041834271922767494 0.953883495145631 0.008045052292839902 0.030097087378640777
0 0.6757843925985518 0.07378640776699029 0.02252614641995173 0.04854368932038835
0 0.9758648431214803 0.6470873786407767 0.02413515687851971 0.059223300970873784
0 0.15969428801287208 0.9771844660194174 0.0329847144006436 0.03203883495145631
0 0.9859211584875301 0.8320388349514563 0.02011263073209976 0.04854368932038835
0 0.9658085277554304 0.8766990291262136 0.06355591311343524 0.1378640776699029
0 0.20555108608205952 0.06019417475728155 0.02172164119066774 0.029126213592233007
0 0.6918744971842317 0.9558252427184466 0.02252614641995173 0.01262135922330097
0 0.8676588897827835 0.7422330097087378 0.04907481898632341 0.07864077669902912
0 0.8093322606596942 0.46067961165048543 0.02252614641995173 0.03203883495145631
0 0.7119871279163315 0.9174757281553397 0.05148833467417538 0.04660194174757282
0 0.6705551086082059 0.5121359223300971 0.02976669348350764 0.030097087378640777
0 0.5905068382944488 0.5922330097087378 0.02896218825422365 0.038834951456310676
0 0.10056315366049878 0.5786407766990291 0.1576830249396621 0.22718446601941747
0 0.1568785197103781 0.12572815533980583 0.035398230088495575 0.043689320388349516
0 0.09774738535800483 0.170873786407767 0.02654867256637168 0.029126213592233007
0 0.911102172164119 0.5024271844660194 0.013676588897827835 0.026213592233009706
