0 0.8861821086261981 0.2964946445959104 0.08386581469648562 0.11197663096397274
0 0.5519169329073482 0.8558909444985394 0.13099041533546324 0.09542356377799416
0 0.5579073482428115 0.034079844206426485 0.055111821086261975 0.04673807205452775
0 0.779552715654952 0.04138266796494645 0.04472843450479233 0.05160662122687439
0 0.45607028753993606 0.894352482960078 0.07987220447284345 0.07887049659201559
0 0.5383386581469648 0.2020447906523856 0.0718849840255591 0.07692307692307693
0 0.5567092651757188 0.09688412852969816 0.027156549520766772 0.043816942551119765
0 0.5255591054313099 0.9513145082765336 0.03514376996805112 0.062317429406037
0 0.7472044728434505 0.21518987341772153 0.04073482428115016 0.035053554040895815
0 0.7671725239616614 0.17137293086660177 0.034345047923322686 0.0311587147030185
0 0.17771565495207667 0.059883154819863685 0.029552715654952075 0.03213242453748783
0 0.4912140575079872 0.065238558909445 0.027156549520766772 0.0311587147030185
0 0.05071884984025559 0.08519961051606621 0.0487220447284345 0.045764362220058426
0 0.9604632587859424 0.05598831548198637 0.04552715654952076 0.07887049659201559
0 0.7496006389776357 0.9488802336903603 0.04712460063897764 0.05939629990262902
0 0.6110223642172524 0.9605647517039922 0.10702875399361023 0.043816942551119765
0 0.8726038338658146 0.49805258033106137 0.0231629392971246 0.030185004868549175
0 0.39496805111821087 0.9352482960077897 0.1413738019169329 0.10613437195715678
0 0.7204472843450479 0.12220058422590069 0.07507987220447285 0.07692307692307693
0 0.052715654952076675 0.14118792599805258 0.04313099041533546 0.06621226874391431
0 0.6106230031948882 0.186952288218111 0.037539936102236424 0.035053554040895815
0 0.9209265175718849 0.6932814021421616 0.051118210862619806 0.08763388510223953
0 0.10942492012779552 0.9099318403115871 0.10063897763578275 0.11002921129503408
0 0.8270766773162939 0.6256085686465434 0.042332268370607024 0.08081791626095423
0 0.9209265175718849 0.9547224926971762 0.039936102236421724 0.03992210321324245
0 0.9604632587859424 0.25705939629990265 0.05191693290734824 0.13242453748782862
0 0.6681309904153354 0.17088607594936708 0.0231629392971246 0.024342745861733205
0 0.9548722044728434 0.3704965920155794 0.029552715654952075 0.03213242453748783
0 0.646964856230032 0.02142161635832522 0.027156549520766772 0.027263875365141188
0 0.07987220447284345 0.049172346640701074 0.04792332268370607 0.05160662122687439
0 0.6956869009584664 0.20058422590068162 0.019169329073482427 0.023369036027263874
0 0.9313099041533546 0.4079844206426485 0.022364217252396165 0.02531645569620253
0 0.7308306709265175 0.6981499513145083 0.03354632587859425 0.033106134371957155
0 0.801517571884984 0.6981499513145083 0.029552715654952075 0.035053554040895815
0 0.6497603833865815 0.05063291139240506 0.02476038338658147 0.0311587147030185
0 0.039137380191693286 0.8592989289191821 0.04952076677316294 0.08860759493670886
0 0.3039137380191693 0.9464459591041869 0.039137380191693286 0.08958130477117819
0 0.435702875399361 0.04235637779941578 0.08546325878594249 0.05744888023369036
0 0.48722044728434505 0.9722492697176242 0.019169329073482427 0.028237585199610518
0 0.8630191693290734 0.694255111976631 0.042332268370607024 0.029211295034079845
0 0.2807507987220447 0.8602726387536515 0.03274760383386581 0.05160662122687439
0 0.6665335463258786 0.11051606621226875 0.019968051118210862 0.04965920155793574
0 0.7076677316293929 0.023369036027263874 0.027156549520766772 0.035053554040895815
0 0.6521565495207667 0.8851022395326194 0.05990415335463259 0.10321324245374879
0 0.013178913738019169 0.14167478091528726 0.0231629392971246 0.12366114897760468
0 0.16972843450479233 0.9634858812074002 0.034345047923322686 0.045764362220058426
0 0.9760383386581469 0.20253164556962025 0.019169329073482427 0.09152872444011685
0 0.1737220447284345 0.8982473222979552 0.03274760383386581 0.02629016553067186
0 0.7112619808306709 0.1665043816942551 0.02476038338658147 0.02142161635832522
0 0.9584664536741214 0.8291139240506329 0.019169329073482427 0.03992210321324245
0 0.9836261980830671 0.5871470301850049 0.018370607028753993 0.06426484907497566
0 0.02036741214057508 0.9503407984420643 0.00878594249201278 0.0311587147030185
0 0.6880990415335463 0.06426484907497566 0.0231629392971246 0.05063291139240506
0 0.9820287539936102 0.6655306718597858 0.02476038338658147 0.06134371957156767
0 0.14057507987220447 0.9785783836416748 0.03354632587859425 0.033106134371957155
0 0.987220447284345 0.8568646543330088 0.020766773162939296 0.05063291139240506
0 0.9660543130990414 0.9021421616358326 0.06469648562300319 0.14118792599805258
0 0.20806709265175719 0.034079844206426485 0.02156549520766773 0.029211295034079845
0 0.6841054313099041 0.9746835443037976 0.0231629392971246 0.011684518013631937
0 0.8686102236421724 0.7604673807205453 0.050319488817891375 0.08179162609542356
0 0.8158945686900958 0.4673807205452775 0.0231629392971246 0.033106134371957155
0 0.7056709265175719 0.936222005842259 0.05191693290734824 0.04771178188899708
0 0.672923322683706 0.5165530671859786 0.031150159744408944 0.030185004868549175
0 0.5890575079872205 0.5963972736124635 0.029552715654952075 0.03992210321324245
0 0.08945686900958466 0.5657254138266796 0.16134185303514376 0.23369036027263876
0 0.15694888178913738 0.10029211295034081 0.03594249201277955 0.044790652385589096
0 0.09584664536741214 0.1450827653359299 0.027156549520766772 0.0311587147030185
0 0.9185303514376997 0.5141187925998053 0.01437699680511182 0.027263875365141188
