0 0.1415165165165165 0.712432915921288 0.08033033033033032 0.10465116279069768
0 0.43318318318318316 0.1686046511627907 0.12462462462462462 0.0885509838998211
0 0.46734234234234234 0.9338103756708408 0.0533033033033033 0.044722719141323794
0 0.256006006006006 0.9427549194991055 0.04204204204204204 0.04830053667262969
0 0.5221471471471472 0.1252236135957066 0.07582582582582582 0.07334525939177101
0 0.47785285285285284 0.776386404293381 0.06831831831831832 0.07155635062611806
0 0.46546546546546547 0.8752236135957067 0.025525525525525526 0.04025044722719141
0 0.4527027027027027 0.07737030411449017 0.03303303303303303 0.05813953488372093
0 0.27815315315315314 0.7790697674418605 0.03978978978978979 0.03220035778175313
0 0.2608858858858859 0.8211091234347049 0.03228228228228228 0.028622540250447227
0 0.8284534534534534 0.8823792486583184 0.027777777777777776 0.029516994633273702
0 0.5296546546546547 0.9002683363148479 0.026276276276276277 0.029516994633273702
0 0.9481981981981982 0.8492844364937389 0.046546546546546545 0.04203935599284436
0 0.08333333333333333 0.9418604651162791 0.04354354354354354 0.07334525939177101
0 0.23948948948948948 0.09525939177101968 0.04504504504504504 0.05456171735241503
0 0.37124624624624625 0.07513416815742398 0.10135135135135136 0.04114490161001789
0 0.14451951951951952 0.5237030411449016 0.02177177177177177 0.027728085867620753
0 0.5784534534534534 0.08273703041144902 0.13438438438438438 0.09928443649373882
0 0.30818318318318316 0.8635957066189625 0.07132132132132132 0.0706618962432916
0 0.9436936936936937 0.7974060822898033 0.04054054054054054 0.061717352415026835
0 0.4099099099099099 0.7956171735241503 0.036036036036036036 0.03309481216457961
0 0.08896396396396396 0.34570661896243293 0.048798798798798795 0.08139534883720931
0 0.8513513513513513 0.08586762075134169 0.0960960960960961 0.10196779964221825
0 0.18168168168168167 0.4020572450805009 0.04054054054054054 0.0742397137745975
0 0.0762012012012012 0.10241502683363149 0.038288288288288286 0.03667262969588551
0 0.07282282282282282 0.7549194991055456 0.04954954954954955 0.12343470483005367
0 0.3554804804804805 0.8144007155635062 0.02177177177177177 0.022361359570661897
0 0.07282282282282282 0.648479427549195 0.028528528528528527 0.03041144901610018
0 0.38325825825825827 0.9516994633273703 0.026276276276276277 0.025044722719141325
0 0.9222972972972973 0.8855098389982111 0.0457957957957958 0.04830053667262969
0 0.32845345345345345 0.7884615384615384 0.01876876876876877 0.020572450805008944
0 0.09309309309309309 0.6127012522361359 0.02102102102102102 0.023255813953488372
0 0.2695195195195195 0.3278175313059034 0.03153153153153153 0.029516994633273702
0 0.20270270270270271 0.33228980322003576 0.02702702702702703 0.03309481216457961
0 0.37875375375375375 0.9253130590339893 0.023273273273273273 0.029516994633273702
0 0.9211711711711712 0.12790697674418605 0.046546546546546545 0.08228980322003578
0 0.6644144144144144 0.06618962432915922 0.03753753753753754 0.08228980322003578
0 0.5833333333333334 0.9168157423971377 0.08108108108108109 0.05366726296958855
0 0.48873873873873874 0.055008944543828264 0.018018018018018018 0.0259391771019678
0 0.14414414414414414 0.3407871198568873 0.04054054054054054 0.026833631484794274
0 0.6906906906906907 0.14445438282647585 0.03153153153153153 0.04740608228980322
0 0.36036036036036034 0.870304114490161 0.01951951951951952 0.046511627906976744
0 0.32507507507507505 0.9543828264758497 0.025525525525525526 0.03220035778175313
0 0.3355855855855856 0.14803220035778175 0.057057057057057055 0.09570661896243292
0 0.9816066066066066 0.7947227191413238 0.02177177177177177 0.11538461538461539
0 0.7916666666666666 0.040697674418604654 0.03228228228228228 0.04203935599284436
0 0.06081081081081081 0.8067978533094812 0.018018018018018018 0.08586762075134169
0 0.7909159159159159 0.10152057245080501 0.03228228228228228 0.024150268336314847
0 0.31493993993993996 0.8211091234347049 0.023273273273273273 0.01967799642218247
0 0.046546546546546545 0.22227191413237926 0.018018018018018018 0.03667262969588551
0 0.03490990990990991 0.44946332737030414 0.017267267267267267 0.05992844364937388
0 0.9343093093093093 0.04159212880143113 0.008258258258258258 0.029516994633273702
0 0.341966966966967 0.9150268336314848 0.02177177177177177 0.046511627906976744
0 0.03265765765765766 0.37656529516994636 0.023273273273273273 0.057245080500894455
0 0.8186936936936937 0.024150268336314847 0.03228228228228228 0.03041144901610018
0 0.018018018018018018 0.19856887298747763 0.01951951951951952 0.046511627906976744
0 0.036036036036036036 0.1542933810375671 0.06156156156156156 0.13148479427549195
0 0.8006756756756757 0.9083184257602862 0.02027027027027027 0.027728085867620753
0 0.30067567567567566 0.06708407871198568 0.02177177177177177 0.010733452593917711
0 0.13588588588588588 0.27951699463327373 0.04804804804804805 0.07602862254025045
0 0.20082582582582584 0.5483005366726297 0.02177177177177177 0.03041144901610018
0 0.2819069069069069 0.10465116279069768 0.0503003003003003 0.044722719141323794
0 0.33445945945945943 0.4928443649373882 0.02927927927927928 0.028622540250447227
0 0.4102852852852853 0.41234347048300535 0.027777777777777776 0.03756708407871199
0 0.8877627627627628 0.4056350626118068 0.1539039039039039 0.21735241502683364
0 0.846096096096096 0.84391771019678 0.03453453453453453 0.04203935599284436
0 0.902027027027027 0.7978533094812165 0.026276276276276277 0.028622540250447227
0 0.09984984984984985 0.5125223613595706 0.013513513513513514 0.025044722719141325
