0 0.5453125 0.8396153846153847 0.068125 0.06846153846153846
0 0.8384375000000001 0.9792307692307692 0.038125 0.04
0 0.4475 0.14461538461538462 0.0375 0.052307692307692305
0 0.9500000000000001 0.15730769230769232 0.0725 0.10538461538461538
0 0.8896875 0.11076923076923077 0.041875 0.03692307692307692
0 0.0890625 0.9326923076923077 0.064375 0.13307692307692306
0 0.9628125000000001 0.058076923076923075 0.050625 0.11615384615384615
0 0.2434375 0.09576923076923077 0.039375 0.045384615384615384
0 0.4609375 0.8088461538461539 0.114375 0.07615384615384616
0 0.0325 0.3996153846153846 0.0325 0.031538461538461536
0 0.8150000000000001 0.01769230769230769 0.0525 0.03538461538461538
0 0.4659375 0.22538461538461538 0.073125 0.08307692307692308
0 0.77375 0.09230769230769231 0.02375 0.026153846153846153
0 0.03375 0.958076923076923 0.0675 0.0823076923076923
0 0.449375 0.9715384615384616 0.07625 0.055384615384615386
0 0.9415625 0.8815384615384615 0.024375 0.03538461538461538
0 0.0525 0.8415384615384616 0.0575 0.08461538461538462
0 0.3275 0.8903846153846153 0.04625 0.04384615384615385
0 0.15375 0.31384615384615383 0.0725 0.12923076923076923
0 0.49625 0.11153846153846154 0.0225 0.026153846153846153
0 0.7440625 0.04 0.050625 0.08
0 0.0765625 0.11384615384615385 0.049375 0.06615384615384616
0 0.44125000000000003 0.0876923076923077 0.043750000000000004 0.033846153846153845
0 0.745625 0.9646153846153847 0.03625 0.04923076923076923
0 0.17250000000000001 0.5042307692307693 0.01875 0.026923076923076925
0 0.48625 0.8919230769230769 0.03125 0.05307692307692308
0 0.1903125 0.98 0.049375 0.038461538461538464
0 0.3509375 0.5123076923076924 0.025625000000000002 0.03230769230769231
0 0.88875 0.3046153846153846 0.04875 0.08
0 0.309375 0.032692307692307694 0.1125 0.06538461538461539
0 0.21531250000000002 0.6161538461538462 0.035625000000000004 0.06923076923076923
0 0.3021875 0.6761538461538461 0.023125 0.027692307692307693
0 0.4271875 0.9196153846153846 0.063125 0.07
0 0.89125 0.15923076923076923 0.035 0.055384615384615386
0 0.42125 0.5826923076923077 0.02875 0.03461538461538462
0 0.2496875 0.21076923076923076 0.038125 0.024615384615384615
0 0.099375 0.39615384615384613 0.02625 0.02923076923076923
0 0.2078125 0.03884615384615384 0.033125 0.03307692307692308
0 0.5496875 0.07807692307692307 0.083125 0.07615384615384616
0 0.9790625000000001 0.15115384615384617 0.015625 0.01769230769230769
0 0.4921875 0.01846153846153846 0.040625 0.03692307692307692
0 0.91 0.016923076923076923 0.02875 0.033846153846153845
0 0.278125 0.25346153846153846 0.0375 0.03
0 0.285625 0.9353846153846154 0.03875 0.10153846153846154
0 0.7015625 0.8111538461538461 0.026875 0.04384615384615385
0 0.8575 0.0673076923076923 0.04125 0.07153846153846154
0 0.0115625 0.5061538461538462 0.023125 0.06153846153846154
0 0.1184375 0.4276923076923077 0.018125 0.023076923076923078
0 0.3821875 0.9184615384615384 0.036875 0.06153846153846154
0 0.3596875 0.08692307692307692 0.024375 0.05692307692307692
0 0.5315625 0.9576923076923077 0.116875 0.08307692307692308
0 0.8578125 0.8569230769230769 0.081875 0.08153846153846153
0 0.8496875 0.39692307692307693 0.039375 0.04461538461538461
0 0.8034375 0.9003846153846153 0.026875 0.03769230769230769
0 0.8028125 0.8453846153846154 0.021875000000000002 0.021538461538461538
0 0.3184375 0.235 0.019375 0.022307692307692306
0 0.39437500000000003 0.22153846153846155 0.0325 0.03076923076923077
0 0.0203125 0.6019230769230769 0.040625 0.11307692307692307
0 0.37375 0.8453846153846154 0.05375 0.06769230769230769
0 0.343125 0.9592307692307692 0.04625 0.08
0 0.29625 0.16423076923076924 0.065 0.06384615384615384
0 0.9081250000000001 0.8046153846153846 0.03 0.07384615384615384
0 0.043125000000000004 0.5888461538461538 0.08625000000000001 0.1423076923076923
0 0.006875 0.705 0.01375 0.02846153846153846
0 0.333125 0.13038461538461538 0.0375 0.07153846153846154
0 0.05625 0.013846153846153847 0.0625 0.027692307692307693
0 0.9890625000000001 0.8784615384615385 0.020625 0.06769230769230769
0 0.9725 0.36038461538461536 0.05375 0.13153846153846155
0 0.8940625 0.9888461538461538 0.020625 0.02076923076923077
0 0.9796875 0.46384615384615385 0.039375 0.08307692307692308
0 0.8515625 0.52 0.133125 0.16153846153846155
0 0.1046875 0.020384615384615383 0.016875 0.02076923076923077
0 0.666875 0.911923076923077 0.06125 0.13153846153846155
0 0.9659375 0.7673076923076924 0.036875 0.07461538461538461
0 0.9125 0.9546153846153846 0.02125 0.027692307692307693
0 0.3925 0.008846153846153846 0.02125 0.01769230769230769
0 0.23750000000000002 0.6773076923076923 0.025 0.022307692307692306
0 0.5465625000000001 0.38576923076923075 0.024375 0.031538461538461536
0 0.971875 0.9788461538461538 0.055 0.040769230769230766
0 0.6403125000000001 0.9942307692307693 0.028125 0.01
0 0.344375 0.20846153846153845 0.02125 0.023076923076923078
0 0.0165625 0.34307692307692306 0.033125 0.03230769230769231
0 0.07125000000000001 0.5865384615384616 0.03 0.05615384615384615
0 0.235625 0.0038461538461538464 0.025 0.007692307692307693
0 0.5790625 0.0057692307692307696 0.058125 0.011538461538461539
0 0.3046875 0.20461538461538462 0.021875000000000002 0.016923076923076923
0 0.30593750000000003 0.07615384615384616 0.024375 0.03692307692307692
0 0.014687500000000001 0.25653846153846155 0.029375000000000002 0.08692307692307692
0 0.131875 0.6788461538461539 0.05 0.07461538461538461
0 0.1340625 0.9488461538461539 0.056875 0.10076923076923076
0 0.010937500000000001 0.8492307692307692 0.021875000000000002 0.04461538461538461
0 0.13375 0.9946153846153846 0.02375 0.00923076923076923
0 0.9878125 0.8911538461538462 0.023125 0.04230769230769231
0 0.7225 0.9957692307692307 0.015 0.006923076923076923
0 0.0665625 0.24576923076923077 0.026875 0.08076923076923077
0 0.3975 0.025384615384615384 0.03125 0.05076923076923077
0 0.184375 0.6792307692307692 0.035 0.026153846153846153
0 0.2409375 0.9719230769230769 0.024375 0.054615384615384614
0 0.8671875 0.6134615384615385 0.030625 0.05153846153846154
0 0.954375 0.5734615384615385 0.09 0.08692307692307692
0 0.606875 0.9007692307692308 0.09125 0.13384615384615384
0 0.5528125 0.8953846153846153 0.024375 0.052307692307692305
0 0.0809375 0.3007692307692308 0.056875 0.10615384615384615
0 0.010937500000000001 0.7880769230769231 0.021875000000000002 0.05307692307692308
0 0.125 0.791923076923077 0.02125 0.026923076923076925
0 0.1003125 0.8026923076923077 0.015625 0.03307692307692308
