0 0.5377035132819195 0.17083333333333334 0.0676949443016281 0.06666666666666667
0 0.8196229648671809 0.025 0.038560411311053984 0.03958333333333333
0 0.46015424164524427 0.8432291666666667 0.037703513281919454 0.051041666666666666
0 0.9490145672664954 0.8114583333333333 0.07112253641816624 0.10208333333333333
0 0.8916023993144816 0.8588541666666667 0.04198800342759212 0.036458333333333336
0 0.0908311910882605 0.09895833333333333 0.06341045415595545 0.12916666666666665
0 0.9640102827763497 0.90625 0.049700085689802914 0.1125
0 0.26263924592973437 0.8973958333333333 0.038560411311053984 0.04479166666666667
0 0.45629820051413883 0.20364583333333333 0.11225364181662383 0.07395833333333333
0 0.049700085689802914 0.6135416666666667 0.032562125107112254 0.03125
0 0.8213367609254499 0.9510416666666667 0.05227077977720652 0.035416666666666666
0 0.47557840616966585 0.7645833333333333 0.07197943444730077 0.08125
0 0.7789203084832905 0.8807291666666667 0.023993144815766924 0.026041666666666668
0 0.036418166238217656 0.0765625 0.06598114824335904 0.08020833333333333
0 0.44087403598971725 0.04791666666666666 0.07455012853470437 0.05416666666666667
0 0.9224507283633249 0.11562499999999999 0.024850042844901457 0.035416666666666666
0 0.05784061696658098 0.18802083333333333 0.05741216795201371 0.08229166666666667
0 0.32433590402742074 0.13020833333333334 0.04541559554413025 0.04375
0 0.16966580976863754 0.6916666666666667 0.07197943444730077 0.125
0 0.5085689802913453 0.8729166666666667 0.02313624678663239 0.027083333333333334
0 0.7514995715509855 0.9322916666666666 0.049700085689802914 0.07708333333333334
0 0.0998286203941731 0.8864583333333333 0.048843187660668384 0.06458333333333333
0 0.4554413024850043 0.8979166666666667 0.043701799485861184 0.03333333333333333
0 0.7292202227934876 0.042708333333333334 0.03598971722365039 0.04791666666666666
0 0.18337617823479008 0.5072916666666667 0.018851756640959727 0.027083333333333334
0 0.479005998286204 0.12291666666666666 0.03084832904884319 0.052083333333333336
0 0.18808911739503 0.049479166666666664 0.048843187660668384 0.03854166666666667
0 0.35646958011996577 0.49322916666666666 0.02570694087403599 0.03229166666666666
0 0.8856041131105399 0.6723958333333333 0.048843187660668384 0.078125
0 0.3286203941730934 0.9557291666666666 0.11053984575835477 0.06354166666666666
0 0.22193658954584405 0.3984375 0.03598971722365039 0.06770833333333333
0 0.3050556983718938 0.33697916666666666 0.023993144815766924 0.028125
0 0.4203084832904885 0.0984375 0.06255355612682091 0.06770833333333333
0 0.8916023993144816 0.8125 0.03513281919451586 0.05416666666666667
0 0.42330762639245934 0.4223958333333333 0.029134532990574124 0.034375
0 0.2656383890317052 0.7869791666666667 0.037703513281919454 0.02395833333333333
0 0.11439588688946016 0.6145833333333334 0.026563838903170524 0.029166666666666667
0 0.22922022279348758 0.9536458333333333 0.03341902313624679 0.03229166666666666
0 0.5612682090831191 0.903125 0.08226221079691518 0.075
0 0.9772922022279349 0.8161458333333333 0.016281062553556127 0.017708333333333333
0 0.5068551842330763 0.9630208333333333 0.04027420736932305 0.036458333333333336
0 0.9134532990574122 0.9479166666666666 0.029134532990574124 0.03333333333333333
0 0.29220222793487577 0.7447916666666666 0.037703513281919454 0.029166666666666667
0 0.2823479005998286 0.08854166666666667 0.038560411311053984 0.09791666666666667
0 0.6906598114824336 0.1921875 0.027420736932305057 0.042708333333333334
0 0.8611825192802057 0.9015624999999999 0.04113110539845759 0.06979166666666667
0 0.02613538988860326 0.5114583333333333 0.02313624678663239 0.06041666666666667
0 0.13239074550128535 0.5833333333333334 0.017994858611825194 0.022916666666666665
0 0.37660668380462725 0.10104166666666667 0.03684661525278492 0.06041666666666667
0 0.37574978577549273 0.9020833333333333 0.024850042844901457 0.05625
0 0.5209940017137961 0.057812499999999996 0.11482433590402742 0.08020833333333333
0 0.8414738646101114 0.1421875 0.0805484147386461 0.08020833333333333
0 0.8453299057412168 0.5854166666666667 0.038560411311053984 0.04375
0 0.7874892887746359 0.10260416666666666 0.027420736932305057 0.036458333333333336
0 0.7883461868037704 0.15572916666666667 0.02227934875749786 0.021875
0 0.33204798628963156 0.7609375 0.01970865467009426 0.021875
0 0.40616966580976865 0.7708333333333334 0.032562125107112254 0.03125
0 0.032133676092544985 0.4192708333333333 0.04027420736932305 0.109375
0 0.37017994858611825 0.171875 0.05312767780634105 0.06666666666666667
0 0.33761782347900604 0.06302083333333333 0.04627249357326478 0.078125
0 0.3123393316195373 0.8302083333333333 0.06426735218508997 0.0625
0 0.8916023993144816 0.190625 0.029991431019708657 0.07291666666666667
0 0.05526992287917738 0.43124999999999997 0.08483290488431877 0.1375
0 0.016709511568123395 0.3208333333333333 0.014567266495287062 0.029166666666666667
0 0.34918594687232224 0.8609375 0.03684661525278492 0.06979166666666667
0 0.08226221079691518 0.9838541666666667 0.06169665809768638 0.028125
0 0.9687232219365896 0.11666666666666667 0.021422450728363327 0.06666666666666667
0 0.9657240788346187 0.615625 0.05312767780634105 0.12708333333333333
0 0.8736075407026564 0.0140625 0.021422450728363327 0.021875
0 0.9700085689802914 0.515625 0.03941730934018852 0.08125
0 0.844044558697515 0.4666666666666667 0.13024850042844902 0.15625
0 0.1293916023993145 0.9755208333333333 0.01713796058269066 0.021875
0 0.654241645244216 0.096875 0.060839760068551844 0.12708333333333333
0 0.9490145672664954 0.22395833333333334 0.03684661525278492 0.07291666666666667
0 0.8924592973436162 0.04635416666666667 0.021422450728363327 0.028125
0 0.41002570694087404 0.9755208333333333 0.021422450728363327 0.017708333333333333
0 0.2420736932305056 0.3385416666666667 0.024850042844901457 0.022916666666666665
0 0.5505569837189375 0.6072916666666667 0.024850042844901457 0.03125
0 0.9494430162810626 0.020833333333333332 0.054841473864610114 0.03958333333333333
0 0.6259640102827764 0.01875 0.02827763496143959 0.010416666666666666
0 0.3577549271636675 0.7854166666666667 0.021422450728363327 0.022916666666666665
0 0.03556126820908312 0.6682291666666667 0.03341902313624679 0.03229166666666666
0 0.08269065981148244 0.4322916666666667 0.029991431019708657 0.05416666666666667
0 0.2574978577549272 0.9864583333333333 0.024850042844901457 0.008333333333333333
0 0.591688089117395 0.9713541666666666 0.05741216795201371 0.011458333333333333
0 0.31962296486718084 0.790625 0.02227934875749786 0.016666666666666666
0 0.3239074550128535 0.9140625 0.023993144815766924 0.036458333333333336
0 0.03598971722365039 0.7515625 0.029134532990574124 0.084375
0 0.13881748071979436 0.3411458333333333 0.049700085689802914 0.071875
0 0.13453299057412169 0.08125 0.05655526992287918 0.09791666666666667
0 0.01713796058269066 0.18229166666666666 0.02227934875749786 0.04375
0 0.1328191945158526 0.0375 0.023993144815766924 0.010416666666666666
0 0.9670094258783205 0.10416666666666667 0.02313624678663239 0.041666666666666664
0 0.7060839760068552 0.0140625 0.015424164524421595 0.007291666666666667
0 0.08654670094258783 0.7604166666666666 0.027420736932305057 0.07916666666666666
0 0.4143101970865467 0.959375 0.031705227077977724 0.05
0 0.19023136246786634 0.3390625 0.03427592116538132 0.026041666666666668
0 0.23778920308483292 0.05520833333333333 0.024850042844901457 0.05416666666666667
0 0.8568980291345331 0.3765625 0.03084832904884319 0.051041666666666666
0 0.9430162810625536 0.4119791666666667 0.0882604970008569 0.084375
0 0.596401028277635 0.10989583333333333 0.08911739502999144 0.13020833333333334
0 0.5437017994858612 0.1171875 0.024850042844901457 0.051041666666666666
0 0.09940017137960583 0.7067708333333333 0.05655526992287918 0.103125
0 0.018851756640959727 0.240625 0.02227934875749786 0.052083333333333336
0 0.12982005141388175 0.23333333333333334 0.021422450728363327 0.027083333333333334
0 0.10582690659811483 0.22343749999999998 0.016281062553556127 0.03229166666666666
