0 0.5453125 0.1596153846153846 0.068125 0.06846153846153846
0 0.8384375000000001 0.02 0.038125 0.04
0 0.4475 0.8546153846153847 0.0375 0.052307692307692305
0 0.9500000000000001 0.8419230769230769 0.0725 0.10538461538461538
0 0.8896875 0.8884615384615384 0.041875 0.03692307692307692
0 0.0890625 0.06653846153846153 0.064375 0.13307692307692306
0 0.9628125000000001 0.9411538461538461 0.050625 0.11615384615384615
0 0.2434375 0.9034615384615384 0.039375 0.045384615384615384
0 0.4609375 0.19038461538461537 0.114375 0.07615384615384616
0 0.0325 0.5996153846153847 0.0325 0.031538461538461536
0 0.8150000000000001 0.9815384615384616 0.0525 0.03538461538461538
0 0.4659375 0.7738461538461539 0.073125 0.08307692307692308
0 0.77375 0.9069230769230769 0.02375 0.026153846153846153
0 0.03375 0.04115384615384615 0.0675 0.0823076923076923
0 0.449375 0.027692307692307693 0.07625 0.055384615384615386
0 0.9415625 0.1176923076923077 0.024375 0.03538461538461538
0 0.0525 0.1576923076923077 0.0575 0.08461538461538462
0 0.3275 0.10884615384615384 0.04625 0.04384615384615385
0 0.15375 0.6853846153846154 0.0725 0.12923076923076923
0 0.49625 0.8876923076923077 0.0225 0.026153846153846153
0 0.7440625 0.9592307692307692 0.050625 0.08
0 0.0765625 0.8853846153846154 0.049375 0.06615384615384616
0 0.44125000000000003 0.9115384615384615 0.043750000000000004 0.033846153846153845
0 0.745625 0.03461538461538462 0.03625 0.04923076923076923
0 0.17250000000000001 0.495 0.01875 0.026923076923076925
0 0.48625 0.10730769230769231 0.03125 0.05307692307692308
0 0.1903125 0.019230769230769232 0.049375 0.038461538461538464
0 0.3509375 0.4869230769230769 0.025625000000000002 0.03230769230769231
0 0.88875 0.6946153846153846 0.04875 0.08
0 0.309375 0.9665384615384616 0.1125 0.06538461538461539
0 0.21531250000000002 0.3830769230769231 0.035625000000000004 0.06923076923076923
0 0.3021875 0.3230769230769231 0.023125 0.027692307692307693
0 0.4271875 0.07961538461538462 0.063125 0.07
0 0.89125 0.84 0.035 0.055384615384615386
0 0.42125 0.4165384615384615 0.02875 0.03461538461538462
0 0.2496875 0.7884615384615384 0.038125 0.024615384615384615
0 0.099375 0.6030769230769231 0.02625 0.02923076923076923
0 0.2078125 0.9603846153846154 0.033125 0.03307692307692308
0 0.5496875 0.9211538461538461 0.083125 0.07615384615384616
0 0.9790625000000001 0.8480769230769231 0.015625 0.01769230769230769
0 0.4921875 0.9807692307692307 0.040625 0.03692307692307692
0 0.91 0.9823076923076923 0.02875 0.033846153846153845
0 0.278125 0.7457692307692307 0.0375 0.03
0 0.285625 0.06384615384615384 0.03875 0.10153846153846154
0 0.7015625 0.18807692307692309 0.026875 0.04384615384615385
0 0.8575 0.931923076923077 0.04125 0.07153846153846154
0 0.0115625 0.4930769230769231 0.023125 0.06153846153846154
0 0.1184375 0.5715384615384616 0.018125 0.023076923076923078
0 0.3821875 0.08076923076923077 0.036875 0.06153846153846154
0 0.3596875 0.9123076923076923 0.024375 0.05692307692307692
0 0.5315625 0.04153846153846154 0.116875 0.08307692307692308
0 0.8578125 0.1423076923076923 0.081875 0.08153846153846153
0 0.8496875 0.6023076923076923 0.039375 0.04461538461538461
0 0.8034375 0.09884615384615385 0.026875 0.03769230769230769
0 0.8028125 0.15384615384615385 0.021875000000000002 0.021538461538461538
0 0.3184375 0.7642307692307693 0.019375 0.022307692307692306
0 0.39437500000000003 0.7776923076923077 0.0325 0.03076923076923077
0 0.0203125 0.3973076923076923 0.040625 0.11307692307692307
0 0.37375 0.15384615384615385 0.05375 0.06769230769230769
0 0.343125 0.04 0.04625 0.08
0 0.29625 0.835 0.065 0.06384615384615384
0 0.9081250000000001 0.1946153846153846 0.03 0.07384615384615384
0 0.043125000000000004 0.4103846153846154 0.08625000000000001 0.1423076923076923
0 0.006875 0.29423076923076924 0.01375 0.02846153846153846
0 0.333125 0.8688461538461538 0.0375 0.07153846153846154
0 0.05625 0.9853846153846154 0.0625 0.027692307692307693
0 0.9890625000000001 0.12076923076923077 0.020625 0.06769230769230769
0 0.9725 0.6388461538461538 0.05375 0.13153846153846155
0 0.8940625 0.010384615384615384 0.020625 0.02076923076923077
0 0.9796875 0.5353846153846153 0.039375 0.08307692307692308
0 0.8515625 0.47923076923076924 0.133125 0.16153846153846155
0 0.1046875 0.9788461538461538 0.016875 0.02076923076923077
0 0.666875 0.08730769230769231 0.06125 0.13153846153846155
0 0.9659375 0.23192307692307693 0.036875 0.07461538461538461
0 0.9125 0.04461538461538461 0.02125 0.027692307692307693
0 0.3925 0.9903846153846154 0.02125 0.01769230769230769
0 0.23750000000000002 0.3219230769230769 0.025 0.022307692307692306
0 0.5465625000000001 0.6134615384615385 0.024375 0.031538461538461536
0 0.971875 0.020384615384615383 0.055 0.040769230769230766
0 0.6403125000000001 0.005 0.028125 0.01
0 0.344375 0.7907692307692308 0.02125 0.023076923076923078
0 0.0165625 0.6561538461538462 0.033125 0.03230769230769231
0 0.07125000000000001 0.4126923076923077 0.03 0.05615384615384615
0 0.235625 0.9953846153846154 0.025 0.007692307692307693
0 0.5790625 0.9934615384615385 0.058125 0.011538461538461539
0 0.3046875 0.7946153846153846 0.021875000000000002 0.016923076923076923
0 0.30593750000000003 0.9230769230769231 0.024375 0.03692307692307692
0 0.014687500000000001 0.7426923076923077 0.029375000000000002 0.08692307692307692
0 0.131875 0.3203846153846154 0.05 0.07461538461538461
0 0.1340625 0.05038461538461538 0.056875 0.10076923076923076
0 0.010937500000000001 0.15 0.021875000000000002 0.04461538461538461
0 0.13375 0.004615384615384615 0.02375 0.00923076923076923
0 0.9878125 0.10807692307692307 0.023125 0.04230769230769231
0 0.7225 0.0034615384615384616 0.015 0.006923076923076923
0 0.0665625 0.7534615384615385 0.026875 0.08076923076923077
0 0.3975 0.9738461538461538 0.03125 0.05076923076923077
0 0.184375 0.32 0.035 0.026153846153846153
0 0.2409375 0.027307692307692307 0.024375 0.054615384615384614
0 0.8671875 0.38576923076923075 0.030625 0.05153846153846154
0 0.954375 0.4257692307692308 0.09 0.08692307692307692
0 0.606875 0.09846153846153846 0.09125 0.13384615384615384
0 0.5528125 0.10384615384615385 0.024375 0.052307692307692305
0 0.0809375 0.6984615384615385 0.056875 0.10615384615384615
0 0.010937500000000001 0.21115384615384616 0.021875000000000002 0.05307692307692308
0 0.125 0.2073076923076923 0.02125 0.026923076923076925
0 0.1003125 0.19653846153846155 0.015625 0.03307692307692308
