0 0.5543900543900544 0.1841121495327103 0.06604506604506605 0.06542056074766356
0 0.8407148407148407 0.07336448598130842 0.037296037296037296 0.038317757009345796
0 0.43006993006993005 0.8266355140186916 0.03651903651903652 0.049532710280373836
0 0.9106449106449106 0.8476635514018692 0.06993006993006994 0.09906542056074767
0 0.8508158508158508 0.8869158878504674 0.0404040404040404 0.03551401869158879
0 0.12276612276612277 0.06728971962616823 0.06216006216006216 0.1252336448598131
0 0.9184149184149184 0.941588785046729 0.04972804972804973 0.10934579439252337
0 0.2331002331002331 0.8584112149532711 0.03885003885003885 0.04392523364485981
0 0.47241647241647244 0.20700934579439254 0.11033411033411034 0.07196261682242991
0 0.04467754467754468 0.5607476635514019 0.031857031857031856 0.029906542056074768
0 0.7754467754467754 0.969158878504673 0.05128205128205128 0.03364485981308411
0 0.45104895104895104 0.7523364485981309 0.0707070707070707 0.07850467289719626
0 0.7393162393162394 0.8967289719626168 0.024087024087024088 0.025233644859813085
0 0.07148407148407149 0.039719626168224303 0.06526806526806526 0.07757009345794393
0 0.4689199689199689 0.054672897196261686 0.07381507381507381 0.05327102803738318
0 0.9351204351204351 0.17102803738317757 0.024087024087024088 0.03364485981308411
0 0.08391608391608392 0.14953271028037385 0.055944055944055944 0.08037383177570094
0 0.34887334887334887 0.12196261682242991 0.045066045066045064 0.042056074766355145
0 0.15695415695415696 0.6490654205607477 0.06993006993006994 0.12242990654205609
0 0.4751359751359751 0.8602803738317757 0.022533022533022532 0.025233644859813085
0 0.7086247086247086 0.9434579439252336 0.04972804972804973 0.07570093457943926
0 0.07459207459207459 0.830373831775701 0.048174048174048176 0.06261682242990654
0 0.42152292152292153 0.8789719626168224 0.042735042735042736 0.03271028037383178
0 0.7513597513597513 0.08037383177570094 0.035742035742035744 0.04672897196261683
0 0.18337218337218336 0.47289719626168225 0.018648018648018648 0.026168224299065422
0 0.5003885003885004 0.13177570093457944 0.03108003108003108 0.05046728971962617
0 0.22144522144522144 0.0294392523364486 0.048174048174048176 0.03644859813084112
0 0.3543123543123543 0.47710280373831776 0.024864024864024864 0.030841121495327105
0 0.8589743589743589 0.7060747663551402 0.0473970473970474 0.07570093457943926
0 0.29331779331779334 0.9214953271028038 0.108003108003108 0.06168224299065421
0 0.2296037296037296 0.3710280373831776 0.03496503496503497 0.06542056074766356
0 0.3150738150738151 0.3205607476635514 0.022533022533022532 0.026168224299065422
0 0.44522144522144524 0.10140186915887851 0.06060606060606061 0.06635514018691589
0 0.8547008547008547 0.8420560747663551 0.03418803418803419 0.052336448598130844
0 0.4246309246309246 0.4158878504672897 0.028749028749028748 0.03364485981308411
0 0.24397824397824397 0.7514018691588785 0.037296037296037296 0.024299065420560748
0 0.10878010878010878 0.5686915887850468 0.026418026418026416 0.02897196261682243
0 0.19658119658119658 0.9093457943925234 0.03263403263403263 0.03177570093457944
0 0.5248640248640248 0.8948598130841122 0.08003108003108003 0.07196261682242991
0 0.9378399378399378 0.8556074766355141 0.01554001554001554 0.017757009345794394
0 0.46736596736596736 0.9467289719626168 0.039627039627039624 0.03551401869158879
0 0.8663558663558664 0.9761682242990655 0.027972027972027972 0.03271028037383178
0 0.2731157731157731 0.7135514018691589 0.03651903651903652 0.02897196261682243
0 0.3108003108003108 0.07757009345794393 0.037296037296037296 0.09532710280373832
0 0.7024087024087025 0.22102803738317758 0.026418026418026416 0.042056074766355145
0 0.8181818181818182 0.9257009345794392 0.0404040404040404 0.06822429906542056
0 0.029914529914529916 0.4602803738317757 0.022533022533022532 0.0588785046728972
0 0.1285936285936286 0.5401869158878505 0.017871017871017872 0.022429906542056077
0 0.4020979020979021 0.09953271028037383 0.03651903651903652 0.0588785046728972
0 0.34382284382284384 0.874766355140187 0.024087024087024088 0.05420560747663552
0 0.5466200466200466 0.07289719626168224 0.11266511266511267 0.07850467289719626
0 0.853923853923854 0.18878504672897198 0.07925407925407925 0.07663551401869159
0 0.8255633255633256 0.6172897196261683 0.03807303807303807 0.042056074766355145
0 0.8034188034188035 0.144392523364486 0.026418026418026416 0.03644859813084112
0 0.8006993006993007 0.1957943925233645 0.02097902097902098 0.02149532710280374
0 0.3108003108003108 0.7336448598130841 0.018648018648018648 0.022429906542056077
0 0.3826728826728827 0.7514018691588785 0.031857031857031856 0.029906542056074768
0 0.042346542346542344 0.3710280373831776 0.039627039627039624 0.10654205607476636
0 0.3912198912198912 0.16728971962616823 0.052059052059052056 0.06355140186915888
0 0.3667443667443667 0.05934579439252337 0.045066045066045064 0.07570093457943926
0 0.2863247863247863 0.7981308411214953 0.06293706293706294 0.059813084112149535
0 0.8997668997668997 0.24065420560747663 0.029526029526029528 0.07009345794392524
0 0.06332556332556333 0.3850467289719626 0.08313908313908314 0.13457943925233645
0 0.03418803418803419 0.27429906542056076 0.013986013986013986 0.02710280373831776
0 0.32051282051282054 0.8322429906542056 0.03651903651903652 0.06822429906542056
0 0.050505050505050504 0.9228971962616823 0.06060606060606061 0.02710280373831776
0 0.9801864801864801 0.17710280373831777 0.02097902097902098 0.06448598130841121
0 0.9413364413364413 0.6598130841121496 0.052059052059052056 0.12336448598130842
0 0.8943278943278943 0.0677570093457944 0.0202020202020202 0.019626168224299065
0 0.9526029526029526 0.5635514018691589 0.03885003885003885 0.07850467289719626
0 0.8325563325563325 0.502803738317757 0.1282051282051282 0.15140186915887852
0 0.09712509712509712 0.9196261682242991 0.017094017094017096 0.020560747663551402
0 0.6736596736596736 0.12476635514018693 0.059052059052059055 0.12429906542056075
0 0.9529914529914529 0.2794392523364486 0.03651903651903652 0.07102803738317758
0 0.9102564102564102 0.10093457943925234 0.02097902097902098 0.026168224299065422
0 0.3717948717948718 0.9495327102803739 0.02097902097902098 0.016822429906542057
0 0.2533022533022533 0.31542056074766356 0.024864024864024864 0.02149532710280374
0 0.5357420357420357 0.6079439252336449 0.024087024087024088 0.030841121495327105
0 0.9681429681429682 0.08224299065420561 0.05283605283605283 0.03925233644859813
0 0.6522921522921523 0.046261682242990654 0.027195027195027196 0.010280373831775701
0 0.3344988344988345 0.7598130841121495 0.02097902097902098 0.022429906542056077
0 0.027195027195027196 0.6126168224299066 0.03263403263403263 0.030841121495327105
0 0.09013209013209013 0.38925233644859814 0.029526029526029528 0.05327102803738318
0 0.22144522144522144 0.9439252336448598 0.024864024864024864 0.007476635514018692
0 0.5493395493395493 0.9649532710280374 0.055944055944055944 0.012149532710280374
0 0.29603729603729606 0.7607476635514019 0.021756021756021756 0.016822429906542057
0 0.29176379176379175 0.8813084112149533 0.024087024087024088 0.03551401869158879
0 0.021367521367521368 0.6934579439252336 0.028749028749028748 0.08224299065420561
0 0.1522921522921523 0.30700934579439254 0.048174048174048176 0.07009345794392524
0 0.16666666666666666 0.05514018691588785 0.05516705516705517 0.09532710280373832
0 0.04428904428904429 0.1397196261682243 0.021756021756021756 0.042056074766355145
0 0.16822066822066822 0.012149532710280374 0.024087024087024088 0.009345794392523366
0 0.9794094794094794 0.1649532710280374 0.022533022533022532 0.04018691588785047
0 0.7307692307692307 0.05 0.014763014763014764 0.0065420560747663555
0 0.0707070707070707 0.7065420560747664 0.026418026418026416 0.07663551401869159
0 0.37684537684537683 0.9345794392523364 0.03108003108003108 0.048598130841121495
0 0.20279720279720279 0.30981308411214953 0.03418803418803419 0.025233644859813085
0 0.27000777000777 0.04065420560747664 0.024087024087024088 0.0514018691588785
0 0.8519813519813519 0.41682242990654206 0.030303030303030304 0.048598130841121495
0 0.9335664335664335 0.45981308411214955 0.08624708624708624 0.08224299065420561
0 0.6165501165501166 0.13130841121495326 0.08780108780108781 0.12616822429906543
0 0.5644910644910645 0.13317757009345796 0.024087024087024088 0.049532710280373836
0 0.08741258741258741 0.6565420560747663 0.05516705516705517 0.1
0 0.04195804195804196 0.197196261682243 0.021756021756021756 0.05046728971962617
0 0.15112665112665113 0.20093457943925233 0.02097902097902098 0.026168224299065422
0 0.1282051282051282 0.1897196261682243 0.01554001554001554 0.03177570093457944
