0 0.5556009811937858 0.17984189723320157 0.06623058053965658 0.06521739130434782
0 0.8430089942763697 0.06274703557312253 0.03761242845461979 0.038537549407114624
0 0.43704006541291907 0.8325098814229248 0.03679476696647588 0.05039525691699604
0 0.9219133278822568 0.8468379446640316 0.07113654946852004 0.10079051383399208
0 0.8622240392477515 0.8883399209486166 0.04170073589533933 0.035573122529644265
0 0.11896974652493868 0.06768774703557312 0.06295993458708095 0.12747035573122528
0 0.9309076042518397 0.9416996047430829 0.04987735077677841 0.11067193675889328
0 0.23834832379394932 0.8685770750988142 0.038430089942763694 0.043478260869565216
0 0.473426001635323 0.20454545454545453 0.11120196238757155 0.07312252964426877
0 0.04538021259198692 0.5696640316205533 0.03188879803761243 0.030632411067193673
0 0.7869991823385118 0.9728260869565216 0.05151267375306623 0.034584980237154145
0 0.45748160261651677 0.7574110671936758 0.07113654946852004 0.0800395256916996
0 0.7493867538838921 0.8992094861660078 0.023712183156173346 0.02569169960474308
0 0.06623058053965658 0.04051383399209486 0.06541291905151267 0.07905138339920947
0 0.4681112019623876 0.04940711462450593 0.07440719542109567 0.0533596837944664
0 0.9394930498773508 0.16057312252964426 0.024529844644317254 0.034584980237154145
0 0.08053965658217498 0.15217391304347824 0.056418642681929684 0.08102766798418971
0 0.3475061324611611 0.1200592885375494 0.04578904333605888 0.042490118577075096
0 0.15944399018806216 0.6576086956521738 0.07031888798037612 0.12351778656126482
0 0.482420278004906 0.866600790513834 0.02289452166802944 0.02569169960474308
0 0.7191332788225675 0.9476284584980237 0.04987735077677841 0.07707509881422925
0 0.07808667211774326 0.842391304347826 0.0482420278004906 0.0642292490118577
0 0.42886345053148 0.8863636363636364 0.04333605887162715 0.03359683794466403
0 0.7530662305805397 0.07213438735177866 0.035977105478331974 0.04743083003952569
0 0.18438266557645136 0.4777667984189723 0.018806214227309895 0.0266798418972332
0 0.5004088307440719 0.12747035573122528 0.031071136549468522 0.05138339920948616
0 0.2179067865903516 0.028162055335968376 0.0482420278004906 0.036561264822134384
0 0.356909239574816 0.47924901185770746 0.025347506132461162 0.03162055335968379
0 0.8679476696647588 0.7045454545454545 0.0482420278004906 0.07707509881422925
0 0.29967293540474244 0.9318181818181818 0.10874897792313983 0.06324110671936758
0 0.22935404742436633 0.37401185770750983 0.03515944399018806 0.06620553359683794
0 0.31561733442354867 0.32164031620553357 0.02289452166802944 0.0266798418972332
0 0.44439901880621424 0.09782608695652173 0.06132461161079313 0.06719367588932806
0 0.8650858544562552 0.8418972332015809 0.03434178250204416 0.0533596837944664
0 0.4272281275551922 0.41699604743083 0.028618152085036794 0.03359683794466403
0 0.24856909239574818 0.7598814229249011 0.03761242845461979 0.023715415019762844
0 0.10956663941128374 0.5765810276679841 0.02616516762060507 0.028656126482213436
0 0.2019623875715454 0.9204545454545454 0.032706459525756335 0.03260869565217391
0 0.5327064595257563 0.901185770750988 0.08094848732624693 0.07312252964426877
0 0.9497138184791497 0.8547430830039525 0.015535568274734261 0.017786561264822132
0 0.47547015535568277 0.9545454545454545 0.04006541291905152 0.035573122529644265
0 0.8785772690106296 0.9782608695652173 0.028618152085036794 0.03359683794466403
0 0.27718724448078497 0.7208498023715415 0.03761242845461979 0.028656126482213436
0 0.30866721177432543 0.07559288537549406 0.038430089942763694 0.09782608695652173
0 0.705233033524121 0.21492094861660077 0.02698282910874898 0.042490118577075096
0 0.8295175797219951 0.9278656126482213 0.04006541291905152 0.06916996047430829
0 0.02902698282910875 0.46739130434782605 0.023712183156173346 0.05928853754940711
0 0.12919051512673754 0.5479249011857708 0.017988552739165987 0.022727272727272724
0 0.40106295993458707 0.09683794466403162 0.03679476696647588 0.05928853754940711
0 0.34995911692559284 0.8829051383399209 0.024529844644317254 0.05434782608695652
0 0.5466067048242028 0.06719367588932806 0.11365494685200328 0.07905138339920947
0 0.85772690106296 0.17984189723320157 0.08013082583810303 0.07905138339920947
0 0.8336058871627147 0.6151185770750988 0.038430089942763694 0.042490118577075096
0 0.8066230580539657 0.1358695652173913 0.02698282910874898 0.036561264822134384
0 0.804170073589534 0.18774703557312253 0.022076860179885527 0.021739130434782608
0 0.31561733442354867 0.7406126482213439 0.019623875715453803 0.022727272727272724
0 0.38798037612428454 0.7574110671936758 0.03188879803761243 0.030632411067193673
0 0.040474243663123466 0.3774703557312253 0.04006541291905152 0.10869565217391304
0 0.3904333605887163 0.1650197628458498 0.05314799672935405 0.06521739130434782
0 0.3646770237121832 0.055830039525691696 0.04578904333605888 0.07608695652173912
0 0.2914963205233034 0.8063241106719367 0.06295993458708095 0.061264822134387345
0 0.9043336058871627 0.23221343873517786 0.029435813573180702 0.07114624505928853
0 0.06255110384300899 0.39081027667984186 0.08421913327882256 0.13537549407114624
0 0.031479967293540474 0.2791501976284585 0.013900245298446443 0.028656126482213436
0 0.3258381030253475 0.8404150197628458 0.03679476696647588 0.06818181818181818
0 0.05478331970564187 0.9362648221343873 0.06050695012264923 0.0266798418972332
0 0.9848732624693377 0.1660079051383399 0.02044153720359771 0.06521739130434782
0 0.9509403107113655 0.6556324110671936 0.05233033524121014 0.12549407114624506
0 0.8973834832379395 0.056818181818181816 0.02044153720359771 0.02075098814229249
0 0.9611610793131644 0.558300395256917 0.038430089942763694 0.07905138339920947
0 0.839738348323794 0.4985177865612648 0.12919051512673754 0.15316205533596836
0 0.1017988552739166 0.9323122529644268 0.01717089125102208 0.02075098814229249
0 0.6753883892068684 0.11808300395256917 0.06050695012264923 0.12549407114624506
0 0.9587080948487327 0.2702569169960474 0.03679476696647588 0.07213438735177866
0 0.9141455437448897 0.08992094861660078 0.02125919869174162 0.02766798418972332
0 0.3785772690106296 0.9584980237154149 0.02125919869174162 0.017786561264822132
0 0.2530662305805397 0.31719367588932806 0.025347506132461162 0.021739130434782608
0 0.5408830744071954 0.6096837944664031 0.023712183156173346 0.03162055335968379
0 0.9721995094031072 0.07015810276679842 0.05396565821749796 0.03952569169960474
0 0.652493867538839 0.03804347826086956 0.027800490596892886 0.010869565217391304
0 0.339329517579722 0.767292490118577 0.02125919869174162 0.022727272727272724
0 0.027800490596892886 0.6225296442687747 0.032706459525756335 0.03162055335968379
0 0.08953393295175797 0.39476284584980237 0.030253475061324614 0.05434782608695652
0 0.22730989370400656 0.9550395256916996 0.024529844644317254 0.008893280632411066
0 0.5588716271463614 0.9713438735177865 0.056418642681929684 0.011857707509881422
0 0.30130825838103026 0.7682806324110671 0.022076860179885527 0.016798418972332016
0 0.29762878168438267 0.8903162055335968 0.024529844644317254 0.035573122529644265
0 0.02330335241210139 0.7040513833992095 0.028618152085036794 0.08399209486166008
0 0.15126737530662307 0.3102766798418972 0.04905968928863451 0.07114624505928853
0 0.16271463614063778 0.05484189723320158 0.05560098119378577 0.09584980237154149
0 0.040474243663123466 0.14229249011857706 0.022076860179885527 0.043478260869565216
0 0.16394112837285366 0.011363636363636362 0.023712183156173346 0.008893280632411066
0 0.9844644317252658 0.1541501976284585 0.02289452166802944 0.04150197628458498
0 0.73221586263287 0.04100790513833992 0.015535568274734261 0.00691699604743083
0 0.0731807031888798 0.717391304347826 0.02698282910874898 0.07707509881422925
0 0.38430089942763695 0.9431818181818181 0.031071136549468522 0.04841897233201581
0 0.2019623875715454 0.3127470355731225 0.03434178250204416 0.0266798418972332
0 0.26655764513491415 0.038537549407114624 0.024529844644317254 0.0533596837944664
0 0.858135731807032 0.4110671936758893 0.030253475061324614 0.04940711462450593
0 0.9407195421095667 0.4535573122529644 0.08748977923139821 0.08300395256916995
0 0.6173344235486509 0.12549407114624506 0.08830744071954211 0.1284584980237154
0 0.5650040883074408 0.12796442687747034 0.024529844644317254 0.05039525691699604
0 0.08912510220768602 0.666501976284585 0.05560098119378577 0.10177865612648221
0 0.03883892068683565 0.20059288537549405 0.022076860179885527 0.05138339920948616
0 0.14881439084219134 0.20306324110671936 0.02125919869174162 0.0266798418972332
0 0.12551103843008996 0.19169960474308298 0.015535568274734261 0.03162055335968379
