0 0.5510548523206751 0.17553735926305017 0.06751054852320676 0.06653019447287616
0 0.840084388185654 0.05424769703172978 0.0379746835443038 0.03889457523029683
0 0.43628691983122364 0.8372569089048106 0.03713080168776371 0.0511770726714432
0 0.9253164556962026 0.8459570112589561 0.07172995780590717 0.10133060388945753
0 0.8654008438818566 0.8879222108495394 0.04135021097046414 0.03582395087001024
0 0.11012658227848102 0.06755373592630502 0.06329113924050633 0.12896622313203684
0 0.9345991561181435 0.9416581371545548 0.04978902953586498 0.11258955987717503
0 0.23670886075949368 0.8756397134083931 0.039662447257383965 0.04401228249744115
0 0.4679324894514768 0.2016376663254862 0.11223628691983123 0.0736949846468782
0 0.04008438818565401 0.5757420675537359 0.03291139240506329 0.03172978505629478
0 0.7902953586497891 0.9744114636642784 0.05147679324894515 0.03480040941658137
0 0.4569620253164557 0.7610030706243603 0.07172995780590717 0.08085977482088025
0 0.7518987341772152 0.9012282497441146 0.02362869198312236 0.0255885363357216
0 0.056962025316455694 0.04094165813715456 0.06666666666666667 0.07983623336745138
0 0.4611814345991561 0.045547594677584444 0.07510548523206752 0.05424769703172978
0 0.9371308016877637 0.15250767656090072 0.024472573839662448 0.03480040941658137
0 0.07215189873417721 0.1535312180143296 0.056540084388185655 0.08188331627430911
0 0.3409282700421941 0.11770726714431935 0.04556962025316456 0.042988741044012284
0 0.15569620253164557 0.6632548618219039 0.07172995780590717 0.12487205731832139
0 0.4831223628691983 0.8710337768679631 0.02278481012658228 0.02661207778915046
0 0.7219409282700422 0.9498464687819856 0.04978902953586498 0.07778915046059366
0 0.07510548523206752 0.8510747185261003 0.048945147679324896 0.06448311156601842
0 0.4286919831223629 0.8915046059365405 0.04388185654008439 0.032753326509723645
0 0.748945147679325 0.06397134083930399 0.03628691983122363 0.048106448311156604
0 0.17932489451476794 0.481064483111566 0.019409282700421943 0.02661207778915046
0 0.4949367088607595 0.1233367451381781 0.031223628691983123 0.052200614124872056
0 0.21012658227848102 0.026100307062436028 0.048945147679324896 0.037871033776867964
0 0.3527426160337553 0.481064483111566 0.02531645569620253 0.032753326509723645
0 0.8696202531645569 0.7021494370522007 0.04810126582278481 0.07778915046059366
0 0.29915611814345994 0.9385875127942682 0.11054852320675106 0.06345957011258956
0 0.22362869198312238 0.37563971340839303 0.035443037974683546 0.06755373592630502
0 0.310126582278481 0.3219037871033777 0.02278481012658228 0.027635619242579325
0 0.4383966244725738 0.09416581371545547 0.06160337552742616 0.06755373592630502
0 0.8679324894514768 0.8418628454452406 0.03459915611814346 0.05424769703172978
0 0.42320675105485234 0.4165813715455476 0.029535864978902954 0.03480040941658137
0 0.24599156118143461 0.7656090071647902 0.0379746835443038 0.02456499488229273
0 0.10506329113924051 0.5818833162743091 0.026160337552742618 0.02968270214943705
0 0.20042194092827004 0.9283520982599796 0.03291139240506329 0.032753326509723645
0 0.5337552742616034 0.9053224155578301 0.08185654008438818 0.07471852610030706
0 0.9531645569620253 0.853121801432958 0.016033755274261603 0.017400204708290685
0 0.47637130801687766 0.9600818833162743 0.039662447257383965 0.0368474923234391
0 0.8827004219409282 0.9790174002047083 0.02869198312236287 0.03377686796315251
0 0.2751054852320675 0.7262026612077789 0.03713080168776371 0.02968270214943705
0 0.3012658227848101 0.07267144319344934 0.038818565400843885 0.09825997952917093
0 0.7021097046413503 0.2098259979529171 0.0270042194092827 0.042988741044012284
0 0.8329113924050633 0.9283520982599796 0.04050632911392405 0.06960081883316274
0 0.02278481012658228 0.47287615148413514 0.02362869198312236 0.0593654042988741
0 0.1248945147679325 0.5522006141248721 0.018565400843881856 0.02354145342886387
0 0.39451476793248946 0.09314227226202662 0.03628691983122363 0.0593654042988741
0 0.349789029535865 0.8889457523029682 0.024472573839662448 0.056294779938587516
0 0.5409282700421941 0.06192425793244626 0.11476793248945148 0.08085977482088025
0 0.8552742616033755 0.17246673490276357 0.08016877637130802 0.07881269191402251
0 0.8345991561181435 0.612589559877175 0.038818565400843885 0.04401228249744115
0 0.8033755274261604 0.12794268167860798 0.0270042194092827 0.0368474923234391
0 0.8016877637130801 0.18065506653019447 0.021940928270042195 0.021494370522006142
0 0.3135021097046414 0.745138178096213 0.019409282700421943 0.022517911975435005
0 0.3869198312236287 0.7615148413510747 0.03291139240506329 0.030706243602865918
0 0.03375527426160338 0.3812691914022518 0.04050632911392405 0.10951893551688843
0 0.38438818565400845 0.16274309109518936 0.053164556962025315 0.06550665301944729
0 0.35780590717299576 0.05271238485158649 0.04556962025316456 0.0767656090071648
0 0.29029535864978906 0.8121801432958035 0.06413502109704641 0.062436028659160696
0 0.9025316455696203 0.2241555783009212 0.029535864978902954 0.07164790174002048
0 0.05569620253164557 0.39508700102354144 0.08438818565400844 0.13715455475946775
0 0.024050632911392405 0.281985670419652 0.014345991561181435 0.027635619242579325
0 0.3248945147679325 0.8464687819856704 0.03713080168776371 0.06960081883316274
0 0.052742616033755275 0.9462640736949847 0.06160337552742616 0.027635619242579325
0 0.9835443037974684 0.1571136131013306 0.02109704641350211 0.06653019447287616
0 0.9527426160337553 0.6525076765609007 0.052320675105485236 0.12794268167860798
0 0.8940928270042194 0.04708290685772774 0.02109704641350211 0.02047082906857728
0 0.9628691983122363 0.5537359263050153 0.038818565400843885 0.07983623336745138
0 0.839662447257384 0.49437052200614123 0.12995780590717299 0.15557830092118732
0 0.09957805907172997 0.9416581371545548 0.01687763713080169 0.02047082906857728
0 0.6713080168776372 0.11156601842374617 0.059915611814345994 0.1269191402251791
0 0.9578059071729959 0.2625383828045036 0.03713080168776371 0.07267144319344934
0 0.9109704641350211 0.08085977482088025 0.02109704641350211 0.02661207778915046
0 0.3793248945147679 0.9651995905834186 0.02109704641350211 0.01842374616171955
0 0.24725738396624472 0.31832139201637666 0.02531645569620253 0.022517911975435005
0 0.539662447257384 0.6105424769703173 0.024472573839662448 0.03172978505629478
0 0.969620253164557 0.059877175025588536 0.0540084388185654 0.03991811668372569
0 0.6476793248945147 0.03172978505629478 0.027848101265822784 0.01023541453428864
0 0.3379746835443038 0.7717502558853634 0.02109704641350211 0.022517911975435005
0 0.023206751054852322 0.6289662231320369 0.03291139240506329 0.03172978505629478
0 0.08312236286919832 0.39815762538382804 0.029535864978902954 0.05527123848515865
0 0.22658227848101267 0.9631525076765609 0.024472573839662448 0.008188331627430911
0 0.5603375527426161 0.9754350051177073 0.05738396624472574 0.012282497441146366
0 0.29957805907172996 0.7737973387922211 0.021940928270042195 0.016376663254861822
0 0.29662447257383967 0.8971340839303992 0.024472573839662448 0.03582395087001024
0 0.0189873417721519 0.7118730808597749 0.029535864978902954 0.0849539406345957
0 0.14472573839662448 0.3126919140225179 0.04978902953586498 0.07267144319344934
0 0.15443037974683543 0.05373592630501536 0.05569620253164557 0.09723643807574207
0 0.032067510548523206 0.14380757420675538 0.021940928270042195 0.04401228249744115
0 0.15527426160337554 0.01023541453428864 0.02362869198312236 0.01023541453428864
0 0.9822784810126582 0.14483111566018425 0.02362869198312236 0.04196519959058342
0 0.7274261603375528 0.03326509723643808 0.01518987341772152 0.007164790174002047
0 0.06919831223628692 0.7241555783009213 0.0270042194092827 0.07881269191402251
0 0.38438818565400845 0.9493346980552713 0.031223628691983123 0.05015353121801433
0 0.19578059071729959 0.3142272262026612 0.035443037974683546 0.02661207778915046
0 0.2586497890295359 0.03582395087001024 0.024472573839662448 0.05322415557830092
0 0.8578059071729958 0.40583418628454454 0.031223628691983123 0.05015353121801433
0 0.9413502109704641 0.4483111566018424 0.08860759493670886 0.08393039918116683
0 0.6126582278481013 0.11975435005117707 0.08945147679324894 0.12896622313203684
0 0.559915611814346 0.12282497441146367 0.024472573839662448 0.0511770726714432
0 0.08481012658227849 0.6724667349027635 0.056540084388185655 0.1023541453428864
0 0.03037974683544304 0.2031729785056295 0.021940928270042195 0.052200614124872056
0 0.14135021097046413 0.20419651995905835 0.02109704641350211 0.027635619242579325
0 0.11772151898734177 0.19242579324462641 0.016033755274261603 0.032753326509723645
