0 0.4630071599045346 0.8251445086705202 0.06682577565632458 0.06647398843930635
0 0.18377088305489261 0.9725433526011561 0.03818615751789976 0.0394990366088632
0 0.5357995226730311 0.15847784200385356 0.03739061256961018 0.051059730250481696
0 0.04972155926809865 0.19508670520231214 0.07080350039777247 0.10115606936416185
0 0.10660302307080351 0.14739884393063585 0.04136833731105807 0.036608863198458574
0 0.907716785998409 0.8925818882466281 0.06364359586316627 0.128131021194605
0 0.03381066030230708 0.10115606936416185 0.050119331742243436 0.11175337186897881
0 0.7315035799522673 0.10260115606936417 0.038981702466189344 0.04335260115606936
0 0.5437549721559268 0.791907514450867 0.11217183770883056 0.07321772639691715
0 0.9455051710421639 0.38198458574181116 0.03261734287987272 0.031791907514450865
0 0.17581543357199683 0.05491329479768786 0.05091487669053302 0.03468208092485549
0 0.5202863961813843 0.2365125240847784 0.07159904534606205 0.07996146435452793
0 0.21797931583134447 0.12475915221579961 0.023866348448687354 0.02601156069364162
0 0.9622116149562451 0.9142581888246628 0.066030230708035 0.0789980732177264
0 0.5600636435958632 0.9465317919075145 0.07478122513922036 0.052986512524084775
0 0.0807478122513922 0.884393063583815 0.02466189339697693 0.03468208092485549
0 0.9399363564041369 0.8039499036608863 0.056483691328560064 0.08188824662813102
0 0.6754176610978521 0.8631984585741811 0.046141607000795545 0.04238921001926782
0 0.8253778838504375 0.3058766859344894 0.07080350039777247 0.12427745664739884
0 0.48727128082736676 0.1295761078998073 0.023070803500397773 0.02601156069364162
0 0.24542561654733494 0.07321772639691715 0.050119331742243436 0.07707129094412331
0 0.8937947494033414 0.11175337186897881 0.04852824184566428 0.06358381502890173
0 0.539777247414479 0.10404624277456648 0.04375497215592681 0.03275529865125241
0 0.2732696897374702 0.953757225433526 0.03579952267303103 0.04816955684007707
0 0.8130469371519491 0.4884393063583815 0.01909307875894988 0.02697495183044316
0 0.5222752585521082 0.8723506743737958 0.03102625298329356 0.051059730250481696
0 0.8110580747812252 0.9426782273603083 0.04852824184566428 0.03757225433526012
0 0.6408114558472554 0.5043352601156069 0.026252983293556086 0.031791907514450865
0 0.11376292760540971 0.33236994219653176 0.04773269689737471 0.07707129094412331
0 0.6658711217183771 0.04576107899807322 0.10978520286396182 0.0626204238921002
0 0.7752585521081942 0.5968208092485549 0.03579952267303103 0.06647398843930635
0 0.6933174224343676 0.6579961464354528 0.023070803500397773 0.02697495183044316
0 0.5799522673031027 0.8959537572254335 0.06205250596658712 0.0674373795761079
0 0.10660302307080351 0.1936416184971098 0.03500397772474145 0.05394990366088632
0 0.5751789976133652 0.5746628131021194 0.028639618138424822 0.03371868978805395
0 0.7291169451073986 0.21242774566473988 0.03739061256961018 0.024084778420038536
0 0.8802704852824185 0.3815028901734104 0.026252983293556086 0.028901734104046242
0 0.7641209228321401 0.04672447013487476 0.03261734287987272 0.031791907514450865
0 0.4343675417661098 0.1001926782273603 0.081145584725537 0.07321772639691715
0 0.021479713603818618 0.19026974951830444 0.015910898965791568 0.018304431599229287
0 0.48846459824980115 0.04094412331406551 0.03977724741447892 0.03564547206165703
0 0.08353221957040573 0.059248554913294796 0.028639618138424822 0.03371868978805395
0 0.7028639618138425 0.2543352601156069 0.03739061256961018 0.028901734104046242
0 0.7175815433571997 0.9041425818882466 0.03818615751789976 0.09730250481695568
0 0.31105807478122516 0.8058766859344894 0.027048528241845664 0.04335260115606936
0 0.1364359586316627 0.10452793834296724 0.0405727923627685 0.06840077071290944
0 0.9693715194908513 0.48265895953757226 0.023070803500397773 0.05973025048169557
0 0.8631662688941926 0.4128131021194605 0.01909307875894988 0.022157996146435453
0 0.6237072394590295 0.8930635838150289 0.03659506762132061 0.05973025048169557
0 0.6185361972951472 0.09971098265895954 0.02466189339697693 0.05491329479768786
0 0.48011137629276057 0.9368978805394991 0.11376292760540971 0.07996146435452793
0 0.16109785202863963 0.8564547206165704 0.08035003977724742 0.0789980732177264
0 0.15433571996817821 0.41859344894026973 0.03818615751789976 0.04335260115606936
0 0.21519490851233095 0.8954720616570327 0.026252983293556086 0.03757225433526012
0 0.21400159108989658 0.8429672447013488 0.022275258552108195 0.02119460500963391
0 0.6634844868735084 0.2384393063583815 0.01909307875894988 0.022157996146435453
0 0.5894988066825776 0.22976878612716764 0.031821797931583136 0.029865125240847785
0 0.9638027048528243 0.5741811175337187 0.0405727923627685 0.10789980732177264
0 0.6292760540970566 0.8227360308285163 0.05250596658711217 0.06551059730250482
0 0.6626889419252188 0.9296724470134875 0.046141607000795545 0.07707129094412331
0 0.6825775656324583 0.17052023121387283 0.06364359586316627 0.06165703275529865
0 0.1105807478122514 0.8092485549132948 0.03023070803500398 0.07129094412331406
0 0.9411296738265712 0.5626204238921002 0.08432776451869531 0.13680154142581888
0 0.9801113762927606 0.6719653179190751 0.014319809069212411 0.027938342967244702
0 0.6459824980111376 0.1396917148362235 0.03659506762132061 0.06936416184971098
0 0.9105011933174225 0.015414258188824663 0.061256961018297536 0.02697495183044316
0 0.03500397772474145 0.8834296724470134 0.020684168655529037 0.06551059730250482
0 0.03420843277645187 0.3896917148362235 0.05250596658711217 0.12620423892100194
0 0.13046937151949087 0.9841040462427746 0.020684168655529037 0.02023121387283237
0 0.030628480509148768 0.48795761078998073 0.038981702466189344 0.07996146435452793
0 0.15632458233890215 0.535645472061657 0.12967382657120127 0.15414258188824662
0 0.8635640413683373 0.024084778420038536 0.016706443914081145 0.02119460500963391
0 0.34765314240254575 0.9002890173410405 0.06046141607000796 0.12620423892100194
0 0.053301511535401754 0.7764932562620424 0.03659506762132061 0.07129094412331406
0 0.11097852028639618 0.9523121387283237 0.021479713603818618 0.027938342967244702
0 0.5843277645186953 0.02697495183044316 0.021479713603818618 0.017341040462427744
0 0.7557677008750995 0.6565510597302505 0.02545743834526651 0.022157996146435453
0 0.44749403341288785 0.39306358381502887 0.02466189339697693 0.030828516377649325
0 0.05489260143198091 0.9783236994219653 0.05409705648369133 0.0394990366088632
0 0.3758949880668258 0.9773603082851637 0.027844073190135245 0.010597302504816955
0 0.6376292760540971 0.21483622350674372 0.021479713603818618 0.023121387283236993
0 0.9590294351630868 0.3270712909441233 0.03261734287987272 0.031791907514450865
0 0.9140811455847255 0.5616570327552987 0.03023070803500398 0.05394990366088632
0 0.7362768496420048 0.014932562620423893 0.02466189339697693 0.008670520231213872
0 0.403739061256961 0.03275529865125241 0.056483691328560064 0.011560693641618497
0 0.6758154335719968 0.20905587668593448 0.021479713603818618 0.017341040462427744
0 0.6702466189339698 0.08670520231213873 0.02466189339697693 0.036608863198458574
0 0.9582338902147972 0.24518304431599228 0.0294351630867144 0.0838150289017341
0 0.8583929992044551 0.6526974951830443 0.04932378679395386 0.07225433526011561
0 0.8647573587907718 0.9099229287090559 0.05568814638027049 0.09730250481695568
0 0.9805091487669054 0.8092485549132948 0.021479713603818618 0.04431599229287091
0 0.8663484486873508 0.953757225433526 0.023866348448687354 0.009633911368015413
0 0.03619729514717582 0.8954720616570327 0.023070803500397773 0.041425818882466284
0 0.29634049323786793 0.9826589595375722 0.01511535401750199 0.007707129094412331
0 0.907716785998409 0.23747591522157996 0.027048528241845664 0.07803468208092486
0 0.5803500397772474 0.042870905587668595 0.03102625298329356 0.04913294797687861
0 0.807478122513922 0.655587668593449 0.03500397772474145 0.02601156069364162
0 0.7617342879872713 0.9368978805394991 0.02466189339697693 0.052986512524084775
0 0.1439936356404137 0.6252408477842004 0.03023070803500398 0.05009633911368015
0 0.05847255369928401 0.5910404624277457 0.0883054892601432 0.0838150289017341
0 0.4049323786793954 0.8863198458574181 0.08910103420843278 0.12909441233140656
0 0.45704057279236276 0.8786127167630058 0.02466189339697693 0.05009633911368015
0 0.8949880668257757 0.28998073217726394 0.05568814638027049 0.10211946050096339
0 0.9785202863961814 0.7504816955684007 0.022275258552108195 0.05202312138728324
0 0.8683373110580748 0.7596339113680154 0.021479713603818618 0.02601156069364162
0 0.8926014319809069 0.7687861271676301 0.015910898965791568 0.03275529865125241
