0 0.5529363110008271 0.8256281407035176 0.06699751861042183 0.06733668341708543
0 0.8420181968569065 0.9482412060301508 0.0380479735318445 0.03919597989949749
0 0.43961952026468154 0.1613065326633166 0.03722084367245657 0.051256281407035184
0 0.9292803970223326 0.15376884422110554 0.07196029776674938 0.10251256281407037
0 0.869313482216708 0.11155778894472362 0.0413564929693962 0.03618090452261307
0 0.11083540115798181 0.9326633165829147 0.06286186931348221 0.12864321608040202
0 0.9392059553349876 0.05829145728643217 0.050454921422663356 0.11256281407035176
0 0.23945409429280398 0.1221105527638191 0.03887510339123242 0.04522613065326633
0 0.46980976013234077 0.798994974874372 0.11248966087675766 0.07437185929648242
0 0.041770057899090156 0.42261306532663323 0.03225806451612903 0.031155778894472366
0 0.7944582299421009 0.02462311557788945 0.052109181141439205 0.03517587939698493
0 0.45947063688999173 0.23819095477386937 0.07196029776674938 0.08040201005025127
0 0.7555831265508685 0.0984924623115578 0.023986765922249794 0.026130653266331662
0 0.05748552522746071 0.9587939698492464 0.06699751861042183 0.08040201005025127
0 0.4627791563275434 0.9557788944723619 0.07526881720430108 0.0542713567839196
0 0.9396195202646815 0.8507537688442212 0.024813895781637715 0.03517587939698493
0 0.0727874276261373 0.8462311557788945 0.05624483043837883 0.08241206030150755
0 0.34201819685690654 0.8829145728643217 0.045492142266335814 0.043216080402010054
0 0.15798180314309346 0.33517587939698495 0.07113316790736146 0.1256281407035176
0 0.48593879239040527 0.12763819095477388 0.022332506203473945 0.026130653266331662
0 0.7258064516129032 0.0492462311557789 0.050454921422663356 0.07839195979899498
0 0.07733664185277088 0.14572864321608042 0.04880066170388751 0.06432160804020101
0 0.43217535153019027 0.10653266331658293 0.043837882547559964 0.034170854271356785
0 0.7510339123242349 0.9376884422110554 0.03639371381306865 0.04824120603015076
0 0.18072787427626139 0.5170854271356784 0.01902398676592225 0.0271356783919598
0 0.49627791563275436 0.8783919597989951 0.03143093465674111 0.052261306532663324
0 0.21050454921422662 0.9738693467336684 0.04880066170388751 0.03819095477386935
0 0.35525227460711334 0.5185929648241207 0.02564102564102564 0.032160804020100506
0 0.8734491315136477 0.29798994974874377 0.04797353184449959 0.07738693467336684
0 0.3023159636062862 0.05879396984924624 0.11000827129859388 0.06331658291457287
0 0.22539288668320925 0.6236180904522614 0.03556658395368073 0.06733668341708543
0 0.3118279569892473 0.6778894472361809 0.02315963606286187 0.0271356783919598
0 0.43961952026468154 0.906532663316583 0.062034739454094295 0.06834170854271357
0 0.8717948717948718 0.1577889447236181 0.034739454094292806 0.0542713567839196
0 0.42555831265508687 0.5829145728643217 0.028949545078577336 0.034170854271356785
0 0.24855252274607112 0.23216080402010053 0.03722084367245657 0.02412060301507538
0 0.10669975186104218 0.41658291457286434 0.026468155500413565 0.029145728643216084
0 0.20347394540942929 0.06884422110552764 0.033085194375516956 0.033165829145728645
0 0.5372208436724566 0.0934673366834171 0.08188585607940446 0.07437185929648242
0 0.9574028122415219 0.14673366834170856 0.015715467328370553 0.018090452261306535
0 0.47973531844499584 0.03819095477386935 0.03970223325062035 0.03618090452261307
0 0.8866832092638545 0.020603015075376888 0.028122415219189414 0.033165829145728645
0 0.2775020678246485 0.27236180904522617 0.03722084367245657 0.030150753768844223
0 0.3023159636062862 0.927638190954774 0.03887510339123242 0.0984924623115578
0 0.7043010752688172 0.792462311557789 0.02729528535980149 0.043216080402010054
0 0.836641852770885 0.07085427135678393 0.04052936311000827 0.06934673366834171
0 0.024400330851943756 0.5256281407035176 0.023986765922249794 0.06030150753768845
0 0.12655086848635236 0.44572864321608047 0.018196856906534324 0.02311557788944724
0 0.3957816377171216 0.9075376884422112 0.03722084367245657 0.06030150753768845
0 0.3523573200992556 0.10904522613065327 0.024813895781637715 0.05527638190954774
0 0.5421836228287841 0.9396984924623116 0.11497105045492143 0.08040201005025127
0 0.8573200992555832 0.8296482412060302 0.08023159636062861 0.07939698492462312
0 0.8374689826302729 0.38793969849246235 0.03887510339123242 0.044221105527638194
0 0.8056244830438379 0.8738693467336685 0.026468155500413565 0.03718592964824121
0 0.803556658395368 0.821105527638191 0.022332506203473945 0.022110552763819097
0 0.3159636062861869 0.2532663316582915 0.019851116625310174 0.022110552763819097
0 0.38999172870140614 0.23718592964824123 0.03225806451612903 0.030150753768844223
0 0.035153019023986765 0.6175879396984926 0.04052936311000827 0.10954773869346734
0 0.3858560794044665 0.8376884422110553 0.053763440860215055 0.06532663316582915
0 0.358974358974359 0.9482412060301508 0.04631927212572374 0.07738693467336684
0 0.29280397022332505 0.18592964824120606 0.06451612903225806 0.06231155778894473
0 0.9048800661703887 0.777889447236181 0.02977667493796526 0.07236180904522614
0 0.05707196029776675 0.6035175879396986 0.08436724565756824 0.13768844221105528
0 0.024813895781637715 0.7165829145728644 0.01488833746898263 0.02814070351758794
0 0.3279569892473118 0.15175879396984926 0.03722084367245657 0.07035175879396986
0 0.05500413564929694 0.05025125628140704 0.062034739454094295 0.02814070351758794
0 0.9855252274607114 0.8457286432160804 0.0206782464846981 0.06532663316582915
0 0.9561621174524401 0.3482412060301508 0.05293631100082713 0.12763819095477388
0 0.8961952026468155 0.9552763819095479 0.0206782464846981 0.021105527638190957
0 0.9660876757650951 0.44773869346733675 0.03970223325062035 0.08140703517587941
0 0.8428453267162944 0.506532663316583 0.130686517783292 0.15678391959798996
0 0.10215053763440861 0.05477386934673367 0.017369727047146403 0.021105527638190957
0 0.6728701406120761 0.8899497487437187 0.060380479735318446 0.12763819095477388
0 0.9602977667493796 0.7396984924623117 0.03639371381306865 0.07236180904522614
0 0.913151364764268 0.9221105527638191 0.021505376344086023 0.0271356783919598
0 0.38213399503722084 0.033165829145728645 0.021505376344086023 0.018090452261306535
0 0.24896608767576509 0.6814070351758794 0.024813895781637715 0.022110552763819097
0 0.5421836228287841 0.38944723618090454 0.023986765922249794 0.031155778894472366
0 0.9718775847808105 0.942713567839196 0.05459057071960298 0.040201005025125636
0 0.6492969396195203 0.97035175879397 0.028122415219189414 0.011055276381909548
0 0.34077750206782464 0.22663316582914575 0.021505376344086023 0.02311557788944724
0 0.024813895781637715 0.36884422110552767 0.033085194375516956 0.032160804020100506
0 0.08436724565756824 0.6005025125628142 0.02977667493796526 0.05527638190954774
0 0.22952853598014888 0.034170854271356785 0.02564102564102564 0.008040201005025126
0 0.5641025641025641 0.022110552763819097 0.05789909015715467 0.01206030150753769
0 0.30190239867659224 0.22462311557788947 0.021505376344086023 0.017085427135678392
0 0.2998345740281224 0.10050251256281408 0.023986765922249794 0.03618090452261307
0 0.02109181141439206 0.285427135678392 0.028949545078577336 0.08442211055276383
0 0.14598842018196856 0.6869346733668342 0.04880066170388751 0.07336683417085428
0 0.15467328370554176 0.9462311557788946 0.05624483043837883 0.09748743718592966
0 0.032671629445823 0.8552763819095478 0.022332506203473945 0.044221105527638194
0 0.15591397849462366 0.9904522613065327 0.023986765922249794 0.009045226130653268
0 0.9851116625310173 0.8577889447236182 0.02315963606286187 0.041206030150753775
0 0.729114971050455 0.9688442211055277 0.015715467328370553 0.008040201005025126
0 0.07113316790736146 0.2733668341708543 0.026468155500413565 0.07839195979899498
0 0.3879239040529363 0.04824120603015076 0.03143093465674111 0.05025125628140704
0 0.1968569065343259 0.685427135678392 0.034739454094292806 0.026130653266331662
0 0.2597187758478081 0.9643216080402011 0.024813895781637715 0.05326633165829146
0 0.8606286186931348 0.5949748743718594 0.030603804797353185 0.05025125628140704
0 0.9441687344913151 0.5537688442211056 0.08850289495450786 0.08442211055276383
0 0.6145574855252275 0.8819095477386936 0.08933002481389578 0.12964824120603016
0 0.5616211745244003 0.8788944723618092 0.024813895781637715 0.051256281407035184
0 0.08684863523573201 0.32512562814070356 0.05624483043837883 0.10351758793969851
0 0.031017369727047148 0.7959798994974875 0.022332506203473945 0.052261306532663324
0 0.14226633581472292 0.7954773869346734 0.021505376344086023 0.0271356783919598
0 0.11869313482216708 0.806532663316583 0.015715467328370553 0.033165829145728645
