0 0.5453125 0.15884615384615386 0.068125 0.06846153846153846
0 0.838125 0.019615384615384614 0.03875 0.03923076923076923
0 0.4475 0.8542307692307692 0.0375 0.05307692307692308
0 0.949375 0.8415384615384616 0.0725 0.10615384615384615
0 0.8890625 0.8880769230769231 0.041875 0.036153846153846154
0 0.0890625 0.06615384615384616 0.064375 0.13230769230769232
0 0.9628125000000001 0.9403846153846154 0.050625 0.11615384615384615
0 0.243125 0.9030769230769231 0.04 0.04461538461538461
0 0.460625 0.1896153846153846 0.11375 0.07615384615384616
0 0.031875 0.5992307692307692 0.0325 0.03230769230769231
0 0.8146875 0.9807692307692307 0.053125 0.03538461538461538
0 0.4653125 0.7734615384615384 0.073125 0.08384615384615385
0 0.7731250000000001 0.9069230769230769 0.02375 0.026153846153846153
0 0.03375 0.040769230769230766 0.0675 0.08153846153846153
0 0.44906250000000003 0.027307692307692307 0.076875 0.054615384615384614
0 0.94125 0.1176923076923077 0.025 0.03538461538461538
0 0.051875000000000004 0.1576923076923077 0.0575 0.08461538461538462
0 0.3271875 0.10884615384615384 0.046875 0.04384615384615385
0 0.153125 0.685 0.0725 0.13
0 0.49593750000000003 0.8873076923076924 0.021875000000000002 0.026923076923076925
0 0.7440625 0.9584615384615385 0.050625 0.08
0 0.07625 0.885 0.05 0.06692307692307692
0 0.4409375 0.9115384615384615 0.043125000000000004 0.033846153846153845
0 0.745625 0.03423076923076923 0.03625 0.05
0 0.1721875 0.4946153846153846 0.019375 0.026153846153846153
0 0.4859375 0.10692307692307693 0.030625 0.052307692307692305
0 0.1903125 0.019230769230769232 0.049375 0.038461538461538464
0 0.350625 0.48615384615384616 0.02625 0.03230769230769231
0 0.888125 0.6946153846153846 0.04875 0.08
0 0.3090625 0.9661538461538461 0.111875 0.06461538461538462
0 0.21531250000000002 0.38269230769230766 0.035625000000000004 0.06846153846153846
0 0.301875 0.32269230769230767 0.0225 0.026923076923076925
0 0.426875 0.07923076923076923 0.06375 0.07076923076923076
0 0.890625 0.8396153846153847 0.035 0.054615384615384614
0 0.4209375 0.41615384615384615 0.028125 0.033846153846153845
0 0.2496875 0.7880769230769231 0.038125 0.023846153846153847
0 0.09875 0.6023076923076923 0.02625 0.02923076923076923
0 0.2071875 0.96 0.033125 0.03230769230769231
0 0.5496875 0.9207692307692308 0.083125 0.07692307692307693
0 0.9784375000000001 0.8480769230769231 0.015625 0.01769230769230769
0 0.491875 0.98 0.04 0.03692307692307692
0 0.909375 0.9815384615384616 0.02875 0.033846153846153845
0 0.278125 0.7453846153846154 0.0375 0.03076923076923077
0 0.285625 0.06346153846153846 0.03875 0.10230769230769231
0 0.70125 0.18769230769230769 0.02625 0.043076923076923075
0 0.8575 0.931923076923077 0.04125 0.07153846153846154
0 0.0115625 0.49230769230769234 0.023125 0.06153846153846154
0 0.11812500000000001 0.5711538461538461 0.0175 0.022307692307692306
0 0.381875 0.08076923076923077 0.03625 0.06153846153846154
0 0.3590625 0.9123076923076923 0.024375 0.05692307692307692
0 0.53125 0.04153846153846154 0.11625 0.08307692307692308
0 0.8575 0.14192307692307693 0.0825 0.08076923076923077
0 0.8490625 0.6015384615384616 0.039375 0.04461538461538461
0 0.803125 0.09807692307692308 0.02625 0.03769230769230769
0 0.8028125 0.15346153846153845 0.021875000000000002 0.02076923076923077
0 0.3184375 0.7634615384615384 0.019375 0.022307692307692306
0 0.39437500000000003 0.7776923076923077 0.0325 0.03076923076923077
0 0.02 0.3973076923076923 0.04 0.11307692307692307
0 0.37343750000000003 0.15346153846153845 0.053125 0.06846153846153846
0 0.3428125 0.039615384615384615 0.046875 0.07923076923076923
0 0.2959375 0.8346153846153846 0.065625 0.06461538461538462
0 0.9078125 0.19423076923076923 0.030625 0.07307692307692308
0 0.0428125 0.4103846153846154 0.085625 0.1423076923076923
0 0.0065625 0.29423076923076924 0.013125 0.02846153846153846
0 0.333125 0.8684615384615385 0.0375 0.07230769230769231
0 0.0559375 0.985 0.061875 0.026923076923076925
0 0.9884375 0.12076923076923077 0.020625 0.06769230769230769
0 0.9721875 0.6384615384615384 0.053125 0.13230769230769232
0 0.8940625 0.010384615384615384 0.020625 0.02076923076923077
0 0.9790625000000001 0.5346153846153846 0.039375 0.08307692307692308
0 0.8512500000000001 0.47923076923076924 0.1325 0.16153846153846155
0 0.1040625 0.9780769230769231 0.016875 0.02076923076923077
0 0.6665625000000001 0.08653846153846154 0.060625 0.13153846153846155
0 0.9656250000000001 0.23153846153846153 0.0375 0.07538461538461538
0 0.9125 0.04461538461538461 0.02125 0.027692307692307693
0 0.3921875 0.99 0.020625 0.016923076923076923
0 0.2371875 0.32153846153846155 0.025625000000000002 0.023076923076923078
0 0.54625 0.6134615384615385 0.02375 0.031538461538461536
0 0.9712500000000001 0.02 0.055 0.04
0 0.6403125000000001 0.004615384615384615 0.028125 0.00923076923076923
0 0.3440625 0.7903846153846154 0.020625 0.022307692307692306
0 0.01625 0.6553846153846153 0.0325 0.03230769230769231
0 0.07062500000000001 0.4123076923076923 0.03 0.055384615384615386
0 0.2353125 0.995 0.025625000000000002 0.006923076923076923
0 0.57875 0.9926923076923077 0.0575 0.011538461538461539
0 0.304375 0.7942307692307692 0.0225 0.016153846153846154
0 0.305625 0.9226923076923077 0.025 0.036153846153846154
0 0.014375 0.7426923076923077 0.02875 0.08692307692307692
0 0.1315625 0.31961538461538463 0.049375 0.07461538461538461
0 0.13375 0.05 0.05625 0.1
0 0.010625 0.14961538461538462 0.02125 0.04384615384615385
0 0.13343750000000001 0.004615384615384615 0.023125 0.00923076923076923
0 0.9871875 0.1076923076923077 0.023125 0.04153846153846154
0 0.7221875 0.003076923076923077 0.015625 0.006153846153846154
0 0.06625 0.7530769230769231 0.02625 0.08
0 0.3975 0.9730769230769231 0.03125 0.05076923076923077
0 0.184375 0.32 0.035 0.026153846153846153
0 0.2409375 0.027307692307692307 0.024375 0.054615384615384614
0 0.8671875 0.38576923076923075 0.030625 0.05153846153846154
0 0.954375 0.4257692307692308 0.09 0.08692307692307692
0 0.606875 0.09846153846153846 0.09125 0.13384615384615384
0 0.5528125 0.10384615384615385 0.024375 0.052307692307692305
0 0.0809375 0.6984615384615385 0.056875 0.10615384615384615
0 0.010937500000000001 0.21115384615384616 0.021875000000000002 0.05307692307692308
0 0.125 0.2073076923076923 0.02125 0.026923076923076925
0 0.1003125 0.19653846153846155 0.015625 0.03307692307692308
