0 0.5393864013266998 0.16649797570850203 0.06716417910447761 0.06781376518218624
0 0.8258706467661692 0.02327935222672065 0.03814262023217247 0.04048582995951417
0 0.45356550580431176 0.847165991902834 0.03814262023217247 0.05263157894736842
0 0.9481757877280266 0.8233805668016194 0.07213930348258707 0.10425101214574899
0 0.8893034825870647 0.8699392712550608 0.04228855721393035 0.03744939271255061
0 0.08872305140961857 0.08552631578947369 0.06467661691542288 0.1305668016194332
0 0.9622719734660033 0.9200404858299596 0.0505804311774461 0.11538461538461539
0 0.2533167495854063 0.8992914979757085 0.03897180762852405 0.04554655870445344
0 0.4564676616915423 0.19838056680161945 0.11359867330016583 0.07489878542510121
0 0.041044776119402986 0.6077935222672065 0.03233830845771144 0.03137651821862348
0 0.8175787728026535 0.9630566801619433 0.05306799336650083 0.0354251012145749
0 0.47056384742951907 0.7677125506072875 0.07213930348258707 0.08198380566801619
0 0.7757048092868989 0.8906882591093117 0.02404643449419569 0.02631578947368421
0 0.033582089552238806 0.062246963562753034 0.06716417910447761 0.08198380566801619
0 0.44278606965174133 0.039473684210526314 0.07628524046434494 0.05465587044534413
0 0.9286898839137645 0.11589068825910931 0.024875621890547265 0.0354251012145749
0 0.054311774461028195 0.17560728744939272 0.05721393034825871 0.0840080971659919
0 0.324212271973466 0.12145748987854252 0.04643449419568823 0.04453441295546559
0 0.162106135986733 0.6887651821862348 0.07213930348258707 0.12651821862348178
0 0.5020729684908789 0.8785425101214575 0.02238805970149254 0.02631578947368421
0 0.7475124378109453 0.9423076923076923 0.0505804311774461 0.07894736842105263
0 0.08872305140961857 0.8861336032388664 0.04975124378109453 0.06578947368421052
0 0.4481757877280265 0.902834008097166 0.0439469320066335 0.03441295546558704
0 0.7346600331674958 0.039473684210526314 0.03648424543946932 0.048582995951417005
0 0.17744610281923714 0.5025303643724697 0.01990049751243781 0.027327935222672066
0 0.480514096185738 0.11639676113360324 0.03233830845771144 0.05263157894736842
0 0.18781094527363185 0.03744939271255061 0.04892205638474295 0.038461538461538464
0 0.3528192371475954 0.49038461538461536 0.02570480928689884 0.03340080971659919
0 0.8859867330016584 0.6811740890688259 0.04892205638474295 0.07894736842105263
0 0.31923714759535654 0.9595141700404859 0.11111111111111112 0.06477732793522267
0 0.21766169154228857 0.3917004048582996 0.03565505804311775 0.06882591093117409
0 0.30265339966832505 0.3314777327935223 0.023217247097844115 0.027327935222672066
0 0.42205638474295193 0.09058704453441295 0.06301824212271974 0.06983805668016195
0 0.8905472636815921 0.8228744939271255 0.03482587064676617 0.05465587044534413
0 0.42081260364842454 0.4200404858299595 0.02902155887230514 0.03441295546558704
0 0.25787728026533996 0.7869433198380567 0.03814262023217247 0.025303643724696356
0 0.10696517412935323 0.6098178137651822 0.026533996683250415 0.029352226720647773
0 0.21890547263681592 0.9559716599190283 0.03316749585406302 0.03340080971659919
0 0.5551409618573798 0.909919028340081 0.08208955223880597 0.07489878542510121
0 0.9767827529021559 0.8289473684210527 0.01658374792703151 0.018218623481781375
0 0.49958540630182424 0.9691295546558705 0.0406301824212272 0.03744939271255061
0 0.9108623548922057 0.9615384615384616 0.02902155887230514 0.03441295546558704
0 0.285240464344942 0.7449392712550608 0.03814262023217247 0.03036437246963563
0 0.28233830845771146 0.07844129554655871 0.03897180762852405 0.10020242914979757
0 0.6936152570480929 0.19078947368421054 0.02736318407960199 0.043522267206477734
0 0.8582089552238806 0.9129554655870445 0.04145936981757877 0.0708502024291498
0 0.01865671641791045 0.5040485829959515 0.02404643449419569 0.06072874493927126
0 0.1252072968490879 0.5784412955465588 0.01824212271973466 0.02327935222672065
0 0.37769485903814265 0.0931174089068826 0.0373134328358209 0.06072874493927126
0 0.3681592039800995 0.9058704453441295 0.024875621890547265 0.05668016194331984
0 0.5240464344941957 0.05111336032388664 0.11608623548922056 0.08198380566801619
0 0.8466003316749585 0.14220647773279352 0.0812603648424544 0.07995951417004049
0 0.845771144278607 0.5921052631578947 0.03980099502487562 0.04453441295546559
0 0.7927031509121062 0.1007085020242915 0.026533996683250415 0.03744939271255061
0 0.793117744610282 0.1548582995951417 0.02238805970149254 0.022267206477732795
0 0.3250414593698176 0.7616396761133604 0.01990049751243781 0.02327935222672065
0 0.40008291873963514 0.7732793522267206 0.03233830845771144 0.03036437246963563
0 0.026119402985074626 0.409919028340081 0.0406301824212272 0.11133603238866396
0 0.37023217247097845 0.16447368421052633 0.05389718076285241 0.06781376518218624
0 0.3383084577114428 0.053643724696356275 0.04643449419568823 0.07894736842105263
0 0.3043117744610282 0.8314777327935223 0.06467661691542288 0.06376518218623482
0 0.8971807628524047 0.19230769230769232 0.029850746268656716 0.0728744939271255
0 0.048507462686567165 0.4225708502024291 0.08540630182421227 0.14068825910931174
0 0.01119402985074627 0.3097165991902834 0.014096185737976783 0.02834008097165992
0 0.34121061359867333 0.8633603238866396 0.0373134328358209 0.0708502024291498
0 0.07006633499170813 0.9838056680161943 0.06218905472636816 0.02834008097165992
0 0.9759535655058044 0.11842105263157895 0.02155887230514096 0.06680161943319839
0 0.9672470978441128 0.6244939271255061 0.05389718076285241 0.12955465587044535
0 0.8805970149253731 0.012651821862348178 0.02155887230514096 0.02125506072874494
0 0.9726368159203981 0.5232793522267206 0.03980099502487562 0.08299595141700405
0 0.8461857379767828 0.47115384615384615 0.1318407960199005 0.15890688259109312
0 0.1181592039800995 0.9762145748987854 0.017412935323383085 0.02125506072874494
0 0.6579601990049752 0.0931174089068826 0.06053067993366501 0.12955465587044535
0 0.9548092868988391 0.22722672064777327 0.0373134328358209 0.07388663967611336
0 0.8992537313432836 0.04554655870445344 0.02238805970149254 0.02834008097165992
0 0.4013266998341625 0.9807692307692307 0.02155887230514096 0.018218623481781375
0 0.23880597014925373 0.3314777327935223 0.024875621890547265 0.02327935222672065
0 0.5472636815920399 0.6093117408906883 0.024875621890547265 0.032388663967611336
0 0.9572968490878939 0.020242914979757085 0.05555555555555556 0.04048582995951417
0 0.6305970149253731 0.013157894736842105 0.02902155887230514 0.010121457489878543
0 0.3511608623548922 0.7869433198380567 0.02238805970149254 0.02327935222672065
0 0.026119402985074626 0.6629554655870445 0.03399668325041459 0.032388663967611336
0 0.07628524046434494 0.4240890688259109 0.029850746268656716 0.05668016194331984
0 0.2470978441127695 0.9893724696356275 0.024875621890547265 0.009109311740890687
0 0.5854063018242123 0.979757085020243 0.05804311774461028 0.012145748987854251
0 0.31218905472636815 0.792004048582996 0.02238805970149254 0.01720647773279352
0 0.3150912106135987 0.9175101214574899 0.024875621890547265 0.03744939271255061
0 0.02570480928689884 0.7474696356275303 0.029850746268656716 0.08603238866396762
0 0.134742951907131 0.3324898785425101 0.0505804311774461 0.07388663967611336
0 0.13266998341625208 0.06882591093117409 0.05638474295190713 0.09919028340080972
0 0.01285240464344942 0.16902834008097167 0.02238805970149254 0.04453441295546559
0 0.1318407960199005 0.024291497975708502 0.024875621890547265 0.010121457489878543
0 0.9742951907131012 0.10576923076923077 0.023217247097844115 0.04149797570850203
0 0.7118573797678276 0.009615384615384616 0.015754560530679935 0.00708502024291498
0 0.07669983416252073 0.757085020242915 0.02736318407960199 0.07894736842105263
0 0.40630182421227196 0.9645748987854251 0.03150912106135987 0.05060728744939271
0 0.1865671641791045 0.3309716599190283 0.03482587064676617 0.02631578947368421
0 0.23797678275290216 0.04402834008097166 0.024875621890547265 0.053643724696356275
0 0.8602819237147595 0.3800607287449393 0.03067993366500829 0.05161943319838057
0 0.9465174129353234 0.4175101214574899 0.08872305140961857 0.08603238866396762
0 0.599502487562189 0.10526315789473684 0.0912106135986733 0.13157894736842105
0 0.5464344941956882 0.1118421052631579 0.024875621890547265 0.05161943319838057
0 0.09079601990049752 0.7034412955465588 0.05721393034825871 0.10526315789473684
0 0.01451077943615257 0.22874493927125505 0.02238805970149254 0.05263157894736842
0 0.12645107794361526 0.22317813765182187 0.02238805970149254 0.027327935222672066
0 0.10199004975124379 0.21305668016194332 0.01658374792703151 0.03340080971659919
