0 0.45075757575757575 0.8312757201646092 0.06818181818181818 0.06790123456790124
0 0.15993265993265993 0.9614197530864198 0.03872053872053872 0.04012345679012346
0 0.5568181818181818 0.15329218106995887 0.03787878787878788 0.051440329218107
0 0.061868686868686865 0.15483539094650206 0.07154882154882154 0.10390946502057614
0 0.12205387205387205 0.11111111111111112 0.04208754208754208 0.03703703703703704
0 0.898989898989899 0.9320987654320988 0.06397306397306397 0.13168724279835392
0 0.050505050505050504 0.05761316872427984 0.050505050505050504 0.11522633744855967
0 0.7588383838383838 0.11008230452674898 0.03956228956228956 0.04526748971193416
0 0.5340909090909091 0.8029835390946503 0.11363636363636363 0.07510288065843622
0 0.9625420875420875 0.4120370370370371 0.032828282828282825 0.03189300411522634
0 0.19696969696969696 0.02109053497942387 0.05218855218855219 0.0360082304526749
0 0.5378787878787878 0.2314814814814815 0.0723905723905724 0.08230452674897121
0 0.2361111111111111 0.09567901234567902 0.02441077441077441 0.02674897119341564
0 0.9528619528619529 0.9583333333333334 0.06734006734006734 0.08127572016460906
0 0.5437710437710438 0.962448559670782 0.07575757575757576 0.05452674897119342
0 0.05976430976430976 0.8636831275720165 0.025252525252525252 0.0360082304526749
0 0.9364478114478114 0.8436213991769548 0.05808080808080808 0.08436213991769548
0 0.6645622895622896 0.8852880658436215 0.046296296296296294 0.04423868312757202
0 0.8442760942760943 0.32510288065843623 0.0723905723905724 0.12757201646090535
0 0.5096801346801346 0.12037037037037038 0.022727272727272728 0.02674897119341564
0 0.2664141414141414 0.04475308641975309 0.05134680134680134 0.07921810699588477
0 0.9229797979797979 0.13117283950617284 0.04966329966329966 0.06481481481481483
0 0.5639730639730639 0.0977366255144033 0.043771043771043766 0.03497942386831276
0 0.2516835016835017 0.9495884773662552 0.037037037037037035 0.04938271604938272
0 0.8228114478114478 0.5108024691358025 0.01936026936026936 0.02777777777777778
0 0.5084175084175084 0.8837448559670783 0.03198653198653199 0.05349794238683128
0 0.7984006734006733 0.9763374485596709 0.04966329966329966 0.03909465020576132
0 0.6468855218855218 0.5154320987654322 0.026094276094276093 0.03292181069958848
0 0.12037037037037036 0.30092592592592593 0.04882154882154882 0.07921810699588477
0 0.6948653198653199 0.04681069958847737 0.11195286195286194 0.06481481481481483
0 0.779040404040404 0.6198559670781894 0.0361952861952862 0.06893004115226338
0 0.6927609427609427 0.676440329218107 0.02356902356902357 0.02777777777777778
0 0.5660774410774411 0.9120370370370371 0.06313131313131314 0.06893004115226338
0 0.11952861952861953 0.15843621399176955 0.03535353535353535 0.05555555555555556
0 0.5765993265993266 0.5823045267489713 0.028619528619528618 0.03497942386831276
0 0.7508417508417508 0.22222222222222224 0.03872053872053872 0.02469135802469136
0 0.8964646464646464 0.4068930041152264 0.026936026936026935 0.02983539094650206
0 0.7946127946127945 0.05504115226337449 0.03367003367003367 0.03395061728395062
0 0.45707070707070707 0.0859053497942387 0.08249158249158249 0.07510288065843622
0 0.03324915824915825 0.14814814814814817 0.015993265993265993 0.01851851851851852
0 0.5147306397306397 0.02880658436213992 0.041245791245791245 0.03703703703703704
0 0.1031144781144781 0.01851851851851852 0.02946127946127946 0.03497942386831276
0 0.7226430976430976 0.26337448559670784 0.03787878787878788 0.0308641975308642
0 0.7053872053872053 0.9305555555555556 0.03872053872053872 0.09979423868312758
0 0.29713804713804715 0.7998971193415638 0.026936026936026935 0.04423868312757202
0 0.15446127946127947 0.06944444444444445 0.041245791245791245 0.07098765432098766
0 0.9814814814814814 0.5164609053497943 0.02356902356902357 0.0617283950617284
0 0.877104377104377 0.43775720164609055 0.018518518518518517 0.02366255144032922
0 0.6102693602693603 0.9120370370370371 0.037037037037037035 0.06069958847736626
0 0.6443602693602694 0.09876543209876544 0.02441077441077441 0.05761316872427984
0 0.46296296296296297 0.947530864197531 0.11616161616161616 0.08230452674897121
0 0.14267676767676768 0.8415637860082306 0.08164983164983165 0.08024691358024692
0 0.15698653198653198 0.3914609053497943 0.03956228956228956 0.04423868312757202
0 0.1957070707070707 0.8852880658436215 0.027777777777777776 0.03806584362139918
0 0.19696969696969696 0.8312757201646092 0.021885521885521883 0.02263374485596708
0 0.6830808080808081 0.24485596707818932 0.01936026936026936 0.02263374485596708
0 0.6081649831649831 0.2294238683127572 0.032828282828282825 0.0308641975308642
0 0.9713804713804713 0.610082304526749 0.0404040404040404 0.11111111111111112
0 0.6195286195286195 0.8405349794238683 0.05387205387205387 0.06790123456790124
0 0.6485690235690236 0.9521604938271606 0.046296296296296294 0.07921810699588477
0 0.7058080808080808 0.17592592592592593 0.06481481481481481 0.06378600823045268
0 0.09427609427609428 0.7896090534979424 0.0303030303030303 0.07304526748971193
0 0.9494949494949495 0.5967078189300412 0.08585858585858586 0.13991769547325103
0 0.9835858585858586 0.7109053497942387 0.014309764309764309 0.02880658436213992
0 0.6696127946127945 0.14146090534979425 0.03787878787878788 0.07098765432098766
0 0.9444444444444444 0.03343621399176955 0.062289562289562284 0.02777777777777778
0 0.013047138047138047 0.8595679012345679 0.02104377104377104 0.0668724279835391
0 0.037037037037037035 0.352880658436214 0.05387205387205387 0.12962962962962965
0 0.10521885521885521 0.969650205761317 0.021885521885521883 0.02160493827160494
0 0.0281986531986532 0.4547325102880659 0.03956228956228956 0.08230452674897121
0 0.1536195286195286 0.5118312757201646 0.13215488215488214 0.1594650205761317
0 0.8964646464646464 0.03909465020576132 0.016835016835016835 0.020576131687242802
0 0.3303872053872054 0.8991769547325104 0.061447811447811446 0.12962962962962965
0 0.03787878787878788 0.7510288065843622 0.037037037037037035 0.07407407407407408
0 0.08754208754208753 0.9356995884773663 0.021885521885521883 0.02777777777777778
0 0.6132154882154882 0.02160493827160494 0.02104377104377104 0.01851851851851852
0 0.7567340067340067 0.6790123456790124 0.025252525252525252 0.02263374485596708
0 0.4562289562289562 0.38734567901234573 0.025252525252525252 0.03189300411522634
0 0.028619528619528618 0.9583333333333334 0.05555555555555555 0.04012345679012346
0 0.3552188552188552 0.9804526748971194 0.028619528619528618 0.010288065843621401
0 0.6578282828282828 0.21759259259259262 0.02104377104377104 0.02366255144032922
0 0.9789562289562289 0.35699588477366256 0.03367003367003367 0.03292181069958848
0 0.9217171717171717 0.5936213991769548 0.0303030303030303 0.05555555555555556
0 0.7676767676767676 0.02006172839506173 0.025252525252525252 0.00925925925925926
0 0.4297138047138047 0.01440329218106996 0.05808080808080808 0.01234567901234568
0 0.6969696969696969 0.21553497942386834 0.021885521885521883 0.01748971193415638
0 0.6973905723905723 0.08950617283950618 0.02441077441077441 0.03703703703703704
0 0.9819023569023568 0.27211934156378603 0.02946127946127946 0.08539094650205763
0 0.8602693602693602 0.683127572016461 0.050505050505050504 0.07407407407407408
0 0.8543771043771043 0.9470164609053499 0.057239057239057235 0.09979423868312758
0 0.9772727272727272 0.851851851851852 0.021885521885521883 0.04526748971193416
0 0.8539562289562289 0.9917695473251029 0.02441077441077441 0.010288065843621401
0 0.014309764309764309 0.8719135802469137 0.02356902356902357 0.04218106995884774
0 0.273989898989899 0.9804526748971194 0.015993265993265993 0.00823045267489712
0 0.9309764309764309 0.2602880658436214 0.026936026936026935 0.08024691358024692
0 0.6081649831649831 0.03755144032921811 0.031144781144781142 0.05041152263374486
0 0.8089225589225589 0.6820987654320988 0.03535353535353535 0.02674897119341564
0 0.7487373737373737 0.9675925925925927 0.02441077441077441 0.05452674897119342
0 0.1367845117845118 0.6028806584362141 0.031144781144781142 0.051440329218107
0 0.05134680134680134 0.5617283950617284 0.08922558922558922 0.08641975308641976
0 0.3888888888888889 0.8894032921810701 0.09090909090909091 0.13271604938271606
0 0.4423400673400673 0.8852880658436215 0.02441077441077441 0.05246913580246914
0 0.9158249158249158 0.3137860082304527 0.057239057239057235 0.10493827160493828
0 0.9776936026936026 0.7916666666666667 0.022727272727272728 0.05246913580246914
0 0.8653198653198653 0.79320987654321 0.021885521885521883 0.02674897119341564
0 0.8893097643097643 0.8040123456790124 0.015993265993265993 0.03395061728395062
