0 0.45406250000000004 0.8396153846153847 0.068125 0.06846153846153846
0 0.1609375 0.9792307692307692 0.038125 0.04
0 0.551875 0.14461538461538462 0.0375 0.052307692307692305
0 0.049375 0.15730769230769232 0.0725 0.10538461538461538
0 0.10968750000000001 0.11076923076923077 0.041875 0.03692307692307692
0 0.9103125 0.9326923076923077 0.064375 0.13307692307692306
0 0.0365625 0.058076923076923075 0.050625 0.11615384615384615
0 0.7559375 0.09576923076923077 0.039375 0.045384615384615384
0 0.5384375 0.8088461538461539 0.114375 0.07615384615384616
0 0.966875 0.3996153846153846 0.0325 0.031538461538461536
0 0.184375 0.01769230769230769 0.0525 0.03538461538461538
0 0.5334375 0.22538461538461538 0.073125 0.08307692307692308
0 0.225625 0.09230769230769231 0.02375 0.026153846153846153
0 0.9656250000000001 0.958076923076923 0.0675 0.0823076923076923
0 0.55 0.9715384615384616 0.07625 0.055384615384615386
0 0.0578125 0.8815384615384615 0.024375 0.03538461538461538
0 0.946875 0.8415384615384616 0.0575 0.08461538461538462
0 0.671875 0.8903846153846153 0.04625 0.04384615384615385
0 0.8456250000000001 0.31384615384615383 0.0725 0.12923076923076923
0 0.503125 0.11153846153846154 0.0225 0.026153846153846153
0 0.2553125 0.04 0.050625 0.08
0 0.9228125 0.11384615384615385 0.049375 0.06615384615384616
0 0.558125 0.0876923076923077 0.043750000000000004 0.033846153846153845
0 0.25375000000000003 0.9646153846153847 0.03625 0.04923076923076923
0 0.826875 0.5042307692307693 0.01875 0.026923076923076925
0 0.513125 0.8919230769230769 0.03125 0.05307692307692308
0 0.8090625 0.98 0.049375 0.038461538461538464
0 0.6484375 0.5123076923076924 0.025625000000000002 0.03230769230769231
0 0.110625 0.3046153846153846 0.04875 0.08
0 0.6900000000000001 0.032692307692307694 0.1125 0.06538461538461539
0 0.7840625 0.6161538461538462 0.035625000000000004 0.06923076923076923
0 0.6971875 0.6761538461538461 0.023125 0.027692307692307693
0 0.5721875 0.9196153846153846 0.063125 0.07
0 0.108125 0.15923076923076923 0.035 0.055384615384615386
0 0.578125 0.5826923076923077 0.02875 0.03461538461538462
0 0.7496875000000001 0.21076923076923076 0.038125 0.024615384615384615
0 0.9 0.39615384615384613 0.02625 0.02923076923076923
0 0.7915625000000001 0.03884615384615384 0.033125 0.03307692307692308
0 0.4496875 0.07807692307692307 0.083125 0.07615384615384616
0 0.0203125 0.15115384615384617 0.015625 0.01769230769230769
0 0.5071875 0.01846153846153846 0.040625 0.03692307692307692
0 0.089375 0.016923076923076923 0.02875 0.033846153846153845
0 0.7212500000000001 0.25346153846153846 0.0375 0.03
0 0.71375 0.9353846153846154 0.03875 0.10153846153846154
0 0.2978125 0.8111538461538461 0.026875 0.04384615384615385
0 0.141875 0.0673076923076923 0.04125 0.07153846153846154
0 0.9878125 0.5061538461538462 0.023125 0.06153846153846154
0 0.8809375 0.4276923076923077 0.018125 0.023076923076923078
0 0.6171875 0.9184615384615384 0.036875 0.06153846153846154
0 0.6396875 0.08692307692307692 0.024375 0.05692307692307692
0 0.4678125 0.9576923076923077 0.116875 0.08307692307692308
0 0.1415625 0.8569230769230769 0.081875 0.08153846153846153
0 0.1496875 0.39692307692307693 0.039375 0.04461538461538461
0 0.19593750000000001 0.9003846153846153 0.026875 0.03769230769230769
0 0.1965625 0.8453846153846154 0.021875000000000002 0.021538461538461538
0 0.6809375 0.235 0.019375 0.022307692307692306
0 0.605 0.22153846153846155 0.0325 0.03076923076923077
0 0.9790625000000001 0.6019230769230769 0.040625 0.11307692307692307
0 0.625625 0.8453846153846154 0.05375 0.06769230769230769
0 0.65625 0.9592307692307692 0.04625 0.08
0 0.703125 0.16423076923076924 0.065 0.06384615384615384
0 0.09125 0.8046153846153846 0.03 0.07384615384615384
0 0.95625 0.5888461538461538 0.08625000000000001 0.1423076923076923
0 0.9925 0.705 0.01375 0.02846153846153846
0 0.66625 0.13038461538461538 0.0375 0.07153846153846154
0 0.943125 0.013846153846153847 0.0625 0.027692307692307693
0 0.0103125 0.8784615384615385 0.020625 0.06769230769230769
0 0.026875 0.36038461538461536 0.05375 0.13153846153846155
0 0.1053125 0.9888461538461538 0.020625 0.02076923076923077
0 0.0196875 0.46384615384615385 0.039375 0.08307692307692308
0 0.1478125 0.52 0.133125 0.16153846153846155
0 0.8946875 0.020384615384615383 0.016875 0.02076923076923077
0 0.3325 0.911923076923077 0.06125 0.13153846153846155
0 0.0334375 0.7673076923076924 0.036875 0.07461538461538461
0 0.08687500000000001 0.9546153846153846 0.02125 0.027692307692307693
0 0.606875 0.008846153846153846 0.02125 0.01769230769230769
0 0.761875 0.6773076923076923 0.025 0.022307692307692306
0 0.4528125 0.38576923076923075 0.024375 0.031538461538461536
0 0.0275 0.9788461538461538 0.055 0.040769230769230766
0 0.3590625 0.9942307692307693 0.028125 0.01
0 0.655 0.20846153846153845 0.02125 0.023076923076923078
0 0.9828125 0.34307692307692306 0.033125 0.03230769230769231
0 0.928125 0.5865384615384616 0.03 0.05615384615384615
0 0.76375 0.0038461538461538464 0.025 0.007692307692307693
0 0.42031250000000003 0.0057692307692307696 0.058125 0.011538461538461539
0 0.6946875 0.20461538461538462 0.021875000000000002 0.016923076923076923
0 0.6934375 0.07615384615384616 0.024375 0.03692307692307692
0 0.9846875 0.25653846153846155 0.029375000000000002 0.08692307692307692
0 0.8675 0.6788461538461539 0.05 0.07461538461538461
0 0.8653125 0.9488461538461539 0.056875 0.10076923076923076
0 0.9884375 0.8492307692307692 0.021875000000000002 0.04461538461538461
0 0.865625 0.9946153846153846 0.02375 0.00923076923076923
0 0.0115625 0.8911538461538462 0.023125 0.04230769230769231
0 0.276875 0.9957692307692307 0.015 0.006923076923076923
0 0.9328125 0.24576923076923077 0.026875 0.08076923076923077
0 0.601875 0.025384615384615384 0.03125 0.05076923076923077
0 0.8150000000000001 0.6792307692307692 0.035 0.026153846153846153
0 0.7584375 0.9719230769230769 0.024375 0.054615384615384614
0 0.1321875 0.6134615384615385 0.030625 0.05153846153846154
0 0.045 0.5734615384615385 0.09 0.08692307692307692
0 0.3925 0.9007692307692308 0.09125 0.13384615384615384
0 0.44656250000000003 0.8953846153846153 0.024375 0.052307692307692305
0 0.9184375 0.3007692307692308 0.056875 0.10615384615384615
0 0.9884375 0.7880769230769231 0.021875000000000002 0.05307692307692308
0 0.874375 0.791923076923077 0.02125 0.026923076923076925
0 0.8990625 0.8026923076923077 0.015625 0.03307692307692308
