0 0.4704073789392775 0.17777777777777778 0.06610299769408147 0.06481481481481481
0 0.19523443504996157 0.028703703703703703 0.036894696387394316 0.03888888888888889
0 0.5349730976172176 0.8351851851851853 0.036894696387394316 0.05
0 0.053804765564950036 0.7925925925925926 0.07071483474250577 0.1
0 0.10953112990007687 0.8398148148148148 0.04073789392774789 0.03518518518518519
0 0.9112221368178325 0.11898148148148148 0.0622598001537279 0.125
0 0.03766333589546503 0.8847222222222223 0.04919292851652575 0.11018518518518519
0 0.727901614142967 0.8939814814814815 0.03843197540353574 0.04351851851851852
0 0.5495772482705611 0.21203703703703705 0.11068408916218293 0.07222222222222223
0 0.9431206764027671 0.6226851851851852 0.03228285933897002 0.030555555555555558
0 0.17755572636433511 0.9319444444444445 0.05073020753266718 0.03425925925925926
0 0.5203689469638739 0.7587962962962963 0.07071483474250577 0.0787037037037037
0 0.2202152190622598 0.8643518518518519 0.02382782475019216 0.025
0 0.9650269023827824 0.09861111111111112 0.06533435818601076 0.0787037037037037
0 0.5672559569561876 0.06018518518518519 0.07378939277478863 0.053703703703703705
0 0.09262106072252113 0.11435185185185186 0.02382782475019216 0.03425925925925926
0 0.9423520368946964 0.20694444444444446 0.05534204458109147 0.08055555555555556
0 0.6810146041506533 0.1439814814814815 0.044581091468101464 0.04166666666666667
0 0.8232129131437356 0.6953703703703704 0.07071483474250577 0.12222222222222223
0 0.48693312836279784 0.8634259259259259 0.022290545734050732 0.025
0 0.24596464258262873 0.9148148148148149 0.04919292851652575 0.07592592592592592
0 0.8889315910837817 0.887962962962963 0.04842428900845504 0.06296296296296297
0 0.5384319754035357 0.8893518518518518 0.042275172943889314 0.032407407407407406
0 0.2836279784780938 0.04861111111111111 0.035357417371252885 0.04722222222222222
0 0.8132205995388163 0.5157407407407407 0.018447348193697158 0.02592592592592593
0 0.5288239815526518 0.1328703703703704 0.030745580322828592 0.05092592592592593
0 0.8162951575710992 0.06851851851851852 0.04765564950038432 0.037037037037037035
0 0.642966948501153 0.4967592592592593 0.02536510376633359 0.030555555555555558
0 0.11875480399692544 0.6583333333333333 0.04688700999231361 0.07592592592592592
0 0.6621829362029208 0.9490740740740741 0.1083781706379708 0.06296296296296297
0 0.7767102229054573 0.4078703703703704 0.034588777863182166 0.06574074074074074
0 0.6963873943120676 0.3462962962962963 0.023059185242121444 0.02777777777777778
0 0.5864719446579554 0.11018518518518519 0.061491160645657184 0.06666666666666667
0 0.11029976940814758 0.7939814814814815 0.034588777863182166 0.05277777777777778
0 0.578401229823213 0.42685185185185187 0.02843966179861645 0.03333333333333333
0 0.7271329746348962 0.7861111111111111 0.036894696387394316 0.024074074074074074
0 0.8785549577248271 0.6212962962962963 0.026133743274404306 0.02777777777777778
0 0.7598001537279017 0.9495370370370371 0.033051498847040735 0.032407407407407406
0 0.43389700230591854 0.8916666666666667 0.08070714834742505 0.07222222222222223
0 0.025749423520368946 0.7967592592592593 0.01614142966948501 0.017592592592592594
0 0.4865488086087625 0.950925925925926 0.03996925441967717 0.03518518518518519
0 0.08647194465795542 0.9263888888888889 0.02843966179861645 0.032407407407407406
0 0.7017678708685626 0.7439814814814815 0.036894696387394316 0.028703703703703703
0 0.7229054573405073 0.10462962962962963 0.03766333589546503 0.0962962962962963
0 0.319369715603382 0.19490740740740742 0.026902382782475018 0.04166666666666667
0 0.13873943120676402 0.8824074074074074 0.04073789392774789 0.06851851851851852
0 0.96771714066103 0.5236111111111111 0.023059185242121444 0.058333333333333334
0 0.8616448885472713 0.5907407407407408 0.018447348193697158 0.022222222222222223
0 0.6299000768639508 0.11435185185185186 0.0361260568793236 0.058333333333333334
0 0.6164488854727133 0.8949074074074075 0.024596464258262875 0.05462962962962963
0 0.48847040737893926 0.06805555555555556 0.11299000768639508 0.0787037037037037
0 0.17179093005380477 0.14212962962962963 0.07916986933128363 0.07685185185185185
0 0.15987701767870868 0.5740740740740741 0.03843197540353574 0.04259259259259259
0 0.2255956956187548 0.1050925925925926 0.026902382782475018 0.036111111111111115
0 0.22367409684857803 0.1564814814814815 0.021521906225980016 0.020370370370370372
0 0.6621829362029208 0.7587962962962963 0.01921598770176787 0.021296296296296296
0 0.5887778631821675 0.7666666666666667 0.03228285933897002 0.02962962962962963
0 0.9631053036126057 0.43333333333333335 0.03996925441967717 0.10740740740740741
0 0.6348962336664105 0.18333333333333335 0.05226748654880861 0.06481481481481481
0 0.6691006917755573 0.0787037037037037 0.045349730976172176 0.07592592592592592
0 0.6802459646425826 0.8268518518518518 0.06302843966179862 0.061111111111111116
0 0.12106072252113759 0.18796296296296297 0.02997694081475788 0.07037037037037037
0 0.940814757878555 0.4439814814814815 0.0830130668716372 0.13425925925925927
0 0.9800153727901614 0.33796296296296297 0.013835511145272867 0.02777777777777778
0 0.6437355880092237 0.8560185185185185 0.0361260568793236 0.06759259259259259
0 0.904304381245196 0.9828703703703704 0.06072252113758647 0.026851851851851852
0 0.04650269023827825 0.11388888888888889 0.0207532667179093 0.06481481481481481
0 0.04073789392774789 0.600925925925926 0.05226748654880861 0.12407407407407407
0 0.1425826287471176 0.016666666666666666 0.0207532667179093 0.020370370370370372
0 0.03843197540353574 0.5032407407407408 0.03843197540353574 0.0787037037037037
0 0.16333589546502691 0.45833333333333337 0.12836279784780938 0.15185185185185185
0 0.8578016910069177 0.9731481481481482 0.016910069177555727 0.020370370370370372
0 0.35703305149884706 0.10277777777777779 0.05918524212144504 0.12407407407407407
0 0.06418139892390469 0.21944444444444444 0.0361260568793236 0.07037037037037037
0 0.12336664104534974 0.047685185185185185 0.0207532667179093 0.026851851851851852
0 0.5818601076095311 0.9662037037037038 0.021521906225980016 0.017592592592592594
0 0.7582628747117602 0.3490740740740741 0.02536510376633359 0.022222222222222223
0 0.45003843197540355 0.6032407407407407 0.02382782475019216 0.030555555555555558
0 0.06764027671022291 0.020833333333333336 0.053804765564950036 0.03981481481481482
0 0.3858570330514988 0.027314814814814816 0.027671022290545733 0.010185185185185186
0 0.6360491929285166 0.7824074074074074 0.0207532667179093 0.022222222222222223
0 0.9558032282859339 0.6763888888888889 0.033051498847040735 0.030555555555555558
0 0.9135280553420446 0.4444444444444445 0.02997694081475788 0.053703703703703705
0 0.7317448116833205 0.9810185185185185 0.024596464258262875 0.008333333333333333
0 0.4027671022290546 0.9578703703703704 0.0568793235972329 0.012037037037037037
0 0.6740968485780169 0.787962962962963 0.021521906225980016 0.016666666666666666
0 0.6675634127594159 0.9083333333333333 0.02382782475019216 0.03518518518518519
0 0.9538816295157572 0.7578703703703704 0.029208301306687164 0.08240740740740742
0 0.8597232897770946 0.3541666666666667 0.04842428900845504 0.0712962962962963
0 0.8685626441199078 0.10138888888888889 0.05534204458109147 0.09537037037037037
0 0.9823212913143735 0.20185185185185187 0.021521906225980016 0.04259259259259259
0 0.8708685626441199 0.058333333333333334 0.023059185242121444 0.009259259259259259
0 0.04842428900845504 0.10185185185185186 0.023059185242121444 0.040740740740740744
0 0.30707148347425056 0.020370370370370372 0.014604150653343582 0.007407407407407408
0 0.9039200614911607 0.7643518518518518 0.026133743274404306 0.07685185185185185
0 0.5776325903151422 0.950462962962963 0.02997694081475788 0.049074074074074076
0 0.8089930822444273 0.3509259259259259 0.034588777863182166 0.02592592592592593
0 0.7674865488086088 0.07268518518518519 0.02382782475019216 0.05277777777777778
0 0.15180630284396618 0.3699074074074074 0.02997694081475788 0.049074074074074076
0 0.06725595695618755 0.40231481481481485 0.08685626441199078 0.08240740740740742
0 0.41352805534204456 0.11712962962962964 0.08762490392006149 0.12685185185185185
0 0.4650269023827825 0.12592592592592594 0.024596464258262875 0.05
0 0.8923904688700999 0.7125 0.05534204458109147 0.10092592592592593
0 0.9796310530361261 0.25972222222222224 0.022290545734050732 0.05092592592592593
0 0.8704842428900845 0.2490740740740741 0.0207532667179093 0.02592592592592593
0 0.8946963873943121 0.24074074074074076 0.015372790161414296 0.031481481481481485
