0 0.5313741064336774 0.17483189241114314 0.06671961874503574 0.06532180595581172
0 0.8089753772835583 0.02737752161383285 0.03733121525019857 0.0393852065321806
0 0.4614773629864972 0.8386167146974063 0.03653693407466243 0.049951969260326606
0 0.9455917394757744 0.8006724303554275 0.07069102462271644 0.10086455331412103
0 0.8888006354249404 0.8477425552353506 0.04130262112787927 0.03554274735830932
0 0.08816521048451151 0.11047070124879922 0.06354249404289118 0.12680115273775217
0 0.9614773629864972 0.8938520653218059 0.0500397140587768 0.11047070124879922
0 0.26648133439237487 0.8952929875120077 0.03891977760127085 0.04418828049951969
0 0.4511517077045274 0.2084534101825168 0.11119936457505956 0.07300672430355427
0 0.05242255758538522 0.6186359269932756 0.03177124702144559 0.03073967339097022
0 0.8200953137410643 0.9394812680115273 0.051628276409849086 0.034582132564841495
0 0.4765687053216838 0.7612872238232469 0.07148530579825257 0.07973102785782901
0 0.7776012708498808 0.8707973102785783 0.02382843526608419 0.025936599423631124
0 0.03375694996028594 0.0893371757925072 0.0659253375694996 0.0787704130643612
0 0.43447180301826843 0.0547550432276657 0.07466243050039714 0.053794428434197884
0 0.9122319301032565 0.1143131604226705 0.024622716441620333 0.034582132564841495
0 0.05599682287529785 0.1988472622478386 0.056393963463065924 0.08069164265129683
0 0.31969817315329624 0.13832853025936598 0.045274027005559964 0.04226705091258405
0 0.17196187450357425 0.6935638808837656 0.07069102462271644 0.12295869356388088
0 0.5099285146942018 0.8674351585014409 0.022239872915011914 0.024975984630163303
0 0.7509928514694202 0.9221902017291066 0.0500397140587768 0.07684918347742555
0 0.10524225575853852 0.8871277617675312 0.048451151707704525 0.0643611911623439
0 0.4575059571088165 0.8928914505283381 0.042891183478951544 0.03362151777137368
0 0.7200158856235107 0.04610951008645533 0.03574265289912629 0.04803073967339097
0 0.18347895154884827 0.5120076849183477 0.019062748212867353 0.026897214217098942
0 0.4729944400317712 0.1282420749279539 0.03097696584590945 0.050912584053794424
0 0.18387609213661635 0.06051873198847262 0.048451151707704525 0.03650336215177714
0 0.35544082605242255 0.4951969260326609 0.02621127879269261 0.03170028818443804
0 0.8816521048451151 0.6637848222862632 0.04765687053216838 0.07684918347742555
0 0.33200953137410644 0.951969260326609 0.10961080222398728 0.06340057636887608
0 0.22081016679904686 0.40393852065321806 0.03494837172359015 0.06628242074927954
0 0.30301826846703733 0.3424591738712776 0.023034154090548053 0.027857829010566763
0 0.41461477362986493 0.10566762728146013 0.0619539316918189 0.06724303554274735
0 0.8888006354249404 0.8016330451488952 0.03494837172359015 0.052833813640730067
0 0.42096902303415407 0.42507204610951005 0.02859412231930103 0.03362151777137368
0 0.26846703733121524 0.7862632084534101 0.038125496425734706 0.024015369836695485
0 0.11715647339158061 0.6186359269932756 0.02621127879269261 0.02881844380403458
0 0.23391580619539315 0.9514889529298751 0.03256552819698173 0.03170028818443804
0 0.5623510722795869 0.8962536023054755 0.08101667990468625 0.07300672430355427
0 0.9737887212073073 0.8045148895292987 0.015885623510722795 0.01825168107588857
0 0.5091342335186656 0.9558117195004803 0.03971405877680699 0.03650336215177714
0 0.9118347895154885 0.935638808837656 0.02859412231930103 0.03266090297790586
0 0.29428117553613975 0.74447646493756 0.03733121525019857 0.02881844380403458
0 0.2779984114376489 0.09750240153698367 0.038125496425734706 0.09702209414024976
0 0.6830818109610802 0.19404418828049952 0.027005559968228753 0.04226705091258405
0 0.8598093725178713 0.8904899135446686 0.040508339952343125 0.06916426512968299
0 0.028196981731532962 0.5187319884726225 0.023034154090548053 0.059558117195004805
0 0.1346306592533757 0.5878962536023055 0.018268467037331215 0.023054755043227664
0 0.3713264495631453 0.10854947166186359 0.03574265289912629 0.059558117195004805
0 0.37887212073073867 0.8976945244956772 0.02382843526608419 0.0547550432276657
0 0.5142970611596505 0.06388088376560999 0.11358220810166798 0.07973102785782901
0 0.8320095313741064 0.14217098943323728 0.08022239872915012 0.0787704130643612
0 0.8407466243050039 0.5787704130643612 0.03891977760127085 0.043227665706051875
0 0.778395552025417 0.1037463976945245 0.027005559968228753 0.03650336215177714
0 0.7795869737887212 0.15609990393852066 0.021445591739475772 0.022094140249759846
0 0.33399523431294675 0.7593659942363112 0.019857029388403495 0.022094140249759846
0 0.4074662430500397 0.7684918347742555 0.03177124702144559 0.03073967339097022
0 0.03335980937251787 0.4274735830931796 0.03971405877680699 0.10758885686839577
0 0.3657664813343924 0.1786743515850144 0.05321683876092136 0.06532180595581172
0 0.3324066719618745 0.07204610951008646 0.045274027005559964 0.07684918347742555
0 0.3149324861000794 0.8280499519692603 0.06274821286735505 0.06147934678194044
0 0.8824463860206513 0.18924111431316043 0.03018268467037331 0.07108549471661864
0 0.05599682287529785 0.43900096061479343 0.08339952343129467 0.13640730067243034
0 0.016679904686258934 0.3309317963496638 0.014297061159650515 0.027857829010566763
0 0.3518665607625099 0.8578290105667628 0.03653693407466243 0.06916426512968299
0 0.08856235107227958 0.9827089337175792 0.06115965051628276 0.026897214217098942
0 0.9579030976965845 0.11527377521613832 0.020651310563939634 0.06532180595581172
0 0.960285941223193 0.6066282420749279 0.05242255758538522 0.12584053794428435
0 0.8625893566322478 0.01536983669548511 0.020651310563939634 0.021133525456292025
0 0.9634630659253375 0.5086455331412104 0.038125496425734706 0.07973102785782901
0 0.8379666401906274 0.4620557156580211 0.12867355043685463 0.1536983669548511
0 0.13542494042891182 0.9740634005763689 0.016679904686258934 0.021133525456292025
0 0.6461477362986496 0.10038424591738712 0.05957108816521048 0.12584053794428435
0 0.9396346306592533 0.22142170989433238 0.03653693407466243 0.07204610951008646
0 0.8812549642573471 0.047070124879923146 0.021445591739475772 0.026897214217098942
0 0.41342335186656076 0.9702209414024976 0.021445591739475772 0.017291066282420747
0 0.2402700555996823 0.34438040345821325 0.024622716441620333 0.022094140249759846
0 0.5484511517077045 0.6051873198847262 0.024622716441620333 0.03073967339097022
0 0.938046068308181 0.020653218059558116 0.054011119936457505 0.0393852065321806
0 0.6175536139793486 0.023535062439961573 0.02779984114376489 0.010566762728146013
0 0.3598093725178713 0.7838616714697406 0.020651310563939634 0.023054755043227664
0 0.03891977760127085 0.6729106628242075 0.03335980937251787 0.03170028818443804
0 0.08300238284352661 0.43948126801152737 0.02938840349483717 0.0547550432276657
0 0.2621127879269261 0.9831892411143132 0.025416997617156472 0.008645533141210374
0 0.5933280381254964 0.9634966378482228 0.05718824463860206 0.011527377521613832
0 0.3216838760921366 0.7891450528338136 0.022239872915011914 0.01633045148895293
0 0.3272438443208896 0.9111431316042267 0.02382843526608419 0.03554274735830932
0 0.04011119936457506 0.75552353506244 0.02938840349483717 0.08357348703170028
0 0.1382049245432883 0.34918347742555234 0.04924543288324067 0.07204610951008646
0 0.13105639396346305 0.09317963496637847 0.05559968228752978 0.09606147934678194
0 0.015885623510722795 0.1935638808837656 0.022239872915011914 0.043227665706051875
0 0.1290706910246227 0.049951969260326606 0.023034154090548053 0.009606147934678193
0 0.9563145353455123 0.10326609029779059 0.02382843526608419 0.04130643611911623
0 0.6969817315329626 0.01777137367915466 0.015091342335186655 0.0067243035542747355
0 0.09054805401111993 0.7627281460134486 0.027005559968228753 0.07684918347742555
0 0.41739475774424145 0.9543707973102785 0.03097696584590945 0.04899135446685879
0 0.18903891977760126 0.345821325648415 0.03494837172359015 0.024975984630163303
0 0.23312152501985703 0.06580211335254563 0.024622716441620333 0.052833813640730067
0 0.8498808578236695 0.3727185398655139 0.03018268467037331 0.049951969260326606
0 0.9356632247815726 0.4058597502401537 0.08737092930897537 0.08357348703170028
0 0.5889594916600476 0.1138328530259366 0.08816521048451151 0.12776176753121998
0 0.5369340746624305 0.12199807877041306 0.02382843526608419 0.049951969260326606
0 0.1028594122319301 0.7098943323727185 0.056393963463065924 0.10182516810758885
0 0.018268467037331215 0.2521613832853026 0.022239872915011914 0.050912584053794424
0 0.12827640984908656 0.2425552353506244 0.021445591739475772 0.025936599423631124
0 0.10405083399523431 0.2334293948126801 0.015885623510722795 0.03266090297790586
