0 0.45406250000000004 0.15884615384615386 0.068125 0.06846153846153846
0 0.16125 0.019615384615384614 0.03875 0.03923076923076923
0 0.551875 0.8542307692307692 0.0375 0.05307692307692308
0 0.05 0.8415384615384616 0.0725 0.10615384615384615
0 0.11031250000000001 0.8880769230769231 0.041875 0.036153846153846154
0 0.9103125 0.06615384615384616 0.064375 0.13230769230769232
0 0.036875 0.9403846153846154 0.051250000000000004 0.11615384615384615
0 0.75625 0.9030769230769231 0.04 0.04461538461538461
0 0.5387500000000001 0.1896153846153846 0.11375 0.07615384615384616
0 0.9675 0.5992307692307692 0.0325 0.03230769230769231
0 0.1846875 0.9807692307692307 0.053125 0.03538461538461538
0 0.5340625 0.7734615384615384 0.073125 0.08384615384615385
0 0.22625 0.9069230769230769 0.02375 0.026153846153846153
0 0.9659375 0.040769230769230766 0.068125 0.08153846153846153
0 0.5503125 0.027307692307692307 0.076875 0.054615384615384614
0 0.058125 0.1176923076923077 0.025 0.03538461538461538
0 0.9475 0.1576923076923077 0.0575 0.08461538461538462
0 0.6721875 0.10884615384615384 0.046875 0.04384615384615385
0 0.8462500000000001 0.685 0.0725 0.13
0 0.5034375 0.8873076923076924 0.021875000000000002 0.026923076923076925
0 0.255625 0.9584615384615385 0.051250000000000004 0.08
0 0.923125 0.885 0.05 0.06692307692307692
0 0.5584375 0.9115384615384615 0.043125000000000004 0.033846153846153845
0 0.25375000000000003 0.03423076923076923 0.03625 0.05
0 0.8271875 0.4946153846153846 0.019375 0.026153846153846153
0 0.5134375 0.10692307692307693 0.030625 0.052307692307692305
0 0.8090625 0.019230769230769232 0.049375 0.038461538461538464
0 0.64875 0.48615384615384616 0.02625 0.03230769230769231
0 0.11125 0.6946153846153846 0.04875 0.08
0 0.6903125 0.9661538461538461 0.111875 0.06461538461538462
0 0.7840625 0.38269230769230766 0.035625000000000004 0.06846153846153846
0 0.6975 0.32269230769230767 0.0225 0.026923076923076925
0 0.5725 0.07923076923076923 0.06375 0.07076923076923076
0 0.10875 0.8396153846153847 0.035 0.054615384615384614
0 0.5784375 0.41615384615384615 0.028125 0.033846153846153845
0 0.7496875000000001 0.7880769230769231 0.038125 0.023846153846153847
0 0.900625 0.6023076923076923 0.02625 0.02923076923076923
0 0.7921875 0.96 0.033125 0.03230769230769231
0 0.4496875 0.9207692307692308 0.083125 0.07692307692307693
0 0.0209375 0.8480769230769231 0.015625 0.01769230769230769
0 0.5075000000000001 0.98 0.04 0.03692307692307692
0 0.09 0.9815384615384616 0.02875 0.033846153846153845
0 0.7215625 0.7453846153846154 0.036875 0.03076923076923077
0 0.71375 0.06346153846153846 0.03875 0.10230769230769231
0 0.29812500000000003 0.18769230769230769 0.02625 0.043076923076923075
0 0.141875 0.931923076923077 0.04125 0.07153846153846154
0 0.988125 0.49230769230769234 0.02375 0.06153846153846154
0 0.8815625 0.5711538461538461 0.018125 0.022307692307692306
0 0.6175 0.08076923076923077 0.03625 0.06153846153846154
0 0.6403125000000001 0.9123076923076923 0.024375 0.05692307692307692
0 0.468125 0.04153846153846154 0.11625 0.08307692307692308
0 0.141875 0.14192307692307693 0.0825 0.08076923076923077
0 0.15031250000000002 0.6015384615384616 0.039375 0.04461538461538461
0 0.19625 0.09807692307692308 0.02625 0.03769230769230769
0 0.1965625 0.15346153846153845 0.021875000000000002 0.02076923076923077
0 0.68125 0.7634615384615384 0.01875 0.022307692307692306
0 0.605 0.7776923076923077 0.0325 0.03076923076923077
0 0.9796875 0.3973076923076923 0.040625 0.11307692307692307
0 0.6259375 0.15346153846153845 0.053125 0.06846153846153846
0 0.6565625 0.039615384615384615 0.046875 0.07923076923076923
0 0.7034375 0.8346153846153846 0.065625 0.06461538461538462
0 0.0915625 0.19423076923076923 0.030625 0.07307692307692308
0 0.956875 0.4103846153846154 0.08625000000000001 0.1423076923076923
0 0.993125 0.29423076923076924 0.01375 0.02846153846153846
0 0.66625 0.8684615384615385 0.0375 0.07230769230769231
0 0.9434375 0.985 0.061875 0.026923076923076925
0 0.010937500000000001 0.12076923076923077 0.020625 0.06769230769230769
0 0.0271875 0.6384615384615384 0.053125 0.13230769230769232
0 0.1053125 0.010384615384615384 0.020625 0.02076923076923077
0 0.0203125 0.5346153846153846 0.039375 0.08307692307692308
0 0.148125 0.47923076923076924 0.1325 0.16153846153846155
0 0.8953125000000001 0.9780769230769231 0.016875 0.02076923076923077
0 0.3328125 0.08653846153846154 0.060625 0.13153846153846155
0 0.0340625 0.23153846153846153 0.036875 0.07538461538461538
0 0.08687500000000001 0.04461538461538461 0.02125 0.027692307692307693
0 0.6071875 0.99 0.020625 0.016923076923076923
0 0.7625000000000001 0.32153846153846155 0.025 0.023076923076923078
0 0.453125 0.6134615384615385 0.02375 0.031538461538461536
0 0.028125 0.02 0.055 0.04
0 0.3590625 0.004615384615384615 0.028125 0.00923076923076923
0 0.6553125 0.7903846153846154 0.020625 0.022307692307692306
0 0.9834375000000001 0.6553846153846153 0.033125 0.03230769230769231
0 0.92875 0.4123076923076923 0.03 0.055384615384615386
0 0.7640625 0.995 0.025625000000000002 0.006923076923076923
0 0.420625 0.9926923076923077 0.0575 0.011538461538461539
0 0.6950000000000001 0.7942307692307692 0.0225 0.016153846153846154
0 0.69375 0.9226923076923077 0.025 0.036153846153846154
0 0.9853125 0.7426923076923077 0.029375000000000002 0.08692307692307692
0 0.8678125 0.31961538461538463 0.049375 0.07461538461538461
0 0.865625 0.05 0.05625 0.1
0 0.9890625000000001 0.14961538461538462 0.021875000000000002 0.04384615384615385
0 0.8659375 0.004615384615384615 0.023125 0.00923076923076923
0 0.0121875 0.1076923076923077 0.023125 0.04153846153846154
0 0.27718750000000003 0.003076923076923077 0.015625 0.006153846153846154
0 0.933125 0.7530769230769231 0.02625 0.08
0 0.601875 0.9730769230769231 0.03125 0.05076923076923077
0 0.8150000000000001 0.32 0.035 0.026153846153846153
0 0.7584375 0.027307692307692307 0.024375 0.054615384615384614
0 0.1321875 0.38576923076923075 0.030625 0.05153846153846154
0 0.0453125 0.4257692307692308 0.089375 0.08692307692307692
0 0.3925 0.09846153846153846 0.09125 0.13384615384615384
0 0.44656250000000003 0.10384615384615385 0.024375 0.052307692307692305
0 0.9184375 0.6984615384615385 0.056875 0.10615384615384615
0 0.9884375 0.21115384615384616 0.021875000000000002 0.05307692307692308
0 0.874375 0.2073076923076923 0.02125 0.026923076923076925
0 0.8990625 0.19653846153846155 0.015625 0.03307692307692308
