0 0.9026248941574936 0.377720207253886 0.0558848433530906 0.10259067357512953
0 0.7180355630821338 0.5321243523316062 0.04233700254022015 0.04248704663212435
0 0.9669771380186283 0.7803108808290156 0.060965283657917015 0.12020725388601036
0 0.6024555461473328 0.42901554404145076 0.03471634208298052 0.049740932642487044
0 0.5423370025402201 0.09585492227979274 0.1735817104149026 0.12538860103626942
0 0.558848433530906 0.9362694300518134 0.11346316680779 0.10466321243523316
0 0.4187129551227773 0.05647668393782383 0.10076206604572396 0.09844559585492227
0 0.6693480101608806 0.06528497409326424 0.07705334462320068 0.12435233160621761
0 0.7641828958509738 0.9461139896373056 0.0279424216765453 0.026943005181347148
0 0.783657917019475 0.29430051813471503 0.04149026248941575 0.03316062176165803
0 0.8158340389500424 0.9056994818652849 0.05334462320067739 0.04559585492227979
0 0.32006773920406434 0.04507772020725388 0.13209144792548688 0.07150259067357513
0 0.20533446232006772 0.11658031088082901 0.03640982218458933 0.06321243523316061
0 0.9602032176121931 0.5357512953367876 0.027095681625740897 0.035233160621761656
0 0.8331922099915325 0.9362694300518134 0.04064352243861134 0.03419689119170984
0 0.01989839119390347 0.6134715025906735 0.0279424216765453 0.0849740932642487
0 0.2260795935647756 0.03678756476683938 0.04064352243861134 0.05284974093264248
0 0.7154953429297205 0.9538860103626943 0.03217612193056731 0.02797927461139896
0 0.7366638441998307 0.013471502590673574 0.0558848433530906 0.022797927461139896
0 0.024555461473327687 0.08290155440414507 0.04741744284504657 0.09119170984455958
0 0.9403048264182895 0.28860103626943 0.05165114309906858 0.038341968911917094
0 0.8624047417442845 0.2906735751295337 0.03471634208298052 0.03419689119170984
0 0.04572396274343776 0.46839378238341967 0.08128704487722269 0.10777202072538859
0 0.06731583403895004 0.019170984455958547 0.026248941574936492 0.013471502590673574
0 0.6409822184589331 0.9367875647668393 0.044030482641828954 0.043523316062176166
0 0.07324301439458086 0.07875647668393781 0.03640982218458933 0.031088082901554404
0 0.7455546147332769 0.9725388601036269 0.026248941574936492 0.02797927461139896
0 0.02032176121930567 0.9906735751295336 0.02032176121930567 0.014507772020725389
0 0.015664690939881456 0.5284974093264249 0.021168501270110076 0.049740932642487044
0 0.7912785774767146 0.008808290155440414 0.03471634208298052 0.015544041450777202
0 0.046570702794242164 0.3766839378238342 0.06943268416596104 0.11295336787564766
0 0.49915325994919557 0.011398963730569948 0.016088060965283656 0.010362694300518133
0 0.9830651989839119 0.43730569948186526 0.022015241320914477 0.03316062176165803
0 0.26841659610499574 0.12487046632124352 0.030482641828958507 0.046632124352331605
0 0.9174428450465707 0.22020725388601034 0.1126164267569856 0.13782383419689118
