0 0.9081250000000001 0.6153846153846154 0.055 0.10307692307692308
0 0.72 0.46153846153846156 0.04125 0.043076923076923075
0 0.9690625 0.205 0.060625 0.12076923076923077
0 0.6040625000000001 0.568076923076923 0.034375 0.05
0 0.5471875 0.9080769230769231 0.174375 0.12692307692307692
0 0.555 0.05307692307692308 0.11375 0.10615384615384615
0 0.4221875 0.9496153846153846 0.100625 0.09923076923076923
0 0.6759375 0.936923076923077 0.076875 0.12461538461538461
0 0.7621875 0.04 0.028125 0.026153846153846153
0 0.7887500000000001 0.7023076923076923 0.04125 0.03230769230769231
0 0.8150000000000001 0.08 0.0525 0.04461538461538461
0 0.3225 0.9634615384615385 0.1325 0.07153846153846154
0 0.2059375 0.8923076923076924 0.035625000000000004 0.06307692307692307
0 0.965 0.4542307692307692 0.02625 0.03461538461538462
0 0.831875 0.048846153846153845 0.04 0.03461538461538462
0 0.0134375 0.39 0.026875 0.08461538461538462
0 0.2278125 0.9730769230769231 0.040625 0.052307692307692305
0 0.7128125 0.032692307692307694 0.031875 0.026923076923076925
0 0.7440625 0.9880769230769231 0.055625 0.022307692307692306
0 0.02375 0.9292307692307692 0.0475 0.09230769230769231
0 0.9471875000000001 0.7057692307692308 0.050625 0.03769230769230769
0 0.8684375 0.7046153846153846 0.034375 0.033846153846153845
0 0.040625 0.5373076923076923 0.08125 0.10846153846153846
0 0.0675 0.9930769230769231 0.025 0.012307692307692308
0 0.6378125 0.05153846153846154 0.043125000000000004 0.043076923076923075
0 0.0728125 0.9326923076923077 0.035625000000000004 0.031538461538461536
0 0.7428125 0.013461538461538462 0.025625000000000002 0.026923076923076925
0 0.01 0.006538461538461538 0.02 0.013076923076923076
0 0.0103125 0.4765384615384615 0.020625 0.05
0 0.7996875 0.9923076923076923 0.034375 0.013846153846153847
0 0.0428125 0.63 0.069375 0.11384615384615385
0 0.504375 0.9946153846153846 0.015 0.00923076923076923
0 0.98875 0.5534615384615384 0.02125 0.03307692307692308
0 0.26937500000000003 0.8830769230769231 0.03 0.046153846153846156
0 0.925 0.7757692307692308 0.1125 0.13923076923076924
