0 0.10179640718562874 0.41167355371900827 0.05303678357570573 0.0981404958677686
0 0.2887082976903336 0.547004132231405 0.04020530367835757 0.042355371900826444
0 0.057741659538066724 0.803202479338843 0.05902480752780154 0.11466942148760331
0 0.39649272882805814 0.4400826446280992 0.033361847733105215 0.047520661157024795
0 0.43926432848588537 0.11518595041322315 0.16852010265183917 0.12086776859504132
0 0.46236099230111205 0.9245867768595042 0.11035072711719418 0.1012396694214876
0 0.558169375534645 0.06921487603305786 0.09837467921300257 0.09504132231404959
0 0.31394354148845166 0.09555785123966942 0.07527801539777587 0.11880165289256199
0 0.2630453378956373 0.9478305785123967 0.028229255774165952 0.025826446280991736
0 0.21385799828913601 0.3228305785123967 0.04106073567151411 0.032024793388429756
0 0.2108639863130881 0.9132231404958678 0.05218135158254918 0.04338842975206612
0 0.6535500427715997 0.05113636363636364 0.1283147989734816 0.06921487603305786
0 0.7686056458511548 0.11208677685950413 0.0350727117194183 0.0609504132231405
0 0.05260906757912746 0.5671487603305785 0.026518391787852865 0.03305785123966942
0 0.1958939264328486 0.943698347107438 0.03934987168520102 0.03409090909090909
0 0.9721984602224123 0.5769628099173554 0.026518391787852865 0.08161157024793389
0 0.7446535500427716 0.03667355371900827 0.04020530367835757 0.0506198347107438
0 0.31094952951240373 0.9524793388429752 0.03165098374679213 0.026859504132231406
0 0.24636441402908468 0.0506198347107438 0.05474764756201882 0.022727272727272728
0 0.9431137724550898 0.06766528925619834 0.04704875962360992 0.0878099173553719
0 0.060735671514114624 0.3285123966942149 0.04961505560307955 0.0371900826446281
0 0.13686911890504705 0.32541322314049587 0.03421727972626176 0.03305785123966942
0 0.9409751924721984 0.4390495867768595 0.07869974337040204 0.10330578512396695
0 0.8986313088109494 0.009297520661157025 0.024807527801539775 0.012396694214876033
0 0.38280581693755344 0.9307851239669421 0.041916167664670656 0.04132231404958678
0 0.8952095808383234 0.06714876033057851 0.0350727117194183 0.030991735537190084
0 0.2831479897348161 0.972107438016529 0.02566295979469632 0.026859504132231406
0 0.9893071000855431 0.9395661157024794 0.01967493584260051 0.013429752066115703
0 0.9721984602224123 0.4953512396694215 0.0213857998289136 0.04855371900826447
0 0.1924721984602224 0.049586776859504134 0.03421727972626176 0.014462809917355372
0 0.9354148845166809 0.3517561983471075 0.06757912745936698 0.10847107438016529
0 0.4773310521813516 0.031508264462809916 0.015397775876817793 0.009297520661157025
0 0.02609067579127459 0.4746900826446281 0.0213857998289136 0.032024793388429756
0 0.7078699743370401 0.12448347107438017 0.029940119760479042 0.04442148760330579
0 0.07998289136013687 0.26136363636363635 0.10863986313088109 0.1322314049586777
