0 0.9087500000000001 0.38346153846153846 0.055 0.10230769230769231
0 0.7203125 0.5373076923076923 0.041875 0.04230769230769231
0 0.969375 0.7938461538461539 0.06125 0.12153846153846154
0 0.604375 0.4307692307692308 0.03375 0.04923076923076923
0 0.5471875 0.09076923076923077 0.174375 0.1276923076923077
0 0.5553125 0.9453846153846154 0.114375 0.10615384615384615
0 0.4225 0.04923076923076923 0.1 0.09846153846153846
0 0.6765625000000001 0.06230769230769231 0.076875 0.12461538461538461
0 0.7628125 0.9584615384615385 0.028125 0.026153846153846153
0 0.7890625 0.29615384615384616 0.041875 0.03230769230769231
0 0.815625 0.9184615384615384 0.0525 0.04461538461538461
0 0.3225 0.03576923076923077 0.1325 0.07153846153846154
0 0.2065625 0.10692307692307693 0.035625000000000004 0.06307692307692307
0 0.9653125 0.545 0.025625000000000002 0.03461538461538462
0 0.8325 0.95 0.04 0.03538461538461538
0 0.01375 0.6092307692307692 0.02625 0.08461538461538462
0 0.2278125 0.02576923076923077 0.040625 0.05153846153846154
0 0.713125 0.9661538461538461 0.0325 0.027692307692307693
0 0.7440625 0.010769230769230769 0.055625 0.021538461538461538
0 0.024375 0.06923076923076923 0.0475 0.09230769230769231
0 0.9471875000000001 0.2926923076923077 0.050625 0.03769230769230769
0 0.86875 0.29423076923076924 0.03375 0.03307692307692308
0 0.04125 0.46192307692307694 0.08125 0.10846153846153846
0 0.0678125 0.006153846153846154 0.024375 0.012307692307692308
0 0.6378125 0.9473076923076923 0.043125000000000004 0.04384615384615385
0 0.0734375 0.06615384615384616 0.035625000000000004 0.03076923076923077
0 0.743125 0.985 0.025 0.026923076923076925
0 0.0103125 0.9919230769230769 0.019375 0.013076923076923076
0 0.010937500000000001 0.5223076923076924 0.020625 0.04923076923076923
0 0.7996875 0.006538461538461538 0.034375 0.013076923076923076
0 0.043437500000000004 0.36846153846153845 0.069375 0.11384615384615385
0 0.5046875 0.004615384615384615 0.014375 0.00923076923076923
0 0.9890625000000001 0.4453846153846154 0.021875000000000002 0.03230769230769231
0 0.2696875 0.11576923076923076 0.030625 0.04692307692307692
0 0.925 0.22346153846153846 0.1125 0.13923076923076924
