0 0.11836283185840708 0.35563380281690143 0.05235988200589971 0.09507042253521127
0 0.28650442477876104 0.5123239436619719 0.03908554572271386 0.040492957746478875
0 0.03687315634218289 0.7244718309859155 0.05752212389380531 0.11091549295774648
0 0.40154867256637167 0.42473591549295775 0.0331858407079646 0.04665492957746479
0 0.47529498525073743 0.11971830985915494 0.16445427728613568 0.11619718309859155
0 0.4174041297935103 0.8992077464788732 0.10766961651917403 0.09771126760563381
0 0.5955014749262537 0.09242957746478873 0.09513274336283185 0.09154929577464789
0 0.3558259587020649 0.08230633802816902 0.07300884955752213 0.1153169014084507
0 0.22160766961651918 0.8934859154929577 0.02728613569321534 0.024647887323943664
0 0.2359882005899705 0.28653169014084506 0.03982300884955752 0.030809859154929578
0 0.1747787610619469 0.852112676056338 0.05014749262536873 0.04225352112676056
0 0.6902654867256637 0.08846830985915494 0.12536873156342182 0.06602112676056338
0 0.7957227138643068 0.1637323943661972 0.03392330383480826 0.058098591549295774
0 0.055678466076696166 0.4977992957746479 0.025811209439528023 0.032570422535211266
0 0.1570796460176991 0.8789612676056339 0.038348082595870206 0.032570422535211266
0 0.9472713864306784 0.6386443661971831 0.025811209439528023 0.07834507042253522
0 0.7798672566371682 0.08802816901408451 0.03908554572271386 0.04929577464788733
0 0.26769911504424776 0.9044894366197184 0.030973451327433628 0.025528169014084508
0 0.2949852507374631 0.029929577464788734 0.05309734513274336 0.02112676056338028
0 0.9690265486725663 0.14568661971830987 0.045722713864306784 0.08538732394366197
0 0.08702064896755163 0.2693661971830986 0.048672566371681415 0.035211267605633804
0 0.16113569321533924 0.2772887323943662 0.0331858407079646 0.03169014084507042
0 0.9303097345132744 0.5022007042253521 0.07743362831858407 0.0994718309859155
0 0.9317846607669616 0.08362676056338028 0.024336283185840708 0.012323943661971832
0 0.33997050147492625 0.8934859154929577 0.04129793510324484 0.040492957746478875
0 0.9233038348082596 0.1382042253521127 0.03392330383480826 0.029929577464788734
0 0.2385693215339233 0.9194542253521127 0.024336283185840708 0.025528169014084508
0 0.9277286135693216 0.9889964788732395 0.019174041297935103 0.013204225352112676
0 0.9553834808259587 0.5602992957746479 0.01991150442477876 0.04665492957746479
0 0.24299410029498525 0.02112676056338028 0.0331858407079646 0.014084507042253521
0 0.9336283185840708 0.4168133802816901 0.0663716814159292 0.10475352112676056
0 0.5206489675516224 0.04445422535211268 0.014749262536873156 0.009683098591549297
0 0.03908554572271386 0.4053697183098592 0.02064896755162242 0.030809859154929578
0 0.7352507374631269 0.16681338028169015 0.029498525073746312 0.043133802816901406
0 0.11246312684365782 0.20818661971830987 0.10693215339233038 0.12764084507042253
