0 0.09466019417475728 0.6016781836130306 0.05501618122977347 0.10167818361303059
0 0.281957928802589 0.45656465942744323 0.0412621359223301 0.04244817374136229
0 0.04166666666666667 0.20039486673247778 0.06067961165048544 0.11846001974333661
0 0.39441747572815533 0.5636722606120435 0.03478964401294499 0.04935834155972359
0 0.44457928802589 0.8963474827245804 0.17233009708737865 0.12438302073050345
0 0.4510517799352751 0.0631786771964462 0.11245954692556635 0.104639684106614
0 0.5663430420711975 0.9402764067127344 0.10032362459546926 0.0977295162882527
0 0.31715210355987056 0.9210266535044422 0.07605177993527508 0.1224086870681145
0 0.24797734627831716 0.04491609081934847 0.02831715210355987 0.026653504442250738
0 0.21076051779935276 0.6895360315893385 0.0412621359223301 0.03257650542941757
0 0.1953883495145631 0.08242843040473839 0.052588996763754045 0.044422507403751234
0 0.6642394822006473 0.9555774925962487 0.13106796116504854 0.07107601184600197
0 0.7799352750809062 0.8894373149062191 0.03559870550161812 0.0631786771964462
0 0.04166666666666667 0.44323790720631784 0.026699029126213594 0.035538005923000986
0 0.17920711974110035 0.05182625863770977 0.03964401294498382 0.034550839091806514
0 0.9777508090614887 0.4052319842053307 0.026699029126213594 0.08390918065153011
0 0.7572815533980582 0.9679170779861797 0.04045307443365696 0.052319842053307
0 0.2965210355987055 0.03899308983218164 0.03155339805825243 0.026653504442250738
0 0.24959546925566345 0.968904244817374 0.055825242718446605 0.022704837117472853
0 0.9583333333333334 0.9299111549851924 0.04773462783171521 0.09081934846989141
0 0.0546116504854369 0.6890424481737413 0.05097087378640777 0.03751233958538993
0 0.13228155339805825 0.6895360315893385 0.03478964401294499 0.034550839091806514
0 0.9482200647249192 0.5478775913129319 0.08090614886731393 0.10661401776900295
0 0.9142394822006473 0.9916090819348469 0.025889967637540454 0.012833168805528133
0 0.3697411003236246 0.05923000987166831 0.043689320388349516 0.04343534057255676
0 0.9101941747572816 0.9318854886475814 0.03559870550161812 0.0315893385982231
0 0.2673948220064725 0.019743336623889437 0.026699029126213594 0.02764067127344521
0 0.9874595469255664 0.0315893385982231 0.02022653721682848 0.013820335636722605
0 0.9789644012944985 0.489634748272458 0.021035598705501618 0.04935834155972359
0 0.19457928802588997 0.9718657453109575 0.03478964401294499 0.014807502467917077
0 0.94457928802589 0.638203356367226 0.06877022653721683 0.11154985192497531
0 0.48503236245954695 0.981243830207305 0.015372168284789645 0.009871668311944718
0 0.016585760517799353 0.5394866732477789 0.021844660194174758 0.03257650542941757
0 0.7176375404530745 0.8790720631786771 0.03074433656957929 0.04639684106614018
0 0.07564724919093851 0.7571569595261599 0.11084142394822007 0.1362290227048371
