0 0.09125 0.6153846153846154 0.055 0.10307692307692308
0 0.279375 0.46153846153846156 0.04125 0.043076923076923075
0 0.0303125 0.205 0.060625 0.12076923076923077
0 0.3953125 0.568076923076923 0.034375 0.05
0 0.4521875 0.9080769230769231 0.174375 0.12692307692307692
0 0.444375 0.05307692307692308 0.11375 0.10615384615384615
0 0.5771875 0.9496153846153846 0.100625 0.09923076923076923
0 0.3234375 0.936923076923077 0.076875 0.12461538461538461
0 0.2371875 0.04 0.028125 0.026153846153846153
0 0.210625 0.7023076923076923 0.04125 0.03230769230769231
0 0.184375 0.08 0.0525 0.04461538461538461
0 0.676875 0.9634615384615385 0.1325 0.07153846153846154
0 0.7934375 0.8923076923076924 0.035625000000000004 0.06307692307692307
0 0.034375 0.4542307692307692 0.02625 0.03461538461538462
0 0.1675 0.048846153846153845 0.04 0.03461538461538462
0 0.9859375 0.39 0.026875 0.08461538461538462
0 0.7715625 0.9730769230769231 0.040625 0.052307692307692305
0 0.2865625 0.032692307692307694 0.031875 0.026923076923076925
0 0.2553125 0.9880769230769231 0.055625 0.022307692307692306
0 0.9756250000000001 0.9292307692307692 0.0475 0.09230769230769231
0 0.0521875 0.7057692307692308 0.050625 0.03769230769230769
0 0.1309375 0.7046153846153846 0.034375 0.033846153846153845
0 0.95875 0.5373076923076923 0.08125 0.10846153846153846
0 0.931875 0.9930769230769231 0.025 0.012307692307692308
0 0.3615625 0.05153846153846154 0.043125000000000004 0.043076923076923075
0 0.9265625000000001 0.9326923076923077 0.035625000000000004 0.031538461538461536
0 0.2565625 0.013461538461538462 0.025625000000000002 0.026923076923076925
0 0.989375 0.006538461538461538 0.02 0.013076923076923076
0 0.9890625000000001 0.4765384615384615 0.020625 0.05
0 0.19968750000000002 0.9923076923076923 0.034375 0.013846153846153847
0 0.9565625 0.63 0.069375 0.11384615384615385
0 0.495 0.9946153846153846 0.015 0.00923076923076923
0 0.010625 0.5534615384615384 0.02125 0.03307692307692308
0 0.73 0.8830769230769231 0.03 0.046153846153846156
0 0.074375 0.7757692307692308 0.1125 0.13923076923076924
