0 0.8843226788432268 0.6390154968094803 0.0532724505327245 0.09662716499544212
0 0.7142313546423135 0.4826800364630811 0.04033485540334855 0.04102096627164995
0 0.9634703196347032 0.2648131267092069 0.0578386605783866 0.1121239744758432
0 0.5989345509893454 0.5720145852324521 0.0334855403348554 0.04649042844120328
0 0.5273972602739726 0.8810391978122151 0.1659056316590563 0.11759343664539654
0 0.5791476407914764 0.09298085688240657 0.1080669710806697 0.09845031905195989
0 0.4063926940639269 0.9102096627164995 0.0958904109589041 0.09206927985414767
0 0.6476407914764079 0.9175022789425706 0.0730593607305936 0.11577028258887875
0 0.776255707762557 0.09708295350957155 0.0273972602739726 0.024612579762989972
0 0.7667427701674276 0.7101185050136737 0.04033485540334855 0.03099361896080219
0 0.8242009132420091 0.13764813126709208 0.0502283105022831 0.041932543299908843
0 0.3112633181126332 0.9152233363719234 0.1263318112633181 0.0674567000911577
0 0.204337899543379 0.8404740200546946 0.03424657534246575 0.05834092980856882
0 0.9467275494672754 0.4949863263445761 0.0258751902587519 0.032816773017319965
0 0.8417047184170472 0.11030082041932543 0.0380517503805175 0.032816773017319965
0 0.04832572298325723 0.3623518687329079 0.02663622526636225 0.07930720145852324
0 0.2210806697108067 0.9170464904284412 0.03881278538812785 0.049225159525979945
0 0.7294520547945205 0.08659981768459435 0.03120243531202435 0.02552415679124886
0 0.7096651445966514 0.9699179580674567 0.05403348554033485 0.02187784867821331
0 0.02968036529680365 0.8605287146763901 0.045662100456621 0.08568824065633546
0 0.9170471841704718 0.7251595259799453 0.0487062404870624 0.03555150410209663
0 0.8424657534246575 0.7178669097538742 0.0334855403348554 0.03190519598906107
0 0.06621004566210045 0.5 0.0776255707762557 0.10118505013673655
0 0.06773211567732115 0.922971741112124 0.0243531202435312 0.011850501367365542
0 0.6575342465753424 0.09799453053783044 0.0410958904109589 0.04102096627164995
0 0.076103500761035 0.8673655423883317 0.0350076103500761 0.0300820419325433
0 0.7591324200913242 0.07110300820419325 0.02511415525114155 0.02552415679124886
0 0.06468797564687975 0.008204193254329991 0.0197869101978691 0.01276207839562443
0 0.04071537290715373 0.4421148587055606 0.02054794520547945 0.04740200546946217
0 0.7617960426179604 0.9785779398359161 0.0334855403348554 0.013673655423883317
0 0.06354642313546423 0.5861440291704649 0.06621004566210045 0.105742935278031
0 0.48211567732115673 0.9576116681859617 0.01445966514459665 0.010027347310847767
0 0.9642313546423135 0.5879671832269827 0.0213089802130898 0.03099361896080219
0 0.265220700152207 0.8368277119416591 0.02968036529680365 0.04375569735642662
0 0.891552511415525 0.7876025524156791 0.10730593607305935 0.12944393801276208
