0 0.090625 0.38346153846153846 0.055 0.10230769230769231
0 0.2790625 0.5373076923076923 0.041875 0.04230769230769231
0 0.0303125 0.7938461538461539 0.060625 0.12153846153846154
0 0.395 0.4307692307692308 0.03375 0.04923076923076923
0 0.4521875 0.09076923076923077 0.174375 0.1276923076923077
0 0.4440625 0.9453846153846154 0.114375 0.10615384615384615
0 0.576875 0.04923076923076923 0.1 0.09846153846153846
0 0.3228125 0.06230769230769231 0.076875 0.12461538461538461
0 0.2365625 0.9584615384615385 0.028125 0.026153846153846153
0 0.2103125 0.29615384615384616 0.041875 0.03230769230769231
0 0.18375 0.9184615384615384 0.0525 0.04461538461538461
0 0.676875 0.03576923076923077 0.1325 0.07153846153846154
0 0.7928125 0.10692307692307693 0.035625000000000004 0.06307692307692307
0 0.0340625 0.545 0.025625000000000002 0.03461538461538462
0 0.16718750000000002 0.95 0.040625 0.03538461538461538
0 0.985625 0.6092307692307692 0.02625 0.08461538461538462
0 0.7715625 0.02576923076923077 0.040625 0.05153846153846154
0 0.28625 0.9661538461538461 0.0325 0.027692307692307693
0 0.2553125 0.010769230769230769 0.055625 0.021538461538461538
0 0.975 0.06923076923076923 0.0475 0.09230769230769231
0 0.0521875 0.2926923076923077 0.050625 0.03769230769230769
0 0.130625 0.29423076923076924 0.03375 0.03307692307692308
0 0.958125 0.46192307692307694 0.08125 0.10846153846153846
0 0.9315625000000001 0.006153846153846154 0.024375 0.012307692307692308
0 0.3615625 0.9473076923076923 0.043125000000000004 0.04384615384615385
0 0.9259375 0.06615384615384616 0.035625000000000004 0.03076923076923077
0 0.25625 0.985 0.025 0.026923076923076925
0 0.9890625000000001 0.9919230769230769 0.019375 0.013076923076923076
0 0.9884375 0.5223076923076924 0.020625 0.04923076923076923
0 0.19968750000000002 0.006538461538461538 0.034375 0.013076923076923076
0 0.95625 0.36846153846153845 0.06875 0.11384615384615385
0 0.4946875 0.004615384615384615 0.014375 0.00923076923076923
0 0.010625 0.4453846153846154 0.02125 0.03230769230769231
0 0.7296875 0.11576923076923076 0.030625 0.04692307692307692
0 0.074375 0.22346153846153846 0.1125 0.13923076923076924
