0 0.8431876606683805 0.15683229813664598 0.0959725792630677 0.054865424430641824
0 0.3067694944301628 0.04761904761904762 0.06341045415595545 0.06418219461697723
0 0.4957155098543274 0.16356107660455488 0.07283633247643531 0.10973084886128365
0 0.2814910025706941 0.4316770186335404 0.06426735218508997 0.07453416149068323
0 0.9490145672664954 0.13561076604554867 0.0934018851756641 0.09730848861283645
0 0.94044558697515 0.527432712215321 0.029991431019708657 0.040372670807453416
0 0.0972579263067695 0.4301242236024845 0.08483290488431877 0.06935817805383024
0 0.8753213367609255 0.2251552795031056 0.02827763496143959 0.054865424430641824
0 0.9383033419023137 0.26915113871635615 0.10454155955441304 0.08695652173913045
0 0.40017137960582694 0.35973084886128365 0.04455869751499572 0.038302277432712216
0 0.2279348757497858 0.9265010351966875 0.04798628963153385 0.039337474120082816
0 0.5925449871465296 0.7028985507246377 0.02313624678663239 0.026915113871635612
0 0.30162810625535563 0.6801242236024845 0.054841473864610114 0.08074534161490683
0 0.25021422450728364 0.10662525879917185 0.08397600685518423 0.18840579710144928
0 0.48800342759211657 0.7406832298136646 0.053984575835475584 0.040372670807453416
0 0.7724935732647815 0.9094202898550725 0.0882604970008569 0.06935817805383024
0 0.43316195372750643 0.04658385093167702 0.08997429305912596 0.04761904761904762
0 0.5428449014567267 0.8612836438923396 0.06255355612682091 0.13457556935817808
0 0.630248500428449 0.7800207039337475 0.02827763496143959 0.032091097308488616
0 0.48200514138817485 0.34834368530020704 0.04198800342759212 0.04451345755693582
0 0.4430162810625536 0.2148033126293996 0.08226221079691518 0.12732919254658387
0 0.6461011139674379 0.6055900621118013 0.03598971722365039 0.035196687370600416
0 0.5676949443016281 0.22463768115942032 0.029991431019708657 0.04347826086956522
0 0.6812339331619538 0.9296066252587992 0.04113110539845759 0.028985507246376815
0 0.916452442159383 0.9813664596273293 0.038560411311053984 0.031055900621118016
0 0.3736075407026564 0.29037267080745344 0.03427592116538132 0.06107660455486543
0 0.6683804627249358 0.8255693581780539 0.018851756640959727 0.027950310559006212
0 0.9104541559554413 0.6185300207039338 0.03513281919451586 0.04244306418219462
0 0.5616966580976864 0.5082815734989649 0.04541559554413025 0.08074534161490683
0 0.7210796915167096 0.47463768115942034 0.05055698371893745 0.08799171842650104
0 0.7480719794344474 0.09834368530020704 0.06341045415595545 0.11387163561076605
0 0.3671808054841474 0.620600414078675 0.03513281919451586 0.054865424430641824
0 0.5754070265638389 0.5755693581780539 0.029991431019708657 0.031055900621118016
0 0.47643530419880037 0.4259834368530021 0.03427592116538132 0.040372670807453416
0 0.37832047986289635 0.5496894409937889 0.0934018851756641 0.11801242236024846
0 0.9318766066838047 0.9089026915113873 0.06598114824335904 0.08074534161490683
0 0.889031705227078 0.06366459627329193 0.029991431019708657 0.027950310559006212
0 0.7789203084832905 0.9668737060041409 0.05826906598114825 0.04347826086956522
0 0.4267352185089974 0.8074534161490684 0.1353898886032562 0.051759834368530024
0 0.2574978577549272 0.4099378881987578 0.029991431019708657 0.04761904761904762
0 0.14610111396743788 0.9430641821946171 0.04541559554413025 0.018633540372670808
0 0.9854327335047129 0.07091097308488613 0.02570694087403599 0.032091097308488616
0 0.3723221936589546 0.8431677018633541 0.04198800342759212 0.04244306418219462
0 0.21936589545844046 0.8923395445134576 0.023993144815766924 0.016563146997929608
0 0.27463581833761785 0.7551759834368531 0.05227077977720652 0.09213250517598344
0 0.4224507283633248 0.8788819875776398 0.037703513281919454 0.04968944099378882
0 0.36803770351328197 0.10559006211180125 0.07626392459297344 0.07660455486542443
0 0.21722365038560412 0.12784679089026915 0.024850042844901457 0.036231884057971016
0 0.8676092544987147 0.09989648033126294 0.053984575835475584 0.05900621118012423
0 0.41002570694087404 0.9202898550724639 0.038560411311053984 0.051759834368530024
0 0.7167952013710369 0.6837474120082816 0.01970865467009426 0.019668737060041408
0 0.5951156812339332 0.06987577639751553 0.05055698371893745 0.07556935817805384
0 0.4185946872322194 0.41873706004140787 0.04712939160239932 0.07142857142857144
0 0.4948586118251928 0.03364389233954452 0.02313624678663239 0.015527950310559008
0 0.2133676092544987 0.02225672877846791 0.049700085689802914 0.025879917184265012
0 0.694515852613539 0.6350931677018634 0.06598114824335904 0.08385093167701864
0 0.7086546700942589 0.9720496894409939 0.018851756640959727 0.02484472049689441
0 0.2215081405312768 0.4668737060041408 0.03513281919451586 0.06418219461697723
0 0.5865467009425879 0.75 0.048843187660668384 0.04451345755693582
0 0.22279348757497858 0.48033126293995865 0.037703513281919454 0.035196687370600416
0 0.31405312767780635 0.187888198757764 0.031705227077977724 0.02380952380952381
0 0.7163667523564696 0.3944099378881988 0.03427592116538132 0.028985507246376815
0 0.13110539845758357 0.37111801242236025 0.05826906598114825 0.04244306418219462
0 0.27377892030848333 0.8866459627329193 0.016281062553556127 0.02380952380952381
0 0.4785775492716367 0.458592132505176 0.0934018851756641 0.10766045548654245
0 0.9644387317909169 0.6071428571428572 0.017994858611825194 0.019668737060041408
0 0.596401028277635 0.24275362318840582 0.03598971722365039 0.036231884057971016
0 0.34875749785775495 0.16614906832298137 0.018851756640959727 0.02380952380952381
0 0.9310197086546701 0.2070393374741201 0.03341902313624679 0.053830227743271224
0 0.4828620394173094 0.5414078674948241 0.10711225364181663 0.1821946169772257
0 0.803770351328192 0.9337474120082816 0.023993144815766924 0.02484472049689441
0 0.6563838903170524 0.5175983436853002 0.02570694087403599 0.016563146997929608
0 0.6392459297343617 0.03881987577639752 0.04113110539845759 0.009316770186335404
0 0.7382176520994002 0.9327122153209111 0.02827763496143959 0.020703933747412008
0 0.20308483290488433 0.013975155279503106 0.027420736932305057 0.009316770186335404
0 0.4383033419023136 0.32971014492753625 0.02313624678663239 0.017598343685300208
0 0.2999143101970866 0.34265010351966874 0.020565552699228794 0.04968944099378882
0 0.5792630676949443 0.8307453416149069 0.02227934875749786 0.06107660455486543
0 0.5034275921165382 0.9673913043478262 0.017994858611825194 0.011387163561076606
0 0.27806341045415595 0.49171842650103526 0.02827763496143959 0.037267080745341616
0 0.799057412167952 0.9865424430641823 0.016281062553556127 0.008281573498964804
0 0.31405312767780635 0.13405797101449277 0.02827763496143959 0.032091097308488616
0 0.5338474721508141 0.07919254658385094 0.05312767780634105 0.10041407867494825
0 0.5458440445586975 0.4114906832298137 0.04113110539845759 0.06728778467908904
0 0.38946015424164526 0.23033126293995862 0.10711225364181663 0.09006211180124224
0 0.24335904027420738 0.5983436853002071 0.09940017137960583 0.15527950310559008
0 0.6293916023993145 0.3638716356107661 0.1036846615252785 0.12111801242236025
0 0.610968294772922 0.829192546583851 0.037703513281919454 0.06832298136645963
0 0.0792630676949443 0.3612836438923396 0.05741216795201371 0.06211180124223603
