0 0.8337339743589743 0.11655239960822723 0.0985576923076923 0.05680705190989226
0 0.27844551282051283 0.0455435847208619 0.06490384615384615 0.06758080313418217
0 0.47796474358974356 0.15132223310479923 0.07451923076923077 0.11459353574926542
0 0.27323717948717946 0.44613124387855047 0.06570512820512821 0.0773751224289912
0 0.9411057692307692 0.08667972575905974 0.0953525641025641 0.10088148873653281
0 0.953125 0.49314397649363373 0.03125 0.04211557296767875
0 0.08373397435897435 0.4593535749265426 0.08733974358974358 0.07247796278158668
0 0.8697916666666666 0.18511263467189032 0.029647435897435896 0.05680705190989226
0 0.9370993589743589 0.22624877571008817 0.10657051282051282 0.09010773751224291
0 0.390625 0.36190009794319294 0.04567307692307692 0.040156709108716944
0 0.2439903846153846 0.9632713026444663 0.04887820512820513 0.040156709108716944
0 0.6057692307692307 0.702252693437806 0.024038461538461536 0.02742409402546523
0 0.3064903846153846 0.702252693437806 0.05689102564102564 0.0842311459353575
0 0.22315705128205127 0.11116552399608227 0.08733974358974358 0.19490695396669933
0 0.501201923076923 0.7502448579823703 0.055288461538461536 0.04113614103819785
0 0.8012820512820512 0.9025465230166504 0.09134615384615384 0.07149853085210578
0 0.4078525641025641 0.03476983349657199 0.09134615384615384 0.04995102840352596
0 0.563301282051282 0.8707149853085211 0.0641025641025641 0.13907933398628797
0 0.6486378205128205 0.7796278158667973 0.029647435897435896 0.03330068560235064
0 0.4735576923076923 0.3437806072477963 0.04326923076923077 0.04701273261508325
0 0.4266826923076923 0.2081292850146915 0.08413461538461538 0.13222331047992164
0 0.6558493589743589 0.5979431929480902 0.03766025641025641 0.03623898139079334
0 0.5552884615384616 0.20910871694417238 0.030448717948717948 0.04603330068560235
0 0.7091346153846153 0.930460333006856 0.041666666666666664 0.029382957884427033
0 0.953125 0.966209598432909 0.03926282051282051 0.03232125367286973
0 0.359775641025641 0.29187071498530853 0.035256410256410256 0.06268364348677767
0 0.6903044871794871 0.8237022526934379 0.01842948717948718 0.029382957884427033
0 0.9266826923076923 0.5901077375122429 0.036057692307692304 0.04407443682664055
0 0.5641025641025641 0.5034280117531832 0.046474358974358976 0.0842311459353575
0 0.7255608974358974 0.45592556317335947 0.05208333333333333 0.0910871694417238
0 0.7331730769230769 0.06317335945151813 0.06570512820512821 0.11851126346718903
0 0.3705929487179487 0.6356513222331048 0.036057692307692304 0.05680705190989226
0 0.5817307692307692 0.5714985308521058 0.030448717948717948 0.03232125367286973
0 0.47275641025641024 0.42458374142997063 0.035256410256410256 0.04211557296767875
0 0.3782051282051282 0.5607247796278159 0.09615384615384615 0.12242899118511263
0 0.9643429487179487 0.8898139079333987 0.06810897435897435 0.0832517140058766
0 0.875400641025641 0.01665034280117532 0.03125 0.029382957884427033
0 0.8108974358974359 0.9618021547502449 0.05929487179487179 0.045053868756121454
0 0.44190705128205127 0.8241919686581782 0.14022435897435898 0.05386875612144956
0 0.2471955128205128 0.42556317335945154 0.03125 0.04995102840352596
0 0.1610576923076923 0.9867776689520079 0.046474358974358976 0.01860920666013712
0 0.9747596153846153 0.01665034280117532 0.026442307692307692 0.03330068560235064
0 0.38782051282051283 0.8658178256611165 0.04326923076923077 0.045053868756121454
0 0.23397435897435898 0.9285014691478942 0.024038461538461536 0.01762977473065622
0 0.2828525641025641 0.7820763956904996 0.05448717948717949 0.0969637610186092
0 0.44150641025641024 0.8981390793339863 0.038461538461538464 0.050930460333006855
0 0.344150641025641 0.10088148873653281 0.07772435897435898 0.08031341821743389
0 0.1907051282051282 0.13614103819784526 0.02564102564102564 0.03721841332027424
0 0.8557692307692307 0.055827619980411365 0.056089743589743585 0.06072477962781587
0 0.43068910256410253 0.9427032321253673 0.03926282051282051 0.05386875612144956
0 0.7319711538461539 0.672869735553379 0.02003205128205128 0.019588638589618023
0 0.5749198717948718 0.04603330068560235 0.05208333333333333 0.07835455435847209
0 0.41225961538461536 0.42164544564152795 0.04887820512820513 0.07345739471106759
0 0.4703525641025641 0.01665034280117532 0.024038461538461536 0.015670910871694418
0 0.18108974358974358 0.02693437806072478 0.049679487179487176 0.02644466209598433
0 0.7071314102564102 0.6243878550440745 0.06810897435897435 0.0871694417238002
0 0.7391826923076923 0.9730656219392753 0.02003205128205128 0.02644466209598433
0 0.21314102564102563 0.48677766895200786 0.03685897435897436 0.06660137120470128
0 0.6025641025641025 0.7517140058765917 0.049679487179487176 0.04603330068560235
0 0.21554487179487178 0.5009794319294809 0.038461538461538464 0.03623898139079334
0 0.29286858974358976 0.19049951028403528 0.032852564102564104 0.024485798237022526
0 0.7163461538461539 0.37267384916748286 0.035256410256410256 0.030362389813907934
0 0.11538461538461538 0.3952007835455436 0.05929487179487179 0.04407443682664055
0 0.2892628205128205 0.9182174338883448 0.016025641025641024 0.024485798237022526
0 0.47596153846153844 0.4583741429970617 0.09615384615384615 0.11165523996082273
0 0.9819711538461539 0.5744368266405485 0.01842948717948718 0.020568070519098924
0 0.5857371794871795 0.2247796278158668 0.03685897435897436 0.03819784524975514
0 0.327724358974359 0.16552399608227228 0.019230769230769232 0.023506366307541625
0 0.9262820512820512 0.16209598432908914 0.035256410256410256 0.055827619980411365
0 0.48517628205128205 0.5440744368266406 0.10977564102564102 0.1890303623898139
0 0.8345352564102564 0.9255631733594516 0.024839743589743588 0.025465230166503428
0 0.6614583333333333 0.505386875612145 0.026442307692307692 0.01762977473065622
0 0.6185897435897436 0.010773751224289913 0.041666666666666664 0.009794319294809012
0 0.7676282051282051 0.9294809010773751 0.028846153846153844 0.021547502448579826
0 0.16987179487179488 0.01860920666013712 0.027243589743589744 0.009794319294809012
0 0.4282852564102564 0.3276199804113614 0.023237179487179488 0.01860920666013712
0 0.28685897435897434 0.3525954946131244 0.020833333333333332 0.050930460333006855
0 0.5989583333333333 0.8364348677766895 0.023237179487179488 0.06268364348677767
0 0.5288461538461539 0.9838393731635652 0.019230769230769232 0.010773751224289913
0 0.2724358974358974 0.5083251714005876 0.028846153846153844 0.039177277179236046
0 0.8329326923076923 0.9799216454456415 0.016826923076923076 0.00881488736532811
0 0.29046474358974356 0.1346718903036239 0.029647435897435896 0.03232125367286973
0 0.5124198717948718 0.06023506366307542 0.05368589743589743 0.10479921645445642
0 0.5428685897435898 0.40450538687561216 0.04246794871794872 0.07051909892262488
0 0.3729967948717949 0.22918707149853085 0.10977564102564102 0.0940254652301665
0 0.2423878205128205 0.6219392752203722 0.10176282051282051 0.16258570029382957
0 0.626201923076923 0.34818805093046035 0.10657051282051282 0.12634671890303625
0 0.6322115384615384 0.8320274240940255 0.038461538461538464 0.07149853085210578
0 0.061698717948717945 0.3893241919686582 0.05929487179487179 0.06366307541625857
