0 0.15567176186645212 0.8171785028790787 0.09412711182622686 0.052783109404990404
0 0.6757843925985518 0.942898272552783 0.061142397425583264 0.06238003838771593
0 0.49477071600965405 0.8243761996161229 0.07079646017699115 0.10556621880998081
0 0.7111826226870475 0.5748560460652591 0.06275140788415125 0.0710172744721689
0 0.051890587288817375 0.8330134357005757 0.0909090909090909 0.09404990403071017
0 0.07119871279163315 0.45633397312859886 0.02976669348350764 0.03934740882917466
0 0.8909895414320192 0.5834932821497121 0.082864038616251 0.06717850287907869
0 0.12670957361222848 0.75 0.02815768302493966 0.052783109404990404
0 0.0659694288012872 0.70489443378119 0.10136765888978277 0.08349328214971209
0 0.5937248592115848 0.6396353166986564 0.04344328238133548 0.03742802303262956
0 0.7771520514883347 0.10028790786948176 0.046661303298471436 0.03742802303262956
0 0.415124698310539 0.30086372360844527 0.02252614641995173 0.025911708253358923
0 0.6987127916331456 0.33445297504798466 0.05390185036202735 0.07773512476007677
0 0.7329042638777151 0.8891554702495201 0.082059533386967 0.18138195777351246
0 0.5185036202735317 0.26871401151631474 0.05229283990345937 0.03838771593090211
0 0.24577634754625904 0.09452975047984645 0.08608205953338696 0.06621880998080613
0 0.5526950925181013 0.9395393474088292 0.08688656476267095 0.046065259117082535
0 0.46822204344328233 0.15019193857965452 0.061142397425583264 0.1295585412667946
0 0.3809332260659694 0.22504798464491363 0.02815768302493966 0.03166986564299424
0 0.5136765888978279 0.6468330134357005 0.0410297666934835 0.04222648752399232
0 0.5478680611423974 0.7768714011516314 0.08045052292839903 0.1218809980806142
0 0.3604183427192277 0.3920345489443378 0.035398230088495575 0.03358925143953934
0 0.4263877715205149 0.7619961612284069 0.02896218825422365 0.04222648752399232
0 0.33507642799678194 0.0791746641074856 0.039420756234915526 0.02783109404990403
0 0.10699919549477072 0.01967370441458733 0.03700724054706355 0.029750479846449136
0 0.6174577634754626 0.7068138195777351 0.0329847144006436 0.05854126679462572
0 0.34513274336283184 0.1804222648752399 0.017699115044247787 0.026871401151631478
0 0.10297666934835076 0.3690019193857965 0.03378921962992759 0.04126679462571977
0 0.4396621078037007 0.4894433781190019 0.04424778761061947 0.07869481765834932
0 0.2835880933226066 0.5153550863723608 0.04907481898632341 0.08445297504798464
0 0.24658085277554304 0.8771593090211132 0.061946902654867256 0.10940499040307101
0 0.6327433628318584 0.38867562380038384 0.03459372485921158 0.051823416506717845
0 0.42839903459372486 0.42466410748560457 0.02815768302493966 0.029750479846449136
0 0.5205148833467417 0.5724568138195777 0.03378921962992759 0.03934740882917466
0 0.6198712791633145 0.4568138195777351 0.0909090909090909 0.11324376199616122
0 0.09010458567980692 0.08877159309021113 0.06436041834271922 0.07773512476007677
0 0.10820595333869669 0.9049904030710172 0.02976669348350764 0.026871401151631478
0 0.2409493161705551 0.03934740882917466 0.05711987127916331 0.04222648752399232
0 0.5796460176991151 0.20681381957773512 0.1327433628318584 0.050863723608445294
0 0.7337087691069991 0.5959692898272553 0.02896218825422365 0.046065259117082535
0 0.8580048270313757 0.0873320537428023 0.04424778761061947 0.01727447216890595
0 0.014481094127111824 0.8939539347408829 0.02574416733708769 0.03166986564299424
0 0.6339501206757844 0.17418426103646834 0.041834271922767494 0.04126679462571977
0 0.7843925985518906 0.13291746641074856 0.02252614641995173 0.016314779270633396
0 0.7272727272727272 0.26295585412667943 0.05148833467417538 0.08829174664107485
0 0.5860820595333869 0.13771593090211132 0.036202735317779566 0.04702495201535509
0 0.6178600160901045 0.8853166986564299 0.0740144810941271 0.07389635316698656
0 0.7654867256637168 0.8694817658349328 0.024939662107803698 0.0345489443378119
0 0.13032984714400642 0.8709213051823416 0.05309734513274336 0.05662188099808061
0 0.5989541432019307 0.09884836852207293 0.03781174577634754 0.04990403071017274
0 0.29364440868865643 0.31429942418426104 0.019308125502815767 0.018234165067178502
0 0.3954143201930812 0.9107485604606526 0.04907481898632341 0.07293666026871401
0 0.5772325020112631 0.5810940499040307 0.045856798069187445 0.06813819577735125
0 0.4923572003218021 0.9491362763915546 0.02252614641995173 0.015355086372360844
0 0.7662912308930008 0.9712092130518234 0.04746580852775543 0.02495201535508637
0 0.3137570394207562 0.3618042226487524 0.06436041834271922 0.08061420345489444
0 0.30933226065969427 0.03694817658349328 0.018503620273531775 0.02399232245681382
0 0.7707160096540627 0.5431861804222649 0.035398230088495575 0.061420345489443376
0 0.4223652453740949 0.2562380038387716 0.04827031375703942 0.04222648752399232
0 0.7695092518101367 0.5297504798464491 0.036202735317779566 0.0345489443378119
0 0.6729686242960579 0.8080614203454894 0.031375703942075624 0.023032629558541268
0 0.28600160901045857 0.5930902111324377 0.0329847144006436 0.02879078694817658
0 0.8563958165728077 0.6386756238003839 0.05711987127916331 0.04126679462571977
0 0.7316975060337891 0.13675623800383876 0.015285599356395816 0.022072936660268713
0 0.5201126307320997 0.5412667946257198 0.0909090909090909 0.10364683301343569
0 0.049879324215607396 0.3781190019193858 0.017699115044247787 0.019193857965451054
0 0.39863234111021717 0.7442418426103646 0.03459372485921158 0.03550863723608445
0 0.6379726468222043 0.8272552783109405 0.017699115044247787 0.023032629558541268
0 0.07200321802091714 0.7648752399232246 0.0329847144006436 0.051823416506717845
0 0.5176991150442477 0.4606525911708253 0.10378117457763475 0.1746641074856046
0 0.21600965406275138 0.07005758157389635 0.023330651649235718 0.023032629558541268
0 0.3479485116653258 0.4764875239923224 0.024939662107803698 0.016314779270633396
0 0.3511665325824618 0.9380998080614203 0.039420756234915526 0.008637236084452975
0 0.27996781979082863 0.07389635316698656 0.02735317779565567 0.019193857965451054
0 0.7763475462590507 0.9803262955854126 0.02574416733708769 0.008637236084452975
0 0.5555108608205953 0.6669865642994242 0.02172164119066774 0.01727447216890595
0 0.6910699919549477 0.6593090211132437 0.019308125502815767 0.04798464491362764
0 0.43161705551086077 0.1785028790786948 0.02172164119066774 0.05758157389635316
0 0.5092518101367659 0.049424184261036466 0.017699115044247787 0.01055662188099808
0 0.7164119066773934 0.5167946257197696 0.02654867256637168 0.03742802303262956
0 0.22164119066773932 0.02015355086372361 0.015285599356395816 0.007677543186180422
0 0.6709573612228479 0.8598848368522073 0.02735317779565567 0.030710172744721688
0 0.4553499597747385 0.904510556621881 0.05148833467417538 0.09692898272552783
0 0.45293644408688655 0.5834932821497121 0.04022526146419952 0.06525911708253358
0 0.6001609010458567 0.763915547024952 0.10458567980691874 0.08637236084452975
0 0.7530168946098149 0.41554702495201534 0.09654062751407884 0.14971209213051823
0 0.36967015285599353 0.6257197696737044 0.10056315366049878 0.11708253358925144
0 0.40064360418342715 0.1789827255278311 0.03700724054706355 0.06621880998080613
0 0.9070796460176991 0.6497120921305182 0.05551086082059533 0.05950095969289827
