0 0.1590625 0.8830769230769231 0.099375 0.05692307692307692
0 0.72 0.9653846153846154 0.065 0.06769230769230769
0 0.519375 0.8546153846153847 0.075 0.11538461538461539
0 0.7303125 0.558076923076923 0.065625 0.07769230769230769
0 0.05 0.911923076923077 0.09625 0.10230769230769231
0 0.0428125 0.4973076923076923 0.030625 0.04230769230769231
0 0.921875 0.5480769230769231 0.08750000000000001 0.07307692307692308
0 0.123125 0.813076923076923 0.02875 0.05692307692307692
0 0.055625 0.77 0.1075 0.09076923076923077
0 0.6103125 0.6415384615384615 0.045625 0.04
0 0.765625 0.031538461538461536 0.04875 0.04
0 0.3965625 0.2907692307692308 0.023125 0.027692307692307693
0 0.699375 0.29615384615384616 0.05625 0.08461538461538462
0 0.7765625 0.9 0.08687500000000001 0.19846153846153847
0 0.503125 0.24384615384615385 0.055 0.04153846153846154
0 0.20125 0.08307692307692308 0.09125 0.07230769230769231
0 0.5890625 0.9742307692307692 0.091875 0.05
0 0.4415625 0.12 0.064375 0.14153846153846153
0 0.354375 0.21115384615384616 0.02875 0.03307692307692308
0 0.5259375000000001 0.6584615384615384 0.043125000000000004 0.046153846153846156
0 0.571875 0.7973076923076923 0.085 0.13307692307692306
0 0.3446875 0.39653846153846156 0.036875 0.036153846153846154
0 0.441875 0.7942307692307692 0.03 0.045384615384615384
0 0.295 0.05615384615384615 0.04125 0.02923076923076923
0 0.04875 0.015769230769230768 0.03875 0.031538461538461536
0 0.640625 0.713076923076923 0.035 0.06307692307692307
0 0.3128125 0.16576923076923078 0.018125 0.02846153846153846
0 0.0703125 0.39884615384615385 0.035625000000000004 0.04384615384615385
0 0.43625 0.49423076923076925 0.04625 0.08538461538461538
0 0.2721875 0.5396153846153846 0.051875000000000004 0.09153846153846154
0 0.26 0.9392307692307692 0.065 0.12
0 0.6334375 0.3630769230769231 0.035625000000000004 0.05692307692307692
0 0.419375 0.42423076923076924 0.03 0.031538461538461536
0 0.528125 0.5761538461538461 0.035 0.04153846153846154
0 0.625 0.43884615384615383 0.09625 0.12384615384615384
0 0.035937500000000004 0.09346153846153846 0.068125 0.08384615384615385
0 0.1153125 0.9846153846153847 0.030625 0.02923076923076923
0 0.1921875 0.022692307692307692 0.059375000000000004 0.045384615384615384
0 0.5640625 0.1696153846153846 0.140625 0.054615384615384614
0 0.7559375 0.5792307692307692 0.030625 0.04923076923076923
0 0.85 0.00923076923076923 0.04625 0.01846153846153846
0 0.015 0.9826923076923076 0.02625 0.03307692307692308
0 0.6190625 0.12846153846153846 0.043125000000000004 0.04461538461538461
0 0.775625 0.06692307692307692 0.02375 0.016923076923076923
0 0.724375 0.2153846153846154 0.05375 0.09692307692307692
0 0.5653125 0.09384615384615384 0.038125 0.05076923076923077
0 0.6540625 0.9080769230769231 0.078125 0.08076923076923077
0 0.8096875 0.8753846153846154 0.025625000000000002 0.03692307692307692
0 0.13593750000000002 0.9446153846153846 0.055625 0.06153846153846154
0 0.5765625 0.04923076923076923 0.039375 0.05384615384615385
0 0.2684375 0.3180769230769231 0.019375 0.019230769230769232
0 0.42031250000000003 0.9596153846153846 0.051875000000000004 0.07923076923076923
0 0.5890625 0.58 0.048125 0.07384615384615384
0 0.525625 0.9915384615384616 0.02375 0.015384615384615385
0 0.818125 0.9861538461538462 0.05 0.026153846153846153
0 0.2934375 0.36846153846153845 0.068125 0.0876923076923077
0 0.2646875 0.012692307692307692 0.019375 0.025384615384615384
0 0.79125 0.5173076923076924 0.03625 0.06692307692307692
0 0.400625 0.2403846153846154 0.05 0.045384615384615384
0 0.7890625 0.5026923076923077 0.038125 0.036153846153846154
0 0.706875 0.8176923076923077 0.0325 0.024615384615384615
0 0.2809375 0.6242307692307693 0.034375 0.03
0 0.8890625 0.6126923076923076 0.059375000000000004 0.04384615384615385
0 0.7196875 0.07653846153846154 0.015625 0.023846153846153847
0 0.525 0.541923076923077 0.09625 0.11307692307692307
0 0.014375 0.4146153846153846 0.0175 0.02
0 0.41125 0.7773076923076923 0.03625 0.03769230769230769
0 0.6715625000000001 0.8426923076923077 0.018125 0.023846153846153847
0 0.0659375 0.8353846153846154 0.034375 0.055384615384615386
0 0.516875 0.4542307692307692 0.11 0.19153846153846155
0 0.1678125 0.05923076923076923 0.024375 0.024615384615384615
0 0.3378125 0.49 0.025625000000000002 0.016923076923076923
0 0.375625 0.995 0.04125 0.008461538461538461
0 0.2359375 0.05653846153846154 0.028125 0.02076923076923077
0 0.8290625 0.995 0.026875 0.008461538461538461
0 0.571875 0.6757692307692308 0.0225 0.01769230769230769
0 0.715 0.6526923076923077 0.02 0.05153846153846154
0 0.405 0.15461538461538463 0.0225 0.06307692307692307
0 0.47781250000000003 0.005384615384615384 0.018125 0.010769230769230769
0 0.7315625 0.49423076923076925 0.028125 0.03923076923076923
0 0.1703125 0.0038461538461538464 0.015625 0.007692307692307693
0 0.70875 0.8746153846153846 0.02875 0.03230769230769231
0 0.483125 0.9465384615384616 0.05375 0.10538461538461538
0 0.45687500000000003 0.5953846153846154 0.0425 0.07076923076923076
0 0.6265625 0.7773076923076923 0.110625 0.09461538461538462
0 0.7628125 0.37961538461538463 0.10187500000000001 0.16384615384615384
0 0.3715625 0.6515384615384615 0.106875 0.1276923076923077
0 0.3715625 0.15884615384615386 0.038125 0.07153846153846154
0 0.943125 0.62 0.058750000000000004 0.06461538461538462
