0 0.8380398671096345 0.11593462717058223 0.09966777408637874 0.05822267620020429
0 0.2769933554817276 0.03421859039836568 0.06561461794019934 0.06843718079673136
0 0.47799003322259137 0.14453524004085802 0.0755813953488372 0.11542390194075587
0 0.2666112956810631 0.440755873340143 0.0664451827242525 0.07865168539325842
0 0.9472591362126246 0.08733401430030643 0.09717607973421927 0.1031664964249234
0 0.9543189368770765 0.501532175689479 0.03156146179401993 0.04290091930541369
0 0.07516611295681064 0.45045965270684374 0.0888704318936877 0.0735444330949949
0 0.8737541528239203 0.186414708886619 0.029900332225913623 0.05822267620020429
0 0.9414451827242525 0.2293156281920327 0.10880398671096346 0.09090909090909091
0 0.38704318936877075 0.35750766087844743 0.046511627906976744 0.04085801838610827
0 0.231312292358804 0.966802860061287 0.049003322259136214 0.041879468845760985
0 0.6000830564784053 0.7078651685393259 0.02408637873754153 0.028600612870275793
0 0.2977574750830565 0.7027579162410623 0.057308970099667775 0.08580183861082738
0 0.22051495016611297 0.09959141981613892 0.0872093023255814 0.19918283963227784
0 0.49377076411960136 0.7548518896833504 0.055647840531561465 0.04290091930541369
0 0.7956810631229236 0.9152196118488254 0.09136212624584718 0.0735444330949949
0 0.40822259136212624 0.02502553626149132 0.09219269102990034 0.05005107252298264
0 0.5552325581395349 0.8784473953013279 0.06561461794019934 0.14300306435137897
0 0.6424418604651163 0.787538304392237 0.029069767441860465 0.03472931562819204
0 0.47134551495016613 0.3401430030643514 0.04401993355481728 0.04698672114402452
0 0.42524916943521596 0.2017364657814096 0.08637873754152824 0.1338100102145046
0 0.6524086378737541 0.6021450459652707 0.03737541528239203 0.03779366700715015
0 0.5552325581395349 0.20480081716036772 0.030730897009966777 0.04596527068437181
0 0.7018272425249169 0.942288049029622 0.04152823920265781 0.0296220633299285
0 0.9480897009966778 0.982635342185904 0.03903654485049834 0.03268641470888662
0 0.35672757475083056 0.28600612870275793 0.03571428571428571 0.06332992849846783
0 0.6839700996677741 0.8329928498467825 0.01910299003322259 0.0296220633299285
0 0.9269102990033223 0.599591419816139 0.036544850498338874 0.0449438202247191
0 0.561046511627907 0.5045965270684372 0.0473421926910299 0.08580183861082738
0 0.7246677740863787 0.45914198161389175 0.05232558139534884 0.09295199182839632
0 0.7371262458471761 0.06026557711950971 0.06561461794019934 0.12053115423901942
0 0.3637873754152824 0.63585291113381 0.036544850498338874 0.05822267620020429
0 0.5776578073089701 0.5745658835546477 0.030730897009966777 0.031664964249233915
0 0.4688538205980067 0.42288049029622066 0.03571428571428571 0.04290091930541369
0 0.37209302325581395 0.5597548518896833 0.09634551495016612 0.12461695607763024
0 0.9605481727574751 0.9055158324821246 0.06893687707641197 0.08478038815117467
0 0.8816445182724253 0.01481103166496425 0.030730897009966777 0.0296220633299285
0 0.8048172757475083 0.9759959141981615 0.059800664451827246 0.04596527068437181
0 0.4327242524916944 0.8289070480081716 0.14119601328903655 0.056179775280898875
0 0.24086378737541528 0.4193054136874362 0.03156146179401993 0.05005107252298264
0 0.14700996677740863 0.9892747701736466 0.046511627906976744 0.01940755873340143
0 0.9821428571428572 0.016853932584269662 0.027408637873754152 0.033707865168539325
0 0.37832225913621265 0.8697650663942799 0.04401993355481728 0.04596527068437181
0 0.2213455149501661 0.9315628192032687 0.02408637873754153 0.018386108273748723
0 0.2724252491694352 0.7834525025536262 0.054817275747508304 0.09805924412665987
0 0.43147840531561465 0.9044943820224719 0.03903654485049834 0.05209397344228805
0 0.3434385382059801 0.09090909090909091 0.07890365448504984 0.08171603677221655
0 0.1877076411960133 0.12410623084780388 0.026578073089700997 0.03779366700715015
0 0.8612956810631229 0.05464759959141982 0.05647840531561462 0.06230847803881512
0 0.42026578073089704 0.9489274770173647 0.03986710963455149 0.05515832482124617
0 0.728405315614618 0.6802860061287028 0.019933554817275746 0.020429009193054137
0 0.5768272425249169 0.03983656792645557 0.05232558139534884 0.07967313585291114
0 0.40822259136212624 0.4187946884576098 0.049003322259136214 0.0755873340143003
0 0.47134551495016613 0.008171603677221655 0.02408637873754153 0.01634320735444331
0 0.17898671096345514 0.01327885597548519 0.050664451827242524 0.02655771195097038
0 0.7039036544850499 0.6302349336057201 0.06893687707641197 0.08784473953013279
0 0.7321428571428572 0.9856996935648621 0.020764119601328904 0.02655771195097038
0 0.20598006644518274 0.4816138917262513 0.036544850498338874 0.06843718079673136
0 0.5963455149501661 0.7584269662921349 0.051495016611295685 0.04596527068437181
0 0.20805647840531563 0.4959141981613892 0.03903654485049834 0.03779366700715015
0 0.2902823920265781 0.18130745658835548 0.0340531561461794 0.02553626149131767
0 0.7159468438538206 0.37487231869254345 0.03488372093023256 0.030643513789581207
0 0.1079734219269103 0.3861082737487232 0.059800664451827246 0.0449438202247191
0 0.27740863787375414 0.9218590398365679 0.016611295681063124 0.02553626149131767
0 0.47217607973421927 0.4570990806945863 0.09717607973421927 0.11338100102145046
0 0.9825581395348837 0.5842696629213483 0.018272425249169437 0.020429009193054137
0 0.5859634551495017 0.2216547497446374 0.03737541528239203 0.03881511746680286
0 0.32558139534883723 0.15628192032686417 0.018272425249169437 0.024514811031664967
0 0.9310631229235881 0.16394279877425946 0.03488372093023256 0.056179775280898875
0 0.4800664451827243 0.5444330949948928 0.11129568106312293 0.1920326864147089
0 0.8289036544850499 0.9392236976506639 0.024916943521594685 0.02553626149131767
0 0.659468438538206 0.508682328907048 0.026578073089700997 0.018386108273748723
0 0.6216777408637874 0.004596527068437181 0.04235880398671096 0.009193054136874362
0 0.7612126245847176 0.9417773237997957 0.029069767441860465 0.02247191011235955
0 0.16818936877076412 0.004596527068437181 0.027408637873754152 0.009193054136874362
0 0.42524916943521596 0.3232890704800817 0.023255813953488372 0.01940755873340143
0 0.2819767441860465 0.34627170582226763 0.020764119601328904 0.05311542390194076
0 0.5921926910299004 0.8442288049029623 0.023255813953488372 0.06435137895812053
0 0.5191029900332226 0.992849846782431 0.018272425249169437 0.012257405515832483
0 0.2653654485049834 0.5045965270684372 0.029069767441860465 0.04085801838610827
0 0.8264119601328904 0.9943820224719101 0.016611295681063124 0.009193054136874362
0 0.2882059800664452 0.12461695607763024 0.029900332225913623 0.03268641470888662
0 0.5141196013289037 0.05311542390194076 0.054817275747508304 0.10623084780388152
0 0.5398671096345515 0.4034729315628192 0.04318936877076412 0.07150153217568948
0 0.3704318936877076 0.2216547497446374 0.11129568106312293 0.09601634320735444
0 0.23421926910299004 0.6195097037793668 0.10299003322259137 0.1644535240040858
0 0.6254152823920266 0.3478038815117467 0.1079734219269103 0.12768130745658837
0 0.625 0.8401430030643514 0.03903654485049834 0.07252298263534218
0 0.05398671096345515 0.37895812053115424 0.059800664451827246 0.06537282941777324
