0 0.15602553870710295 0.17129186602870813 0.09497206703910616 0.053588516746411484
0 0.6839584996009578 0.052631578947368425 0.06225059856344773 0.06315789473684211
0 0.4988028731045491 0.1703349282296651 0.07182761372705507 0.10717703349282297
0 0.7146847565841979 0.4277511961722488 0.06304868316041501 0.07272727272727272
0 0.05067837190742219 0.15263157894736842 0.09177972865123704 0.09473684210526316
0 0.06504389465283321 0.5363636363636364 0.029529130087789308 0.03923444976076555
0 0.8966480446927375 0.4229665071770335 0.08379888268156425 0.06889952153110047
0 0.12529928172386273 0.2382775119617225 0.02873104549082203 0.053588516746411484
0 0.06344772545889865 0.2832535885167464 0.10295291300877893 0.08421052631578947
0 0.5961691939345571 0.36028708133971293 0.0446927374301676 0.03732057416267943
0 0.7745411013567438 0.9119617224880383 0.047086991221069435 0.03827751196172249
0 0.41141260973663213 0.7004784688995216 0.02314445331205108 0.026794258373205742
0 0.6983240223463687 0.6727272727272727 0.05426975259377494 0.0784688995215311
0 0.7406225059856345 0.10861244019138756 0.08300079808459697 0.184688995215311
0 0.5147645650438947 0.7354066985645933 0.052673583399840386 0.03923444976076555
0 0.2366320830007981 0.907177033492823 0.08699122106943337 0.06698564593301436
0 0.5590582601755787 0.05406698564593301 0.08858739026336793 0.04688995215311005
0 0.46288906624102155 0.8550239234449761 0.06225059856344773 0.13110047846889952
0 0.37549880287310455 0.777511961722488 0.02793296089385475 0.031578947368421054
0 0.515562649640862 0.3507177033492823 0.041500399042298484 0.0430622009569378
0 0.5514764565043895 0.21913875598086124 0.08140462889066241 0.12440191387559808
0 0.3567438148443735 0.6066985645933014 0.035115722266560255 0.03444976076555024
0 0.4285714285714286 0.2320574162679426 0.02873104549082203 0.0430622009569378
0 0.3272146847565842 0.9248803827751196 0.03990422984836393 0.027751196172248804
0 0.09537110933758979 0.9808612440191388 0.03750997605746209 0.03062200956937799
0 0.6213088587390264 0.291866028708134 0.034317637669592976 0.05933014354066986
0 0.3383878691141261 0.8224880382775119 0.017557861133280128 0.027751196172248804
0 0.09616919393455707 0.6253588516746411 0.034317637669592976 0.04114832535885168
0 0.4389465283320032 0.5095693779904307 0.0446927374301676 0.07942583732057416
0 0.2805267358339984 0.4799043062200957 0.05027932960893855 0.08516746411483254
0 0.24860335195530728 0.11148325358851675 0.06304868316041501 0.11196172248803828
0 0.6324820430965683 0.615311004784689 0.034317637669592976 0.053588516746411484
0 0.42617717478052675 0.5755980861244019 0.02873104549082203 0.02966507177033493
0 0.5215482841181166 0.4267942583732058 0.034317637669592976 0.04019138755980861
0 0.6205107741420591 0.5464114832535886 0.09177972865123704 0.11483253588516747
0 0.07940941739824421 0.9100478468899522 0.06464485235434957 0.0784688995215311
0 0.10893854748603353 0.08038277511961722 0.029529130087789308 0.028708133971291867
0 0.23144453312051078 0.9636363636363636 0.05746209098164406 0.042105263157894736
0 0.5762170790103751 0.8 0.1340782122905028 0.05167464114832536
0 0.7374301675977654 0.40669856459330145 0.030327214684756586 0.045933014354066985
0 0.8563447725458899 0.9267942583732057 0.0446927374301676 0.01818181818181818
0 0.013966480446927375 0.08947368421052632 0.026336791699920193 0.031578947368421054
0 0.6308858739026337 0.8334928229665072 0.04229848363926576 0.042105263157894736
0 0.7825219473264167 0.8789473684210527 0.02314445331205108 0.016267942583732056
0 0.7262569832402235 0.7454545454545455 0.05107741420590583 0.08995215311004785
0 0.5818036711891461 0.8698564593301435 0.03671189146049481 0.04784688995215311
0 0.6241021548284118 0.11052631578947368 0.07501995211492418 0.07559808612440191
0 0.7733439744612929 0.12870813397129188 0.025538707102952914 0.0354066985645933
0 0.13048683160415003 0.11578947368421053 0.053471667996807665 0.05741626794258373
0 0.5945730247406226 0.9105263157894737 0.03830806065442937 0.0507177033492823
0 0.28810853950518756 0.6851674641148325 0.019154030327214685 0.019138755980861243
0 0.3994413407821229 0.08038277511961722 0.05027932960893855 0.07464114832535886
0 0.5794094173982443 0.41866028708133973 0.04628890662410216 0.06985645933014355
0 0.49800478850758184 0.0430622009569378 0.023942537909018357 0.015311004784688996
0 0.7757382282521947 0.02583732057416268 0.047885075818036714 0.024880382775119617
0 0.3096568236233041 0.6363636363636364 0.06544293695131684 0.08229665071770335
0 0.300877893056664 0.9674641148325359 0.019154030327214685 0.024880382775119617
0 0.7741420590582602 0.461244019138756 0.035115722266560255 0.06315789473684211
0 0.41779728651237036 0.74688995215311 0.04868316041500399 0.0430622009569378
0 0.7729449321628094 0.47464114832535886 0.03750997605746209 0.03444976076555024
0 0.6787709497206704 0.18995215311004784 0.031125299281723865 0.023923444976076555
0 0.28491620111731847 0.40095693779904307 0.0335195530726257 0.028708133971291867
0 0.8619313647246608 0.3660287081339713 0.05746209098164406 0.04114832535885168
0 0.729050279329609 0.8736842105263158 0.015163607342378293 0.022966507177033493
0 0.5203511572226657 0.4583732057416268 0.09257781324820431 0.10526315789473685
0 0.04229848363926576 0.6148325358851675 0.017557861133280128 0.020095693779904306
0 0.40063846767757383 0.24976076555023924 0.035115722266560255 0.03636363636363636
0 0.6440542697525938 0.16937799043062202 0.017557861133280128 0.022966507177033493
0 0.06983240223463688 0.22200956937799043 0.03272146847565842 0.05167464114832536
0 0.5171588188347965 0.5406698564593302 0.10534716679968077 0.1779904306220096
0 0.20590582601755786 0.9315789473684211 0.023942537909018357 0.023923444976076555
0 0.3455706304868316 0.5210526315789474 0.025538707102952914 0.016267942583732056
0 0.355147645650439 0.05119617224880383 0.03990422984836393 0.00861244019138756
0 0.2709497206703911 0.9287081339712919 0.02793296089385475 0.020095693779904306
0 0.7857142857142858 0.01674641148325359 0.026336791699920193 0.00861244019138756
0 0.5578611332801278 0.3311004784688995 0.0223463687150838 0.01722488038277512
0 0.694732641660016 0.34210526315789475 0.019952114924181964 0.048803827751196176
0 0.42617717478052675 0.8258373205741627 0.0223463687150838 0.05933014354066986
0 0.5031923383878691 0.9583732057416269 0.018355945730247406 0.010526315789473684
0 0.7186751795690344 0.48708133971291867 0.02793296089385475 0.03636363636363636
0 0.21149241819632883 0.9827751196172249 0.01596169193934557 0.007655502392344498
0 0.6779728651237031 0.13732057416267943 0.02793296089385475 0.031578947368421054
0 0.4600957701516361 0.0875598086124402 0.05187549880287311 0.09856459330143541
0 0.4529130087789306 0.4143540669856459 0.040702314445331206 0.06698564593301436
0 0.6045490822027135 0.2334928229665072 0.10614525139664804 0.08803827751196172
0 0.7549880287310455 0.5909090909090909 0.09736632083000799 0.1521531100478469
0 0.36951316839584997 0.369377990430622 0.10215482841181166 0.11866028708133972
0 0.39465283320031924 0.8248803827751197 0.03750997605746209 0.06698564593301436
0 0.9134078212290503 0.3550239234449761 0.05666400638467678 0.06124401913875598
