0 0.8421875 0.8838461538461538 0.099375 0.05692307692307692
0 0.2809375 0.9657692307692307 0.064375 0.06846153846153846
0 0.481875 0.855 0.075 0.11461538461538462
0 0.270625 0.5588461538461539 0.06625 0.07769230769230769
0 0.950625 0.9123076923076923 0.09625 0.10307692307692308
0 0.958125 0.4976923076923077 0.03 0.043076923076923075
0 0.07906250000000001 0.5484615384615384 0.088125 0.07230769230769231
0 0.8775000000000001 0.813076923076923 0.02875 0.05692307692307692
0 0.9453125 0.7703846153846153 0.106875 0.09
0 0.3903125 0.6415384615384615 0.045625 0.04
0 0.2353125 0.03192307692307692 0.048125 0.03923076923076923
0 0.6040625000000001 0.2915384615384615 0.023125 0.027692307692307693
0 0.301875 0.29653846153846153 0.05625 0.08538461538461538
0 0.224375 0.9007692307692308 0.08625000000000001 0.19846153846153847
0 0.4978125 0.24384615384615385 0.054375 0.04153846153846154
0 0.7993750000000001 0.08346153846153846 0.09125 0.07307692307692308
0 0.411875 0.9746153846153847 0.09125 0.05076923076923077
0 0.5593750000000001 0.12038461538461538 0.065 0.14076923076923076
0 0.64625 0.21192307692307694 0.02875 0.03307692307692308
0 0.47500000000000003 0.6588461538461539 0.0425 0.045384615384615384
0 0.429375 0.7976923076923077 0.085 0.13230769230769232
0 0.6565625 0.39692307692307693 0.036875 0.03538461538461538
0 0.5590625 0.795 0.029375000000000002 0.045384615384615384
0 0.70625 0.05615384615384615 0.04125 0.02923076923076923
0 0.9525 0.016153846153846154 0.03875 0.03076923076923077
0 0.3603125 0.713076923076923 0.035625000000000004 0.06307692307692307
0 0.6878125 0.16576923076923078 0.018125 0.02846153846153846
0 0.930625 0.3992307692307692 0.03625 0.04461538461538461
0 0.5646875 0.495 0.045625 0.08538461538461538
0 0.72875 0.5396153846153846 0.051250000000000004 0.09153846153846154
0 0.74125 0.94 0.065 0.12
0 0.3675 0.36346153846153845 0.03625 0.057692307692307696
0 0.5815625 0.4246153846153846 0.030625 0.03230769230769231
0 0.47250000000000003 0.5765384615384616 0.035 0.04230769230769231
0 0.37593750000000004 0.43884615384615383 0.095625 0.12384615384615384
0 0.9646875 0.09346153846153846 0.068125 0.08384615384615385
0 0.8859375 0.985 0.030625 0.03
0 0.8090625 0.023076923076923078 0.059375000000000004 0.04461538461538461
0 0.4365625 0.17 0.140625 0.055384615384615386
0 0.24531250000000002 0.5796153846153846 0.030625 0.05
0 0.150625 0.01 0.04625 0.01846153846153846
0 0.985625 0.9830769230769231 0.02625 0.033846153846153845
0 0.381875 0.12923076923076923 0.043750000000000004 0.04461538461538461
0 0.2253125 0.0673076923076923 0.023125 0.01769230769230769
0 0.276875 0.2153846153846154 0.05375 0.09692307692307692
0 0.43593750000000003 0.09461538461538462 0.038125 0.05076923076923077
0 0.3465625 0.9080769230769231 0.078125 0.08076923076923077
0 0.1909375 0.8753846153846154 0.025625000000000002 0.03692307692307692
0 0.8646875 0.9453846153846154 0.055625 0.06153846153846154
0 0.4246875 0.04961538461538462 0.039375 0.05307692307692308
0 0.7325 0.3180769230769231 0.02 0.019230769230769232
0 0.5809375 0.96 0.051875000000000004 0.08
0 0.4121875 0.5807692307692308 0.048125 0.07384615384615384
0 0.475625 0.9919230769230769 0.02375 0.016153846153846154
0 0.1825 0.9869230769230769 0.05 0.026153846153846153
0 0.7071875 0.36923076923076925 0.068125 0.0876923076923077
0 0.73625 0.013461538461538462 0.01875 0.025384615384615384
0 0.2096875 0.5180769230769231 0.036875 0.06692307692307692
0 0.600625 0.24076923076923076 0.05 0.046153846153846156
0 0.211875 0.5034615384615385 0.03875 0.036153846153846154
0 0.29375 0.818076923076923 0.0325 0.023846153846153847
0 0.7203125 0.6246153846153846 0.034375 0.02923076923076923
0 0.111875 0.6130769230769231 0.058750000000000004 0.04461538461538461
0 0.2815625 0.07730769230769231 0.015625 0.023846153846153847
0 0.4759375 0.541923076923077 0.096875 0.11307692307692307
0 0.9865625 0.415 0.018125 0.02076923076923077
0 0.589375 0.7773076923076923 0.03625 0.03769230769230769
0 0.3296875 0.8434615384615385 0.018125 0.023846153846153847
0 0.9346875 0.8353846153846154 0.034375 0.055384615384615386
0 0.4840625 0.4546153846153846 0.110625 0.19230769230769232
0 0.833125 0.05961538461538462 0.02375 0.025384615384615384
0 0.6628125 0.49 0.025625000000000002 0.016923076923076923
0 0.625625 0.9953846153846154 0.04125 0.00923076923076923
0 0.7653125000000001 0.05692307692307692 0.028125 0.02
0 0.171875 0.9953846153846154 0.0275 0.00923076923076923
0 0.429375 0.6757692307692308 0.0225 0.01769230769230769
0 0.2859375 0.6534615384615384 0.019375 0.05153846153846154
0 0.5959375 0.15538461538461537 0.023125 0.06307692307692307
0 0.5231250000000001 0.0057692307692307696 0.01875 0.01
0 0.26937500000000003 0.4946153846153846 0.0275 0.04
0 0.8309375 0.004230769230769231 0.015625 0.006923076923076923
0 0.291875 0.8753846153846154 0.02875 0.03230769230769231
0 0.5181250000000001 0.9469230769230769 0.05375 0.10615384615384615
0 0.5440625 0.5953846153846154 0.043125000000000004 0.07076923076923076
0 0.3746875 0.7776923076923077 0.110625 0.09538461538461539
0 0.2378125 0.37961538461538463 0.10187500000000001 0.16384615384615384
0 0.6290625 0.6515384615384615 0.106875 0.1276923076923077
0 0.6290625 0.15884615384615386 0.038125 0.07153846153846154
0 0.0575 0.62 0.058750000000000004 0.06461538461538462
