0 0.8436246992782679 0.1729106628242075 0.0946271050521251 0.053794428434197884
0 0.31756214915797915 0.053314121037463975 0.06255012028869286 0.06243996157540826
0 0.5016038492381716 0.17098943323727184 0.07137129109863673 0.10758885686839577
0 0.2862870890136327 0.4274735830931796 0.06255012028869286 0.07300672430355427
0 0.9486768243785084 0.15513928914505282 0.09141940657578188 0.09510086455331412
0 0.9330392943063351 0.537463976945245 0.02967121090617482 0.0393852065321806
0 0.10425020048115477 0.4212295869356388 0.08340016038492382 0.06820365033621517
0 0.8740978348035284 0.24063400576368876 0.0272654370489174 0.052833813640730067
0 0.9358460304731355 0.28530259365994237 0.10264635124298316 0.0845341018251681
0 0.4037690457097033 0.35975024015369833 0.044105854049719326 0.037463976945244955
0 0.22453889334402566 0.909221902017291 0.046511627906976744 0.037463976945244955
0 0.5878107457898958 0.6998078770413064 0.022453889334402566 0.025936599423631124
0 0.301523656776263 0.6714697406340058 0.0545308740978348 0.0787704130643612
0 0.2606255012028869 0.1090297790585975 0.08340016038492382 0.1834774255523535
0 0.4843624699278268 0.7343900096061479 0.05292702485966319 0.0393852065321806
0 0.7614274258219728 0.9063400576368876 0.08740978348035285 0.06820365033621517
0 0.4418604651162791 0.05523535062439961 0.08821170809943865 0.047070124879923146
0 0.5360866078588613 0.8535062439961575 0.061748195669607056 0.13160422670509125
0 0.6234963913392141 0.776657060518732 0.028067361668003207 0.03170028818443804
0 0.4847634322373697 0.35110470701248797 0.0408981555733761 0.043227665706051875
0 0.4486768243785084 0.21950048030739672 0.0809943865276664 0.1239193083573487
0 0.6423416198877305 0.6066282420749279 0.03528468323977546 0.03362151777137368
0 0.5717722534081796 0.2329490874159462 0.028869286287089013 0.043227665706051875
0 0.6712109061748196 0.9236311239193083 0.040096230954290296 0.027857829010566763
0 0.9017642341619888 0.9803073967339097 0.03769045709703288 0.029779058597502402
0 0.3793103448275862 0.2920268972142171 0.03368083400160385 0.059558117195004805
0 0.6599839615076183 0.8213256484149856 0.01764234161988773 0.026897214217098942
0 0.9017642341619888 0.6258405379442843 0.034482758620689655 0.04130643611911623
0 0.5609462710505212 0.5096061479346782 0.044105854049719326 0.07973102785782901
0 0.7185244587008821 0.4807877041306436 0.04971932638331997 0.08549471661863592
0 0.7514033680834001 0.11335254562920269 0.06255012028869286 0.11143131604226705
0 0.36768243785084204 0.6147934678194044 0.034482758620689655 0.053794428434197884
0 0.5729751403368083 0.5749279538904899 0.02967121090617482 0.029779058597502402
0 0.4783480352846832 0.42699327569644574 0.034482758620689655 0.0393852065321806
0 0.3793103448275862 0.5456292026897214 0.09141940657578188 0.11527377521613832
0 0.9182036888532478 0.9097022094140249 0.06575781876503609 0.0787704130643612
0 0.8905372894947875 0.08309317963496637 0.02967121090617482 0.027857829010566763
0 0.7662389735364875 0.962536023054755 0.05693664795509222 0.04226705091258405
0 0.42261427425821974 0.7982708933717579 0.13311948676824378 0.05187319884726225
0 0.26303127506014434 0.4063400576368876 0.030473135525260625 0.04610951008645533
0 0.14354450681635927 0.9236311239193083 0.04490777866880513 0.01825168107588857
0 0.9855653568564555 0.09269932756964457 0.02566158781074579 0.03170028818443804
0 0.36808340016038493 0.8318924111431316 0.04170008019246191 0.04226705091258405
0 0.2169206094627105 0.8760806916426512 0.023255813953488372 0.017291066282420747
0 0.2734562951082598 0.7435158501440922 0.05132317562149158 0.09029779058597502
0 0.41780272654370487 0.8679154658981748 0.03688853247794707 0.047070124879923146
0 0.3769045709703288 0.11143131604226705 0.07538091419406576 0.07492795389048991
0 0.22814755412991178 0.1292026897214217 0.024859663191659984 0.03554274735830932
0 0.8688853247794707 0.11815561959654178 0.053728949478749 0.05763688760806916
0 0.4045709703287891 0.9082612872238233 0.03769045709703288 0.050912584053794424
0 0.7105052125100241 0.6849183477425552 0.019246190858059342 0.019212295869356386
0 0.6006415396952687 0.08213256484149856 0.04971932638331997 0.07396733909702209
0 0.4210104250200481 0.4183477425552353 0.046511627906976744 0.06820365033621517
0 0.5032076984763432 0.04418828049951969 0.023255813953488372 0.01536983669548511
0 0.22614274258219727 0.026416906820365033 0.048115477145148355 0.025936599423631124
0 0.6892542101042501 0.6364073006724303 0.06495589414595028 0.08165225744476465
0 0.6976744186046512 0.9658981748318923 0.019246190858059342 0.024015369836695485
0 0.22614274258219727 0.4606147934678194 0.03528468323977546 0.06243996157540826
0 0.5813953488372093 0.7459173871277618 0.048115477145148355 0.043227665706051875
0 0.22774659182036888 0.47358309317963493 0.03688853247794707 0.034582132564841495
0 0.32197273456295106 0.19020172910662825 0.03127506014434643 0.023054755043227664
0 0.714514835605453 0.4020172910662824 0.03368083400160385 0.027857829010566763
0 0.13913392141138733 0.3645533141210375 0.05693664795509222 0.04130643611911623
0 0.2706495589414595 0.8712776176753122 0.015236567762630313 0.023054755043227664
0 0.47955092221331197 0.4586935638808837 0.09141940657578188 0.10470701248799232
0 0.9558941459502807 0.6157540826128722 0.01764234161988773 0.019212295869356386
0 0.5998396150761829 0.2507204610951009 0.03528468323977546 0.03650336215177714
0 0.3568564554931836 0.17002881844380402 0.01764234161988773 0.023054755043227664
0 0.9294306335204491 0.22478386167146974 0.03368083400160385 0.05187319884726225
0 0.48235765838011224 0.5398655139289145 0.10505212510024058 0.17675312199807877
0 0.7914995990376904 0.930835734870317 0.024057738572574178 0.023054755043227664
0 0.6539695268644747 0.521133525456292 0.024859663191659984 0.01633045148895293
0 0.6447473937449879 0.053314121037463975 0.040096230954290296 0.008645533141210374
0 0.726944667201283 0.9284341978866474 0.028067361668003207 0.020172910662824207
0 0.2161186848436247 0.01777137367915466 0.026463512429831595 0.008645533141210374
0 0.442261427425822 0.3314121037463977 0.02165196471531676 0.017291066282420747
0 0.30553327987169204 0.3414985590778098 0.019246190858059342 0.04899135446685879
0 0.5721732157177225 0.824687800192123 0.02165196471531676 0.05859750240153698
0 0.49558941459502803 0.9562920268972142 0.01764234161988773 0.010566762728146013
0 0.2814755412991179 0.4860710854947166 0.0272654370489174 0.03650336215177714
0 0.7862870890136328 0.9817483189241114 0.015236567762630313 0.007684918347742555
0 0.3235765838011227 0.13736791546589816 0.028067361668003207 0.03073967339097022
0 0.5404971932638332 0.0893371757925072 0.05132317562149158 0.09798270893371758
0 0.5465116279069767 0.41450528338136405 0.0408981555733761 0.06628242074927954
0 0.3957497995188452 0.233909702209414 0.10505212510024058 0.08741594620557157
0 0.2457898957497995 0.5898174831892411 0.09703287890938252 0.15177713736791545
0 0.6299117882919005 0.36983669548511044 0.10184442662389735 0.11911623439000961
0 0.6038492381716118 0.8237271853986551 0.03688853247794707 0.06628242074927954
0 0.08781074578989576 0.3539865513928914 0.05693664795509222 0.06051873198847262
