0 0.7909393183707398 0.8772365805168986 0.09393183707398171 0.05268389662027832
0 0.257689110556941 0.9055666003976143 0.06151288445552785 0.0636182902584493
0 0.45303408146300916 0.8210735586481113 0.0714879467996675 0.10735586481113318
0 0.271404821280133 0.5318091451292246 0.06234413965087282 0.07157057654075547
0 0.8919368246051538 0.9130218687872762 0.0914380714879468 0.09443339960238567
0 0.9226932668329177 0.5337972166998012 0.029925187032418952 0.03976143141153081
0 0.0914380714879468 0.5064612326043737 0.0831255195344971 0.06858846918489064
0 0.828761429758936 0.816600397614314 0.02826267664172901 0.05268389662027832
0 0.8948462177888612 0.7828031809145128 0.10224438902743142 0.08449304174950298
0 0.3794679966749792 0.6182902584493041 0.04405652535328346 0.03777335984095427
0 0.26807980049875313 0.0467196819085487 0.04738154613466334 0.03777335984095427
0 0.600997506234414 0.3151093439363817 0.023275145469659187 0.025844930417495027
0 0.31546134663341646 0.2947316103379721 0.05403158769742311 0.07852882703777335
0 0.2082294264339152 0.8409542743538767 0.08229426433915212 0.18290258449304173
0 0.5033250207813799 0.2634194831013916 0.05236907730673317 0.03976143141153081
0 0.7971737323358271 0.1416500994035785 0.08645054031587697 0.0666003976143141
0 0.3802992518703242 0.9249502982107355 0.08728179551122195 0.0467196819085487
0 0.5685785536159601 0.15506958250497016 0.06151288445552785 0.13121272365805167
0 0.6454696591853699 0.2460238568588469 0.027431421446384042 0.03081510934393638
0 0.45802161263507896 0.6411530815109343 0.04156275976724855 0.04373757455268389
0 0.40689941812136327 0.7644135188866799 0.08063175394846218 0.12326043737574552
0 0.6438071487946799 0.4165009940357852 0.03574397339983375 0.03379721669980119
0 0.529925187032419 0.772365805168986 0.029093931837073983 0.041749502982107355
0 0.7098919368246052 0.10934393638170974 0.0399002493765586 0.02783300198807157
0 0.9447215295095595 0.09244532803180913 0.03740648379052369 0.029821073558648107
0 0.34704904405652537 0.6814115308151093 0.03408146300914381 0.058648111332007945
0 0.6870324189526185 0.2077534791252485 0.017456359102244388 0.02783300198807157
0 0.9023275145469659 0.44184890656063613 0.03408146300914381 0.04075546719681908
0 0.5519534497090607 0.49801192842942343 0.04488778054862843 0.07952286282306162
0 0.7040731504571903 0.5531809145129224 0.04987531172069826 0.08449304174950298
0 0.6928512053200333 0.9204771371769382 0.06234413965087282 0.11133200795228627
0 0.37364921030756443 0.36133200795228626 0.03408146300914381 0.05268389662027832
0 0.5723192019950125 0.4353876739562624 0.029093931837073983 0.029821073558648107
0 0.4609310058187864 0.5651093439363817 0.03408146300914381 0.03876739562624254
0 0.3773898586866168 0.4319085487077534 0.0914380714879468 0.11431411530815108
0 0.9517871986699917 0.16500994035785285 0.06483790523690773 0.07753479125248508
0 0.8262676641729011 0.9741550695825049 0.029925187032418952 0.02783300198807157
0 0.8088113050706567 0.08697813121272364 0.05652535328345802 0.042743538767395624
0 0.45012468827930174 0.19035785288270377 0.13383208645054032 0.050695825049701784
0 0.2460515378221114 0.5492047713717694 0.029925187032418952 0.0467196819085487
0 0.18994181213632585 0.018886679920477135 0.04405652535328346 0.017892644135188866
0 0.9210307564422278 0.9806163021868787 0.02493765586034913 0.03081510934393638
0 0.400665004156276 0.14811133200795226 0.04156275976724855 0.041749502982107355
0 0.256857855361596 0.07852882703777335 0.023275145469659187 0.015904572564612324
0 0.2967581047381546 0.21868787276341947 0.051537822111388194 0.08946322067594432
0 0.45303408146300916 0.12077534791252484 0.03657522859517872 0.0467196819085487
0 0.3233582709891937 0.8583499005964214 0.07481296758104738 0.07455268389662027
0 0.17871986699916875 0.8156063618290258 0.02493765586034913 0.034791252485089456
0 0.8092269326683292 0.9353876739562623 0.05403158769742311 0.057654075546719676
0 0.4455527847049044 0.07902584493041749 0.038237738985868665 0.050695825049701784
0 0.7202826267664173 0.3508946322067594 0.019118869492934332 0.017892644135188866
0 0.5403158769742311 0.9254473161033796 0.04987531172069826 0.073558648111332
0 0.4031587697423109 0.5641153081510933 0.046550290939318374 0.06858846918489064
0 0.4397339983374896 0.9458250497017892 0.023275145469659187 0.014910536779324053
0 0.16417290108063176 0.9160039761431411 0.04738154613466334 0.024850894632206758
0 0.6940980881130507 0.39512922465208744 0.06483790523690773 0.08051689860834989
0 0.7410640066500416 0.07157057654075547 0.019118869492934332 0.02385685884691849
0 0.21612635078969245 0.4895626242544731 0.034912718204488775 0.06262425447316103
0 0.600166251039069 0.2688866799204771 0.04821280133000831 0.042743538767395624
0 0.21945137157107233 0.4761431411530815 0.03657522859517872 0.03379721669980119
0 0.27847049044056527 0.7713717693836978 0.03158769742310889 0.02385685884691849
0 0.6907730673316709 0.6302186878727634 0.03325020781379884 0.02783300198807157
0 0.11886949293433084 0.5685884691848906 0.05652535328345802 0.041749502982107355
0 0.3088113050706567 0.091948310139165 0.015793848711554447 0.022862823061630216
0 0.46550290939318373 0.5342942345924453 0.0914380714879468 0.10437375745526838
0 0.9538653366583542 0.4607355864811133 0.017456359102244388 0.018886679920477135
0 0.5594347464671654 0.7594433399602385 0.034912718204488775 0.03578528827037773
0 0.3104738154613466 0.7977137176938369 0.017456359102244388 0.022862823061630216
0 0.8811305070656692 0.8419483101391649 0.03325020781379884 0.05168986083499005
0 0.4783873649210308 0.45477137176938365 0.10390689941812137 0.17594433399602383
0 0.8300083125519535 0.12226640159045725 0.024106400665004156 0.02385685884691849
0 0.6450540315876975 0.5024850894632206 0.02493765586034913 0.016898608349900594
0 0.5802161263507897 0.9617296222664015 0.0399002493765586 0.008946322067594433
0 0.7660016625103907 0.11431411530815108 0.027431421446384042 0.019880715705765405
0 0.15336658354114713 0.923459244532803 0.025768911055694097 0.007952286282306162
0 0.41396508728179554 0.6525844930417495 0.021612635078969242 0.016898608349900594
0 0.2801330008312552 0.6197813121272365 0.0199501246882793 0.048707753479125246
0 0.600997506234414 0.18986083499005962 0.021612635078969242 0.059642147117296214
0 0.5407315045719036 0.047216699801192835 0.017456359102244388 0.010934393638170973
0 0.2738985868661679 0.4736580516898608 0.027431421446384042 0.036779324055666
0 0.8308395677472984 0.07157057654075547 0.015793848711554447 0.007952286282306162
0 0.2734829592684954 0.823558648111332 0.02826267664172901 0.03081510934393638
0 0.48212801330008315 0.9085487077534791 0.051537822111388194 0.09741550695825049
0 0.5266001662510391 0.5889662027833001 0.040731504571903575 0.0666003976143141
0 0.3566084788029925 0.7415506958250496 0.10473815461346633 0.08747514910536779
0 0.2506234413965087 0.36530815109343934 0.0972568578553616 0.1500994035785288
0 0.6034912718204489 0.6471172962226639 0.10141313383208646 0.11729622266401589
0 0.6317539484621779 0.19632206759443338 0.03657522859517872 0.0666003976143141
0 0.06691604322527016 0.570079522862823 0.05569409808811305 0.06063618290258449
