0 0.8330396475770926 0.12459546925566342 0.09955947136563877 0.057173678532901825
0 0.2775330396475771 0.036138079827400214 0.06519823788546256 0.06796116504854369
0 0.47533039647577097 0.1477885652642934 0.07488986784140969 0.11434735706580365
0 0.26387665198237886 0.4374325782092772 0.06607929515418502 0.07659115426105717
0 0.9409691629955947 0.09816612729234088 0.09691629955947137 0.10140237324703344
0 0.9444933920704847 0.5070118662351671 0.03171806167400881 0.04314994606256742
0 0.07400881057268723 0.4444444444444444 0.0881057268722467 0.07335490830636461
0 0.8674008810572688 0.19471413160733547 0.02907488986784141 0.057173678532901825
0 0.933920704845815 0.2378640776699029 0.10748898678414097 0.0895361380798274
0 0.38325991189427316 0.3570658036677454 0.04581497797356828 0.04099244875943905
0 0.22378854625550662 0.9557713052858683 0.04933920704845815 0.04099244875943905
0 0.5916299559471366 0.7055016181229773 0.02378854625550661 0.02804746494066882
0 0.2920704845814978 0.6957928802588996 0.05726872246696035 0.08414239482200647
0 0.2211453744493392 0.09978425026968715 0.08634361233480177 0.19741100323624594
0 0.48590308370044055 0.750269687162891 0.05550660792951542 0.042071197411003236
0 0.7837004405286344 0.913160733549083 0.0907488986784141 0.07227615965480043
0 0.40748898678414097 0.029126213592233007 0.09251101321585903 0.04962243797195253
0 0.5458149779735683 0.8732470334412081 0.06431718061674009 0.14131607335490828
0 0.6330396475770925 0.7847896440129449 0.02907488986784141 0.03344120819848975
0 0.46740088105726874 0.3414239482200647 0.043171806167400885 0.04638619201725998
0 0.42290748898678415 0.20388349514563106 0.08458149779735682 0.13160733549083062
0 0.6444933920704846 0.6019417475728155 0.03788546255506608 0.036677454153182305
0 0.5519823788546255 0.2087378640776699 0.030837004405286344 0.04638619201725998
0 0.6903083700440529 0.9379719525350593 0.04140969162995595 0.029126213592233007
0 0.933920704845815 0.9816612729234088 0.03876651982378855 0.032362459546925564
0 0.3541850220264317 0.28586839266450914 0.03524229074889868 0.06256742179072275
0 0.6740088105726872 0.8300970873786407 0.019383259911894275 0.029126213592233007
0 0.9158590308370045 0.6035598705501618 0.03612334801762115 0.0442286947141316
0 0.554625550660793 0.5043149946062567 0.046696035242290754 0.08522114347357065
0 0.7176211453744493 0.4622437971952535 0.051982378854625554 0.09169363538295576
0 0.7330396475770925 0.06850053937432578 0.06519823788546256 0.11974110032362459
0 0.35814977973568285 0.6305285868392664 0.03612334801762115 0.057173678532901825
0 0.5704845814977973 0.5738942826321467 0.030837004405286344 0.032362459546925564
0 0.4643171806167401 0.4223300970873786 0.03524229074889868 0.042071197411003236
0 0.36696035242290753 0.5566343042071197 0.0960352422907489 0.12297734627831713
0 0.9475770925110133 0.9050701186623515 0.06784140969162995 0.08414239482200647
0 0.877092511013216 0.02535059331175836 0.030837004405286344 0.029126213592233007
0 0.7920704845814979 0.9724919093851132 0.05991189427312776 0.04638619201725998
0 0.42511013215859034 0.8225458468176914 0.14008810572687225 0.05501618122977346
0 0.23876651982378855 0.4163969795037756 0.03171806167400881 0.04962243797195253
0 0.14052863436123347 0.9762675296655878 0.046696035242290754 0.019417475728155338
0 0.9762114537444935 0.028586839266450913 0.02643171806167401 0.03344120819848975
0 0.3700440528634361 0.8624595469255663 0.04405286343612335 0.0442286947141316
0 0.2145374449339207 0.9207119741100322 0.02378854625550661 0.018338727076591153
0 0.2665198237885463 0.7750809061488673 0.053744493392070485 0.0960086299892125
0 0.42290748898678415 0.8969795037756202 0.03876651982378855 0.05070118662351672
0 0.34229074889867844 0.09331175836030205 0.07841409691629957 0.08090614886731391
0 0.1881057268722467 0.12351672060409924 0.025550660792951544 0.037756202804746494
0 0.856387665198238 0.06472491909385113 0.05638766519823789 0.06256742179072275
0 0.4114537444933921 0.9406688241639697 0.04052863436123348 0.05393743257820927
0 0.7193832599118943 0.6801510248112189 0.02026431718061674 0.020496224379719524
0 0.5748898678414097 0.04584681769147788 0.051982378854625554 0.07874865156418553
0 0.4039647577092511 0.41801510248112184 0.048458149779735685 0.07443365695792879
0 0.47048458149779737 0.013484358144552318 0.024669603524229075 0.016181229773462782
0 0.18105726872246697 0.014563106796116504 0.050220264317180616 0.026968716289104636
0 0.6951541850220264 0.6305285868392664 0.06872246696035243 0.08737864077669902
0 0.7202643171806168 0.9816612729234088 0.02026431718061674 0.02588996763754045
0 0.20308370044052865 0.47680690399137 0.03612334801762115 0.0668824163969795
0 0.5872246696035243 0.7551240560949298 0.050220264317180616 0.04530744336569579
0 0.2052863436123348 0.4908306364617044 0.03876651982378855 0.036677454153182305
0 0.2894273127753304 0.18176914778856526 0.03259911894273128 0.024811218985976265
0 0.7096916299559471 0.37864077669902907 0.034361233480176216 0.030204962243797193
0 0.10704845814977974 0.38133764832793954 0.05903083700440529 0.0442286947141316
0 0.27004405286343613 0.9120819848975188 0.016740088105726872 0.024811218985976265
0 0.46740088105726874 0.45631067961165045 0.0960352422907489 0.11218985976267529
0 0.9718061674008811 0.5884573894282632 0.01762114537444934 0.020496224379719524
0 0.5819383259911894 0.22599784250269686 0.03612334801762115 0.037756202804746494
0 0.3246696035242291 0.15803667745415317 0.018502202643171806 0.024811218985976265
0 0.9246696035242291 0.17313915857605178 0.034361233480176216 0.05501618122977346
0 0.47444933920704846 0.5426105717367853 0.11013215859030838 0.18985976267529664
0 0.816740088105727 0.9368932038834951 0.024669603524229075 0.024811218985976265
0 0.6519823788546256 0.5097087378640777 0.02643171806167401 0.018338727076591153
0 0.6189427312775331 0.011326860841423947 0.04140969162995595 0.009708737864077669
0 0.748898678414097 0.9385113268608414 0.028193832599118944 0.02157497303128371
0 0.17004405286343613 0.005393743257820927 0.028193832599118944 0.008629989212513484
0 0.4220264317180617 0.32362459546925565 0.02290748898678414 0.019417475728155338
0 0.27973568281938327 0.34412081984897513 0.02026431718061674 0.0517799352750809
0 0.5823788546255507 0.8398058252427184 0.02290748898678414 0.06364617044228695
0 0.5088105726872247 0.9854368932038834 0.018502202643171806 0.01186623516720604
0 0.26211453744493396 0.49999999999999994 0.02907488986784141 0.03991370010787486
0 0.8136563876651983 0.9913700107874864 0.016740088105726872 0.008629989212513484
0 0.2881057268722467 0.1256742179072276 0.02995594713656388 0.03344120819848975
0 0.5123348017621145 0.05771305285868392 0.053744493392070485 0.10463861920172599
0 0.5352422907488987 0.40453074433656955 0.043171806167400885 0.07119741100323623
0 0.36872246696035244 0.2227615965480043 0.11013215859030838 0.09385113268608414
0 0.22951541850220264 0.6132686084142395 0.10132158590308371 0.162891046386192
0 0.6198237885462555 0.3505933117583603 0.1066079295154185 0.1272923408845739
0 0.614977973568282 0.8360302049622437 0.03876651982378855 0.07119741100323623
0 0.05330396475770925 0.37432578209277234 0.05903083700440529 0.06472491909385113
