0 0.17046379170056955 0.8475909537856441 0.096826688364524 0.05506391347099312
0 0.7087062652563059 0.9542772861356933 0.06346623270951993 0.06588003933136677
0 0.5191212367778681 0.8387413962635202 0.07323026851098453 0.11012782694198624
0 0.7327095199349064 0.5693215339233039 0.06427990235964198 0.07472959685349066
0 0.06427990235964198 0.868731563421829 0.09438567941415785 0.09734513274336284
0 0.07200976403580146 0.4759095378564405 0.030105777054515864 0.04129793510324484
0 0.9182262001627339 0.5698131760078663 0.0854353132628153 0.06981317600786628
0 0.13832384052074856 0.7787610619469028 0.029292107404393815 0.05506391347099312
0 0.07485760781122863 0.7345132743362832 0.10414971521562245 0.08652900688298919
0 0.613913751017087 0.6420845624385447 0.044751830756712775 0.03933136676499509
0 0.7855980471928397 0.07227138643067847 0.04800650935720097 0.038348082595870206
0 0.42026037428803903 0.2984267453294002 0.023596419853539462 0.026548672566371685
0 0.7123677786818552 0.3195673549655851 0.054515866558177375 0.08062930186823992
0 0.7656631407648494 0.8952802359882006 0.08462164361269324 0.18977384464110128
0 0.5248169243287225 0.26007866273353003 0.053702196908055326 0.04031465093411996
0 0.23921887713588283 0.09193706981317601 0.08950366151342555 0.06981317600786628
0 0.5821806346623271 0.956243854473943 0.0886899918633035 0.04818092428711898
0 0.4698942229454841 0.1391347099311701 0.06265256305939788 0.13470993117010818
0 0.3824247355573637 0.22074729596853493 0.029292107404393815 0.032448377581120944
0 0.5321399511798209 0.6533923303834809 0.04231082180634662 0.04424778761061947
0 0.5720097640358014 0.7871189773844641 0.08299430431244914 0.12684365781710916
0 0.3665581773799837 0.39626352015732547 0.03661513425549227 0.035398230088495575
0 0.44629780309194467 0.7777777777777778 0.030105777054515864 0.043264503441494594
0 0.33034987794955245 0.07128810226155359 0.04068348250610252 0.028515240904621438
0 0.09438567941415785 0.02015732546705998 0.037428803905614316 0.03048180924287119
0 0.6411716842961758 0.7109144542772862 0.03417412530512612 0.06096361848574238
0 0.3437754271765663 0.17600786627335302 0.018714401952807158 0.02753195673549656
0 0.10211554109031733 0.3839724680432645 0.03498779495524817 0.04228121927236972
0 0.451586655817738 0.4931170108161259 0.045565500406834825 0.0816125860373648
0 0.29170056956875506 0.5275319567354966 0.05126118795768918 0.08751229105211407
0 0.26606997558991047 0.9056047197640118 0.06346623270951993 0.11406096361848575
0 0.646460537021969 0.37954768928220256 0.03498779495524817 0.05506391347099312
0 0.4377542717656631 0.42625368731563423 0.029292107404393815 0.03048180924287119
0 0.5374288039056143 0.5757128810226155 0.03498779495524817 0.04031465093411996
0 0.6354759967453214 0.4503441494591937 0.09438567941415785 0.11799410029498526
0 0.07933279088689991 0.09292035398230089 0.06590724165988608 0.07964601769911504
0 0.12489829129373474 0.9414945919370699 0.030105777054515864 0.028515240904621438
0 0.2323026851098454 0.03392330383480826 0.05777054515866558 0.04424778761061947
0 0.5858421480878763 0.19272369714847593 0.13669650122050447 0.05309734513274337
0 0.7571196094385679 0.5904621435594887 0.030105777054515864 0.04818092428711898
0 0.8673718470301057 0.05555555555555556 0.045565500406834825 0.018682399213372666
0 0.02807160292921074 0.9341199606686333 0.026851098454027663 0.03146509341199607
0 0.6403580146460537 0.15634218289085547 0.04231082180634662 0.043264503441494594
0 0.7937347436940602 0.10619469026548674 0.023596419853539462 0.017699115044247787
0 0.7392188771358829 0.24385447394296952 0.05288852725793328 0.09242871189773845
0 0.5899104963384866 0.1209439528023599 0.037428803905614316 0.049164208456243856
0 0.6472742066720911 0.8962635201573255 0.07567127746135069 0.0776794493608653
0 0.7986167615947924 0.8736479842674534 0.025223759153783564 0.036381514257620456
0 0.14605370219690805 0.904621435594887 0.054515866558177375 0.05899705014749263
0 0.6025223759153784 0.07915437561455262 0.03824247355573637 0.05211406096361849
0 0.2957689178193653 0.3176007866273353 0.018714401952807158 0.019665683382497544
0 0.41985353946297804 0.9331366764995084 0.05044751830756713 0.07669616519174041
0 0.595606183889341 0.5821042281219273 0.047192839707078924 0.07079646017699115
0 0.5203417412530512 0.9690265486725664 0.023596419853539462 0.014749262536873158
0 0.8026851098454028 0.9793510324483776 0.04963384865744508 0.025565388397246806
0 0.3181448331977217 0.3667649950835792 0.06672091131000814 0.08456243854473944
0 0.30268510984540276 0.028023598820059 0.01952807160292921 0.024582104228121928
0 0.7933279088689992 0.5334316617502458 0.03580146460537022 0.06391347099311702
0 0.4259560618388934 0.2512291052114061 0.04963384865744508 0.04424778761061947
0 0.791700569568755 0.5196656833824975 0.037428803905614316 0.0344149459193707
0 0.7013832384052074 0.8136676499508358 0.03254678600488202 0.024582104228121928
0 0.2969894222945484 0.6086529006882989 0.03417412530512612 0.029498525073746316
0 0.8840520748576078 0.628810226155359 0.05777054515866558 0.04228121927236972
0 0.7396257119609438 0.112094395280236 0.01627339300244101 0.02359882005899705
0 0.5358014646053703 0.5427728613569321 0.0935720097640358 0.10816125860373649
0 0.047192839707078924 0.39626352015732547 0.01790073230268511 0.019665683382497544
0 0.41741253051261185 0.7600786627335301 0.03580146460537022 0.03736479842674533
0 0.6663954434499593 0.8357915437561456 0.01790073230268511 0.02359882005899705
0 0.0821806346623271 0.7974434611602753 0.03417412530512612 0.05309734513274337
0 0.5305126118795769 0.45968534906588004 0.10740439381611065 0.18190757128810228
0 0.20748576078112285 0.06735496558505409 0.02441008950366151 0.024582104228121928
0 0.35679414157851913 0.484267453294002 0.025223759153783564 0.016715830875122913
0 0.3755085435313263 0.964110127826942 0.03986981285598047 0.008849557522123894
0 0.27339300244100895 0.06833824975417896 0.027664768104149716 0.02064896755162242
0 0.8132628152969894 0.9877089478859391 0.026851098454027663 0.008849557522123894
0 0.5760781122864117 0.672566371681416 0.022782750203417412 0.017699115044247787
0 0.7148087876322213 0.6578171091445428 0.02034174125305126 0.049164208456243856
0 0.4332790886899919 0.17010816125860376 0.021969080553295363 0.06096361848574238
0 0.5085435313262815 0.032448377581120944 0.01790073230268511 0.011799410029498525
0 0.7363710333604556 0.5088495575221239 0.027664768104149716 0.038348082595870206
0 0.21196094385679415 0.014749262536873158 0.015459723352318959 0.007866273352999017
0 0.7009764035801465 0.867748279252704 0.028478437754271765 0.032448377581120944
0 0.4808787632221318 0.9242871189773845 0.05207485760781123 0.10029498525073748
0 0.467860048820179 0.5904621435594887 0.04231082180634662 0.06784660766961652
0 0.6248982912937348 0.7713864306784661 0.10740439381611065 0.09144542772861357
0 0.7705451586655817 0.40167158308751233 0.09926769731489016 0.15634218289085547
0 0.3840520748576078 0.6381514257620453 0.10414971521562245 0.12192723697148476
0 0.4011391375101709 0.1720747295968535 0.037428803905614316 0.0688298918387414
0 0.93653376729048 0.6386430678466077 0.05695687550854353 0.06194690265486726
