0 0.820578231292517 0.1176470588235294 0.09693877551020408 0.05572755417956656
0 0.274234693877551 0.0629514963880289 0.06377551020408163 0.06604747162022703
0 0.4719387755102041 0.1609907120743034 0.07312925170068027 0.11145510835913312
0 0.2755102040816326 0.4535603715170278 0.06462585034013606 0.07533539731682146
0 0.925595238095238 0.08565531475748193 0.09438775510204081 0.09907120743034055
0 0.9447278911564625 0.48194014447884415 0.030612244897959183 0.0412796697626419
0 0.0897108843537415 0.47110423116615063 0.0858843537414966 0.07120743034055727
0 0.8575680272108843 0.18369453044375644 0.02806122448979592 0.05572755417956656
0 0.9243197278911565 0.22136222910216716 0.10544217687074829 0.08771929824561403
0 0.3898809523809524 0.3684210526315789 0.045068027210884355 0.0392156862745098
0 0.25637755102040816 0.958720330237358 0.04846938775510204 0.0392156862745098
0 0.6071428571428571 0.6950464396284829 0.023809523809523808 0.02786377708978328
0 0.3133503401360544 0.7027863777089782 0.055272108843537414 0.0825593395252838
0 0.22108843537414966 0.1284829721362229 0.08503401360544217 0.19091847265221876
0 0.5051020408163265 0.7445820433436532 0.05442176870748299 0.04024767801857585
0 0.8027210884353742 0.8854489164086686 0.09013605442176871 0.07017543859649122
0 0.4005102040816326 0.049019607843137254 0.09013605442176871 0.04850361197110423
0 0.5684523809523809 0.8601651186790505 0.06377551020408163 0.1372549019607843
0 0.6505102040816326 0.7693498452012383 0.028911564625850338 0.03199174406604747
0 0.47108843537414963 0.34881320949432404 0.04251700680272109 0.04540763673890608
0 0.4226190476190476 0.217750257997936 0.08333333333333333 0.12796697626418987
0 0.6543367346938775 0.5913312693498451 0.036564625850340135 0.03508771929824561
0 0.5488945578231292 0.21517027863777088 0.02976190476190476 0.044375644994840036
0 0.7125850340136054 0.915376676986584 0.04081632653061224 0.028895768833849325
0 0.9528061224489796 0.9432404540763674 0.03826530612244898 0.03095975232198142
0 0.35841836734693877 0.3013415892672858 0.03486394557823129 0.06191950464396284
0 0.6921768707482993 0.8111455108359132 0.01870748299319728 0.028895768833849325
0 0.9209183673469388 0.5773993808049536 0.03571428571428571 0.04231166150670794
0 0.5629251700680272 0.501547987616099 0.04591836734693877 0.0825593395252838
0 0.7206632653061225 0.45149638802889575 0.05187074829931972 0.08771929824561403
0 0.7210884353741497 0.06862745098039215 0.06462585034013606 0.11661506707946336
0 0.375 0.6357069143446852 0.03571428571428571 0.05572755417956656
0 0.5812074829931972 0.5681114551083591 0.02976190476190476 0.03199174406604747
0 0.47151360544217685 0.42724458204334365 0.03486394557823129 0.0412796697626419
0 0.38137755102040816 0.5634674922600619 0.09438775510204081 0.11971104231166149
0 0.9630102040816326 0.8684210526315789 0.06717687074829931 0.08152734778121774
0 0.8605442176870748 0.018575851393188854 0.030612244897959183 0.028895768833849325
0 0.8133503401360543 0.9427244582043343 0.0586734693877551 0.044375644994840036
0 0.44812925170068024 0.8183694530443756 0.1377551020408163 0.053663570691434466
0 0.25 0.43446852425180593 0.030612244897959183 0.04747162022703818
0 0.17517006802721088 0.9834881320949431 0.04591836734693877 0.018575851393188854
0 0.957908163265306 0.016511867905056758 0.026360544217687073 0.033023735810113516
0 0.39625850340136054 0.8596491228070174 0.04251700680272109 0.04334365325077399
0 0.2457482993197279 0.9251805985552115 0.023809523809523808 0.017543859649122806
0 0.29124149659863946 0.7812177502579979 0.05357142857142857 0.09287925696594426
0 0.4489795918367347 0.8906088751289989 0.03741496598639456 0.049535603715170275
0 0.33928571428571425 0.1155830753353973 0.07653061224489796 0.0784313725490196
0 0.18962585034013604 0.15325077399380804 0.025510204081632654 0.03611971104231166
0 0.8414115646258503 0.05779153766769865 0.055272108843537414 0.059855521155830746
0 0.439625850340136 0.9334365325077398 0.0391156462585034 0.05263157894736842
0 0.7308673469387755 0.6630546955624355 0.0195578231292517 0.0196078431372549
0 0.564625850340136 0.05572755417956656 0.05102040816326531 0.07636738906088751
0 0.41241496598639454 0.42621259029927755 0.047619047619047616 0.07223942208462332
0 0.461734693877551 0.029927760577915373 0.023809523809523808 0.016511867905056758
0 0.17772108843537415 0.047987616099071206 0.04931972789115646 0.025799793601651185
0 0.7049319727891156 0.6160990712074302 0.0663265306122449 0.08462332301341588
0 0.7431972789115646 0.9551083591331269 0.02040816326530612 0.025799793601651185
0 0.21768707482993196 0.49484004127966974 0.03571428571428571 0.06501547987616099
0 0.6045918367346939 0.7435500515995871 0.04931972789115646 0.044375644994840036
0 0.22023809523809523 0.5087719298245613 0.03741496598639456 0.03508771929824561
0 0.29081632653061223 0.20433436532507737 0.03231292517006803 0.024767801857585137
0 0.7100340136054422 0.37100103199174406 0.03401360544217687 0.029927760577915373
0 0.11989795918367346 0.40815273477812175 0.057823129251700675 0.04231166150670794
0 0.2997448979591837 0.913828689370485 0.016156462585034014 0.02373581011351909
0 0.47534013605442177 0.4602683178534571 0.09353741496598639 0.10939112487100103
0 0.9749149659863945 0.5598555211558307 0.017857142857142856 0.0196078431372549
0 0.5790816326530612 0.23013415892672856 0.03571428571428571 0.03715170278637771
0 0.3244047619047619 0.17905056759545923 0.017857142857142856 0.02373581011351909
0 0.9124149659863945 0.15944272445820432 0.03401360544217687 0.054695562435500514
0 0.4855442176870748 0.5438596491228069 0.10714285714285714 0.18369453044375644
0 0.8358843537414966 0.9066047471620227 0.023809523809523808 0.02373581011351909
0 0.6581632653061225 0.5020639834881321 0.025510204081632654 0.017543859649122806
0 0.6071428571428571 0.020123839009287926 0.04081632653061224 0.009287925696594427
0 0.7699829931972789 0.9122807017543859 0.02806122448979592 0.02063983488132095
0 0.16709183673469388 0.039731682146542824 0.026360544217687073 0.009287925696594427
0 0.4260204081632653 0.3338493292053663 0.022108843537414966 0.017543859649122806
0 0.28741496598639454 0.3622291021671826 0.02040816326530612 0.049535603715170275
0 0.6028911564625851 0.8255933952528379 0.022108843537414966 0.06191950464396284
0 0.5365646258503401 0.9716202270381836 0.01870748299319728 0.01135190918472652
0 0.27593537414965985 0.5144478844169246 0.02806122448979592 0.038183694530443756
0 0.8350340136054422 0.959752321981424 0.015306122448979591 0.008255933952528379
0 0.28741496598639454 0.14963880288957687 0.028911564625850338 0.03095975232198142
0 0.5042517006802721 0.07120743034055727 0.052721088435374146 0.10113519091847264
0 0.5399659863945578 0.40608875128998967 0.04251700680272109 0.06914344685242517
0 0.36989795918367346 0.23890608875128996 0.10884353741496598 0.09184726522187822
0 0.24872448979591835 0.6259029927760578 0.09948979591836735 0.15789473684210525
0 0.6211734693877551 0.34881320949432404 0.10459183673469387 0.12383900928792568
0 0.6347789115646258 0.8204334365325077 0.03826530612244898 0.07017543859649122
0 0.06717687074829931 0.40402476780185753 0.057823129251700675 0.0629514963880289
