0 0.8390625 0.11615384615384615 0.099375 0.05692307692307692
0 0.278125 0.033846153846153845 0.065 0.06769230769230769
0 0.47875 0.14461538461538462 0.075 0.11538461538461539
0 0.2678125 0.4411538461538462 0.065625 0.07769230769230769
0 0.948125 0.08730769230769231 0.09625 0.10230769230769231
0 0.9553125 0.5019230769230769 0.030625 0.04230769230769231
0 0.07625 0.4511538461538461 0.08750000000000001 0.07307692307692308
0 0.875 0.18615384615384614 0.02875 0.05692307692307692
0 0.9425 0.22923076923076924 0.1075 0.09076923076923077
0 0.3878125 0.3576923076923077 0.045625 0.04
0 0.2325 0.9676923076923077 0.04875 0.04
0 0.6015625 0.7084615384615385 0.023125 0.027692307692307693
0 0.29875 0.703076923076923 0.05625 0.08461538461538462
0 0.2215625 0.09923076923076923 0.08687500000000001 0.19846153846153847
0 0.495 0.7553846153846154 0.055 0.04153846153846154
0 0.796875 0.9161538461538462 0.09125 0.07230769230769231
0 0.4090625 0.025 0.091875 0.05
0 0.5565625 0.8792307692307693 0.064375 0.14153846153846153
0 0.64375 0.7880769230769231 0.02875 0.03307692307692308
0 0.4721875 0.34076923076923077 0.043125000000000004 0.046153846153846156
0 0.42625 0.20192307692307693 0.085 0.13307692307692306
0 0.6534375 0.6026923076923076 0.036875 0.036153846153846154
0 0.55625 0.205 0.03 0.045384615384615384
0 0.703125 0.943076923076923 0.04125 0.02923076923076923
0 0.949375 0.9834615384615385 0.03875 0.031538461538461536
0 0.3575 0.28615384615384615 0.035 0.06307692307692307
0 0.6853125 0.8334615384615385 0.018125 0.02846153846153846
0 0.9278125 0.6003846153846154 0.035625000000000004 0.04384615384615385
0 0.561875 0.505 0.04625 0.08538461538461538
0 0.7259375 0.4596153846153846 0.051875000000000004 0.09153846153846154
0 0.738125 0.06 0.065 0.12
0 0.3646875 0.6361538461538462 0.035625000000000004 0.05692307692307692
0 0.57875 0.575 0.03 0.031538461538461536
0 0.47000000000000003 0.4230769230769231 0.035 0.04153846153846154
0 0.373125 0.5603846153846154 0.09625 0.12384615384615384
0 0.9621875 0.9057692307692308 0.068125 0.08384615384615385
0 0.8828125 0.014615384615384615 0.030625 0.02923076923076923
0 0.8059375 0.9765384615384616 0.059375000000000004 0.045384615384615384
0 0.4340625 0.8296153846153846 0.140625 0.054615384615384614
0 0.2421875 0.42 0.030625 0.04923076923076923
0 0.148125 0.99 0.04625 0.01846153846153846
0 0.983125 0.01653846153846154 0.02625 0.03307692307692308
0 0.3790625 0.8707692307692307 0.043125000000000004 0.04461538461538461
0 0.2225 0.9323076923076923 0.02375 0.016923076923076923
0 0.27375 0.7838461538461539 0.05375 0.09692307692307692
0 0.4328125 0.9053846153846153 0.038125 0.05076923076923077
0 0.3440625 0.09115384615384615 0.078125 0.08076923076923077
0 0.1884375 0.12384615384615384 0.025625000000000002 0.03692307692307692
0 0.8621875 0.054615384615384614 0.055625 0.06153846153846154
0 0.4215625 0.95 0.039375 0.05384615384615385
0 0.7296875 0.6811538461538461 0.019375 0.019230769230769232
0 0.5778125000000001 0.039615384615384615 0.051875000000000004 0.07923076923076923
0 0.4090625 0.41923076923076924 0.048125 0.07384615384615384
0 0.47250000000000003 0.007692307692307693 0.02375 0.015384615384615385
0 0.18 0.013076923076923076 0.05 0.026153846153846153
0 0.7046875 0.6307692307692307 0.068125 0.0876923076923077
0 0.7334375 0.9865384615384616 0.019375 0.025384615384615384
0 0.206875 0.4819230769230769 0.03625 0.06692307692307692
0 0.5975 0.7588461538461538 0.05 0.045384615384615384
0 0.2090625 0.49653846153846154 0.038125 0.036153846153846154
0 0.29125 0.18153846153846154 0.0325 0.024615384615384615
0 0.7171875 0.375 0.034375 0.03
0 0.1090625 0.38653846153846155 0.059375000000000004 0.04384615384615385
0 0.2784375 0.9226923076923077 0.015625 0.023846153846153847
0 0.473125 0.4573076923076923 0.09625 0.11307692307692307
0 0.98375 0.5846153846153846 0.0175 0.02
0 0.586875 0.22192307692307692 0.03625 0.03769230769230769
0 0.32656250000000003 0.15653846153846154 0.018125 0.023846153846153847
0 0.9321875000000001 0.16384615384615384 0.034375 0.055384615384615386
0 0.48125 0.545 0.11 0.19153846153846155
0 0.8303125 0.94 0.024375 0.024615384615384615
0 0.6603125 0.5092307692307693 0.025625000000000002 0.016923076923076923
0 0.6225 0.004230769230769231 0.04125 0.008461538461538461
0 0.7621875 0.9426923076923077 0.028125 0.02076923076923077
0 0.1690625 0.004230769230769231 0.026875 0.008461538461538461
0 0.42625 0.32346153846153847 0.0225 0.01769230769230769
0 0.283125 0.3465384615384615 0.02 0.05153846153846154
0 0.593125 0.8446153846153847 0.0225 0.06307692307692307
0 0.5203125 0.9938461538461538 0.018125 0.010769230769230769
0 0.2665625 0.505 0.028125 0.03923076923076923
0 0.8278125000000001 0.9953846153846154 0.015625 0.007692307692307693
0 0.289375 0.12461538461538461 0.02875 0.03230769230769231
0 0.515 0.05269230769230769 0.05375 0.10538461538461538
0 0.54125 0.40384615384615385 0.0425 0.07076923076923076
0 0.3715625 0.22192307692307692 0.110625 0.09461538461538462
0 0.2353125 0.6196153846153846 0.10187500000000001 0.16384615384615384
0 0.6265625 0.3476923076923077 0.106875 0.1276923076923077
0 0.6265625 0.8403846153846154 0.038125 0.07153846153846154
0 0.055 0.3792307692307692 0.058750000000000004 0.06461538461538462
