0 0.16640063846767758 0.8775710088148874 0.09976057462090983 0.05680705190989226
0 0.7230646448523543 0.9637610186092067 0.06544293695131684 0.06856023506366307
0 0.524341580207502 0.8525954946131244 0.07501995211492418 0.11459353574926542
0 0.7354349561053473 0.5607247796278159 0.06624102154828412 0.0773751224289912
0 0.057861133280127694 0.9049951028403527 0.09656823623304071 0.10186092066601371
0 0.05307262569832402 0.49461312438785504 0.031125299281723865 0.04309500489715965
0 0.9257781324820431 0.5523996082272282 0.08778930566640064 0.07247796278158668
0 0.13088587390263368 0.807541625857003 0.02873104549082203 0.05778648383937317
0 0.06424581005586592 0.7644466209598433 0.1077414205905826 0.0910871694417238
0 0.6161213088587391 0.6420176297747306 0.04628890662410216 0.040156709108716944
0 0.7737430167597765 0.039666993143976495 0.04868316041500399 0.040156709108716944
0 0.40542697525937754 0.2933398628795299 0.023942537909018357 0.02840352595494613
0 0.7067039106145252 0.3011753183153771 0.05666400638467678 0.08521057786483839
0 0.7793296089385475 0.8996082272282077 0.08699122106943337 0.19686581782566112
0 0.5115722266560255 0.24730656219392752 0.0558659217877095 0.04211557296767875
0 0.21268954509177973 0.08521057786483839 0.09177972865123704 0.07247796278158668
0 0.5925778132482044 0.9715964740450539 0.09177972865123704 0.050930460333006855
0 0.451316839584996 0.12438785504407444 0.06464485235434957 0.14103819784524976
0 0.36432561851556267 0.21351616062683645 0.029529130087789308 0.03330068560235064
0 0.5319233838786912 0.6581782566111656 0.04389465283320032 0.04701273261508325
0 0.5766161213088588 0.7962781586679726 0.08539505187549881 0.13320274240940255
0 0.3531524341580208 0.3971596474045054 0.03750997605746209 0.03623898139079334
0 0.4477254588986433 0.7918707149853086 0.030327214684756586 0.04603330068560235
0 0.3060654429369513 0.05974534769833497 0.04229848363926576 0.029382957884427033
0 0.06185155626496409 0.017140058765915768 0.03910614525139665 0.03232125367286973
0 0.6456504389465284 0.7135161606268364 0.035115722266560255 0.06366307541625857
0 0.32322426177174785 0.168462291870715 0.019154030327214685 0.029382957884427033
0 0.08100558659217877 0.3971596474045054 0.035913806863527534 0.04407443682664055
0 0.44373503591380686 0.4951028403525955 0.04628890662410216 0.08521057786483839
0 0.2805267358339984 0.5381978452497551 0.05187549880287311 0.0910871694417238
0 0.2661612130885874 0.9338883447600392 0.06464485235434957 0.12047012732615084
0 0.640462889066241 0.36679725759059745 0.035913806863527534 0.05778648383937317
0 0.4273743016759777 0.42556317335945154 0.031125299281723865 0.03232125367286973
0 0.5347166799680766 0.5763956904995103 0.035115722266560255 0.04211557296767875
0 0.631683958499601 0.4417238001958864 0.09656823623304071 0.12340842311459355
0 0.04868316041500399 0.0940254652301665 0.06863527533918595 0.0842311459353575
0 0.12210694333599362 0.9774730656219393 0.03192338387869114 0.029382957884427033
0 0.20391061452513967 0.02595494613124388 0.059856344772545894 0.04603330068560235
0 0.573024740622506 0.1743388834476004 0.14046288906624102 0.05484818805093046
0 0.7609736632083001 0.5817825661116552 0.031125299281723865 0.04897159647404505
0 0.8575418994413408 0.01811949069539667 0.047086991221069435 0.01860920666013712
0 0.0223463687150838 0.9750244857982371 0.02713487629688747 0.034280117531831536
0 0.6276935355147646 0.13418217433888346 0.04389465283320032 0.045053868756121454
0 0.783320031923384 0.07443682664054849 0.024740622505985636 0.01762977473065622
0 0.7318435754189945 0.2208619000979432 0.05426975259377494 0.0969637610186092
0 0.5742218675179569 0.09941234084231146 0.03910614525139665 0.05190989226248776
0 0.6576217079010376 0.9064642507345739 0.0782122905027933 0.08129285014691479
0 0.8128491620111732 0.8756121449559255 0.026336791699920193 0.03721841332027424
0 0.14285714285714288 0.9382957884427032 0.0558659217877095 0.06268364348677767
0 0.5857940941739824 0.05533790401567091 0.03990422984836393 0.05386875612144956
0 0.2781324820430966 0.3188050930460333 0.019952114924181964 0.020568070519098924
0 0.42537909018355946 0.9554358472086191 0.052673583399840386 0.07933398628795299
0 0.5949720670391062 0.5808031341821743 0.04868316041500399 0.07443682664054849
0 0.5295291300877893 0.9882468168462292 0.024740622505985636 0.015670910871694418
0 0.8200319233838788 0.9853085210577865 0.05027932960893855 0.02742409402546523
0 0.3024740622505986 0.3692458374142997 0.06863527533918595 0.0881488736532811
0 0.276536312849162 0.016160626836434867 0.019952114924181964 0.02644466209598433
0 0.796488427773344 0.5205680705190989 0.03671189146049481 0.06758080313418217
0 0.40981644054269756 0.24338883447600393 0.05027932960893855 0.04603330068560235
0 0.7940941739824422 0.5063663075416259 0.03830806065442937 0.03721841332027424
0 0.7106943335993615 0.8178256611165524 0.03272146847565842 0.025465230166503428
0 0.28890662410215484 0.6224289911851126 0.035115722266560255 0.030362389813907934
0 0.8926576217079011 0.6160626836434868 0.059856344772545894 0.045053868756121454
0 0.727853152434158 0.08374142997061705 0.01596169193934557 0.024485798237022526
0 0.5319233838786912 0.5430950048971597 0.09656823623304071 0.11263467189030363
0 0.025139664804469275 0.41185112634671894 0.018355945730247406 0.020568070519098924
0 0.4173982442138867 0.7752203721841332 0.03671189146049481 0.03819784524975514
0 0.6755786113328013 0.8418217433888345 0.018355945730247406 0.024485798237022526
0 0.07422186751795691 0.8290891283055828 0.035115722266560255 0.055827619980411365
0 0.524341580207502 0.45592556317335947 0.11013567438148444 0.1909892262487757
0 0.17996807661612133 0.06170421155729677 0.024740622505985636 0.025465230166503428
0 0.34596967278531526 0.48971596474045054 0.026336791699920193 0.01762977473065622
0 0.38068635275339185 0.990205680705191 0.041500399042298484 0.009794319294809012
0 0.24740622505985635 0.05974534769833497 0.02873104549082203 0.021547502448579826
0 0.8312051077414206 0.9941234084231146 0.02793296089385475 0.009794319294809012
0 0.577414205905826 0.6758080313418218 0.02314445331205108 0.01762977473065622
0 0.7198723064644853 0.6542605288932419 0.020750199521149242 0.05288932419196866
0 0.4146049481245012 0.15817825661116552 0.02314445331205108 0.06366307541625857
0 0.4880287310454908 0.010773751224289913 0.018355945730247406 0.011753183153770812
0 0.7374301675977654 0.4975514201762978 0.02873104549082203 0.039177277179236046
0 0.1827613727055068 0.006366307541625857 0.01596169193934557 0.00881488736532811
0 0.7122905027932961 0.8736532810969638 0.029529130087789308 0.03330068560235064
0 0.4876296887470072 0.9431929480901078 0.05426975259377494 0.10577864838393732
0 0.46368715083798884 0.5950048971596474 0.04309656823623304 0.07149853085210578
0 0.6312849162011174 0.777179236043095 0.11013567438148444 0.09500489715964741
0 0.7693535514764566 0.38393731635651324 0.10215482841181166 0.16258570029382957
0 0.37909018355945734 0.6493633692458375 0.10694333599361533 0.12732615083251714
0 0.3818834796488428 0.1616062683643487 0.03910614525139665 0.07247796278158668
0 0.9469273743016761 0.6234084231145935 0.059856344772545894 0.06562193927522038
