0 0.8431061806656102 0.15822179732313574 0.09667194928684628 0.05449330783938814
0 0.30744849445324884 0.04780114722753346 0.06339144215530904 0.0650095602294455
0 0.4960380348652932 0.16395793499043976 0.0729001584786054 0.10994263862332695
0 0.28209191759112523 0.4311663479923518 0.06339144215530904 0.0745697896749522
0 0.9492868462757528 0.1367112810707457 0.09350237717908083 0.09751434034416825
0 0.9397781299524565 0.5277246653919694 0.030110935023771792 0.040152963671128104
0 0.09786053882725833 0.42973231357552577 0.08478605388272584 0.06978967495219884
0 0.8748019017432647 0.22609942638623326 0.028526148969889066 0.05449330783938814
0 0.9381933438985737 0.27055449330783937 0.1045958795562599 0.08604206500956023
0 0.40055467511885895 0.3594646271510516 0.045166402535657686 0.03824091778202677
0 0.22741679873217116 0.9244741873804971 0.04754358161648178 0.03824091778202677
0 0.5923137876386688 0.7017208413001912 0.022979397781299524 0.026768642447418736
0 0.3015055467511886 0.6792543021032504 0.05467511885895404 0.08126195028680688
0 0.2507923930269414 0.10659655831739961 0.08478605388272584 0.18833652007648183
0 0.48811410459587956 0.739961759082218 0.05388272583201268 0.040152963671128104
0 0.7717908082408875 0.908699808795411 0.08874801901743265 0.06978967495219884
0 0.4338351822503962 0.04732313575525812 0.08954041204437402 0.04875717017208413
0 0.5423930269413629 0.8604206500956023 0.06259904912836767 0.1338432122370937
0 0.6295562599049128 0.7791586998087954 0.027733755942947705 0.03250478011472275
0 0.48217115689381934 0.34847036328871894 0.041996830427892234 0.04493307839388145
0 0.4437400950871633 0.21510516252390058 0.08240887480190175 0.12619502868068833
0 0.6458003169572109 0.6056405353728489 0.0364500792393027 0.03537284894837476
0 0.5681458003169573 0.2251434034416826 0.030110935023771792 0.043021032504780114
0 0.68026941362916 0.9287762906309751 0.04041204437400951 0.027724665391969407
0 0.9152139461172742 0.9808795411089866 0.03803486529318542 0.030592734225621414
0 0.3740095087163233 0.2901529636711281 0.03486529318541997 0.06022944550669216
0 0.6675911251980983 0.8245697896749522 0.01822503961965135 0.027724665391969407
0 0.9096671949286846 0.6190248565965583 0.03486529318541997 0.043021032504780114
0 0.562202852614897 0.5081261950286806 0.045166402535657686 0.08126195028680688
0 0.7210776545166403 0.47466539196940727 0.05071315372424723 0.08699808795411089
0 0.7484152139461173 0.09894837476099426 0.06259904912836767 0.11376673040152964
0 0.3676703645007924 0.6199808795411089 0.03486529318541997 0.05449330783938814
0 0.5752773375594294 0.5745697896749522 0.030110935023771792 0.030592734225621414
0 0.4770206022187005 0.4254302103250478 0.03486529318541997 0.040152963671128104
0 0.3783676703645008 0.5492351816443595 0.09270998415213946 0.11759082217973231
0 0.9310618066561015 0.908699808795411 0.06656101426307448 0.07934990439770555
0 0.8890649762282092 0.0650095602294455 0.030110935023771792 0.028680688336520075
0 0.7777337559429477 0.9660611854684512 0.05784469096671949 0.043021032504780114
0 0.42670364500792396 0.8064053537284894 0.13549920760697307 0.052581261950286805
0 0.2583201267828843 0.40965583173996173 0.030110935023771792 0.04684512428298279
0 0.1454041204437401 0.9412045889101338 0.045166402535657686 0.018164435946462713
0 0.9853407290015849 0.07265774378585085 0.026148969889064975 0.03250478011472275
0 0.3720285261489699 0.8417782026768642 0.041996830427892234 0.043021032504780114
0 0.21949286846275753 0.8910133843212237 0.02377179080824089 0.017208413001912046
0 0.2741679873217116 0.7538240917782026 0.05229793977812995 0.09273422562141491
0 0.4223454833597465 0.8781070745697896 0.03803486529318542 0.04875717017208413
0 0.36885895404120445 0.10564053537284894 0.07527733755942947 0.0774378585086042
0 0.2179080824088748 0.12762906309751434 0.025356576862123614 0.03537284894837476
0 0.8676703645007924 0.10133843212237094 0.05388272583201268 0.05927342256214149
0 0.4100633914421553 0.9187380497131931 0.03882725832012678 0.05162523900573614
0 0.7163232963549921 0.6835564053537284 0.01901743264659271 0.019120458891013385
0 0.5950871632329636 0.07122370936902485 0.05071315372424723 0.07552581261950286
0 0.4183835182250396 0.4187380497131931 0.04754358161648178 0.07074569789674952
0 0.49524564183835185 0.03441682600382409 0.02377179080824089 0.015296367112810707
0 0.21434231378763868 0.02294455066921606 0.04833597464342314 0.024856596558317397
0 0.694136291600634 0.6347992351816444 0.06656101426307448 0.0841300191204589
0 0.7080031695721077 0.9713193116634798 0.019809825673534072 0.024856596558317397
0 0.22147385103011094 0.4660611854684512 0.03565768621236133 0.06405353728489484
0 0.5863708399366085 0.7490439770554493 0.049128367670364506 0.043021032504780114
0 0.22305863708399368 0.4799235181644359 0.03724247226624406 0.03441682600382409
0 0.3145800316957211 0.1878585086042065 0.03169572107765452 0.02390057361376673
0 0.7159270998415215 0.3948374760994264 0.03407290015847861 0.028680688336520075
0 0.13193343898573692 0.3704588910133843 0.05784469096671949 0.043021032504780114
0 0.2733755942947702 0.8847992351816443 0.01584786053882726 0.02390057361376673
0 0.4786053882725832 0.45793499043977054 0.09350237717908083 0.10707456978967494
0 0.9643423137876387 0.6075525812619502 0.017432646592709985 0.020076481835564052
0 0.597068145800317 0.24282982791586996 0.03565768621236133 0.03632887189292543
0 0.3490491283676704 0.16634799235181644 0.01822503961965135 0.02294455066921606
0 0.9306656101426308 0.20841300191204587 0.03407290015847861 0.05353728489483747
0 0.48296354992076074 0.5411089866156787 0.10697305863708399 0.18164435946462715
0 0.8026941362916007 0.9330783938814531 0.02377179080824089 0.024856596558317397
0 0.6561014263074485 0.5176864244741873 0.025356576862123614 0.016252390057361375
0 0.6398573692551506 0.040152963671128104 0.04041204437400951 0.009560229445506692
0 0.7373217115689382 0.9316443594646271 0.027733755942947705 0.020076481835564052
0 0.20404120443740095 0.013862332695984704 0.026148969889064975 0.008604206500956023
0 0.43898573692551507 0.3293499043977055 0.022187004754358162 0.018164435946462713
0 0.30031695721077656 0.3427342256214149 0.020602218700475437 0.04875717017208413
0 0.5788431061806656 0.8293499043977055 0.022979397781299524 0.06022944550669216
0 0.5027733755942948 0.9660611854684512 0.01822503961965135 0.010516252390057362
0 0.2785261489698891 0.4909177820267686 0.027733755942947705 0.0372848948374761
0 0.7983359746434232 0.9851816443594645 0.015055467511885896 0.008604206500956023
0 0.31497622820919174 0.13432122370936903 0.027733755942947705 0.03154875717017208
0 0.5344690966719493 0.07982791586998088 0.05309033280507132 0.10038240917782026
0 0.5459587955625991 0.4115678776290631 0.04120443740095087 0.06787762906309751
0 0.39025356576862125 0.23040152963671126 0.10697305863708399 0.0898661567877629
0 0.2436608557844691 0.5975143403441683 0.09904912836767037 0.1548757170172084
0 0.6299524564183835 0.3637667304015296 0.10301109350237718 0.12141491395793498
0 0.6105388272583202 0.8279158699808795 0.03724247226624406 0.06883365200764818
0 0.07963549920760697 0.36089866156787764 0.05784469096671949 0.062141491395793495
