0 0.8418054338299737 0.8763440860215054 0.09903593339176162 0.05806451612903226
0 0.2857142857142857 0.9639784946236559 0.06485539000876424 0.06774193548387097
0 0.48378615249780893 0.8521505376344086 0.07537248028045575 0.11505376344086021
0 0.27256792287467135 0.560752688172043 0.06660823838737949 0.07849462365591398
0 0.9500438212094654 0.9037634408602151 0.09640666082383874 0.10215053763440861
0 0.9544259421560035 0.4935483870967742 0.0315512708150745 0.043010752688172046
0 0.08238387379491674 0.5526881720430108 0.0876424189307625 0.07311827956989247
0 0.8768624014022787 0.806989247311828 0.028921998247151623 0.05698924731182796
0 0.9434706397896582 0.7634408602150538 0.10780017528483786 0.09032258064516129
0 0.3921998247151621 0.6419354838709678 0.04645048203330412 0.04086021505376344
0 0.23400525854513585 0.04032258064516129 0.049079754601226995 0.03978494623655914
0 0.6021034180543383 0.29301075268817206 0.024539877300613498 0.02903225806451613
0 0.301489921121823 0.3016129032258065 0.056091148115687994 0.08494623655913978
0 0.22918492550394393 0.8994623655913978 0.08676599474145487 0.1967741935483871
0 0.4960560911481157 0.2478494623655914 0.056091148115687994 0.041935483870967745
0 0.7944785276073619 0.08548387096774193 0.09202453987730061 0.07204301075268817
0 0.41586327782646804 0.9715053763440861 0.09202453987730061 0.05053763440860215
0 0.5565293602103418 0.12419354838709677 0.06485539000876424 0.14086021505376345
0 0.6432953549517967 0.21344086021505376 0.02979842243645925 0.03333333333333333
0 0.4758983347940403 0.6580645161290323 0.04382120946538125 0.047311827956989246
0 0.4316389132340053 0.7956989247311828 0.08501314636283962 0.13333333333333333
0 0.654250657318142 0.3967741935483871 0.037686240140227874 0.03655913978494624
0 0.5604732690622262 0.7913978494623656 0.03067484662576687 0.04516129032258064
0 0.7011393514461 0.06021505376344086 0.042068361086765996 0.03010752688172043
0 0.9452234881682735 0.017204301075268817 0.03943908851884312 0.03225806451612903
0 0.3628396143733567 0.7134408602150538 0.035056967572304996 0.06344086021505377
0 0.684487291849255 0.1682795698924731 0.019281332164767746 0.02903225806451613
0 0.9268185801928134 0.39623655913978495 0.03593339176161262 0.04408602150537634
0 0.5639789658194566 0.4946236559139785 0.04645048203330412 0.08602150537634409
0 0.7274320771253286 0.5381720430107527 0.05258545135845749 0.0913978494623656
0 0.7418930762489044 0.9327956989247311 0.06573181419807186 0.11935483870967742
0 0.36765994741454866 0.36666666666666664 0.03593339176161262 0.05806451612903226
0 0.5806310254163015 0.42473118279569894 0.03067484662576687 0.03225806451612903
0 0.47370727432077125 0.5768817204301075 0.03593339176161262 0.041935483870967745
0 0.3759859772129711 0.4413978494623656 0.09640666082383874 0.12365591397849462
0 0.9588080631025416 0.0935483870967742 0.06836108676599474 0.08387096774193549
0 0.8860648553900088 0.9763440860215054 0.0315512708150745 0.03010752688172043
0 0.8028045574057844 0.025268817204301075 0.0595968448729185 0.046236559139784944
0 0.4351446099912358 0.17473118279569894 0.1411042944785276 0.054838709677419356
0 0.24715162138475022 0.5817204301075268 0.0315512708150745 0.04946236559139785
0 0.15030674846625766 0.01935483870967742 0.04645048203330412 0.01935483870967742
0 0.9855390008764242 0.9736559139784946 0.02716914986853637 0.03333333333333333
0 0.3803680981595092 0.13440860215053763 0.04382120946538125 0.04516129032258064
0 0.22436459246275198 0.07526881720430108 0.024539877300613498 0.017204301075268817
0 0.27607361963190186 0.221505376344086 0.05433829973707274 0.0967741935483871
0 0.4329535495179667 0.1 0.03856266432953549 0.05161290322580645
0 0.35056967572305 0.9059139784946236 0.07887817703768624 0.08064516129032258
0 0.19631901840490798 0.8758064516129033 0.026292725679228746 0.03763440860215054
0 0.8650306748466258 0.9370967741935484 0.056091148115687994 0.06129032258064516
0 0.4219982471516214 0.05591397849462366 0.03943908851884312 0.053763440860215055
0 0.7296231375985978 0.31881720430107524 0.020157756354075372 0.02043010752688172
0 0.5828220858895705 0.9548387096774194 0.05258545135845749 0.07956989247311828
0 0.41323400525854515 0.5811827956989247 0.04820333041191937 0.07419354838709677
0 0.4785276073619632 0.9876344086021506 0.024539877300613498 0.016129032258064516
0 0.18843120070113936 0.9854838709677419 0.05083260297984225 0.026881720430107527
0 0.7046450482033304 0.3688172043010753 0.06836108676599474 0.08817204301075268
0 0.731375985977213 0.016129032258064516 0.020157756354075372 0.025806451612903226
0 0.21209465381244522 0.5209677419354839 0.03680981595092025 0.06774193548387097
0 0.5977212971078002 0.24301075268817204 0.05083260297984225 0.04516129032258064
0 0.21384750219106047 0.5064516129032258 0.03856266432953549 0.03655913978494624
0 0.2979842243645925 0.8172043010752689 0.033304119193689745 0.025806451612903226
0 0.7191060473269062 0.621505376344086 0.03418054338299737 0.03010752688172043
0 0.11568799298860649 0.6166666666666667 0.0595968448729185 0.04408602150537634
0 0.28001752848378614 0.08440860215053764 0.016652059596844872 0.024731182795698924
0 0.476774758983348 0.5424731182795699 0.09640666082383874 0.11290322580645161
0 0.9820333041191938 0.4112903225806452 0.018404907975460124 0.02043010752688172
0 0.5907099035933392 0.7741935483870968 0.03680981595092025 0.03870967741935484
0 0.33304119193689746 0.8413978494623656 0.019281332164767746 0.024731182795698924
0 0.9342681858019282 0.8279569892473119 0.035056967572304996 0.05591397849462366
0 0.48378615249780893 0.4559139784946237 0.11042944785276074 0.1913978494623656
0 0.8277826468010517 0.06129032258064516 0.025416301489921123 0.025806451612903226
0 0.6617002629272568 0.489247311827957 0.026292725679228746 0.017204301075268817
0 0.6275197195442594 0.9897849462365591 0.042068361086765996 0.00967741935483871
0 0.7602979842243646 0.05913978494623656 0.028921998247151623 0.021505376344086023
0 0.17747589833479405 0.9940860215053764 0.02716914986853637 0.00967741935483871
0 0.43076248904469766 0.6758064516129032 0.02366345311130587 0.01827956989247312
0 0.2883435582822086 0.6543010752688172 0.021034180543382998 0.05268817204301075
0 0.5929009640666083 0.1586021505376344 0.02366345311130587 0.06344086021505377
0 0.5197195442594216 0.01129032258064516 0.019281332164767746 0.011827956989247311
0 0.2712532865907099 0.49731182795698925 0.028921998247151623 0.03978494623655914
0 0.8247151621384751 0.0064516129032258064 0.01577563540753725 0.008602150537634409
0 0.2962313759859772 0.8736559139784946 0.02979842243645925 0.03333333333333333
0 0.5205959684487292 0.943010752688172 0.05433829973707274 0.1053763440860215
0 0.5446976336546889 0.5946236559139785 0.04294478527607362 0.07096774193548387
0 0.3768624014022787 0.7763440860215054 0.11042944785276074 0.09462365591397849
0 0.2388255915863278 0.38387096774193546 0.10254163014899212 0.16344086021505377
0 0.6292725679228747 0.6489247311827957 0.10692375109553023 0.12795698924731183
0 0.6257668711656442 0.16182795698924732 0.03856266432953549 0.07204301075268817
0 0.061787905346187555 0.6236559139784946 0.05872042068361087 0.06451612903225806
