0 0.8291873963515755 0.8597376387487387 0.0978441127694859 0.056508577194752774
0 0.2827529021558872 0.9576185671039354 0.06467661691542288 0.06659939455095863
0 0.4763681592039801 0.8435923309788093 0.07379767827529021 0.11301715438950555
0 0.263681592039801 0.5635721493440968 0.06467661691542288 0.07568113017154389
0 0.9365671641791045 0.884460141271443 0.09535655058043117 0.09989909182643794
0 0.9349087893864013 0.4828456104944501 0.03067993366500829 0.04137235116044399
0 0.07628524046434494 0.5605449041372351 0.08623548922056384 0.07164480322906155
0 0.8627694859038143 0.7906155398587286 0.02902155887230514 0.05549949545913219
0 0.927860696517413 0.7467204843592331 0.10613598673300166 0.08879919273461151
0 0.3826699834162521 0.6402623612512613 0.04560530679933665 0.039354187689202826
0 0.21807628524046435 0.05549949545913219 0.04809286898839138 0.04036326942482341
0 0.5845771144278608 0.2946518668012109 0.023217247097844115 0.028254288597376387
0 0.28814262023217246 0.3092835519677094 0.05555555555555556 0.08375378405650857
0 0.2259535655058043 0.8955600403632694 0.08540630182421227 0.1927346115035318
0 0.47927031509121065 0.25277497477295663 0.05472636815920398 0.04137235116044399
0 0.7711442786069652 0.08728557013118063 0.08955223880597016 0.07164480322906155
0 0.41086235489220563 0.9611503531786075 0.09038142620232173 0.04944500504540868
0 0.5368988391376451 0.1306760847628658 0.06384742951907131 0.13824419778002017
0 0.6239635157545605 0.21594349142280525 0.02902155887230514 0.03229061553985873
0 0.4660033167495854 0.6543895055499496 0.04311774461028192 0.045408678102926335
0 0.42371475953565507 0.7901109989909183 0.0845771144278607 0.12916246215943492
0 0.6376451077943616 0.39505549949545915 0.03648424543946932 0.035317860746720484
0 0.5509950248756219 0.7825428859737639 0.03067993366500829 0.045408678102926335
0 0.6786898839137645 0.06407669021190716 0.0406301824212272 0.029263370332996974
0 0.9187396351575456 0.017658930373360242 0.03814262023217247 0.03128153380423814
0 0.3548922056384743 0.7108980827447023 0.03482587064676617 0.0615539858728557
0 0.6637645107794362 0.1705348133198789 0.019071310116086235 0.028254288597376387
0 0.9058872305140963 0.38799192734611504 0.03565505804311775 0.04339051463168517
0 0.5497512437810945 0.4924318869828456 0.04643449419568823 0.08274470232088799
0 0.7114427860696517 0.5312815338042381 0.05140961857379768 0.08980827447023208
0 0.7321724709784412 0.9172552976791121 0.06467661691542288 0.1170534813319879
0 0.35447761194029853 0.3718466195761857 0.03565505804311775 0.05549949545913219
0 0.5650912106135987 0.4243188698284561 0.03067993366500829 0.03128153380423814
0 0.46185737976782754 0.5746720484359233 0.03482587064676617 0.04137235116044399
0 0.36401326699834163 0.4450050454086781 0.0945273631840796 0.12108980827447023
0 0.9328358208955224 0.09182643794147326 0.06799336650082918 0.08274470232088799
0 0.8743781094527363 0.9561049445005045 0.03067993366500829 0.029263370332996974
0 0.7786069651741294 0.02875882946518668 0.05970149253731343 0.045408678102926335
0 0.41832504145936983 0.18264379414732593 0.1384742951907131 0.054490413723511606
0 0.2392205638474295 0.5852674066599395 0.03067993366500829 0.04843592330978809
0 0.134742951907131 0.036831483350151364 0.04560530679933665 0.01917255297679112
0 0.9726368159203981 0.9510595358224017 0.026533996683250415 0.033299697275479316
0 0.36318407960199006 0.1442986881937437 0.04311774461028192 0.044399596367305755
0 0.20854063018242122 0.09031281533804238 0.02404643449419569 0.017154389505549948
0 0.2620232172470979 0.23208879919273462 0.05306799336650083 0.09485368314833502
0 0.4154228855721393 0.1094853683148335 0.03814262023217247 0.04944500504540868
0 0.345771144278607 0.8995963673057518 0.0779436152570481 0.07971745711402624
0 0.1927860696517413 0.8728557013118062 0.02570480928689884 0.03632694248234107
0 0.8532338308457712 0.9182643794147326 0.05472636815920398 0.060544904137235116
0 0.4033996683250415 0.06659939455095863 0.03897180762852405 0.05247225025227043
0 0.7106135986733002 0.3168516649848638 0.01990049751243781 0.020181634712411706
0 0.5754560530679934 0.9419778002018163 0.05140961857379768 0.07769929364278506
0 0.4021558872305141 0.5802219979818365 0.04809286898839138 0.07265388496468214
0 0.4730514096185738 0.9762865792129163 0.02404643449419569 0.015136226034308779
0 0.18739635157545606 0.9808274470232089 0.04975124378109453 0.026236125126135216
0 0.6869817578772803 0.3657921291624622 0.06716417910447761 0.08577194752774975
0 0.7072968490878939 0.02119071644803229 0.01990049751243781 0.026236125126135216
0 0.20315091210613598 0.5262361251261353 0.03648424543946932 0.06559031281533804
0 0.5796019900497512 0.24571140262361252 0.04975124378109453 0.045408678102926335
0 0.20480928689883915 0.512108980827447 0.03814262023217247 0.035317860746720484
0 0.2922885572139304 0.813824419778002 0.03233830845771144 0.025227043390514632
0 0.7048092868988391 0.6135216952573158 0.03482587064676617 0.030272452068617558
0 0.10986733001658375 0.6210898082744702 0.05887230514096186 0.04339051463168517
0 0.263681592039801 0.09788092835519677 0.01658374792703151 0.024217961654894045
0 0.46434494195688225 0.541372351160444 0.0945273631840796 0.1099899091826438
0 0.961028192371476 0.40161453077699294 0.01824212271973466 0.020181634712411706
0 0.5804311774461028 0.7653884964682139 0.03648424543946932 0.03733602421796166
0 0.3275290215588723 0.8370332996972755 0.01824212271973466 0.02320887991927346
0 0.9195688225538972 0.8102926337033299 0.03482587064676617 0.054490413723511606
0 0.47056384742951907 0.45660948536831486 0.10862354892205639 0.18668012108980828
0 0.8034825870646767 0.06306760847628658 0.024875621890547265 0.025227043390514632
0 0.646351575456053 0.48486377396569125 0.02570480928689884 0.017154389505549948
0 0.6202321724709785 0.9747729566094854 0.04145936981757877 0.010090817356205853
0 0.736318407960199 0.06306760847628658 0.028192371475953566 0.02119071644803229
0 0.1762023217247098 0.9894046417759839 0.02736318407960199 0.009081735620585268
0 0.42122719734660036 0.6720484359233098 0.023217247097844115 0.018163471241170535
0 0.2806799336650083 0.6548940464177598 0.020729684908789386 0.050454086781029264
0 0.5733830845771144 0.16296670030272453 0.02238805970149254 0.0615539858728557
0 0.49875621890547267 0.020686175580221997 0.019071310116086235 0.011099899091826439
0 0.2611940298507463 0.5020181634712412 0.028192371475953566 0.039354187689202826
0 0.7997512437810945 0.00958627648839556 0.015754560530679935 0.009081735620585268
0 0.2914593698175788 0.8688193743693239 0.02902155887230514 0.03229061553985873
0 0.513681592039801 0.9313824419778002 0.05389718076285241 0.1029263370332997
0 0.5319237147595357 0.5908173562058526 0.04228855721393035 0.06962663975782038
0 0.36981757877280264 0.772452068617558 0.10945273631840796 0.09182643794147326
0 0.22761194029850748 0.39152371342078707 0.10033167495854063 0.15943491422805248
0 0.6165008291873963 0.6422805247225025 0.10530679933665009 0.124117053481332
0 0.6061359867330016 0.16548940464177597 0.03814262023217247 0.07063572149344097
0 0.05638474295190713 0.6301715438950555 0.05804311774461028 0.06357214934409687
