0 0.8429890848026868 0.1394279877425945 0.09739714525608732 0.056179775280898875
0 0.2959697732997481 0.041879468845760985 0.06465155331654072 0.06741573033707865
0 0.48992443324937024 0.15526046986721145 0.07472712006717044 0.11235955056179775
0 0.2770780856423174 0.43513789581205314 0.0654911838790932 0.0755873340143003
0 0.9500419815281276 0.11542390194075587 0.09487825356842988 0.10010214504596528
0 0.9483627204030226 0.5163432073544433 0.031066330814441646 0.041879468845760985
0 0.08942065491183879 0.4387129724208376 0.08648194794290512 0.07252298263534218
0 0.8765743073047859 0.20888661899897856 0.028547439126784216 0.056179775280898875
0 0.9416456759026028 0.25280898876404495 0.10663308144416457 0.0888661899897855
0 0.3963056255247691 0.3585291113381001 0.04534005037783375 0.03881511746680286
0 0.23089840470193115 0.9433094994892748 0.04869857262804366 0.03983656792645557
0 0.5978169605373636 0.7042900919305414 0.023509655751469353 0.027579162410623085
0 0.30184718723761544 0.6899897854954035 0.056255247691015954 0.08273748723186926
0 0.23929471032745592 0.10367722165474975 0.08564231738035265 0.1930541368743616
0 0.4924433249370277 0.7466802860061287 0.054575986565911 0.04085801838610827
0 0.7842149454240134 0.9116445352400409 0.0906801007556675 0.07048008171603677
0 0.42401343408900083 0.03779366700715015 0.0906801007556675 0.04902962206332993
0 0.5499580184718723 0.8687436159346272 0.06381192275398824 0.13789581205311544
0 0.6372795969773299 0.7829417773237998 0.028547439126784216 0.033707865168539325
0 0.47900923593618805 0.3447395301327886 0.042821158690176324 0.04596527068437181
0 0.4374475230898405 0.20888661899897856 0.08396305625524769 0.12972420837589377
0 0.6507136859781696 0.6041879468845761 0.03694374475230898 0.03575076608784474
0 0.5642317380352645 0.21654749744637386 0.030226700251889168 0.0449438202247191
0 0.6922753988245172 0.9351378958120531 0.04114189756507137 0.0296220633299285
0 0.9319899244332494 0.9821246169560777 0.038623005877413935 0.031664964249233915
0 0.36859781696053734 0.28855975485188967 0.03526448362720403 0.06230847803881512
0 0.6767422334172963 0.8283963227783453 0.01847187237615449 0.028600612870275793
0 0.9193954659949622 0.6108273748723188 0.03526448362720403 0.04290091930541369
0 0.563392107472712 0.5066394279877426 0.04534005037783375 0.08375893769152197
0 0.7250209907640638 0.4683350357507661 0.05121746431570109 0.0888661899897855
0 0.7455919395465995 0.0822267620020429 0.06381192275398824 0.1174668028600613
0 0.36775818639798485 0.6266598569969357 0.03526448362720403 0.056179775280898875
0 0.5785054575986566 0.5745658835546477 0.030226700251889168 0.031664964249233915
0 0.4752308984047019 0.4244126659856997 0.03526448362720403 0.041879468845760985
0 0.37741393786733834 0.5541368743615935 0.09487825356842988 0.12155260469867211
0 0.9462636439966414 0.9070480081716037 0.06717044500419815 0.08171603677221655
0 0.8879093198992443 0.04290091930541369 0.031066330814441646 0.028600612870275793
0 0.7917716204869857 0.9703779366700716 0.05877413937867338 0.0449438202247191
0 0.43115029387069687 0.8166496424923392 0.1385390428211587 0.054136874361593465
0 0.2523089840470193 0.41419816138917265 0.031066330814441646 0.04800817160367722
0 0.14819479429051216 0.9622063329928499 0.04617968094038623 0.018386108273748723
0 0.9861460957178841 0.04800817160367722 0.026028547439126783 0.03268641470888662
0 0.37657430730478586 0.8544433094994893 0.042821158690176324 0.043922369765066395
0 0.22208228379513015 0.9085801838610827 0.02434928631402183 0.01736465781409602
0 0.2753988245172124 0.7665985699693565 0.05373635600335852 0.09499489274770175
0 0.42863140218303947 0.8891726251276814 0.03778337531486146 0.05005107252298264
0 0.3593618807724601 0.09959141981613892 0.07724601175482787 0.07865168539325842
0 0.20612930310663308 0.12563840653728295 0.026028547439126783 0.03677221654749745
0 0.8669185558354324 0.08120531154239019 0.054575986565911 0.06026557711950971
0 0.4164567590260285 0.9325842696629214 0.038623005877413935 0.05311542390194076
0 0.723761544920235 0.6828396322778345 0.020151133501259445 0.01940755873340143
0 0.5890008396305625 0.05720122574055159 0.05121746431570109 0.07763023493360573
0 0.4160369437447523 0.4187946884576098 0.04785894206549118 0.07150153217568948
0 0.48698572628043657 0.022982635342185906 0.023509655751469353 0.015321756894790603
0 0.20067170445004198 0.018386108273748723 0.05037783375314861 0.02655771195097038
0 0.7002518891687657 0.6332992849846782 0.06717044500419815 0.08580183861082738
0 0.7208228379513014 0.9780388151174668 0.019311502938706968 0.02553626149131767
0 0.21662468513853902 0.4729315628192033 0.03694374475230898 0.06537282941777324
0 0.5927791771620486 0.752808988764045 0.05037783375314861 0.0449438202247191
0 0.21872376154492024 0.48672114402451483 0.03778337531486146 0.03575076608784474
0 0.3060453400503778 0.18488253319713993 0.0327455919395466 0.024514811031664967
0 0.718303946263644 0.3861082737487232 0.03442485306465155 0.030643513789581207
0 0.1234256926952141 0.3774259448416752 0.05877413937867338 0.043922369765066395
0 0.2770780856423174 0.9014300306435138 0.016792611251049538 0.02349336057201226
0 0.47732997481108314 0.4576098059244127 0.09487825356842988 0.11031664964249234
0 0.9743912678421495 0.5975485188968335 0.017632241813602016 0.020429009193054137
0 0.5940386230058774 0.23391215526046988 0.03610411418975651 0.03677221654749745
0 0.3408900083963056 0.16189989785495404 0.01847187237615449 0.02349336057201226
0 0.9332493702770781 0.18896833503575078 0.03442485306465155 0.05515832482124617
0 0.4840470193115029 0.5423901940755873 0.10831234256926951 0.18590398365679264
0 0.8165407220822838 0.9361593462717058 0.02434928631402183 0.02553626149131767
0 0.6595298068849706 0.5143003064351379 0.026028547439126783 0.01736465781409602
0 0.6335012594458438 0.02400408580183861 0.04114189756507137 0.009193054136874362
0 0.7497900923593619 0.9361593462717058 0.028547439126784216 0.021450459652706845
0 0.190176322418136 0.009703779366700716 0.027707808564231738 0.009193054136874362
0 0.4345088161209068 0.3268641470888662 0.022670025188916875 0.018386108273748723
0 0.29429051217464314 0.3442288049029622 0.020990764063811923 0.05107252298263534
0 0.5864819479429051 0.8360572012257406 0.022670025188916875 0.06230847803881512
0 0.5121746431570109 0.9780388151174668 0.01847187237615449 0.011235955056179775
0 0.27455919395465994 0.49744637385086826 0.028547439126784216 0.03881511746680286
0 0.8131821998320738 0.9897854954034729 0.01595298068849706 0.008171603677221655
0 0.3052057094878253 0.13023493360572014 0.02938706968933669 0.031664964249233915
0 0.5272879932829555 0.067926455566905 0.05373635600335852 0.1031664964249234
0 0.5453400503778337 0.40858018386108275 0.042821158690176324 0.06945863125638407
0 0.38371116708648195 0.22676200204290092 0.109151973131822 0.09193054136874362
0 0.24097397145256086 0.6067415730337079 0.10075566750629722 0.15934627170582227
0 0.6297229219143576 0.35699693564862106 0.10579345088161209 0.12359550561797754
0 0.6192275398824517 0.8335035750766088 0.03778337531486146 0.06945863125638407
0 0.07010915197313182 0.3687436159346272 0.0579345088161209 0.06332992849846783
