0 0.8421875 0.11538461538461539 0.099375 0.05692307692307692
0 0.2809375 0.033846153846153845 0.064375 0.06769230769230769
0 0.481875 0.14423076923076922 0.075 0.11461538461538462
0 0.270625 0.4403846153846154 0.06625 0.07769230769230769
0 0.950625 0.08692307692307692 0.09625 0.10307692307692308
0 0.958125 0.5015384615384615 0.03 0.043076923076923075
0 0.07906250000000001 0.45076923076923076 0.088125 0.07230769230769231
0 0.8775000000000001 0.18615384615384614 0.02875 0.05692307692307692
0 0.9453125 0.22884615384615384 0.106875 0.09
0 0.3903125 0.3576923076923077 0.045625 0.04
0 0.2353125 0.9673076923076923 0.048125 0.03923076923076923
0 0.6040625000000001 0.7076923076923077 0.023125 0.027692307692307693
0 0.301875 0.7026923076923077 0.05625 0.08538461538461538
0 0.224375 0.09884615384615385 0.08625000000000001 0.1976923076923077
0 0.4978125 0.7553846153846154 0.054375 0.04153846153846154
0 0.7993750000000001 0.9157692307692308 0.09125 0.07307692307692308
0 0.411875 0.025 0.09125 0.05
0 0.5593750000000001 0.8788461538461538 0.065 0.14076923076923076
0 0.64625 0.7873076923076923 0.02875 0.03307692307692308
0 0.47500000000000003 0.3403846153846154 0.0425 0.045384615384615384
0 0.429375 0.20153846153846153 0.085 0.13230769230769232
0 0.6565625 0.6023076923076923 0.036875 0.03538461538461538
0 0.5590625 0.20423076923076924 0.029375000000000002 0.045384615384615384
0 0.70625 0.943076923076923 0.04125 0.02923076923076923
0 0.9525 0.9830769230769231 0.03875 0.03076923076923077
0 0.3603125 0.28615384615384615 0.035625000000000004 0.06307692307692307
0 0.6878125 0.8334615384615385 0.018125 0.02846153846153846
0 0.930625 0.6 0.03625 0.04461538461538461
0 0.5646875 0.5042307692307693 0.045625 0.08538461538461538
0 0.72875 0.4596153846153846 0.051250000000000004 0.09153846153846154
0 0.74125 0.05961538461538462 0.065 0.11923076923076924
0 0.3675 0.6357692307692308 0.03625 0.057692307692307696
0 0.5815625 0.5746153846153846 0.030625 0.03230769230769231
0 0.47250000000000003 0.4226923076923077 0.035 0.04230769230769231
0 0.37593750000000004 0.5603846153846154 0.095625 0.12384615384615384
0 0.9646875 0.9057692307692308 0.068125 0.08384615384615385
0 0.8859375 0.014615384615384615 0.030625 0.02923076923076923
0 0.8090625 0.9761538461538461 0.059375000000000004 0.04461538461538461
0 0.4365625 0.8292307692307692 0.140625 0.055384615384615386
0 0.24531250000000002 0.4196153846153846 0.030625 0.05
0 0.150625 0.9892307692307692 0.04625 0.01846153846153846
0 0.985625 0.01653846153846154 0.02625 0.03307692307692308
0 0.381875 0.87 0.043750000000000004 0.04461538461538461
0 0.2253125 0.931923076923077 0.023125 0.01769230769230769
0 0.276875 0.7838461538461539 0.05375 0.09692307692307692
0 0.43593750000000003 0.9046153846153846 0.038125 0.05076923076923077
0 0.3465625 0.09115384615384615 0.078125 0.08076923076923077
0 0.1909375 0.12384615384615384 0.025625000000000002 0.03692307692307692
0 0.8646875 0.05384615384615385 0.055625 0.06153846153846154
0 0.4246875 0.9496153846153846 0.039375 0.05307692307692308
0 0.7325 0.6811538461538461 0.02 0.019230769230769232
0 0.5809375 0.039615384615384615 0.051875000000000004 0.07923076923076923
0 0.4121875 0.41846153846153844 0.048125 0.07384615384615384
0 0.475625 0.007692307692307693 0.02375 0.015384615384615385
0 0.1825 0.012692307692307692 0.05 0.025384615384615384
0 0.7071875 0.63 0.068125 0.0876923076923077
0 0.73625 0.9857692307692307 0.01875 0.025384615384615384
0 0.2096875 0.48115384615384615 0.036875 0.06692307692307692
0 0.600625 0.7584615384615384 0.05 0.046153846153846156
0 0.211875 0.4957692307692308 0.03875 0.036153846153846154
0 0.29375 0.18115384615384617 0.0325 0.023846153846153847
0 0.7203125 0.37461538461538463 0.034375 0.02923076923076923
0 0.111875 0.3861538461538462 0.058750000000000004 0.04461538461538461
0 0.2815625 0.921923076923077 0.015625 0.023846153846153847
0 0.4759375 0.4573076923076923 0.096875 0.11307692307692307
0 0.9865625 0.5842307692307692 0.018125 0.02076923076923077
0 0.589375 0.22192307692307692 0.03625 0.03769230769230769
0 0.3296875 0.15576923076923077 0.018125 0.023846153846153847
0 0.9346875 0.16384615384615384 0.034375 0.055384615384615386
0 0.4840625 0.5446153846153846 0.110625 0.19230769230769232
0 0.833125 0.9396153846153846 0.02375 0.025384615384615384
0 0.6628125 0.5092307692307693 0.025625000000000002 0.016923076923076923
0 0.625625 0.004230769230769231 0.04125 0.008461538461538461
0 0.7653125000000001 0.9423076923076923 0.028125 0.02
0 0.171875 0.004230769230769231 0.0275 0.008461538461538461
0 0.429375 0.32346153846153847 0.0225 0.01769230769230769
0 0.2859375 0.3457692307692308 0.019375 0.05153846153846154
0 0.5959375 0.8438461538461538 0.023125 0.06307692307692307
0 0.5231250000000001 0.9934615384615385 0.01875 0.01
0 0.26937500000000003 0.5046153846153846 0.0275 0.04
0 0.8309375 0.995 0.015625 0.006923076923076923
0 0.291875 0.12384615384615384 0.02875 0.03230769230769231
0 0.5181250000000001 0.05269230769230769 0.05375 0.10538461538461538
0 0.5440625 0.40384615384615385 0.043125000000000004 0.07076923076923076
0 0.3746875 0.22153846153846155 0.110625 0.09538461538461539
0 0.2378125 0.6196153846153846 0.10187500000000001 0.16384615384615384
0 0.6290625 0.3476923076923077 0.106875 0.1276923076923077
0 0.6290625 0.8403846153846154 0.038125 0.07153846153846154
0 0.0575 0.3792307692307692 0.058750000000000004 0.06461538461538462
