0 0.894005212858384 0.37684989429175475 0.19635099913119025 0.3964059196617336
0 0.8892267593397045 0.7383720930232558 0.19026933101650736 0.313953488372093
0 0.8379669852302345 0.4328752642706131 0.051259774109470024 0.045454545454545456
0 0.8557775847089487 0.5650105708245243 0.029539530842745437 0.049682875264270614
0 0.6007819287576021 0.2584566596194503 0.25977410947002605 0.3118393234672305
0 0.43874891398783666 0.3615221987315011 0.22936576889661162 0.23255813953488372
0 0.5156385751520417 0.4830866807610994 0.044309296264118156 0.052854122621564484
0 0.5564726324934839 0.46458773784355184 0.03735881841876629 0.03699788583509514
0 0.6155516941789748 0.44608879492600423 0.05647263249348392 0.054968287526427066
0 0.4643788010425717 0.6955602536997886 0.38488271068635965 0.3784355179704017
0 0.23935708079930493 0.3620507399577167 0.17463075586446566 0.1659619450317125
0 0.08774978279756733 0.06342494714587738 0.13205907906168549 0.1226215644820296
