0 0.8953287197231834 0.37222808870116153 0.1972318339100346 0.40021119324181625
0 0.8927335640138409 0.7370644139387539 0.19204152249134948 0.3167898627243928
0 0.8399653979238755 0.42925026399155225 0.051903114186851215 0.0454065469904963
0 0.8581314878892734 0.5623020063357972 0.029411764705882353 0.04963041182682154
0 0.5999134948096886 0.25554382259767683 0.26211072664359863 0.3146779303062302
0 0.43728373702422146 0.3616684266103484 0.2309688581314879 0.23548046462513197
0 0.5155709342560554 0.483104540654699 0.043252595155709346 0.05385427666314677
0 0.5562283737024222 0.46409714889123543 0.03806228373702422 0.036958817317845824
0 0.615916955017301 0.4445617740232312 0.05709342560553633 0.054910242872228086
0 0.46539792387543255 0.6979936642027454 0.3875432525951557 0.38225976768743397
0 0.23659169550173012 0.36272439281942975 0.17560553633217993 0.16789862724392818
0 0.08174740484429066 0.06282998944033791 0.1323529411764706 0.12354804646251319
