0 0.899375 0.615 0.2 0.4084615384615385
0 0.9025 0.24115384615384616 0.19375 0.32384615384615384
0 0.8434375000000001 0.555 0.051875000000000004 0.045384615384615384
0 0.8646875 0.41884615384615387 0.029375000000000002 0.05
0 0.596875 0.7269230769230769 0.265 0.32153846153846155
0 0.43343750000000003 0.6146153846153846 0.234375 0.24
0 0.515 0.49153846153846154 0.043750000000000004 0.05384615384615385
0 0.55625 0.5123076923076924 0.0375 0.03692307692307692
0 0.6165625 0.5338461538461539 0.056875 0.055384615384615386
0 0.4678125 0.2703846153846154 0.393125 0.39
0 0.229375 0.6076923076923076 0.1775 0.17076923076923076
0 0.0671875 0.9111538461538462 0.134375 0.12538461538461537
