0 0.899375 0.6403846153846153 0.2 0.4084615384615385
0 0.9025 0.26653846153846156 0.19375 0.32384615384615384
0 0.8434375000000001 0.5803846153846154 0.051875000000000004 0.045384615384615384
0 0.8646875 0.4442307692307692 0.029375000000000002 0.05
0 0.596875 0.7523076923076923 0.265 0.32153846153846155
0 0.43343750000000003 0.64 0.234375 0.24
0 0.515 0.5169230769230769 0.043750000000000004 0.05384615384615385
0 0.55625 0.5376923076923077 0.0375 0.03692307692307692
0 0.6165625 0.5592307692307692 0.056875 0.055384615384615386
0 0.4678125 0.2957692307692308 0.393125 0.39
0 0.229375 0.6330769230769231 0.1775 0.17076923076923076
0 0.0675 0.9365384615384615 0.13375 0.12538461538461537
