0 0.100326264274062 0.3785140562248996 0.200652528548124 0.40963855421686746
0 0.09747145187601958 0.7525100401606425 0.19494290375203915 0.32429718875502006
0 0.15619902120717782 0.43875502008032125 0.053017944535073414 0.04618473895582329
0 0.13499184339314846 0.5747991967871485 0.030179445350734097 0.05120481927710843
0 0.4025285481239804 0.26656626506024095 0.26508972267536707 0.322289156626506
0 0.566068515497553 0.3785140562248996 0.23491027732463296 0.24096385542168672
0 0.48450244698205547 0.5015060240963854 0.04404567699836868 0.05522088353413654
0 0.44331158238172924 0.4809236947791164 0.03833605220228385 0.038152610441767064
0 0.382952691680261 0.4598393574297188 0.05791190864600326 0.056224899598393566
0 0.5318107667210441 0.7223895582329316 0.39314845024469824 0.3905622489959839
0 0.7695758564437194 0.38504016064257024 0.17862969004893964 0.1716867469879518
0 0.9310766721044046 0.0823293172690763 0.13458401305057097 0.12650602409638553
