0 0.8857886904761905 0.5984848484848484 0.18973214285714285 0.37700534759358284
0 0.8686755952380952 0.2535650623885918 0.1837797619047619 0.2985739750445633
0 0.829985119047619 0.5472370766488414 0.04985119047619047 0.0427807486631016
0 0.8426339285714285 0.42023172905525846 0.02901785714285714 0.04723707664884135
0 0.6056547619047619 0.7250445632798573 0.25148809523809523 0.29679144385026734
0 0.4453125 0.6350267379679144 0.22247023809523808 0.22192513368983957
0 0.515625 0.5147058823529411 0.041666666666666664 0.05080213903743315
0 0.5558035714285714 0.5307486631016043 0.03571428571428571 0.034759358288770054
0 0.6142113095238095 0.5459001782531194 0.054315476190476185 0.05258467023172905
0 0.4594494047619047 0.31506238859180036 0.3727678571428571 0.35918003565062384
0 0.251860119047619 0.6443850267379678 0.1688988095238095 0.1586452762923351
0 0.11495535714285714 0.9367201426024955 0.12723214285714285 0.11586452762923351
