0 0.10869565217391305 0.3853028798411122 0.19442165709598033 0.38927507447864945
0 0.1177194421657096 0.7413108242303873 0.1878589007383101 0.30883813306852037
0 0.16488925348646433 0.4399205561072492 0.05086136177194422 0.04369414101290963
0 0.14848236259228878 0.570506454816286 0.029532403609516 0.04865938430983118
0 0.3974569319114028 0.2646474677259186 0.25676784249384743 0.30685203574975173
0 0.5590648072190321 0.3629592850049652 0.22723543888433143 0.22939424031777556
0 0.48441345365053323 0.484111221449851 0.04347826086956522 0.05263157894736842
0 0.44380639868744876 0.4667328699106256 0.03773584905660378 0.03574975173783515
0 0.38474159146841674 0.448857994041708 0.05578342904019688 0.05362462760675273
0 0.5373256767842494 0.692154915590864 0.3806398687448729 0.3714001986097319
0 0.7567678424938474 0.3599801390268123 0.1730926989335521 0.16385302879841113
0 0.9036095159967187 0.06305858987090367 0.13043478260869565 0.12015888778550149
