0 0.8690383111806098 0.30894687791239517 0.1884284597341673 0.37185461323392355
0 0.8956215793588741 0.6481826654240447 0.1821735731039875 0.2954333643988816
0 0.8205629397967161 0.3685927306616962 0.04925723221266615 0.04193849021435228
0 0.8491008600469117 0.4902143522833178 0.028146989835809225 0.046598322460391424
0 0.5785770132916341 0.2353215284249767 0.24863174354964815 0.293569431500466
0 0.4323690383111806 0.35228331780055916 0.22048475371383894 0.21808014911463186
0 0.516419077404222 0.45619757688723206 0.04143862392494136 0.04939422180801491
0 0.5543393275996873 0.43383038210624414 0.03596559812353401 0.034482758620689655
0 0.609460516028147 0.4086672879776328 0.05394839718530101 0.05125815470643057
0 0.4863174354964816 0.6612301957129543 0.36903831118060987 0.35507921714818264
0 0.24159499609069585 0.3769804287045666 0.1673182173573104 0.15563839701770735
0 0.07114933541829555 0.11696178937558248 0.1266614542611415 0.11463187325256291
