0 0.11210398050365555 0.39501953125 0.1917140536149472 0.3818359375
0 0.12591389114541024 0.744140625 0.1852152721364744 0.302734375
0 0.16815597075548333 0.447265625 0.05036555645816409 0.04296875
0 0.15393988627132413 0.57568359375 0.02843216896831844 0.0478515625
0 0.39561332250203085 0.2705078125 0.25345247766043866 0.30078125
0 0.5568643379366368 0.3642578125 0.22502030869212022 0.224609375
0 0.48456539398862714 0.484375 0.04305442729488221 0.05078125
0 0.4439480097481722 0.4677734375 0.036555645816409424 0.03515625
0 0.38586515028432167 0.4521484375 0.05523964256701868 0.052734375
0 0.5398050365556458 0.6875 0.3761169780666125 0.365234375
0 0.7518277822908205 0.357421875 0.16978066612510154 0.16015625
0 0.892770105605199 0.0634765625 0.12835093419983754 0.1171875
