0 0.11301369863013698 0.3847352024922118 0.1952054794520548 0.3935617860851506
0 0.0997431506849315 0.7424714434060228 0.18921232876712327 0.3115264797507788
0 0.1660958904109589 0.4449636552440291 0.05136986301369863 0.04465212876427829
0 0.14169520547945205 0.5737279335410176 0.029965753424657533 0.04880581516095535
0 0.4105308219178082 0.2897196261682243 0.2594178082191781 0.3094496365524403
0 0.5663527397260274 0.40394600207684317 0.2285958904109589 0.23052959501557632
0 0.48373287671232873 0.5186915887850467 0.04280821917808219 0.0529595015576324
0 0.4443493150684931 0.4968847352024922 0.03767123287671233 0.036344755970924195
0 0.38613013698630133 0.4740394600207684 0.05650684931506849 0.055036344755970926
0 0.5235445205479452 0.7326064382139148 0.3827054794520548 0.37487019730010385
0 0.7649828767123287 0.4190031152647975 0.1738013698630137 0.16510903426791276
0 0.9306506849315068 0.13447559709241952 0.13184931506849315 0.12149532710280374
