0 0.1 0.6334615384615384 0.2 0.4084615384615385
0 0.096875 0.25961538461538464 0.19375 0.32384615384615384
0 0.1559375 0.5734615384615385 0.051875000000000004 0.045384615384615384
0 0.13468750000000002 0.4373076923076923 0.029375000000000002 0.05
0 0.4025 0.7453846153846154 0.265 0.32153846153846155
0 0.5659375 0.6330769230769231 0.234375 0.24
0 0.484375 0.51 0.043750000000000004 0.05384615384615385
0 0.443125 0.5307692307692308 0.0375 0.03692307692307692
0 0.3828125 0.5523076923076923 0.056875 0.055384615384615386
0 0.5315625 0.28884615384615386 0.393125 0.39
0 0.77 0.6261538461538462 0.1775 0.17076923076923076
0 0.9321875000000001 0.9296153846153846 0.134375 0.12538461538461537
