0 0.1005089058524173 0.3590814196242171 0.2010178117048346 0.40918580375782876
0 0.09711620016963528 0.7332985386221293 0.19423240033927056 0.32463465553235904
0 0.15606446140797287 0.41910229645093944 0.05258693808312129 0.04697286012526095
0 0.13486005089058525 0.5548016701461377 0.030534351145038167 0.051148225469728595
0 0.402459711620017 0.24686847599164924 0.26547921967769295 0.32254697286012524
0 0.5661577608142494 0.35960334029227553 0.23494486853265478 0.24112734864300625
0 0.4847328244274809 0.48277661795407095 0.04495335029686175 0.05532359081419624
0 0.4431721798134012 0.46189979123173275 0.03816793893129771 0.038622129436325675
0 0.3833757421543681 0.4405010438413361 0.05767599660729432 0.056367432150313146
0 0.5318066157760815 0.7035490605427974 0.3935538592027142 0.3903966597077244
0 0.7701441899915182 0.36638830897703545 0.178117048346056 0.17118997912317327
0 0.9317217981340119 0.06315240083507306 0.13486005089058525 0.12630480167014613
