0 0.8854337152209493 0.40352595494613125 0.18985270049099837 0.376101860920666
0 0.8678396072013094 0.7468168462291871 0.18412438625204583 0.29872673849167486
0 0.8293780687397709 0.45396669931439765 0.04991816693944354 0.04211557296767875
0 0.8416530278232406 0.5808031341821743 0.028641571194762686 0.04701273261508325
0 0.605973813420622 0.27571008814887366 0.251227495908347 0.29676787463271304
0 0.4451718494271686 0.36532810969637614 0.2225859247135843 0.22135161606268364
0 0.5155482815057283 0.4853085210577865 0.0425531914893617 0.04995102840352596
0 0.5556464811783961 0.46963761018609207 0.03600654664484452 0.034280117531831536
0 0.6137479541734862 0.45494613124387856 0.05400981996726678 0.05190989226248776
0 0.45867430441898527 0.6846229187071499 0.37234042553191493 0.3584720861900098
0 0.2520458265139116 0.3550440744368267 0.1685761047463175 0.15768854064642507
0 0.11620294599018004 0.06317335945151813 0.12765957446808512 0.11655239960822723
