0 0.12947543713572024 0.6387512388503469 0.18734388009991673 0.36967294350842417
0 0.10241465445462115 0.30079286422200197 0.18151540383014156 0.2943508424182359
0 0.1777685262281432 0.5792864222001982 0.049125728559533725 0.04261645193260654
0 0.14904246461282264 0.45837462834489595 0.028309741881765195 0.04658077304261645
0 0.4196502914238135 0.7115956392467789 0.24812656119900084 0.29137760158572845
0 0.5653621981681932 0.5946481665014867 0.21981681931723565 0.2180376610505451
0 0.48126561199000834 0.49058473736372643 0.041631973355537054 0.049554013875123884
0 0.4433805162364696 0.5133795837462835 0.035803497085761866 0.03369672943508424
0 0.3884263114071607 0.5386521308225967 0.05412156536219817 0.05054509415262636
0 0.5108243130724397 0.2859266600594648 0.3688592839300583 0.3538156590683845
0 0.7556203164029975 0.568384539147671 0.16736053288925895 0.155599603567889
0 0.9267277268942549 0.8275520317145688 0.12656119900083265 0.11496531219028741
