0 0.8912859560067682 0.3858751279426817 0.1937394247038917 0.3889457523029683
0 0.8815566835871405 0.7410440122824975 0.1878172588832487 0.3091095189355169
0 0.8350253807106599 0.44012282497441146 0.050761421319796954 0.04503582395087001
0 0.8510998307952622 0.5706243602865916 0.028764805414551606 0.048106448311156604
0 0.6023688663282571 0.2645854657113613 0.2571912013536379 0.3060388945752303
0 0.44120135363790186 0.3633572159672467 0.227580372250423 0.2292732855680655
0 0.5156514382402707 0.4836233367451382 0.04314720812182741 0.052200614124872056
0 0.5558375634517766 0.4662231320368475 0.03722504230118443 0.03582395087001024
0 0.6150592216582064 0.44882292732855683 0.05583756345177665 0.05424769703172978
0 0.46277495769881555 0.6914022517911975 0.38071065989847713 0.3715455475946776
0 0.24365482233502536 0.35977482088024565 0.17258883248730963 0.16274309109518936
0 0.09729272419627749 0.06294779938587514 0.1302876480541455 0.11975435005117707
