0 0.1 0.38884615384615384 0.2 0.4084615384615385
0 0.096875 0.7626923076923077 0.19375 0.32384615384615384
0 0.1559375 0.44884615384615384 0.051875000000000004 0.045384615384615384
0 0.13468750000000002 0.585 0.029375000000000002 0.05
0 0.4025 0.27692307692307694 0.265 0.32153846153846155
0 0.5659375 0.3892307692307692 0.234375 0.24
0 0.484375 0.5123076923076924 0.043750000000000004 0.05384615384615385
0 0.443125 0.49153846153846154 0.0375 0.03692307692307692
0 0.3828125 0.47 0.056875 0.055384615384615386
0 0.5315625 0.7334615384615385 0.393125 0.39
0 0.77 0.39615384615384613 0.1775 0.17076923076923076
0 0.9321875000000001 0.0926923076923077 0.134375 0.12538461538461537
