0 0.11046511627906977 0.5935323383084576 0.19102990033222592 0.3771144278606965
0 0.1270764119601329 0.24825870646766168 0.18438538205980068 0.29950248756218906
0 0.1669435215946844 0.5427860696517413 0.04983388704318937 0.04278606965174129
0 0.1536544850498339 0.4154228855721393 0.02823920265780731 0.046766169154228855
0 0.3911960132890366 0.7199004975124378 0.25249169435215946 0.2975124378109453
0 0.5519102990033222 0.6288557213930348 0.223421926910299 0.22288557213930346
0 0.481312292358804 0.508955223880597 0.04235880398671096 0.050746268656716415
0 0.44102990033222594 0.5248756218905473 0.036544850498338874 0.03482587064676617
0 0.38289036544850497 0.5402985074626865 0.054817275747508304 0.051741293532338306
0 0.5373754152823921 0.308955223880597 0.37375415282392027 0.3611940298507462
0 0.7458471760797343 0.6383084577114427 0.16943521594684385 0.1582089552238806
0 0.8833056478405316 0.9308457711442786 0.1270764119601329 0.11641791044776119
