0 0.07149161518093557 0.2302275189599133 0.0970873786407767 0.13109425785482123
0 0.14121800529567521 0.3125677139761647 0.03000882612533098 0.04008667388949079
0 0.07281553398058253 0.32502708559046584 0.10150044130626655 0.05200433369447453
0 0.05648720211827008 0.4209100758396533 0.06884377758164166 0.15492957746478872
0 0.1028243601059135 0.36890574214517874 0.0820829655781112 0.029252437703141926
0 0.056045895851721095 0.5373781148429035 0.06972639011473963 0.0866738894907909
0 0.06575463371579876 0.6365113759479957 0.08914386584289498 0.11159263271939328
0 0.12400706090026478 0.5763813651137595 0.03089143865842895 0.026002166847237267
0 0.12180052956751987 0.6132177681473456 0.01235657546337158 0.021668472372697724
0 0.1266548984995587 0.6592632719393282 0.03971756398940865 0.027085590465872153
0 0.048984995586937335 0.7020585048754062 0.057369814651368055 0.05200433369447453
0 0.07281553398058253 0.7724810400866738 0.10503089143865843 0.11484290357529793
0 0.21712268314210062 0.6603466955579631 0.04942630185348632 0.05308775731310942
0 0.16328331862312445 0.5503791982665222 0.03706972639011474 0.03683640303358613
0 0.1619593998234775 0.4842903575297941 0.04148278905560459 0.0390032502708559
0 0.1619593998234775 0.41820151679306605 0.04677846425419241 0.054171180931744306
0 0.21932921447484555 0.47724810400866735 0.03971756398940865 0.05525460455037919
0 0.2616946160635481 0.4447453954496208 0.04501323918799647 0.06392199349945829
0 0.2118270079435128 0.40736728060671723 0.031774051191526924 0.04983748645720477
0 0.18446601941747573 0.3634886240520043 0.0264783759929391 0.044420368364030335
0 0.2038834951456311 0.33531960996749727 0.02471315092674316 0.044420368364030335
0 0.19991173874669022 0.2843986998916576 0.05030891438658429 0.04225352112676056
0 0.24845542806707857 0.3835319609967497 0.03089143865842895 0.03466955579631636
0 0.2590467784642542 0.3488624052004333 0.03265666372462489 0.030335861321776812
0 0.3411297440423654 0.35265438786565545 0.13327449249779347 0.12459371614301191
0 0.2881729920564872 0.28494041170097506 0.09443954104148279 0.07367280606717226
0 0.3062665489849956 0.2351029252437703 0.06884377758164166 0.04333694474539545
0 0.383053839364519 0.4658721560130011 0.04766107678729038 0.10184182015167931
0 0.4276257722859665 0.5639219934994583 0.08031774051191527 0.08342361863488623
0 0.323477493380406 0.5520043336944745 0.03442188879082083 0.044420368364030335
0 0.265666372462489 0.5682556879739978 0.04942630185348632 0.04875406283856988
0 0.5507502206531333 0.4496208017334778 0.06354810238305385 0.07583965330444203
0 0.5163283318623124 0.5303358613217768 0.02118270079435128 0.027085590465872153
0 0.3711385701676964 0.6164680390032502 0.07678729037952339 0.04333694474539545
0 0.2175639894086496 0.5812567713976164 0.03089143865842895 0.03791982665222102
0 0.27007943512797883 0.6164680390032502 0.0264783759929391 0.02816901408450704
0 0.27184466019417475 0.6841820151679306 0.0264783759929391 0.027085590465872153
0 0.3609885260370697 0.7069339111592632 0.1059135039717564 0.10509209100758396
0 0.4558693733451015 0.7063921993499458 0.04677846425419241 0.08017334777898158
0 0.31950573698146517 0.7540628385698808 0.0617828773168579 0.04983748645720477
0 0.3415710503089144 0.8315276273022751 0.05119152691968226 0.09859154929577464
0 0.41350397175639897 0.814192849404117 0.04148278905560459 0.06825568797399784
0 0.42497793468667255 0.8829902491874322 0.059135039717563995 0.04983748645720477
0 0.5260370697263901 0.6208017334777898 0.09355692850838482 0.08017334777898158
0 0.6160635481023831 0.5937161430119177 0.06884377758164166 0.060671722643553624
0 0.6323918799646955 0.5547128927410617 0.03089143865842895 0.04983748645720477
0 0.5856134157105031 0.4875406283856988 0.07149161518093557 0.0780065005417118
0 0.6293027360988527 0.3759479956663055 0.06884377758164166 0.08017334777898158
0 0.5516328331862312 0.3271939328277356 0.06707855251544573 0.1408450704225352
0 0.4364518976169462 0.40195016251354276 0.07855251544571933 0.16034669555796316
0 0.47749338040600176 0.3759479956663055 0.04766107678729038 0.09100758396533044
0 0.5092674315975287 0.256771397616468 0.0970873786407767 0.08450704225352113
0 0.5706090026478376 0.20476706392199348 0.057369814651368055 0.06500541711809317
0 0.5913503971756399 0.28927410617551463 0.017652250661959402 0.03683640303358613
0 0.5692850838481907 0.3748645720476706 0.01412180052956752 0.023835319609967497
0 0.6703442188879082 0.3391115926327194 0.03089143865842895 0.0390032502708559
0 0.6293027360988527 0.228602383531961 0.0264783759929391 0.08450704225352113
0 0.6804942630185349 0.22589382448537376 0.06001765225066196 0.09642470205850487
0 0.7228596646072375 0.2589382448537378 0.04942630185348632 0.08017334777898158
0 0.7281553398058253 0.45666305525460454 0.06531332744924978 0.11159263271939328
0 0.8036187113857017 0.4230769230769231 0.08384819064430715 0.07475622968580714
0 0.7559576345984114 0.3407367280606717 0.11385701676963814 0.12459371614301191
0 0.8570167696381289 0.5292524377031419 0.08649602824360106 0.07475622968580714
0 0.7594880847308032 0.5308775731310942 0.05207413945278023 0.041170097508125676
0 0.7859664607237423 0.6045503791982665 0.1262135922330097 0.13867822318526543
0 0.646072374227714 0.6392199349945829 0.03000882612533098 0.03466955579631636
0 0.6946160635481025 0.5877573131094258 0.04589585172109444 0.05958829902491874
0 0.6827007943512798 0.6625135427952329 0.06266548984995587 0.08342361863488623
0 0.616946160635481 0.6646803900325027 0.0529567519858782 0.057421451787648965
0 0.5379523389232127 0.7426868905742144 0.14563106796116507 0.11592632719393282
0 0.5432480141218006 0.6960996749729144 0.05560458958517211 0.05525460455037919
0 0.7250661959399823 0.7329360780065005 0.1032656663724625 0.050920910075839654
0 0.7996469549867609 0.7004333694474539 0.07060900264783761 0.03791982665222102
0 0.7612533097969991 0.7778981581798483 0.03442188879082083 0.04550379198266522
0 0.6862312444836717 0.8071505958829902 0.09620476610767874 0.10400866738894907
0 0.6187113857016769 0.8060671722643553 0.04060017652250662 0.08884073672806067
0 0.5807590467784642 0.8656554712892741 0.13945278022947927 0.10184182015167931
0 0.384377758164166 0.25460455037919827 0.05207413945278023 0.06717226435536294
0 0.5048543689320388 0.1635969664138678 0.06001765225066196 0.0628385698808234
0 0.3375992939099735 0.1684723726977248 0.04148278905560459 0.06392199349945829
0 0.40688437775816416 0.16305525460455036 0.11120917917034422 0.12459371614301191
0 0.46690203000882613 0.8542795232936078 0.031774051191526924 0.04225352112676056
0 0.5366284201235658 0.919284940411701 0.031774051191526924 0.03358613217768147
0 0.48234774933804064 0.9214517876489707 0.03442188879082083 0.04225352112676056
