0 0.0484375 0.27307692307692305 0.096875 0.13076923076923078
0 0.1190625 0.3553846153846154 0.029375000000000002 0.038461538461538464
0 0.050625 0.3688461538461538 0.10125 0.05153846153846154
0 0.034375 0.4653846153846154 0.06875 0.15538461538461537
0 0.080625 0.4123076923076923 0.08125 0.027692307692307693
0 0.0346875 0.5823076923076923 0.069375 0.08615384615384615
0 0.0446875 0.6823076923076923 0.089375 0.11076923076923077
0 0.1028125 0.6215384615384615 0.030625 0.024615384615384615
0 0.1009375 0.6580769230769231 0.011875 0.02076923076923077
0 0.10625 0.705 0.03875 0.025384615384615384
0 0.028125 0.7484615384615385 0.05625 0.05076923076923077
0 0.0525 0.8192307692307692 0.105 0.11538461538461539
0 0.196875 0.7053846153846154 0.04875 0.052307692307692305
0 0.14250000000000002 0.595 0.03625 0.036153846153846154
0 0.1409375 0.5280769230769231 0.040625 0.03769230769230769
0 0.1403125 0.46192307692307694 0.045625 0.05307692307692308
0 0.19843750000000002 0.5203846153846153 0.039375 0.054615384615384614
0 0.240625 0.4876923076923077 0.043750000000000004 0.06307692307692307
0 0.19062500000000002 0.4503846153846154 0.03125 0.05
0 0.1628125 0.40615384615384614 0.025625000000000002 0.043076923076923075
0 0.181875 0.3776923076923077 0.02375 0.043076923076923075
0 0.1778125 0.3269230769230769 0.049375 0.04153846153846154
0 0.22718750000000001 0.42615384615384616 0.030625 0.033846153846153845
0 0.2371875 0.39115384615384613 0.031875 0.03
0 0.32 0.3942307692307692 0.1325 0.12384615384615384
0 0.2665625 0.3261538461538461 0.094375 0.07384615384615384
0 0.2846875 0.27576923076923077 0.068125 0.04230769230769231
0 0.3628125 0.5084615384615384 0.046875 0.10153846153846154
0 0.408125 0.6061538461538462 0.08 0.08307692307692308
0 0.30312500000000003 0.5953846153846154 0.03375 0.043076923076923075
0 0.24531250000000002 0.6119230769230769 0.048125 0.04846153846153846
0 0.5315625 0.49038461538461536 0.063125 0.07461538461538461
0 0.4971875 0.5723076923076923 0.020625 0.026153846153846153
0 0.351875 0.66 0.07625 0.043076923076923075
0 0.196875 0.6253846153846154 0.03 0.03692307692307692
0 0.2503125 0.6607692307692308 0.025625000000000002 0.027692307692307693
0 0.2521875 0.7288461538461538 0.025625000000000002 0.026923076923076925
0 0.341875 0.7515384615384615 0.10625 0.10461538461538461
0 0.436875 0.75 0.04625 0.08
0 0.30062500000000003 0.7988461538461539 0.06125 0.04846153846153846
0 0.3228125 0.8769230769230769 0.050625 0.09846153846153846
0 0.3953125 0.8588461538461538 0.040625 0.06846153846153846
0 0.40718750000000004 0.928076923076923 0.058125 0.05
0 0.5075000000000001 0.6630769230769231 0.09375 0.08
0 0.5975 0.6346153846153846 0.06875 0.06
0 0.61375 0.5957692307692307 0.03 0.04846153846153846
0 0.5665625 0.5280769230769231 0.07062500000000001 0.07769230769230769
0 0.6096875 0.4153846153846154 0.068125 0.08
0 0.5315625 0.3669230769230769 0.066875 0.14153846153846153
0 0.41625 0.44346153846153846 0.07875 0.16076923076923078
0 0.4571875 0.4165384615384615 0.046875 0.09153846153846154
0 0.4884375 0.29615384615384616 0.096875 0.08461538461538462
0 0.55 0.24346153846153845 0.0575 0.06384615384615384
0 0.57125 0.32846153846153847 0.01625 0.03538461538461538
0 0.5496875 0.415 0.013125 0.022307692307692306
0 0.6509375000000001 0.3780769230769231 0.030625 0.03769230769230769
0 0.609375 0.2673076923076923 0.02625 0.08384615384615385
0 0.6603125 0.26346153846153847 0.059375000000000004 0.09615384615384616
0 0.703125 0.2969230769230769 0.04875 0.08
0 0.71 0.4957692307692308 0.065 0.11153846153846154
0 0.785625 0.46153846153846156 0.08375 0.07384615384615384
0 0.7375 0.37884615384615383 0.11375 0.12384615384615384
0 0.84 0.568076923076923 0.08625000000000001 0.07461538461538461
0 0.7415625 0.5703846153846154 0.051875000000000004 0.040769230769230766
0 0.7684375 0.645 0.12562500000000001 0.13923076923076924
0 0.628125 0.6807692307692308 0.03 0.033846153846153845
0 0.6765625000000001 0.6284615384615385 0.045625 0.05846153846153846
0 0.665 0.7038461538461539 0.0625 0.08307692307692308
0 0.5990625 0.7069230769230769 0.051875000000000004 0.05692307692307692
0 0.5196875 0.7861538461538462 0.145625 0.11538461538461539
0 0.525 0.7388461538461538 0.055 0.054615384615384614
0 0.7078125000000001 0.775 0.10312500000000001 0.05
0 0.7825 0.7411538461538462 0.07 0.03769230769230769
0 0.745 0.8196153846153846 0.03375 0.045384615384615384
0 0.669375 0.8496153846153847 0.09625 0.10384615384615385
0 0.6012500000000001 0.8488461538461538 0.04 0.08846153846153847
0 0.56375 0.9096153846153846 0.13875 0.10076923076923076
0 0.36312500000000003 0.295 0.051250000000000004 0.06692307692307692
0 0.4834375 0.2023076923076923 0.059375000000000004 0.06153846153846154
0 0.315625 0.20846153846153845 0.04 0.06307692307692307
0 0.3853125 0.2026923076923077 0.110625 0.12384615384615384
0 0.449375 0.8992307692307693 0.03125 0.04153846153846154
0 0.519375 0.9638461538461538 0.03125 0.03230769230769231
0 0.465 0.9665384615384616 0.03375 0.04230769230769231
