0 0.0484375 0.7261538461538461 0.096875 0.13076923076923078
0 0.1190625 0.6438461538461538 0.029375000000000002 0.038461538461538464
0 0.050625 0.6303846153846154 0.10125 0.05153846153846154
0 0.034375 0.5338461538461539 0.06875 0.15538461538461537
0 0.080625 0.5869230769230769 0.08125 0.027692307692307693
0 0.0346875 0.4169230769230769 0.069375 0.08615384615384615
0 0.0446875 0.3169230769230769 0.089375 0.11076923076923077
0 0.1028125 0.3776923076923077 0.030625 0.024615384615384615
0 0.1009375 0.34115384615384614 0.011875 0.02076923076923077
0 0.10625 0.29423076923076924 0.03875 0.025384615384615384
0 0.028125 0.25076923076923074 0.05625 0.05076923076923077
0 0.0525 0.18 0.105 0.11538461538461539
0 0.196875 0.29384615384615387 0.04875 0.052307692307692305
0 0.14250000000000002 0.4042307692307692 0.03625 0.036153846153846154
0 0.1409375 0.47115384615384615 0.040625 0.03769230769230769
0 0.1403125 0.5373076923076923 0.045625 0.05307692307692308
0 0.19843750000000002 0.47884615384615387 0.039375 0.054615384615384614
0 0.240625 0.5115384615384615 0.043750000000000004 0.06307692307692307
0 0.19062500000000002 0.5488461538461539 0.03125 0.05
0 0.1628125 0.5930769230769231 0.025625000000000002 0.043076923076923075
0 0.181875 0.6215384615384615 0.02375 0.043076923076923075
0 0.1778125 0.6723076923076923 0.049375 0.04153846153846154
0 0.22718750000000001 0.573076923076923 0.030625 0.033846153846153845
0 0.2371875 0.6080769230769231 0.031875 0.03
0 0.32 0.605 0.1325 0.12384615384615384
0 0.2665625 0.6730769230769231 0.094375 0.07384615384615384
0 0.2846875 0.7234615384615385 0.068125 0.04230769230769231
0 0.3628125 0.4907692307692308 0.046875 0.10153846153846154
0 0.408125 0.3930769230769231 0.08 0.08307692307692308
0 0.30312500000000003 0.40384615384615385 0.03375 0.043076923076923075
0 0.24531250000000002 0.3873076923076923 0.048125 0.04846153846153846
0 0.5315625 0.5088461538461538 0.063125 0.07461538461538461
0 0.4971875 0.4269230769230769 0.020625 0.026153846153846153
0 0.351875 0.3392307692307692 0.07625 0.043076923076923075
0 0.196875 0.37384615384615383 0.03 0.03692307692307692
0 0.2503125 0.3384615384615385 0.025625000000000002 0.027692307692307693
0 0.2521875 0.2703846153846154 0.025625000000000002 0.026923076923076925
0 0.341875 0.24769230769230768 0.10625 0.10461538461538461
0 0.436875 0.24923076923076923 0.04625 0.08
0 0.30062500000000003 0.20038461538461538 0.06125 0.04846153846153846
0 0.3228125 0.12230769230769231 0.050625 0.09846153846153846
0 0.3953125 0.14038461538461539 0.040625 0.06846153846153846
0 0.40718750000000004 0.07115384615384615 0.058125 0.05
0 0.5075000000000001 0.33615384615384614 0.09375 0.08
0 0.5975 0.3646153846153846 0.06875 0.06
0 0.61375 0.4034615384615385 0.03 0.04846153846153846
0 0.5665625 0.47115384615384615 0.07062500000000001 0.07769230769230769
0 0.6096875 0.5838461538461538 0.068125 0.08
0 0.5315625 0.6323076923076923 0.066875 0.14153846153846153
0 0.41625 0.5557692307692308 0.07875 0.16076923076923078
0 0.4571875 0.5826923076923077 0.046875 0.09153846153846154
0 0.4884375 0.703076923076923 0.096875 0.08461538461538462
0 0.55 0.7557692307692307 0.0575 0.06384615384615384
0 0.57125 0.6707692307692308 0.01625 0.03538461538461538
0 0.5496875 0.5842307692307692 0.013125 0.022307692307692306
0 0.6509375000000001 0.6211538461538462 0.030625 0.03769230769230769
0 0.609375 0.7319230769230769 0.02625 0.08384615384615385
0 0.6603125 0.7357692307692307 0.059375000000000004 0.09615384615384616
0 0.703125 0.7023076923076923 0.04875 0.08
0 0.71 0.5034615384615385 0.065 0.11153846153846154
0 0.785625 0.5376923076923077 0.08375 0.07384615384615384
0 0.7375 0.6203846153846154 0.11375 0.12384615384615384
0 0.84 0.43115384615384617 0.08625000000000001 0.07461538461538461
0 0.7415625 0.4288461538461538 0.051875000000000004 0.040769230769230766
0 0.7684375 0.35423076923076924 0.12562500000000001 0.13923076923076924
0 0.628125 0.31846153846153846 0.03 0.033846153846153845
0 0.6765625000000001 0.3707692307692308 0.045625 0.05846153846153846
0 0.665 0.29538461538461536 0.0625 0.08307692307692308
0 0.5990625 0.2923076923076923 0.051875000000000004 0.05692307692307692
0 0.5196875 0.21307692307692308 0.145625 0.11538461538461539
0 0.525 0.2603846153846154 0.055 0.054615384615384614
0 0.7078125000000001 0.22423076923076923 0.10312500000000001 0.05
0 0.7825 0.2580769230769231 0.07 0.03769230769230769
0 0.745 0.17961538461538462 0.03375 0.045384615384615384
0 0.669375 0.14961538461538462 0.09625 0.10384615384615385
0 0.6012500000000001 0.1503846153846154 0.04 0.08846153846153847
0 0.56375 0.08961538461538461 0.13875 0.10076923076923076
0 0.36312500000000003 0.7042307692307692 0.051250000000000004 0.06692307692307692
0 0.4834375 0.796923076923077 0.059375000000000004 0.06153846153846154
0 0.315625 0.7907692307692308 0.04 0.06307692307692307
0 0.3853125 0.7965384615384615 0.110625 0.12384615384615384
0 0.449375 0.1 0.03125 0.04153846153846154
0 0.519375 0.03538461538461538 0.03125 0.03230769230769231
0 0.465 0.032692307692307694 0.03375 0.04230769230769231
