0 0.9509375 0.27307692307692305 0.096875 0.13076923076923078
0 0.8803125 0.3553846153846154 0.029375000000000002 0.038461538461538464
0 0.94875 0.3688461538461538 0.10125 0.05153846153846154
0 0.965 0.4653846153846154 0.06875 0.15538461538461537
0 0.9187500000000001 0.4123076923076923 0.08125 0.027692307692307693
0 0.9646875 0.5823076923076923 0.069375 0.08615384615384615
0 0.9546875 0.6823076923076923 0.089375 0.11076923076923077
0 0.8965625 0.6215384615384615 0.030625 0.024615384615384615
0 0.8984375 0.6580769230769231 0.011875 0.02076923076923077
0 0.8931250000000001 0.705 0.03875 0.025384615384615384
0 0.9712500000000001 0.7484615384615385 0.05625 0.05076923076923077
0 0.946875 0.8192307692307692 0.105 0.11538461538461539
0 0.8025 0.7053846153846154 0.04875 0.052307692307692305
0 0.856875 0.595 0.03625 0.036153846153846154
0 0.8584375 0.5280769230769231 0.040625 0.03769230769230769
0 0.8590625000000001 0.46192307692307694 0.045625 0.05307692307692308
0 0.8009375 0.5203846153846153 0.039375 0.054615384615384614
0 0.75875 0.4876923076923077 0.043750000000000004 0.06307692307692307
0 0.80875 0.4503846153846154 0.03125 0.05
0 0.8365625 0.40615384615384614 0.025625000000000002 0.043076923076923075
0 0.8175 0.3776923076923077 0.02375 0.043076923076923075
0 0.8215625 0.3269230769230769 0.049375 0.04153846153846154
0 0.7721875 0.42615384615384616 0.030625 0.033846153846153845
0 0.7621875 0.39115384615384613 0.031875 0.03
0 0.6793750000000001 0.3942307692307692 0.1325 0.12384615384615384
0 0.7328125 0.3261538461538461 0.094375 0.07384615384615384
0 0.7146875 0.27576923076923077 0.068125 0.04230769230769231
0 0.6365625 0.5084615384615384 0.046875 0.10153846153846154
0 0.59125 0.6061538461538462 0.08 0.08307692307692308
0 0.69625 0.5953846153846154 0.03375 0.043076923076923075
0 0.7540625 0.6119230769230769 0.048125 0.04846153846153846
0 0.4678125 0.49038461538461536 0.063125 0.07461538461538461
0 0.5021875 0.5723076923076923 0.020625 0.026153846153846153
0 0.6475 0.66 0.07625 0.043076923076923075
0 0.8025 0.6253846153846154 0.03 0.03692307692307692
0 0.7490625 0.6607692307692308 0.025625000000000002 0.027692307692307693
0 0.7471875 0.7288461538461538 0.025625000000000002 0.026923076923076925
0 0.6575 0.7515384615384615 0.10625 0.10461538461538461
0 0.5625 0.75 0.04625 0.08
0 0.69875 0.7988461538461539 0.06125 0.04846153846153846
0 0.6765625000000001 0.8769230769230769 0.050625 0.09846153846153846
0 0.6040625000000001 0.8588461538461538 0.040625 0.06846153846153846
0 0.5921875 0.928076923076923 0.058125 0.05
0 0.491875 0.6630769230769231 0.09375 0.08
0 0.401875 0.6346153846153846 0.06875 0.06
0 0.385625 0.5957692307692307 0.03 0.04846153846153846
0 0.4328125 0.5280769230769231 0.07062500000000001 0.07769230769230769
0 0.3896875 0.4153846153846154 0.068125 0.08
0 0.4678125 0.3669230769230769 0.066875 0.14153846153846153
0 0.583125 0.44346153846153846 0.07875 0.16076923076923078
0 0.5421875 0.4165384615384615 0.046875 0.09153846153846154
0 0.5109375 0.29615384615384616 0.096875 0.08461538461538462
0 0.449375 0.24346153846153845 0.0575 0.06384615384615384
0 0.42812500000000003 0.32846153846153847 0.01625 0.03538461538461538
0 0.4496875 0.415 0.013125 0.022307692307692306
0 0.3484375 0.3780769230769231 0.030625 0.03769230769230769
0 0.39 0.2673076923076923 0.02625 0.08384615384615385
0 0.3390625 0.26346153846153847 0.059375000000000004 0.09615384615384616
0 0.29625 0.2969230769230769 0.04875 0.08
0 0.289375 0.4957692307692308 0.065 0.11153846153846154
0 0.21375 0.46153846153846156 0.08375 0.07384615384615384
0 0.261875 0.37884615384615383 0.11375 0.12384615384615384
0 0.15937500000000002 0.568076923076923 0.08625000000000001 0.07461538461538461
0 0.2578125 0.5703846153846154 0.051875000000000004 0.040769230769230766
0 0.23093750000000002 0.645 0.12562500000000001 0.13923076923076924
0 0.37125 0.6807692307692308 0.03 0.033846153846153845
0 0.3228125 0.6284615384615385 0.045625 0.05846153846153846
0 0.33437500000000003 0.7038461538461539 0.0625 0.08307692307692308
0 0.4003125 0.7069230769230769 0.051875000000000004 0.05692307692307692
0 0.4796875 0.7861538461538462 0.145625 0.11538461538461539
0 0.474375 0.7388461538461538 0.055 0.054615384615384614
0 0.2915625 0.775 0.10312500000000001 0.05
0 0.216875 0.7411538461538462 0.07 0.03769230769230769
0 0.254375 0.8196153846153846 0.03375 0.045384615384615384
0 0.33 0.8496153846153847 0.09625 0.10384615384615385
0 0.398125 0.8488461538461538 0.04 0.08846153846153847
0 0.435625 0.9096153846153846 0.13875 0.10076923076923076
0 0.63625 0.295 0.051250000000000004 0.06692307692307692
0 0.5159375 0.2023076923076923 0.059375000000000004 0.06153846153846154
0 0.68375 0.20846153846153845 0.04 0.06307692307692307
0 0.6140625000000001 0.2026923076923077 0.110625 0.12384615384615384
0 0.55 0.8992307692307693 0.03125 0.04153846153846154
0 0.48 0.9638461538461538 0.03125 0.03230769230769231
0 0.534375 0.9665384615384616 0.03375 0.04230769230769231
