0 0.9082914572864321 0.2524950099800399 0.09128978224455611 0.11976047904191615
0 0.847571189279732 0.3333333333333333 0.02847571189279732 0.03592814371257485
0 0.9120603015075377 0.3393213572854291 0.09547738693467336 0.04790419161676646
0 0.9338358458961474 0.42514970059880236 0.06532663316582915 0.14171656686626746
0 0.8869346733668342 0.38123752495009977 0.07705192629815745 0.02594810379241517
0 0.9409547738693468 0.531437125748503 0.0661641541038526 0.07884231536926146
0 0.9376046901172529 0.623253493013972 0.08458961474036851 0.10079840319361276
0 0.8793969849246231 0.5733532934131736 0.03015075376884422 0.022954091816367265
0 0.8835845896147404 0.6062874251497006 0.01172529313232831 0.01896207584830339
0 0.8814907872696818 0.6497005988023952 0.03768844221105528 0.02395209580838323
0 0.957286432160804 0.6811377245508982 0.05360134003350084 0.046906187624750496
0 0.9388609715242882 0.748003992015968 0.09882747068676717 0.10479041916167664
0 0.7969011725293133 0.6581836327345308 0.046063651591289785 0.04890219560878243
0 0.8404522613065327 0.5528942115768463 0.03433835845896147 0.03393213572854291
0 0.8379396984924623 0.4925149700598802 0.03936348408710218 0.03493013972055888
0 0.8341708542713568 0.43213572854291415 0.04355108877721943 0.049900199600798396
0 0.783500837520938 0.4905189620758483 0.03768844221105528 0.05089820359281437
0 0.7420435510887772 0.4650698602794411 0.04187604690117253 0.057884231536926144
0 0.7864321608040201 0.42614770459081835 0.03015075376884422 0.04590818363273453
0 0.8098827470686767 0.3837325349301397 0.02512562814070352 0.04091816367265469
0 0.7897822445561139 0.35928143712574845 0.02345058626465662 0.03992015968063872
0 0.7906197654941374 0.3133732534930139 0.04690117252931324 0.03792415169660678
0 0.7508375209380235 0.4081836327345309 0.02931323283082077 0.031936127744510975
0 0.7391122278056952 0.3772455089820359 0.03098827470686767 0.0279441117764471
0 0.6620603015075377 0.38772455089820357 0.12479061976549415 0.11277445109780439
0 0.707286432160804 0.3208582834331337 0.08961474036850921 0.06886227544910178
0 0.6871859296482412 0.27694610778443113 0.06448911222780569 0.03892215568862275
0 0.6289782244556114 0.49500998003992014 0.04522613065326633 0.09381237524950099
0 0.5925460636515913 0.5878243512974052 0.076214405360134 0.07584830339321356
0 0.690536013400335 0.5683632734530938 0.032663316582914576 0.04091816367265469
0 0.7453936348408711 0.5783433133732534 0.04522613065326633 0.044910179640718556
0 0.46984924623115576 0.49451097804391214 0.06030150753768844 0.06886227544910178
0 0.5067001675041876 0.5653692614770459 0.020100502512562814 0.024950099800399198
0 0.6486599664991625 0.6317365269461077 0.0728643216080402 0.03992015968063872
0 0.7914572864321608 0.5858283433133732 0.02847571189279732 0.03393213572854291
0 0.7437185929648241 0.622754491017964 0.02512562814070352 0.02594810379241517
0 0.7462311557788944 0.6846307385229541 0.02512562814070352 0.02594810379241517
0 0.6641541038525963 0.7135728542914171 0.10050251256281408 0.09580838323353293
0 0.5749581239530989 0.7210578842315368 0.04438860971524288 0.07285429141716566
0 0.7056113902847572 0.7529940119760479 0.05778894472361809 0.044910179640718556
0 0.6896984924623115 0.8253493013972055 0.04773869346733668 0.08982035928143711
0 0.6206030150753769 0.8158682634730539 0.038525963149078725 0.06287425149700598
0 0.6139028475711893 0.8797405189620757 0.05527638190954774 0.046906187624750496
0 0.5033500837520938 0.6487025948103792 0.08877721943048576 0.07385229540918163
0 0.4170854271356784 0.6312375249500998 0.06532663316582915 0.05489021956087824
0 0.39949748743718594 0.5973053892215568 0.02847571189279732 0.044910179640718556
0 0.4396984924623116 0.5319361277445109 0.06700167504187604 0.0718562874251497
0 0.39154103852596317 0.4336327345309381 0.06448911222780569 0.07285429141716566
0 0.461892797319933 0.3822355289421157 0.06281407035175879 0.12974051896207583
0 0.5749581239530989 0.4406187624750499 0.0745393634840871 0.1467065868263473
0 0.5347571189279732 0.4201596806387225 0.04438860971524288 0.08383233532934131
0 0.4979061976549414 0.3143712574850299 0.09128978224455611 0.0778443113772455
0 0.4367671691792295 0.27195608782435127 0.05443886097152429 0.05888223552894211
0 0.4225293132328308 0.3512974051896207 0.015912897822445562 0.03393213572854291
0 0.4480737018425461 0.4276447105788423 0.01340033500837521 0.020958083832335328
0 0.35050251256281406 0.40369261477045904 0.02931323283082077 0.03493013972055888
0 0.38274706867671693 0.2994011976047904 0.02512562814070352 0.0778443113772455
0 0.3345896147403685 0.3003992015968064 0.05611390284757119 0.08782435129740518
0 0.29690117252931325 0.33483033932135725 0.046063651591289785 0.07285429141716566
0 0.30318257956448913 0.5159680638722555 0.06197654941373534 0.10179640718562874
0 0.22989949748743718 0.4920159680638722 0.07956448911222781 0.06786427145708582
0 0.2696817420435511 0.41217564870259477 0.10720268006700168 0.11377245508982035
0 0.18592964824120603 0.593313373253493 0.08207705192629816 0.06886227544910178
0 0.27847571189279735 0.5868263473053892 0.049413735343383586 0.03792415169660678
0 0.25753768844221103 0.6566866267465069 0.11809045226130653 0.1277445109780439
0 0.39154103852596317 0.6756487025948104 0.02931323283082077 0.031936127744510975
0 0.3425460636515913 0.6327345309381237 0.04355108877721943 0.05389221556886227
0 0.35804020100502515 0.7000998003992015 0.059463986599664995 0.07684630738522953
0 0.42001675041876047 0.6971057884231536 0.049413735343383586 0.0528942115768463
0 0.49958123953098826 0.7614770459081835 0.13651591289782244 0.1057884231536926
0 0.4916247906197655 0.719061876247505 0.051926298157453935 0.05089820359281437
0 0.3224455611390285 0.7689620758483033 0.09715242881072027 0.046906187624750496
0 0.2508375209380235 0.7450099800399201 0.0661641541038526 0.03493013972055888
0 0.2910385259631491 0.8123752495009979 0.032663316582914576 0.041916167664670656
0 0.36348408710217756 0.8328343313373253 0.09045226130653267 0.09481037924151696
0 0.4271356783919598 0.8258483033932135 0.038525963149078725 0.08083832335329341
0 0.466499162479062 0.8772455089820359 0.1306532663316583 0.09181636726546906
0 0.6147403685092128 0.3013972055888223 0.048576214405360134 0.06187624750499002
0 0.4966499162479062 0.22904191616766464 0.05695142378559464 0.05688622754491018
0 0.6541038525963149 0.21856287425149698 0.038525963149078725 0.057884231536926144
0 0.5883584589614741 0.22005988023952094 0.10469011725293133 0.11277445109780439
0 0.5728643216080402 0.8572854291417165 0.03015075376884422 0.03792415169660678
0 0.5108877721943048 0.9221556886227544 0.03015075376884422 0.02994011976047904
0 0.5623953098827471 0.9196606786427145 0.032663316582914576 0.03892215568862275
