0 0.8814844373503592 0.21709894332372717 0.0933758978451716 0.12295869356388088
0 0.8172386272944933 0.2987512007684918 0.02873104549082203 0.03650336215177714
0 0.8834796488427774 0.3069164265129683 0.09736632083000799 0.04899135446685879
0 0.9030327214684757 0.3957732949087416 0.06624102154828412 0.14601344860710855
0 0.8567438148443736 0.34966378482228627 0.07901037509976058 0.026897214217098942
0 0.908220271348763 0.505283381364073 0.0670391061452514 0.08069164265129683
0 0.9030327214684757 0.5994236311239193 0.08539505187549881 0.1037463976945245
0 0.8447725458898644 0.5461095100864554 0.029529130087789308 0.024015369836695485
0 0.8479648842777335 0.5806916426512968 0.011971268954509178 0.020172910662824207
0 0.845171588188348 0.6243996157540826 0.03830806065442937 0.024975984630163303
0 0.9217877094972068 0.659942363112392 0.05426975259377494 0.04803073967339097
0 0.9014365522745411 0.7276657060518732 0.10135674381484439 0.10854947166186359
0 0.7585794094173983 0.6311239193083573 0.047086991221069435 0.049951969260326606
0 0.8056664006384677 0.5244956772334294 0.035913806863527534 0.034582132564841495
0 0.8044692737430168 0.46157540826128723 0.03990422984836393 0.03554274735830932
0 0.8020750199521149 0.4000960614793468 0.0446927374301676 0.050912584053794424
0 0.7490023942537909 0.45821325648414984 0.03910614525139665 0.05187319884726225
0 0.7071029529130088 0.4303554274735831 0.04309656823623304 0.059558117195004805
0 0.753391859537111 0.3924111431316042 0.030327214684756586 0.047070124879923146
0 0.7781324820430966 0.34918347742555234 0.025538707102952914 0.04130643611911623
0 0.7585794094173983 0.324207492795389 0.02314445331205108 0.04130643611911623
0 0.7597765363128492 0.2761767531219981 0.047885075818036714 0.0393852065321806
0 0.7174780526735834 0.3717579250720461 0.030327214684756586 0.03266090297790586
0 0.7059058260175579 0.34005763688760804 0.031125299281723865 0.02881844380403458
0 0.627294493216281 0.3482228626320845 0.12769353551476456 0.11623439000960614
0 0.6751795690343176 0.28097982708933716 0.09098164405426976 0.07012487992315082
0 0.6556264964086194 0.23535062439961574 0.06624102154828412 0.040345821325648415
0 0.5917797286512371 0.45821325648414984 0.04549082202713488 0.09606147934678194
0 0.5526735833998404 0.5523535062439962 0.07741420590582603 0.0787704130643612
0 0.6524341580207502 0.5355427473583093 0.03272146847565842 0.04130643611911623
0 0.7083000798084598 0.5465898174831892 0.047086991221069435 0.04610951008645533
0 0.4293695131683959 0.451969260326609 0.06065442936951317 0.07012487992315082
0 0.4660814046288907 0.526416906820365 0.020750199521149242 0.024975984630163303
0 0.60853950518755 0.5989433237271854 0.07422186751795691 0.04130643611911623
0 0.7553870710295292 0.5566762728146013 0.029529130087789308 0.03554274735830932
0 0.7055067837190743 0.5926993275696446 0.025538707102952914 0.026897214217098942
0 0.7071029529130088 0.6565802113352546 0.025538707102952914 0.025936599423631124
0 0.6225059856344772 0.6834774255523535 0.10215482841181166 0.0989433237271854
0 0.5315243415802076 0.6882804995196926 0.0446927374301676 0.07588856868395773
0 0.6636073423782921 0.7252641690682037 0.059856344772545894 0.04610951008645533
0 0.646049481245012 0.7997118155619596 0.04868316041500399 0.09317963496637847
0 0.5758180367118915 0.787223823246878 0.03910614525139665 0.0643611911623439
0 0.5678371907422187 0.8530259365994236 0.05666400638467678 0.04803073967339097
0 0.4600957701516361 0.611911623439001 0.09018355945730248 0.07492795389048991
0 0.37310454908220275 0.5912584053794429 0.06624102154828412 0.056676272814601344
0 0.3555466879489226 0.5561959654178674 0.029529130087789308 0.04610951008645533
0 0.39744612928970474 0.48943323727185395 0.06863527533918595 0.07396733909702209
0 0.3515562649640862 0.3871277617675312 0.06624102154828412 0.07492795389048991
0 0.4241819632881086 0.3366954851104707 0.06464485235434957 0.1335254562920269
0 0.5375099760574621 0.40057636887608067 0.07581803671189147 0.15177713736791545
0 0.49720670391061456 0.37848222862632086 0.04628890662410216 0.08645533141210375
0 0.4616919393455707 0.2675312199807877 0.0933758978451716 0.07973102785782901
0 0.40063846767757383 0.2223823246878002 0.0558659217877095 0.06051873198847262
0 0.38427773343974464 0.3035542747358309 0.01675977653631285 0.034582132564841495
0 0.40901835594573027 0.382804995196926 0.013567438148443736 0.022094140249759846
0 0.3104549082202714 0.35494716618635924 0.030327214684756586 0.03554274735830932
0 0.345171588188348 0.24879923150816521 0.026336791699920193 0.0787704130643612
0 0.29608938547486036 0.24879923150816521 0.05746209098164406 0.09029779058597502
0 0.2569832402234637 0.2829010566762728 0.047885075818036714 0.07588856868395773
0 0.2589784517158819 0.46878001921229584 0.06304868316041501 0.10566762728146013
0 0.18555466879489227 0.4418828049951969 0.08060654429369514 0.06916426512968299
0 0.22785315243415805 0.361671469740634 0.10933758978451716 0.11623439000960614
0 0.1380686352753392 0.5451488952929875 0.08300079808459697 0.07012487992315082
0 0.2326416600159617 0.5408261287223823 0.05027932960893855 0.03842459173871277
0 0.20989624900239426 0.611911623439001 0.12130885873902635 0.13064361191162344
0 0.34596967278531526 0.6359269932756965 0.029529130087789308 0.03266090297790586
0 0.29688747007182764 0.590778097982709 0.0446927374301676 0.05571565802113353
0 0.3112529928172386 0.6604226705091258 0.06065442936951317 0.07780979827089336
0 0.37470071827613727 0.6589817483189241 0.05027932960893855 0.053794428434197884
0 0.4537110933758979 0.7276657060518732 0.13966480446927376 0.10854947166186359
0 0.44652833200319236 0.6839577329490873 0.053471667996807665 0.05187319884726225
0 0.2737430167597765 0.7295869356388088 0.09896249002394254 0.047070124879923146
0 0.20071827613727056 0.7031700288184438 0.06783719074221868 0.03650336215177714
0 0.24022346368715086 0.7737752161383286 0.0335195530726257 0.043227665706051875
0 0.3136472466081405 0.7963496637848223 0.09257781324820431 0.09798270893371758
0 0.3786911412609737 0.792026897214217 0.03910614525139665 0.08357348703170028
0 0.4169992019154031 0.845821325648415 0.13328012769353553 0.09510086455331412
0 0.5818036711891461 0.2584053794428434 0.04948124501197127 0.06340057636887608
0 0.46288906624102155 0.18011527377521613 0.05746209098164406 0.05859750240153698
0 0.6229050279329609 0.17483189241114314 0.03910614525139665 0.059558117195004805
0 0.5562649640861932 0.17387127761767532 0.10694333599361533 0.11719500480307396
0 0.5259377494014366 0.8285302593659942 0.030327214684756586 0.0393852065321806
0 0.46209098164405427 0.8938520653218059 0.030327214684756586 0.03170028818443804
0 0.514365522745411 0.8924111431316042 0.03272146847565842 0.040345821325648415
