0 0.9094397544128933 0.7470265324794145 0.0920951650038373 0.11985361390667887
0 0.8484267075978511 0.6655992680695334 0.0283960092095165 0.035681610247026534
0 0.9132770529547198 0.6596523330283623 0.09516500383729853 0.04757548032936871
0 0.9343821949347659 0.5736505032021958 0.06523407521105141 0.14272644098810613
0 0.8879508825786646 0.6175663311985362 0.07674597083653108 0.02561756633119854
0 0.9416730621642364 0.46706312900274477 0.06600153491941672 0.07959743824336689
0 0.9382194934765925 0.3755718206770357 0.0851880276285495 0.10155535224153706
0 0.8798925556408288 0.4254345837145471 0.029930928626247123 0.023787740164684355
0 0.884113584036838 0.3924977127172919 0.012279355333844973 0.020128087831655993
0 0.8818112049117421 0.3494967978042086 0.03683806600153492 0.023787740164684355
0 0.9577897160399079 0.3170173833485819 0.05372217958557176 0.046660567246111624
0 0.9393706830391404 0.25022872827081427 0.0997697620874904 0.10521500457456542
0 0.7970069071373753 0.34080512351326625 0.04681504221028396 0.0484903934126258
0 0.8411358403683806 0.4460201280878317 0.035303146584804296 0.03385178408051235
0 0.8384497313891021 0.5068618481244282 0.039140445126630855 0.03476669716376944
0 0.8349961627014582 0.5672461116193962 0.042977743668457406 0.04940530649588289
0 0.783960092095165 0.5086916742909424 0.03760552570990023 0.05123513266239708
0 0.7425172678434382 0.5343092406221409 0.0422102839600921 0.0585544373284538
0 0.7870299309286263 0.5731930466605673 0.029930928626247123 0.046660567246111624
0 0.8104374520337683 0.615736505032022 0.024558710667689946 0.04025617566331199
0 0.7904834996162702 0.6399817017383349 0.023023791250959325 0.039341262580054895
0 0.7916346891788181 0.6861848124428179 0.04681504221028396 0.0384263494967978
0 0.7513430544896393 0.5914913083257091 0.02916346891788181 0.03202195791399817
0 0.7398311588641596 0.6225983531564502 0.03069838833461243 0.028362305580969808
0 0.6619339984650806 0.6120768526989936 0.12509593246354567 0.11344922232387923
0 0.7079815809669993 0.6788655077767612 0.08979278587874137 0.0677035681610247
0 0.6880276285495012 0.7232387923147301 0.06523407521105141 0.039341262580054895
0 0.6289332310053722 0.505032021957914 0.04528012279355334 0.09332113449222325
0 0.59247889485802 0.4117108874656908 0.07521105141980046 0.0768526989935956
0 0.6903300076745971 0.4309240622140897 0.03300076745970836 0.04025617566331199
0 0.7455871066768994 0.42131747483989024 0.04528012279355334 0.04483074107959744
0 0.4696853415195702 0.5054894784995426 0.059861857252494245 0.0686184812442818
0 0.5069071373752878 0.4341262580054895 0.02072141212586339 0.024702653247941447
0 0.6485034535686877 0.3677950594693504 0.07214121258633921 0.04025617566331199
0 0.7920184190330007 0.41354071363220496 0.02916346891788181 0.03476669716376944
0 0.7440521872601689 0.3764867337602928 0.02532617037605526 0.026532479414455627
0 0.7463545663852648 0.3142726440988106 0.02532617037605526 0.024702653247941447
0 0.6634689178818112 0.2859103385178408 0.10053722179585571 0.09606587374199452
0 0.5744435917114351 0.2785910338517841 0.043745203376822715 0.07410795974382434
0 0.7052954719877207 0.24656907593778593 0.05832693783576362 0.04483074107959744
0 0.6895625479662317 0.17337602927721868 0.04834996162701458 0.09057639524245197
0 0.6201074443591711 0.18344007319304667 0.03837298541826554 0.06312900274473925
0 0.6132003069838834 0.11939615736505033 0.05525709900230238 0.046660567246111624
0 0.5026861089792786 0.35086916742909424 0.08902532617037605 0.07410795974382434
0 0.41634689178818113 0.3687099725526075 0.06523407521105141 0.05489478499542544
0 0.3990790483499616 0.4030192131747484 0.02916346891788181 0.04483074107959744
0 0.4389869531849578 0.4684354986276304 0.06753645433614736 0.07136322049405307
0 0.3914044512663085 0.5667886550777677 0.0644666155026861 0.07410795974382434
0 0.4620107444359171 0.6180237877401648 0.06293169608595549 0.12900274473924978
0 0.5748273215656178 0.5590118938700823 0.07521105141980046 0.1463860933211345
0 0.5349194167306216 0.5800548947849955 0.044512663085188024 0.08417200365965234
0 0.4980813507290867 0.6866422689844465 0.0920951650038373 0.0777676120768527
0 0.4370683039140445 0.7287282708142727 0.05448963929393707 0.05946935041171089
0 0.4224865694551036 0.6495882891125343 0.016116653875671526 0.032936870997255265
0 0.4478127398311589 0.5727355901189387 0.013046815042210284 0.021957913998170174
0 0.35072908672294706 0.5969807868252516 0.02916346891788181 0.035681610247026534
0 0.3825786646201074 0.7017383348581885 0.02532617037605526 0.0768526989935956
0 0.3346124328472755 0.7003659652333029 0.056792018419033 0.0887465690759378
0 0.29662317728319265 0.6660567246111619 0.04681504221028396 0.07319304666056725
0 0.30237912509593246 0.48490393412625804 0.06139677666922486 0.10247026532479415
0 0.22947045280122794 0.509149130832571 0.07981580966999233 0.0686184812442818
0 0.2693783576362241 0.5882891125343093 0.10744435917114352 0.11344922232387923
0 0.1849577897160399 0.40759377859103385 0.08135072908672294 0.0686184812442818
0 0.27743668457405984 0.4139981701738335 0.0498848810437452 0.03751143641354072
0 0.2567152724481965 0.34400731930466605 0.11895625479662318 0.1280878316559927
0 0.3906369915579432 0.3243366880146386 0.02916346891788181 0.03202195791399817
0 0.34190330007674596 0.3673376029277219 0.043745203376822715 0.053979871912168347
0 0.3572524942440522 0.2996340347666972 0.05909439754412893 0.07593778591033852
0 0.41941673062164236 0.302836230558097 0.0498848810437452 0.053064958828911254
0 0.49923254029163466 0.23787740164684357 0.13737528779739064 0.10612991765782251
0 0.4911742133537989 0.2804208600182983 0.052187260168841135 0.050320219579139985
0 0.3219493476592479 0.23101555352241537 0.09746738296239447 0.046660567246111624
0 0.24942440521872603 0.2552607502287283 0.06600153491941672 0.03476669716376944
0 0.2893323100537222 0.18755718206770358 0.03223330775134305 0.04208600182982617
0 0.3622409823484267 0.16651418115279049 0.09056024558710668 0.09515096065873742
0 0.4259401381427475 0.17337602927721868 0.03837298541826554 0.08142726440988106
0 0.46508058326937834 0.1221408966148216 0.13046815042210283 0.09240622140896615
0 0.6155026861089793 0.6985361390667887 0.04911742133537989 0.06129917657822507
0 0.49693016116653876 0.7721866422689845 0.056024558710667687 0.056724611161939616
0 0.6546431312356101 0.7813357731015554 0.03837298541826554 0.0585544373284538
0 0.5890253261703761 0.7804208600182982 0.10514198004604758 0.11344922232387923
0 0.5721412125863392 0.14181152790484905 0.029930928626247123 0.0384263494967978
0 0.509976976208749 0.07639524245196706 0.029930928626247123 0.030192131747483992
0 0.5613967766692248 0.07913998170173833 0.03300076745970836 0.039341262580054895
