0 0.0683794466403162 0.26541425818882464 0.09565217391304348 0.128131021194605
0 0.13952569169960474 0.3439306358381503 0.02924901185770751 0.038535645472061654
0 0.07233201581027668 0.3588631984585742 0.10039525691699605 0.051059730250481696
0 0.05810276679841897 0.4527938342967245 0.06877470355731226 0.15221579961464354
0 0.10276679841897234 0.40028901734104044 0.08063241106719367 0.027938342967244702
0 0.060474308300395255 0.5664739884393063 0.06877470355731226 0.08477842003853564
0 0.07193675889328063 0.6632947976878613 0.08853754940711463 0.10886319845857417
0 0.12845849802371542 0.6030828516377649 0.0308300395256917 0.025048169556840076
0 0.12727272727272726 0.638728323699422 0.012648221343873518 0.02119460500963391
0 0.133201581027668 0.6840077071290944 0.03873517786561265 0.025048169556840076
0 0.05731225296442688 0.7283236994219653 0.05612648221343874 0.05009633911368015
0 0.08221343873517786 0.796242774566474 0.10434782608695652 0.11271676300578035
0 0.22213438735177865 0.6820809248554913 0.04901185770750988 0.05202312138728324
0 0.16679841897233202 0.5761078998073218 0.03636363636363636 0.036608863198458574
0 0.16403162055335968 0.5110789980732178 0.040316205533596834 0.03757225433526012
0 0.16205533596837945 0.44653179190751446 0.0458498023715415 0.052986512524084775
0 0.22055335968379447 0.5019267822736031 0.039525691699604744 0.05394990366088632
0 0.26126482213438734 0.4686897880539499 0.043478260869565216 0.0626204238921002
0 0.21106719367588933 0.4340077071290944 0.03162055335968379 0.04913294797687861
0 0.18300395256916996 0.3916184971098266 0.02608695652173913 0.04335260115606936
0 0.2015810276679842 0.36368015414258187 0.023715415019762844 0.04335260115606936
0 0.19683794466403162 0.31454720616570325 0.04901185770750988 0.041425818882466284
0 0.24703557312252963 0.4094412331406551 0.0308300395256917 0.03468208092485549
0 0.25612648221343876 0.37524084778420036 0.03162055335968379 0.029865125240847785
0 0.3375494071146245 0.37572254335260113 0.13122529644268774 0.12138728323699421
0 0.283794466403162 0.3111753371868979 0.0932806324110672 0.07321772639691715
0 0.30039525691699603 0.2615606936416185 0.06798418972332015 0.041425818882466284
0 0.3814229249011858 0.48603082851637763 0.0466403162055336 0.09922928709055877
0 0.4276679841897233 0.5794797687861272 0.07905138339920949 0.08188824662813102
0 0.32450592885375495 0.5717726396917149 0.03399209486166008 0.04335260115606936
0 0.26798418972332017 0.5895953757225434 0.04743083003952569 0.04816955684007707
0 0.5470355731225296 0.4638728323699422 0.06324110671936758 0.07418111753371869
0 0.5146245059288538 0.5443159922928709 0.020553359683794466 0.02697495183044316
0 0.37351778656126483 0.6334296724470134 0.07509881422924901 0.04335260115606936
0 0.22055335968379447 0.6040462427745664 0.030039525691699605 0.036608863198458574
0 0.27391304347826084 0.6372832369942196 0.02608695652173913 0.027938342967244702
0 0.27707509881422926 0.7032755298651252 0.02608695652173913 0.02697495183044316
0 0.36561264822134387 0.7230250481695568 0.10513833992094862 0.10308285163776493
0 0.45849802371541504 0.7186897880539499 0.0458498023715415 0.0789980732177264
0 0.32529644268774704 0.7697495183044316 0.06086956521739131 0.04816955684007707
0 0.3486166007905138 0.8453757225433526 0.05059288537549407 0.09730250481695568
0 0.4197628458498024 0.825626204238921 0.04110671936758893 0.0674373795761079
0 0.43280632411067194 0.8925818882466281 0.057707509881422925 0.04913294797687861
0 0.5264822134387351 0.632466281310212 0.0932806324110672 0.07803468208092486
0 0.6142292490118577 0.6021194605009634 0.06798418972332015 0.05973025048169557
0 0.6292490118577075 0.5640655105973025 0.030039525691699605 0.04720616570327553
0 0.5822134387351778 0.4995183044315992 0.07035573122529644 0.07610789980732177
0 0.6221343873517786 0.38872832369942195 0.06798418972332015 0.07803468208092486
0 0.5446640316205533 0.3439306358381503 0.06640316205533597 0.13872832369942195
0 0.43280632411067194 0.4214836223506744 0.07826086956521738 0.15703275529865124
0 0.4723320158102767 0.3940269749518304 0.0466403162055336 0.0905587668593449
0 0.5011857707509881 0.27601156069364163 0.09644268774703557 0.0838150289017341
0 0.5604743083003952 0.22302504816955684 0.05691699604743083 0.0626204238921002
0 0.5830039525691699 0.30491329479768786 0.016600790513833993 0.03564547206165703
0 0.5632411067193676 0.3901734104046243 0.013438735177865613 0.023121387283236993
0 0.6620553359683794 0.3511560693641618 0.0308300395256917 0.03757225433526012
0 0.6193675889328063 0.24470134874759153 0.02608695652173913 0.08285163776493257
0 0.6691699604743083 0.2398843930635838 0.05928853754940711 0.09441233140655106
0 0.7118577075098814 0.27071290944123316 0.048221343873517786 0.0789980732177264
0 0.7225296442687746 0.464354527938343 0.06482213438735178 0.10982658959537572
0 0.7956521739130434 0.42870905587668595 0.08300395256916995 0.07321772639691715
0 0.7470355731225297 0.34971098265895956 0.11225296442687747 0.12138728323699421
0 0.8513833992094861 0.5308285163776493 0.08537549407114624 0.07321772639691715
0 0.7545454545454545 0.535645472061657 0.05138339920948617 0.04046242774566474
0 0.7822134387351779 0.6078998073217726 0.1241106719367589 0.13680154142581888
0 0.6450592885375493 0.6459537572254335 0.030039525691699605 0.03371868978805395
0 0.691699604743083 0.594412331406551 0.0458498023715415 0.057803468208092484
0 0.6818181818181818 0.668111753371869 0.062450592885375494 0.08188824662813102
0 0.61699604743083 0.6724470134874759 0.05138339920948617 0.055876685934489405
0 0.5407114624505929 0.7519267822736031 0.14387351778656127 0.11271676300578035
0 0.5450592885375494 0.7052023121387283 0.05454545454545454 0.05394990366088632
0 0.7252964426877471 0.7360308285163777 0.10197628458498023 0.05009633911368015
0 0.7976284584980237 0.7008670520231214 0.06956521739130435 0.03757225433526012
0 0.7624505928853755 0.7779383429672447 0.03399209486166008 0.04527938342967245
0 0.6885375494071146 0.8092485549132948 0.09486166007905138 0.10211946050096339
0 0.6217391304347826 0.8102119460500963 0.040316205533596834 0.08670520231213873
0 0.5861660079051383 0.8704238921001927 0.1367588932806324 0.09922928709055877
0 0.3782608695652174 0.27842003853564545 0.05138339920948617 0.06551059730250482
0 0.4944664031620553 0.18497109826589594 0.05928853754940711 0.06165703275529865
0 0.3300395256916996 0.19508670520231214 0.040316205533596834 0.0626204238921002
0 0.39802371541501974 0.18786127167630057 0.10988142292490119 0.12138728323699421
0 0.4735177865612648 0.8636801541425819 0.03162055335968379 0.041425818882466284
0 0.5430830039525691 0.924373795761079 0.03162055335968379 0.031791907514450865
0 0.48972332015810277 0.928709055876686 0.03399209486166008 0.04238921001926782
