0 0.08555133079847908 0.30971843778383285 0.09201520912547528 0.11989100817438691
0 0.15665399239543726 0.3787465940054496 0.028897338403041824 0.036330608537693
0 0.09315589353612166 0.39691189827429607 0.09657794676806084 0.047229791099000905
0 0.08365019011406843 0.4863760217983651 0.06539923954372623 0.14259763851044505
0 0.12395437262357413 0.43369663941871023 0.07756653992395436 0.02633969118982743
0 0.09087452471482889 0.5930971843778383 0.0661596958174905 0.07992733878292461
0 0.10570342205323194 0.6839237057220708 0.08517110266159696 0.10172570390554042
0 0.15703422053231939 0.623069936421435 0.02965779467680608 0.023614895549500452
0 0.1574144486692015 0.656675749318801 0.012167300380228136 0.019981834695731154
0 0.16539923954372623 0.6993642143505904 0.037262357414448666 0.023614895549500452
0 0.09391634980988593 0.745685740236149 0.05399239543726236 0.047229791099000905
0 0.12129277566539923 0.8079019073569482 0.09961977186311786 0.10626702997275204
0 0.2505703422053232 0.6916439600363306 0.04638783269961977 0.04813805631244323
0 0.19277566539923954 0.5953678474114441 0.034220532319391636 0.03360581289736603
0 0.1874524714828897 0.5345140781108083 0.03878326996197718 0.03542234332425068
0 0.18288973384030416 0.47411444141689374 0.04334600760456273 0.049046321525885554
0 0.24106463878326995 0.5222524977293369 0.03802281368821293 0.05086285195277021
0 0.27870722433460077 0.4891008174386921 0.04182509505703422 0.05903723887375113
0 0.22965779467680608 0.4591280653950954 0.03041825095057034 0.04632152588555858
0 0.20076045627376424 0.4214350590372389 0.024334600760456272 0.03996366939146231
0 0.2171102661596958 0.39373297002724794 0.023574144486692015 0.04087193460490463
0 0.2106463878326996 0.34741144414168934 0.04714828897338403 0.03905540417801998
0 0.2627376425855513 0.43369663941871023 0.02965779467680608 0.03178928247048138
0 0.26996197718631176 0.40099909173478654 0.03041825095057034 0.02815622161671208
0 0.34790874524714827 0.39691189827429607 0.12547528517110265 0.11444141689373297
0 0.2935361216730038 0.33923705722070846 0.08973384030418251 0.06811989100817438
0 0.3079847908745247 0.2920072661217075 0.06539923954372623 0.03905540417801998
0 0.3950570342205323 0.497275204359673 0.044866920152091254 0.09355131698455948
0 0.4433460076045627 0.5831062670299727 0.07604562737642585 0.07629427792915532
0 0.344106463878327 0.5821980018165304 0.032699619771863114 0.03996366939146231
0 0.29049429657794673 0.6021798365122616 0.04562737642585551 0.045413260672116255
0 0.5524714828897338 0.46684831970935514 0.06007604562737642 0.0690281562216167
0 0.5250950570342205 0.5445049954586739 0.020532319391634978 0.024523160762942777
0 0.3935361216730038 0.6366939146230699 0.07224334600760456 0.03996366939146231
0 0.2456273764258555 0.6185286103542235 0.028897338403041824 0.03451407811080835
0 0.2980988593155893 0.6462306993642143 0.024334600760456272 0.02633969118982743
0 0.30380228136882126 0.7084468664850136 0.02509505703422053 0.025431425976385105
0 0.3897338403041825 0.7211625794732062 0.10114068441064639 0.09627611262488646
0 0.4790874524714829 0.7116257947320618 0.04410646387832699 0.07356948228882834
0 0.3532319391634981 0.7683923705722071 0.05855513307984791 0.045413260672116255
0 0.37870722433460074 0.8374205267938237 0.048669201520912544 0.09082652134423251
0 0.44600760456273764 0.8147138964577656 0.03878326996197718 0.06357856494096276
0 0.46121673003802277 0.876930063578565 0.05551330798479087 0.04632152588555858
0 0.5403041825095056 0.6262488646684832 0.08897338403041824 0.07356948228882834
0 0.623574144486692 0.5926430517711171 0.06539923954372623 0.055404178019981834
0 0.6365019011406844 0.555858310626703 0.028897338403041824 0.045413260672116255
0 0.5878326996197718 0.4981834695731153 0.06692015209125475 0.07175295186194368
0 0.6220532319391635 0.39146230699364215 0.06539923954372623 0.07447774750227067
0 0.5456273764258555 0.35376930063578566 0.06311787072243345 0.1298819255222525
0 0.44144486692015206 0.43369663941871023 0.07528517110266159 0.148047229791099
0 0.4787072243346007 0.4055404178019982 0.044866920152091254 0.08446866485013624
0 0.5007604562737642 0.29291553133514986 0.09201520912547528 0.07901907356948229
0 0.5558935361216729 0.23932788374205266 0.05475285171102661 0.05903723887375113
0 0.5806083650190114 0.3151680290644868 0.01596958174904943 0.0326975476839237
0 0.5653992395437262 0.3964577656675749 0.012927756653992395 0.02089009990917348
0 0.6585551330798479 0.35376930063578566 0.028897338403041824 0.03542234332425068
0 0.6129277566539924 0.2561307901907357 0.02585551330798479 0.07811080835603997
0 0.6608365019011406 0.24841053587647594 0.05627376425855513 0.08810172570390554
0 0.703041825095057 0.27520435967302453 0.04638783269961977 0.07447774750227067
0 0.7209125475285171 0.45640326975476836 0.0623574144486692 0.10263396911898275
0 0.7901140684410646 0.4182561307901907 0.07908745247148288 0.06811989100817438
0 0.7399239543726235 0.34695731153496817 0.10798479087452471 0.11444141689373297
0 0.8475285171102661 0.5113533151680291 0.08136882129277566 0.0690281562216167
0 0.7551330798479087 0.5213442325158946 0.05019011406844106 0.03814713896457766
0 0.7847908745247147 0.5871934604904632 0.11863117870722432 0.12806539509536785
0 0.6547528517110266 0.6326067211625794 0.028897338403041824 0.03178928247048138
0 0.697338403041825 0.5803814713896458 0.04410646387832699 0.05449591280653951
0 0.6908745247148289 0.6498637602179836 0.06007604562737642 0.07720254314259764
0 0.629277566539924 0.6584922797456857 0.049429657794676805 0.05267938237965486
0 0.55893536121673 0.7379654859218892 0.13840304182509505 0.10626702997275204
0 0.5608365019011406 0.6939146230699363 0.052471482889733835 0.05086285195277021
0 0.735361216730038 0.7116257947320618 0.09733840304182509 0.04632152588555858
0 0.8038022813688213 0.6743869209809265 0.06692015209125475 0.03542234332425068
0 0.7730038022813688 0.7488646684831971 0.032699619771863114 0.04268846503178928
0 0.7034220532319391 0.7829246139872843 0.09125475285171102 0.09627611262488646
0 0.6391634980988593 0.7883742052679382 0.03878326996197718 0.08174386920980926
0 0.6076045627376425 0.846503178928247 0.13079847908745246 0.09264305177111716
0 0.38288973384030417 0.30245231607629425 0.049429657794676805 0.06176203451407811
0 0.49049429657794674 0.20753860127157128 0.05627376425855513 0.05722070844686648
0 0.33307984790874523 0.22752043596730245 0.03802281368821293 0.05903723887375113
0 0.39847908745247146 0.21662125340599453 0.10494296577946767 0.11353315168029064
0 0.4992395437262357 0.8469573115349682 0.02965779467680608 0.03905540417801998
0 0.5688212927756654 0.9000908265213442 0.03041825095057034 0.030881017257039053
0 0.5182509505703422 0.9073569482288828 0.032699619771863114 0.03996366939146231
