0 0.09497907949790795 0.7072434607645876 0.09288702928870292 0.12273641851106641
0 0.16610878661087866 0.6353118712273642 0.02928870292887029 0.03722334004024145
0 0.10125523012552301 0.6177062374245473 0.09707112970711297 0.048289738430583505
0 0.0903765690376569 0.5266599597585514 0.06694560669456066 0.14587525150905434
0 0.1322175732217573 0.579476861167002 0.07866108786610879 0.026156941649899398
0 0.09623430962343095 0.4180080482897385 0.06694560669456066 0.08148893360160966
0 0.1100418410041841 0.32494969818913483 0.08619246861924686 0.10462776659959759
0 0.1631799163179916 0.38581488933601615 0.0301255230125523 0.02313883299798793
0 0.16276150627615063 0.35160965794768617 0.012552301255230125 0.021126760563380285
0 0.16987447698744768 0.3083501006036218 0.038493723849372385 0.025150905432595575
0 0.09748953974895397 0.2625754527162978 0.05439330543933054 0.048289738430583505
0 0.12384937238493723 0.19818913480885314 0.100418410041841 0.10865191146881288
0 0.25648535564853553 0.31388329979879276 0.04769874476987447 0.05030181086519115
0 0.19958158995815897 0.41297786720321933 0.035983263598326355 0.035211267605633804
0 0.19497907949790794 0.4758551307847083 0.0401673640167364 0.03621730382293763
0 0.1912133891213389 0.5372233400402415 0.04435146443514644 0.05030181086519115
0 0.24937238493723848 0.48641851106639844 0.038493723849372385 0.05130784708249497
0 0.28828451882845185 0.5196177062374245 0.042677824267782424 0.05935613682092556
0 0.23891213389121338 0.551307847082495 0.03096234309623431 0.048289738430583505
0 0.21004184100418408 0.591046277665996 0.02510460251046025 0.04124748490945675
0 0.22677824267782426 0.6182092555331993 0.02343096234309623 0.04124748490945675
0 0.2209205020920502 0.6654929577464789 0.048535564853556486 0.039235412474849095
0 0.27280334728033473 0.5764587525150906 0.0301255230125523 0.03219315895372234
0 0.28075313807531377 0.6096579476861167 0.03096234309623431 0.028169014084507046
0 0.3598326359832636 0.6126760563380282 0.12719665271966527 0.11670020120724348
0 0.305439330543933 0.6720321931589538 0.0903765690376569 0.07042253521126761
0 0.3205020920502092 0.7203219315895373 0.06527196652719665 0.04024144869215292
0 0.405857740585774 0.5085513078470826 0.04518828451882845 0.09557344064386318
0 0.4535564853556485 0.420523138832998 0.07698744769874477 0.07847082494969819
0 0.3527196652719665 0.4240442655935614 0.032635983263598324 0.04124748490945675
0 0.29832635983263595 0.40442655935613686 0.046025104602510455 0.04627766599597586
0 0.5661087866108786 0.5372233400402415 0.06108786610878661 0.07042253521126761
0 0.5368200836820083 0.4582494969818914 0.02092050209205021 0.025150905432595575
0 0.402510460251046 0.3667002012072435 0.07364016736401673 0.04124748490945675
0 0.2527196652719665 0.3888329979879276 0.0301255230125523 0.035211267605633804
0 0.305439330543933 0.3591549295774648 0.02510460251046025 0.026156941649899398
0 0.3104602510460251 0.295774647887324 0.02510460251046025 0.026156941649899398
0 0.39665271966527194 0.2806841046277666 0.10209205020920502 0.09859154929577466
0 0.48744769874476984 0.2882293762575453 0.04435146443514644 0.07545271629778673
0 0.3594142259414226 0.23390342052313887 0.059414225941422594 0.04527162977867204
0 0.38451882845188284 0.16297786720321933 0.049372384937238493 0.09255533199195172
0 0.4527196652719665 0.1841046277665996 0.0401673640167364 0.06438631790744467
0 0.46736401673640166 0.12072434607645877 0.056066945606694556 0.048289738430583505
0 0.5506276150627615 0.3747484909456741 0.0903765690376569 0.07545271629778673
0 0.6355648535564853 0.4069416498993964 0.06610878661087866 0.057344064386317915
0 0.6489539748953974 0.44466800804828976 0.02928870292887029 0.04627766599597586
0 0.601255230125523 0.5045271629778673 0.06778242677824267 0.07344064386317908
0 0.6372384937238493 0.6121730382293763 0.06610878661087866 0.07545271629778673
0 0.5602510460251046 0.6519114688128773 0.06443514644351464 0.13279678068410464
0 0.45397489539748953 0.5734406438631792 0.07615062761506276 0.15090543259557346
0 0.4916317991631799 0.6006036217303824 0.046025104602510455 0.08651911468812878
0 0.5158995815899581 0.7152917505030182 0.09288702928870292 0.08048289738430583
0 0.5723849372384937 0.7686116700201208 0.05523012552301255 0.06036217303822938
0 0.5966527196652719 0.6906438631790746 0.016736401673640166 0.03319919517102616
0 0.5799163179916318 0.6086519114688129 0.013389121338912133 0.022132796780684107
0 0.6744769874476987 0.6498993963782697 0.0301255230125523 0.03621730382293763
0 0.6297071129707112 0.7500000000000001 0.02594142259414226 0.07947686116700202
0 0.6782426778242677 0.7575452716297787 0.05774058577405857 0.09054325955734407
0 0.7209205020920502 0.7288732394366197 0.04769874476987447 0.07545271629778673
0 0.7368200836820084 0.5442655935613683 0.06276150627615062 0.10462776659959759
0 0.8071129707112971 0.5809859154929577 0.08117154811715481 0.0694164989939638
0 0.7573221757322175 0.6549295774647887 0.10878661087866108 0.11670020120724348
0 0.8640167364016735 0.4854124748490946 0.08284518828451883 0.07142857142857144
0 0.7698744769874476 0.4763581488933602 0.0502092050209205 0.039235412474849095
0 0.7991631799163179 0.4084507042253521 0.1205020920502092 0.130784708249497
0 0.6665271966527196 0.36619718309859156 0.02928870292887029 0.03219315895372234
0 0.710878661087866 0.4180080482897385 0.04435146443514644 0.05533199195171026
0 0.702928870292887 0.34708249496981897 0.0602510460251046 0.07847082494969819
0 0.6401673640167364 0.34004024144869216 0.0502092050209205 0.05432595573440644
0 0.5677824267782426 0.2605633802816902 0.1397489539748954 0.10865191146881288
0 0.5711297071129707 0.30482897384305835 0.052719665271966525 0.052313883299798795
0 0.7472803347280335 0.2837022132796781 0.09874476987447699 0.048289738430583505
0 0.8171548117154811 0.31991951710261574 0.06778242677824267 0.03621730382293763
0 0.7845188284518828 0.2449698189134809 0.032635983263598324 0.04325955734406439
0 0.7138075313807531 0.21177062374245476 0.09205020920502091 0.09758551307847084
0 0.6489539748953974 0.20774647887323947 0.03933054393305439 0.08350100603621731
0 0.6158995815899582 0.14839034205231388 0.13389121338912133 0.09557344064386318
0 0.3962343096234309 0.7077464788732395 0.049372384937238493 0.06338028169014084
0 0.5066945606694561 0.8023138832997989 0.05774058577405857 0.05935613682092556
0 0.3468619246861924 0.7852112676056339 0.03933054393305439 0.05935613682092556
0 0.4129707112970711 0.795271629778672 0.10627615062761506 0.11569416498993965
0 0.506276150627615 0.15040241448692154 0.0301255230125523 0.039235412474849095
0 0.5761506276150627 0.09507042253521128 0.03096234309623431 0.031187122736418514
0 0.5242677824267782 0.08853118712273643 0.032635983263598324 0.04024144869215292
