0 0.0703924914675768 0.26495278069254985 0.09812286689419795 0.1311647429171039
0 0.1407849829351536 0.34679958027282265 0.030716723549488054 0.03882476390346275
0 0.07252559726962457 0.35991605456453307 0.10238907849829351 0.05246589716684155
0 0.05631399317406143 0.45697796432318993 0.06996587030716724 0.15634837355718784
0 0.10238907849829351 0.40346274921301156 0.08191126279863481 0.02833158447009444
0 0.05674061433447099 0.5734522560335782 0.07081911262798635 0.08709338929695698
0 0.06697952218430034 0.6731374606505771 0.08959044368600683 0.11227701993704092
0 0.125 0.612277019937041 0.031569965870307165 0.026232948583420776
0 0.12329351535836178 0.6490031479538301 0.012798634812286689 0.022035676810073453
0 0.12841296928327645 0.6951731374606506 0.04010238907849829 0.026232948583420776
0 0.050341296928327645 0.7392444910807975 0.05631399317406143 0.051416579223504726
0 0.07508532423208192 0.8095487932843651 0.10580204778156997 0.11647429171038826
0 0.2188566552901024 0.6962224554039874 0.050341296928327645 0.053515215110178385
0 0.16424914675767918 0.5860440713536201 0.03668941979522184 0.03672612801678909
0 0.16296928327645052 0.518887722980063 0.040955631399317405 0.03882476390346275
0 0.1621160409556314 0.4527806925498426 0.04607508532423208 0.053515215110178385
0 0.22056313993174062 0.5115424973767052 0.04010238907849829 0.055613850996852045
0 0.2623720136518771 0.4790136411332634 0.04522184300341297 0.06400839454354669
0 0.21245733788395904 0.44123819517313745 0.03242320819112628 0.051416579223504726
0 0.18472696245733788 0.39769150052465896 0.026450511945392493 0.04407135362014691
0 0.20349829351535836 0.36935991605456453 0.024744027303754267 0.04407135362014691
0 0.1992320819112628 0.3184679958027282 0.050341296928327645 0.04302203567681007
0 0.24872013651877134 0.41710388247639035 0.031569965870307165 0.03462749213011543
0 0.2589590443686007 0.38247639034627495 0.033276450511945395 0.030430220356768102
0 0.3412969283276451 0.38562434417628544 0.13310580204778158 0.1248688352570829
0 0.2879692832764505 0.31741867785939143 0.09470989761092151 0.07450157397691501
0 0.3058873720136519 0.2670514165792235 0.06911262798634812 0.04302203567681007
0 0.38438566552901027 0.4989506820566632 0.04692832764505119 0.10178384050367262
0 0.4296075085324232 0.5970619097586569 0.0810580204778157 0.0839454354669465
0 0.3250853242320819 0.5855194123819517 0.034129692832764506 0.04407135362014691
0 0.26706484641638223 0.6028331584470095 0.04948805460750853 0.04931794333683106
0 0.552901023890785 0.48058761804826866 0.06313993174061433 0.07555089192025184
0 0.518344709897611 0.5624344176285415 0.021331058020477817 0.02728226652675761
0 0.37372013651877134 0.6505771248688352 0.07679180887372014 0.04407135362014691
0 0.21843003412969283 0.6159496327387198 0.030716723549488054 0.03777544596012592
0 0.27261092150170646 0.6511017838405037 0.026450511945392493 0.02833158447009444
0 0.2743174061433447 0.7193074501573977 0.026450511945392493 0.02833158447009444
0 0.36390784982935154 0.7418677859391396 0.10665529010238908 0.1049317943336831
0 0.45861774744027306 0.7402938090241343 0.04692832764505119 0.080797481636936
0 0.3225255972696246 0.7885624344176285 0.06143344709897611 0.04931794333683106
0 0.3447098976109215 0.8667366211962225 0.051194539249146756 0.09863588667366212
0 0.41723549488054607 0.8488982161594963 0.040955631399317405 0.06925498426023086
0 0.4287542662116041 0.9176285414480588 0.05887372013651877 0.051416579223504726
0 0.5290102389078498 0.6532004197271774 0.09385665529010238 0.080797481636936
0 0.6190273037542662 0.6243441762854145 0.06911262798634812 0.060860440713536204
0 0.6348122866894198 0.5860440713536201 0.030716723549488054 0.04931794333683106
0 0.5878839590443686 0.518887722980063 0.07167235494880546 0.07869884575026233
0 0.6309726962457338 0.4055613850996852 0.06911262798634812 0.080797481636936
0 0.5524744027303754 0.3578174186778594 0.0674061433447099 0.14270724029380902
0 0.4377133105802048 0.43441762854144805 0.08020477815699659 0.161594963273872
0 0.4786689419795222 0.40713536201469047 0.04778156996587031 0.09233997901364113
0 0.5098122866894198 0.2869884575026233 0.09812286689419795 0.08499475341028331
0 0.5708191126279863 0.23452256033578175 0.05802047781569966 0.06400839454354669
0 0.5921501706484642 0.31951731374606507 0.017064846416382253 0.03672612801678909
0 0.5708191126279863 0.4055613850996852 0.013651877133105802 0.024134312696747116
0 0.6719283276450512 0.3688352570828961 0.031569965870307165 0.03882476390346275
0 0.6305460750853242 0.25813221406086045 0.027303754266211604 0.0839454354669465
0 0.6813139931740615 0.25445960125918154 0.060580204778156996 0.09758656873032528
0 0.7244027303754266 0.28803777544596015 0.04948805460750853 0.080797481636936
0 0.73080204778157 0.4863588667366212 0.06569965870307168 0.11227701993704092
0 0.806740614334471 0.4517313746065058 0.08447098976109216 0.07450157397691501
0 0.7585324232081911 0.36935991605456453 0.1143344709897611 0.12381951731374607
0 0.8609215017064846 0.5582371458551941 0.08703071672354949 0.07555089192025184
0 0.7627986348122867 0.5603357817418678 0.052901023890784986 0.04197271773347325
0 0.7892491467576792 0.6348373557187829 0.12627986348122866 0.14060860440713538
0 0.6493174061433448 0.6710388247639035 0.030716723549488054 0.03462749213011543
0 0.6979522184300342 0.618572927597062 0.04607508532423208 0.05981112277019937
0 0.6860068259385665 0.6935991605456453 0.06313993174061433 0.0839454354669465
0 0.6203071672354948 0.6972717733473243 0.052901023890784986 0.05771248688352571
0 0.5413822525597269 0.7759706190975866 0.14590443686006827 0.11647429171038826
0 0.5465017064846417 0.7287513116474292 0.05546075085324232 0.055613850996852045
0 0.7290955631399317 0.7644281217208815 0.10324232081911262 0.051416579223504726
0 0.8037542662116041 0.7308499475341028 0.06996587030716724 0.03882476390346275
0 0.7662116040955631 0.8090241343126968 0.034129692832764506 0.046169989506820566
0 0.6911262798634812 0.8394543546694648 0.09726962457337884 0.1049317943336831
0 0.6228668941979523 0.8389296956977964 0.040955631399317405 0.08919202518363065
0 0.5853242320819113 0.8992654774396642 0.13993174061433447 0.10073452256033578
0 0.38438566552901027 0.28593913955928646 0.05204778156996587 0.06820566631689402
0 0.5046928327645052 0.19359916054564533 0.060580204778156996 0.06190975865687304
0 0.3370307167235495 0.19989506820566633 0.040955631399317405 0.06400839454354669
0 0.4065699658703072 0.19412381951731375 0.11177474402730375 0.12381951731374607
0 0.4709897610921502 0.888772298006296 0.03242320819112628 0.04197271773347325
0 0.5409556313993175 0.9533053515215111 0.03242320819112628 0.03252885624344176
0 0.48677474402730375 0.9564533053515215 0.03498293515358362 0.04302203567681007
