0 0.06108414239482201 0.32865440464666024 0.09304207119741101 0.12100677637947725
0 0.13228155339805825 0.3983543078412391 0.02831715210355987 0.03581800580832527
0 0.06836569579288027 0.41626331074540174 0.09627831715210357 0.0484027105517909
0 0.05865695792880259 0.5062923523717329 0.06553398058252427 0.14327202323330107
0 0.09951456310679613 0.45353339787028074 0.07766990291262137 0.026137463697967087
0 0.06553398058252427 0.6132623426911907 0.06634304207119741 0.0803484995159729
0 0.08009708737864078 0.7047434656340755 0.08576051779935276 0.10261374636979671
0 0.13147249190938512 0.643756050338819 0.02993527508090615 0.023233301064859633
0 0.1318770226537217 0.6776379477250726 0.011326860841423949 0.019361084220716362
0 0.1395631067961165 0.7207163601161666 0.03802588996763754 0.02420135527589545
0 0.06796116504854369 0.7662149080348499 0.05339805825242719 0.04743465634075508
0 0.09506472491909386 0.829622458857696 0.09951456310679613 0.10648596321393998
0 0.2249190938511327 0.7134559535333979 0.046925566343042076 0.0484027105517909
0 0.1678802588996764 0.6161665053242982 0.03478964401294499 0.033881897386253634
0 0.16262135922330098 0.5551790900290416 0.03883495145631068 0.03581800580832527
0 0.15857605177993528 0.4941916747337851 0.043689320388349516 0.04937076476282672
0 0.21642394822006472 0.5435624394966119 0.03802588996763754 0.051306873184898356
0 0.25485436893203883 0.5096805421103582 0.042071197411003236 0.0590513068731849
0 0.2050970873786408 0.47967086156824784 0.02993527508090615 0.04743465634075508
0 0.1767799352750809 0.44143272023233304 0.025080906148867314 0.04065827686350436
0 0.1929611650485437 0.4133591481122943 0.023462783171521038 0.04065827686350436
0 0.1864886731391586 0.36737657308809296 0.04773462783171521 0.03969022265246854
0 0.2382686084142395 0.4545014520813166 0.02993527508090615 0.031945788964181994
0 0.24595469255663432 0.42158760890609875 0.03074433656957929 0.028073572120038724
0 0.3244336569579288 0.41771539206195546 0.1262135922330097 0.11519845111326235
0 0.26982200647249194 0.3596321393998064 0.08980582524271845 0.06873184898354308
0 0.28438511326860844 0.3112294288480155 0.06553398058252427 0.03969022265246854
0 0.3713592233009709 0.5188770571151985 0.045307443365695796 0.09486931268151017
0 0.4190938511326861 0.6050338818973863 0.07605177993527508 0.07744433688286545
0 0.31957928802589 0.6040658276863504 0.03236245954692557 0.04065827686350436
0 0.2657766990291262 0.6239109390125848 0.04611650485436893 0.04549854791868345
0 0.5295307443365697 0.4888673765730881 0.06067961165048544 0.0696999031945789
0 0.5012135922330098 0.5667957405614714 0.02022653721682848 0.02420135527589545
0 0.36893203883495146 0.6592449177153921 0.07281553398058253 0.04065827686350436
0 0.220873786407767 0.6398838334946757 0.02912621359223301 0.03484995159728945
0 0.27305825242718446 0.6679574056147144 0.025080906148867314 0.027105517909002903
0 0.27872168284789645 0.7303969022265248 0.025080906148867314 0.026137463697967087
0 0.36448220064724923 0.7439496611810261 0.1011326860841424 0.09777347531461762
0 0.45428802588996764 0.7352371732817038 0.04449838187702265 0.07454017424975799
0 0.32847896440129454 0.7904162633107454 0.05825242718446602 0.04549854791868345
0 0.3535598705501618 0.8606001936108423 0.04854368932038835 0.0909970958373669
0 0.42111650485436897 0.8383349467570185 0.03964401294498382 0.06389157792836399
0 0.436084142394822 0.9007744433688287 0.05501618122977347 0.04743465634075508
0 0.5161812297734628 0.649080348499516 0.0889967637540453 0.07454017424975799
0 0.5999190938511327 0.6156824782187803 0.06553398058252427 0.05614714424007745
0 0.6132686084142395 0.5784123910939013 0.02912621359223301 0.04549854791868345
0 0.5647249190938511 0.5203291384317522 0.06796116504854369 0.07260406582768636
0 0.5991100323624595 0.4138431752178122 0.06553398058252427 0.07454017424975799
0 0.5230582524271845 0.3751210067763795 0.063915857605178 0.13068731848983545
0 0.4178802588996764 0.45498547918683446 0.07524271844660195 0.14908034849951599
0 0.4550970873786408 0.42691190706679577 0.04449838187702265 0.08518877057115198
0 0.47815533980582525 0.31413359148112296 0.09223300970873786 0.07841239109390126
0 0.5331715210355987 0.26040658276863504 0.05501618122977347 0.06001936108422072
0 0.558252427184466 0.3368828654404647 0.016181229773462785 0.03291384317521781
0 0.5424757281553398 0.4181994191674734 0.013754045307443367 0.021297192642787996
0 0.636326860841424 0.3760890609874153 0.02993527508090615 0.03581800580832527
0 0.5906148867313916 0.2773475314617619 0.025889967637540454 0.07841239109390126
0 0.6387540453074434 0.2700871248789932 0.057443365695792885 0.08906098741529526
0 0.6812297734627832 0.29670861568247825 0.046925566343042076 0.07454017424975799
0 0.6986245954692557 0.4791868344627299 0.06229773462783172 0.10261374636979671
0 0.7682038834951457 0.4419167473378509 0.08009708737864078 0.06873184898354308
0 0.7176375404530745 0.3697967086156825 0.10841423948220065 0.11423039690222653
0 0.825242718446602 0.5353339787028074 0.0825242718446602 0.0696999031945789
0 0.732200647249191 0.5450145208131656 0.05016181229773463 0.038722168441432725
0 0.7621359223300971 0.6113262342691191 0.1197411003236246 0.1287512100677638
0 0.6310679611650486 0.6558567279767668 0.02912621359223301 0.031945788964181994
0 0.673948220064725 0.6035818005808326 0.043689320388349516 0.05517909002904163
0 0.6674757281553398 0.6737657308809294 0.0598705501618123 0.07744433688286545
0 0.6051779935275081 0.6819941916747339 0.05016181229773463 0.05324298160696999
0 0.5343851132686085 0.7613746369796709 0.1383495145631068 0.1074540174249758
0 0.5368122977346279 0.717812197483059 0.052588996763754045 0.051306873184898356
0 0.7115695792880259 0.7357212003872217 0.09789644012944984 0.046466602129719266
0 0.7803398058252428 0.6984511132623427 0.06715210355987056 0.03581800580832527
0 0.7491909385113269 0.7734753146176186 0.03236245954692557 0.04259438528557599
0 0.6796116504854369 0.8073572120038722 0.09223300970873786 0.0968054211035818
0 0.6148867313915858 0.8126815101645692 0.03883495145631068 0.08228460793804453
0 0.5829288025889968 0.8712487899322362 0.1318770226537217 0.09293320425943853
0 0.3596278317152104 0.3228460793804453 0.04935275080906149 0.06292352371732818
0 0.4684466019417476 0.22797676669893516 0.05663430420711974 0.057115198451113264
0 0.3098705501618123 0.24733785091965152 0.03883495145631068 0.0590513068731849
0 0.3754045307443366 0.2362052274927396 0.10517799352750809 0.11423039690222653
0 0.47451456310679613 0.8707647628267183 0.02993527508090615 0.03969022265246854
0 0.5440938511326862 0.9244917715392063 0.02993527508090615 0.030977734753146177
0 0.49271844660194175 0.9317521781219749 0.03236245954692557 0.03969022265246854
