0 0.9392288348700755 0.2673824130879346 0.09639564124057 0.1278118609406953
0 0.8713327745180218 0.34918200408997957 0.02933780385582565 0.037832310838445814
0 0.9388097233864208 0.36094069529652356 0.10058675607711651 0.051124744376278126
0 0.9564124056999161 0.45398773006134974 0.06873428331936295 0.15132924335378325
0 0.9103101424979044 0.4033742331288344 0.08046940486169321 0.027607361963190188
0 0.9580888516345348 0.5679959100204499 0.06873428331936295 0.08486707566462169
0 0.9501257334450964 0.6651329243353784 0.08801341156747695 0.10940695296523519
0 0.8922883487007545 0.6078732106339468 0.03101424979044426 0.025562372188139063
0 0.8948030176026823 0.6431492842535788 0.012573344509639563 0.02044989775051125
0 0.8901927912824812 0.6886503067484663 0.038558256496227995 0.025562372188139063
0 0.9677284157585918 0.7295501022494888 0.056160938809723386 0.05010224948875256
0 0.9446772841575859 0.799079754601227 0.10393964794635373 0.11349693251533743
0 0.8013411567476949 0.6917177914110431 0.04861693210393965 0.052147239263803685
0 0.8524727577535625 0.5828220858895706 0.036881810561609385 0.03680981595092025
0 0.8528918692372172 0.5178936605316974 0.04107292539815591 0.037832310838445814
0 0.8524727577535625 0.45347648261758694 0.04526404023470243 0.052147239263803685
0 0.7967309304274938 0.511758691206544 0.039396479463537304 0.05419222903885481
0 0.7544006705783739 0.48108384458077713 0.043587594300083826 0.06237218813905931
0 0.8030176026823135 0.44376278118609414 0.03185247275775356 0.049079754601227
0 0.8294216261525565 0.39979550102249495 0.025984911986588432 0.04294478527607362
0 0.8101424979044426 0.37218813905930476 0.024308466051969825 0.04294478527607362
0 0.8134953897736799 0.3231083844580777 0.04945515507124895 0.0408997955010225
0 0.7665549036043587 0.42075664621676895 0.03101424979044426 0.033742331288343565
0 0.7560771165129925 0.3870143149284254 0.03185247275775356 0.029652351738241312
0 0.6747694886839899 0.3921267893660532 0.13076278290025148 0.12167689161554193
0 0.7263202011735121 0.3246421267893661 0.09304274937133278 0.07259713701431493
0 0.7074601844090528 0.27658486707566465 0.06705783738474434 0.04192229038854806
0 0.6345347862531433 0.5046012269938651 0.04694048616932104 0.09918200408997956
0 0.5922045264040234 0.6012269938650308 0.07963118189438391 0.081799591002045
0 0.6948868398994132 0.5879345603271984 0.03352891869237217 0.04294478527607362
0 0.7523051131601006 0.6017382413087935 0.04777870913663034 0.048057259713701436
0 0.46898575020955574 0.49182004089979553 0.06286672254819782 0.0736196319018405
0 0.5041911148365466 0.5705521472392638 0.020955574182732608 0.026584867075664625
0 0.6483654652137468 0.6513292433537833 0.07627829002514669 0.04294478527607362
0 0.7996647108130763 0.6140081799591003 0.030176026823134954 0.037832310838445814
0 0.7481139983235541 0.649795501022495 0.025984911986588432 0.027607361963190188
0 0.7472757753562448 0.7162576687116565 0.025984911986588432 0.027607361963190188
0 0.6596814752724225 0.74079754601227 0.10561609388097234 0.1032719836400818
0 0.5662196144174351 0.7418200408997956 0.04610226320201174 0.07873210633946831
0 0.7011735121542331 0.7857873210633948 0.06119027661357921 0.048057259713701436
0 0.6806370494551551 0.8619631901840492 0.050293378038558254 0.09611451942740287
0 0.6089689857502095 0.8466257668711658 0.04107292539815591 0.06748466257668713
0 0.598910310142498 0.9141104294478528 0.057837384744341996 0.049079754601227
0 0.4958088851634535 0.658997955010225 0.09304274937133278 0.07873210633946831
0 0.4069572506286672 0.6339468302658487 0.06789606035205364 0.059304703476482624
0 0.3897736797988265 0.5966257668711658 0.030176026823134954 0.048057259713701436
0 0.4350377200335289 0.5291411042944786 0.07041072925398156 0.07668711656441718
0 0.3910310142497904 0.42075664621676895 0.06789606035205364 0.07873210633946831
0 0.4664710813076278 0.37116564417177916 0.06621961441743504 0.1390593047034765
0 0.5813076278290025 0.44274028629856854 0.07795473595976529 0.15746421267893662
0 0.5406538139145013 0.4182004089979551 0.04694048616932104 0.08997955010224949
0 0.5079631181894384 0.3016359918200409 0.09555741827326068 0.08384458077709613
0 0.4463537300922045 0.2515337423312884 0.057837384744341996 0.06339468302658487
0 0.42749371332774516 0.3348670756646217 0.016764459346186086 0.03578732106339469
0 0.44970662196144173 0.4187116564417178 0.014249790444258174 0.023517382413087935
0 0.34995808885163454 0.38548057259713703 0.03101424979044426 0.03680981595092025
0 0.38851634534786256 0.27658486707566465 0.025984911986588432 0.08282208588957056
0 0.33864207879295893 0.2740286298568507 0.0586756077116513 0.09406952965235174
0 0.29715004191114835 0.3082822085889571 0.04945515507124895 0.07873210633946831
0 0.29379715004191115 0.5015337423312884 0.06454316848281642 0.10940695296523519
0 0.21919530595138306 0.47034764826175873 0.08298407376362113 0.0736196319018405
0 0.26487845766974016 0.38854805725971375 0.11232187761944677 0.12065439672801637
0 0.16764459346186086 0.5756646216768917 0.08549874266554904 0.0736196319018405
0 0.2640402347024309 0.5746421267893661 0.051969823973176864 0.0408997955010225
0 0.23889354568315171 0.6482617586912066 0.12405699916177704 0.13701431492842536
0 0.37720033528918695 0.6794478527607363 0.030176026823134954 0.033742331288343565
0 0.32900251466890196 0.6298568507157465 0.04610226320201174 0.0572597137014315
0 0.34199497066219614 0.7024539877300614 0.06202849958088852 0.081799591002045
0 0.4065381391450126 0.7039877300613497 0.051969823973176864 0.056237218813905934
0 0.48575020955574183 0.7786298568507158 0.14333612740989105 0.11349693251533743
0 0.4798826487845767 0.7326175869120655 0.054484492875104776 0.05419222903885481
0 0.30092204526404026 0.7730061349693252 0.10226320201173512 0.049079754601227
0 0.22673931265716682 0.7418200408997956 0.06957250628667226 0.037832310838445814
0 0.2652975691533948 0.8174846625766872 0.03436714165968147 0.04601226993865031
0 0.34031852472757756 0.8445807770961146 0.09555741827326068 0.10224948875255625
0 0.4069572506286672 0.8420245398773006 0.039396479463537304 0.08691206543967281
0 0.4446772841575859 0.9003067484662578 0.1366303436714166 0.09918200408997956
0 0.6307627829002515 0.2970347648261759 0.05113160100586756 0.06646216768916156
0 0.510896898575021 0.21012269938650308 0.05951383067896061 0.06032719836400818
0 0.6756077116512993 0.21114519427402864 0.040234702430846606 0.06237218813905931
0 0.607292539815591 0.20807770961145197 0.10980720871751887 0.12167689161554193
0 0.5569991617770327 0.8870143149284254 0.03101424979044426 0.04192229038854806
0 0.4895222129086337 0.9519427402862987 0.03185247275775356 0.032719836400818
0 0.5427493713327746 0.9529652351738243 0.03436714165968147 0.04294478527607362
