0 0.06213511259382819 0.2599795291709314 0.097581317764804 0.13101330603889458
0 0.1317764804003336 0.34237461617195497 0.030025020850708923 0.03991811668372569
0 0.0633861551292744 0.3546571136131013 0.10175145954962468 0.052200614124872056
0 0.04712260216847373 0.45035823950870013 0.06922435362802334 0.15557830092118732
0 0.09341117597998332 0.39815762538382804 0.0817347789824854 0.028659160696008188
0 0.04670558798999166 0.5665301944728761 0.07005838198498748 0.08700102354145343
0 0.05587989991659716 0.6653019447287615 0.09007506255212677 0.1105424769703173
0 0.11384487072560466 0.6059365404298874 0.03085904920767306 0.02456499488229273
0 0.1121768140116764 0.6422722620266121 0.012510425354462052 0.021494370522006142
0 0.11676396997497915 0.6888433981576254 0.040033361134278564 0.02661207778915046
0 0.039199332777314425 0.7308085977482088 0.056713928273561295 0.0511770726714432
0 0.06255212677231026 0.800921187308086 0.10508757297748123 0.11566018423746162
0 0.20683903252710592 0.6898669396110543 0.05004170141784821 0.05322415557830092
0 0.15346121768140117 0.5803480040941659 0.03669724770642202 0.0368474923234391
0 0.15221017514595495 0.5138178096212896 0.0408673894912427 0.03889457523029683
0 0.15221017514595495 0.4483111566018424 0.04587155963302752 0.05322415557830092
0 0.2093411175979983 0.5066530194472876 0.040033361134278564 0.05527123848515865
0 0.25145954962468725 0.4749232343909928 0.04420350291909925 0.06345957011258956
0 0.20225187656380317 0.43705220061412486 0.03252710592160133 0.0511770726714432
0 0.17472894078398665 0.3930399181166837 0.02585487906588824 0.042988741044012284
0 0.1939115929941618 0.36489252814739 0.024186822351959965 0.04401228249744115
0 0.1901584653878232 0.3147389969293756 0.05004170141784821 0.04196519959058342
0 0.2385321100917431 0.413510747185261 0.0316930775646372 0.03480040941658137
0 0.24895746455379483 0.37871033776867963 0.03252710592160133 0.030706243602865918
0 0.3311092577147623 0.38229273285568066 0.1317764804003336 0.12384851586489252
0 0.2781484570475396 0.3147389969293756 0.09424520433694746 0.07471852610030706
0 0.29691409507923266 0.26509723643807576 0.06839032527105922 0.042988741044012284
0 0.3732276897414512 0.49590583418628453 0.0475396163469558 0.10133060388945753
0 0.41743119266055045 0.5931422722620266 0.08090075062552127 0.08290685772773798
0 0.31317764804003334 0.5818833162743091 0.03419516263552961 0.04401228249744115
0 0.2556296914095079 0.5977482088024565 0.04920767306088407 0.04912998976458546
0 0.5404503753127606 0.4795291709314227 0.0633861551292744 0.07471852610030706
0 0.5062552126772311 0.5609007164790174 0.021684737281067554 0.02661207778915046
0 0.3611342785654712 0.6463664278403275 0.07673060884070058 0.04401228249744115
0 0.20725604670558798 0.6105424769703173 0.03085904920767306 0.037871033776867964
0 0.26021684737281064 0.6458546571136131 0.026688907422852376 0.028659160696008188
0 0.2618849040867389 0.7139201637666326 0.026688907422852376 0.027635619242579325
0 0.35070892410341953 0.736949846468782 0.10592160133444536 0.10440122824974411
0 0.445371142618849 0.7359263050153532 0.04670558798999166 0.07983623336745138
0 0.3094245204336947 0.7830092118730809 0.06171809841534612 0.04912998976458546
0 0.33069224353628024 0.8607983623336746 0.05087572977481234 0.09825997952917093
0 0.4032527105921601 0.8439099283520983 0.0408673894912427 0.06857727737973388
0 0.41451209341117595 0.9124872057318322 0.058381984987489574 0.05015353121801433
0 0.5158465387823186 0.650460593654043 0.09424520433694746 0.08085977482088025
0 0.6050875729774812 0.6228249744114637 0.06922435362802334 0.06038894575230297
0 0.621768140116764 0.5849539406345957 0.03085904920767306 0.048106448311156604
0 0.5750625521267723 0.5174002047082907 0.07089241034195162 0.07881269191402251
0 0.6188490408673895 0.406345957011259 0.06839032527105922 0.07983623336745138
0 0.5412844036697247 0.3572159672466735 0.06672226855713094 0.14124872057318322
0 0.42660550458715596 0.432446264073695 0.07923269391159299 0.16069600818833163
0 0.46747289407839865 0.40583418628454454 0.0475396163469558 0.09109518935516889
0 0.49916597164303583 0.28710337768679633 0.097581317764804 0.0849539406345957
0 0.5604670558798999 0.2354145342886387 0.058381984987489574 0.06345957011258956
0 0.5813177648040033 0.31985670419651996 0.016680567139282735 0.03582395087001024
0 0.5592160133444537 0.4053224155578301 0.014178482068390324 0.022517911975435005
0 0.6601334445371142 0.3694984646878199 0.03085904920767306 0.03889457523029683
0 0.6192660550458715 0.259467758444217 0.027522935779816512 0.0849539406345957
0 0.6697247706422018 0.25588536335721596 0.060050041701417846 0.09621289662231321
0 0.7126772310258549 0.2896622313203685 0.04920767306088407 0.07983623336745138
0 0.7180984153461217 0.4866939611054248 0.06505421184320266 0.11156601842374617
0 0.7935779816513762 0.45342886386898673 0.08423686405337781 0.0736949846468782
0 0.7456213511259383 0.3710337768679632 0.11342785654712259 0.12384851586489252
0 0.8465387823185988 0.5593654042988742 0.08673894912427021 0.07471852610030706
0 0.7489574645537947 0.5609007164790174 0.05170975813177648 0.04094165813715456
0 0.7752293577981652 0.6351074718526101 0.12593828190158465 0.13817809621289662
0 0.6355296080066722 0.6693961105424769 0.030025020850708923 0.03480040941658137
0 0.6839032527105922 0.6177072671443193 0.04670558798999166 0.05834186284544524
0 0.6718098415346121 0.6924257932446264 0.06255212677231026 0.08290685772773798
0 0.6067556296914095 0.6949846468781986 0.05254378648874061 0.057318321392016376
0 0.5271059216013344 0.7727737973387923 0.1451209341117598 0.11463664278403275
0 0.5325271059216014 0.7256908904810645 0.05587989991659716 0.05527123848515865
0 0.7139282735613011 0.7635619242579325 0.10341951626355296 0.0511770726714432
0 0.7885738115095913 0.7302968270214943 0.07089241034195162 0.037871033776867964
0 0.7510425354462051 0.808085977482088 0.03419516263552961 0.04605936540429888
0 0.6755629691409508 0.8367451381780963 0.09674728940783986 0.10337768679631525
0 0.6075896580483736 0.8357215967246674 0.0408673894912427 0.08904810644831115
0 0.5700583819849875 0.8955987717502559 0.13928273561301083 0.10030706243602866
0 0.3744787322768974 0.28454452405322417 0.05170975813177648 0.06755373592630502
0 0.4945788156797331 0.19396110542476971 0.060050041701417846 0.062436028659160696
0 0.32777314428690574 0.1985670419651996 0.040033361134278564 0.06345957011258956
0 0.39741451209341117 0.19344933469805528 0.11092577147623019 0.12282497441146367
0 0.45663052543786486 0.883828045035824 0.03252710592160133 0.04196519959058342
0 0.5258548790658882 0.9488229273285568 0.03252710592160133 0.032753326509723645
0 0.4716430358632193 0.9508700102354145 0.03419516263552961 0.042988741044012284
