0 0.05387596899224806 0.2973609802073515 0.09534883720930232 0.12723845428840716
0 0.1248062015503876 0.37417530631479734 0.02945736434108527 0.03770028275212064
0 0.05852713178294573 0.3892554194156456 0.1 0.05089538171536286
0 0.04496124031007752 0.4835061262959472 0.06821705426356589 0.15080113100848255
0 0.08875968992248062 0.4302544769085768 0.07984496124031007 0.027332704995287463
0 0.04806201550387597 0.5961357210179076 0.06821705426356589 0.08388312912346843
0 0.06007751937984496 0.6918001885014138 0.08759689922480621 0.10744580584354382
0 0.11550387596899225 0.6314797360980208 0.031007751937984496 0.024505183788878417
0 0.11434108527131782 0.6668237511781339 0.011627906976744186 0.021677662582469368
0 0.12093023255813953 0.7120640904806785 0.03875968992248062 0.02544769085768143
0 0.04534883720930233 0.7563619227144204 0.05503875968992248 0.04995287464655985
0 0.07093023255813953 0.8242224316682375 0.10310077519379846 0.11215834118755891
0 0.20930232558139533 0.708765315739868 0.04806201550387597 0.05089538171536286
0 0.15348837209302324 0.6041470311027333 0.03565891472868217 0.03581526861451461
0 0.15038759689922482 0.5400565504241281 0.040310077519379844 0.03770028275212064
0 0.14806201550387596 0.4764373232799246 0.04496124031007752 0.05183788878416588
0 0.2062015503875969 0.5301602262016964 0.03875968992248062 0.05372290292177191
0 0.24651162790697673 0.49764373232799247 0.043410852713178294 0.06220546654099906
0 0.19689922480620153 0.4632422243166824 0.031007751937984496 0.04995287464655985
0 0.1686046511627907 0.42177191328934965 0.02558139534883721 0.04241281809613572
0 0.18643410852713177 0.3934967012252592 0.024031007751937984 0.04241281809613572
0 0.1817829457364341 0.34448633364750236 0.04883720930232558 0.04052780395852969
0 0.23217054263565892 0.43873704052780393 0.030232558139534883 0.03298774740810556
0 0.24108527131782945 0.40433553251649385 0.03255813953488372 0.030160226201696512
0 0.32170542635658916 0.40433553251649385 0.13023255813953488 0.12064090480678605
0 0.2682170542635659 0.3407163053722903 0.09302325581395349 0.07257304429783223
0 0.28488372093023256 0.29123468426013194 0.06744186046511627 0.0414703110273327
0 0.36666666666666664 0.5131950989632422 0.046511627906976744 0.09896324222431668
0 0.4131782945736434 0.6060320452403393 0.07906976744186046 0.08105560791705937
0 0.31007751937984496 0.5989632422243166 0.034108527131782945 0.04241281809613572
0 0.25426356589147286 0.616870876531574 0.04806201550387597 0.048067860508953814
0 0.5310077519379844 0.48963242224316683 0.06201550387596899 0.07257304429783223
0 0.49883720930232556 0.5702167766258247 0.020930232558139535 0.02639019792648445
0 0.35930232558139535 0.6597549481621112 0.07519379844961241 0.043355325164938736
0 0.20736434108527133 0.6319509896324222 0.030232558139534883 0.036757775683317624
0 0.26007751937984497 0.6639962299717248 0.02558139534883721 0.027332704995287463
0 0.26395348837209304 0.7295004712535343 0.02558139534883721 0.02639019792648445
0 0.3515503875968992 0.7483506126295947 0.10465116279069767 0.10179076343072573
0 0.4445736434108527 0.7431668237511782 0.04573643410852713 0.07822808671065033
0 0.3124031007751938 0.7954759660697455 0.06046511627906977 0.0471253534401508
0 0.336046511627907 0.8699340245051838 0.050387596899224806 0.09613572101790763
0 0.40620155038759687 0.8496701225259189 0.040310077519379844 0.06691800188501414
0 0.4197674418604651 0.9161168708765316 0.05813953488372093 0.049010367577756835
0 0.5112403100775194 0.6573986804901036 0.09224806201550387 0.07822808671065033
0 0.5984496124031008 0.6267672007540056 0.06821705426356589 0.05843543826578699
0 0.6135658914728682 0.5885956644674835 0.030232558139534883 0.048067860508953814
0 0.5658914728682171 0.5249764373232799 0.06976744186046512 0.07540056550424128
0 0.6050387596899225 0.414703110273327 0.06744186046511627 0.07728557964184732
0 0.5279069767441861 0.3704052780395853 0.06666666666666667 0.13760603204524033
0 0.4170542635658915 0.44863336475023563 0.07751937984496124 0.15645617342130066
0 0.4565891472868217 0.4213006597549481 0.046511627906976744 0.0885956644674835
0 0.48410852713178293 0.30395852968897263 0.09534883720930232 0.08199811498586239
0 0.5430232558139535 0.25070688030160226 0.056589147286821705 0.06220546654099906
0 0.5658914728682171 0.33223374175306314 0.017054263565891473 0.03487276154571159
0 0.5468992248062016 0.41658812441093307 0.01317829457364341 0.022620169651272386
0 0.6445736434108527 0.3774740810556079 0.030232558139534883 0.036757775683317624
0 0.6015503875968993 0.27191328934967013 0.02635658914728682 0.08199811498586239
0 0.6511627906976745 0.266258246936852 0.05891472868217054 0.09330819981149858
0 0.6937984496124031 0.2973609802073515 0.04806201550387597 0.07822808671065033
0 0.7050387596899225 0.4886899151743638 0.06434108527131782 0.10838831291234684
0 0.7782945736434108 0.4528746465598492 0.08217054263565891 0.07257304429783223
0 0.7294573643410852 0.37511781338360034 0.11162790697674418 0.12064090480678605
0 0.8337209302325581 0.553722902921772 0.08449612403100776 0.07257304429783223
0 0.7379844961240309 0.55937794533459 0.05116279069767442 0.04052780395852969
0 0.7655038759689923 0.6305372290292177 0.12325581395348836 0.1357210179076343
0 0.6298449612403101 0.6701225259189444 0.030232558139534883 0.033930254476908575
0 0.6755813953488372 0.617813383600377 0.04573643410852713 0.057492931196983975
0 0.665891472868217 0.6908576814326107 0.06201550387596899 0.08105560791705937
0 0.601937984496124 0.6960414703110274 0.05193798449612403 0.05560791705937795
0 0.5263565891472868 0.7752120640904807 0.14263565891472868 0.11215834118755891
0 0.5302325581395348 0.7299717247879359 0.05426356589147287 0.05372290292177191
0 0.7096899224806201 0.7577756833176249 0.10155038759689922 0.049010367577756835
0 0.7817829457364341 0.7229029217719133 0.06899224806201551 0.03770028275212064
0 0.7468992248062015 0.799717247879359 0.03333333333333333 0.04429783223374175
0 0.6736434108527132 0.8317624882186616 0.09457364341085271 0.10084825636192271
0 0.6073643410852713 0.8331762488218661 0.03953488372093023 0.08671065032987747
0 0.5720930232558139 0.8930254476908577 0.13643410852713178 0.09896324222431668
0 0.3616279069767442 0.3072573044297832 0.050387596899224806 0.06597549481621112
0 0.47713178294573644 0.21394910461828462 0.05813953488372093 0.060320452403393024
0 0.31356589147286823 0.22525918944392082 0.03953488372093023 0.06220546654099906
0 0.38139534883720927 0.2177191328934967 0.10852713178294573 0.12064090480678605
0 0.460077519379845 0.8868991517436381 0.03178294573643411 0.0414703110273327
0 0.5302325581395348 0.9472196041470311 0.031007751937984496 0.03204524033930255
0 0.47713178294573644 0.9514608859566447 0.03333333333333333 0.04241281809613572
