0 0.9271875 0.7484615384615385 0.096875 0.13076923076923078
0 0.8565625 0.6661538461538462 0.029375000000000002 0.038461538461538464
0 0.925 0.6526923076923077 0.10125 0.05153846153846154
0 0.94125 0.5561538461538461 0.06875 0.15538461538461537
0 0.895 0.6092307692307692 0.08125 0.027692307692307693
0 0.9409375 0.43923076923076926 0.069375 0.08615384615384615
0 0.9309375 0.3392307692307692 0.089375 0.11076923076923077
0 0.8728125 0.4 0.030625 0.024615384615384615
0 0.8746875000000001 0.36346153846153845 0.011875 0.02076923076923077
0 0.869375 0.31653846153846155 0.03875 0.025384615384615384
0 0.9475 0.27307692307692305 0.05625 0.05076923076923077
0 0.923125 0.2023076923076923 0.105 0.11538461538461539
0 0.77875 0.3161538461538462 0.04875 0.052307692307692305
0 0.833125 0.42653846153846153 0.03625 0.036153846153846154
0 0.8346875 0.49346153846153845 0.040625 0.03769230769230769
0 0.8353125 0.5596153846153846 0.045625 0.05307692307692308
0 0.7771875 0.5011538461538462 0.039375 0.054615384615384614
0 0.735 0.5338461538461539 0.043750000000000004 0.06307692307692307
0 0.785 0.5711538461538461 0.03125 0.05
0 0.8128125 0.6153846153846154 0.025625000000000002 0.043076923076923075
0 0.7937500000000001 0.6438461538461538 0.02375 0.043076923076923075
0 0.7978125 0.6946153846153846 0.049375 0.04153846153846154
0 0.7484375 0.5953846153846154 0.030625 0.033846153846153845
0 0.7384375 0.6303846153846154 0.031875 0.03
0 0.655625 0.6273076923076923 0.1325 0.12384615384615384
0 0.7090625 0.6953846153846154 0.094375 0.07384615384615384
0 0.6909375 0.7457692307692307 0.068125 0.04230769230769231
0 0.6128125 0.5130769230769231 0.046875 0.10153846153846154
0 0.5675 0.4153846153846154 0.08 0.08307692307692308
0 0.6725 0.42615384615384616 0.03375 0.043076923076923075
0 0.7303125 0.4096153846153846 0.048125 0.04846153846153846
0 0.4440625 0.5311538461538462 0.063125 0.07461538461538461
0 0.4784375 0.4492307692307692 0.020625 0.026153846153846153
0 0.62375 0.36153846153846153 0.07625 0.043076923076923075
0 0.77875 0.39615384615384613 0.03 0.03692307692307692
0 0.7253125 0.3607692307692308 0.025625000000000002 0.027692307692307693
0 0.7234375000000001 0.2926923076923077 0.025625000000000002 0.026923076923076925
0 0.63375 0.27 0.10625 0.10461538461538461
0 0.5387500000000001 0.27153846153846156 0.04625 0.08
0 0.675 0.2226923076923077 0.06125 0.04846153846153846
0 0.6528125 0.14461538461538462 0.050625 0.09846153846153846
0 0.5803125 0.1626923076923077 0.040625 0.06846153846153846
0 0.5684375 0.09346153846153846 0.058125 0.05
0 0.468125 0.35846153846153844 0.09375 0.08
0 0.378125 0.3869230769230769 0.06875 0.06
0 0.361875 0.4257692307692308 0.03 0.04846153846153846
0 0.4090625 0.49346153846153845 0.07062500000000001 0.07769230769230769
0 0.3659375 0.6061538461538462 0.068125 0.08
0 0.4440625 0.6546153846153846 0.066875 0.14153846153846153
0 0.5593750000000001 0.578076923076923 0.07875 0.16076923076923078
0 0.5184375 0.605 0.046875 0.09153846153846154
0 0.4871875 0.7253846153846154 0.096875 0.08461538461538462
0 0.42562500000000003 0.7780769230769231 0.0575 0.06384615384615384
0 0.404375 0.693076923076923 0.01625 0.03538461538461538
0 0.4259375 0.6065384615384616 0.013125 0.022307692307692306
0 0.3246875 0.6434615384615384 0.030625 0.03769230769230769
0 0.36625 0.7542307692307693 0.02625 0.08384615384615385
0 0.3153125 0.7580769230769231 0.059375000000000004 0.09615384615384616
0 0.2725 0.7246153846153847 0.04875 0.08
0 0.265625 0.5257692307692308 0.065 0.11153846153846154
0 0.19 0.56 0.08375 0.07384615384615384
0 0.238125 0.6426923076923077 0.11375 0.12384615384615384
0 0.135625 0.45346153846153847 0.08625000000000001 0.07461538461538461
0 0.2340625 0.4511538461538461 0.051875000000000004 0.040769230769230766
0 0.2071875 0.37653846153846154 0.12562500000000001 0.13923076923076924
0 0.34750000000000003 0.34076923076923077 0.03 0.033846153846153845
0 0.2990625 0.3930769230769231 0.045625 0.05846153846153846
0 0.310625 0.3176923076923077 0.0625 0.08307692307692308
0 0.3765625 0.31461538461538463 0.051875000000000004 0.05692307692307692
0 0.4559375 0.2353846153846154 0.145625 0.11538461538461539
0 0.450625 0.2826923076923077 0.055 0.054615384615384614
0 0.2678125 0.24653846153846154 0.10312500000000001 0.05
0 0.193125 0.2803846153846154 0.07 0.03769230769230769
0 0.230625 0.20192307692307693 0.03375 0.045384615384615384
0 0.30625 0.17192307692307693 0.09625 0.10384615384615385
0 0.374375 0.1726923076923077 0.04 0.08846153846153847
0 0.411875 0.11192307692307692 0.13875 0.10076923076923076
0 0.6125 0.7265384615384616 0.051250000000000004 0.06692307692307692
0 0.4921875 0.8192307692307692 0.059375000000000004 0.06153846153846154
0 0.66 0.813076923076923 0.04 0.06307692307692307
0 0.5903125 0.8188461538461539 0.110625 0.12384615384615384
0 0.52625 0.12230769230769231 0.03125 0.04153846153846154
0 0.45625 0.057692307692307696 0.03125 0.03230769230769231
0 0.510625 0.055 0.03375 0.04230769230769231
