0 0.1 0.3596153846153846 0.2 0.4084615384615385
0 0.096875 0.7334615384615385 0.19375 0.32384615384615384
0 0.1559375 0.4196153846153846 0.051875000000000004 0.045384615384615384
0 0.13468750000000002 0.5557692307692308 0.029375000000000002 0.05
0 0.4025 0.24769230769230768 0.265 0.32153846153846155
0 0.5659375 0.36 0.234375 0.24
0 0.484375 0.48307692307692307 0.043750000000000004 0.05384615384615385
0 0.443125 0.4623076923076923 0.0375 0.03692307692307692
0 0.3828125 0.44076923076923075 0.056875 0.055384615384615386
0 0.5315625 0.7042307692307692 0.393125 0.39
0 0.77 0.3669230769230769 0.1775 0.17076923076923076
0 0.9321875000000001 0.06346153846153846 0.134375 0.12538461538461537
0 0.5053125 0.9215384615384615 0.088125 0.09384615384615384
0 0.5690625 0.96 0.051875000000000004 0.05692307692307692
0 0.973125 0.5423076923076923 0.0325 0.05384615384615385
