0 0.1 0.35884615384615387 0.2 0.4084615384615385
0 0.096875 0.7326923076923076 0.19375 0.32384615384615384
0 0.1559375 0.41884615384615387 0.051875000000000004 0.045384615384615384
0 0.13468750000000002 0.555 0.029375000000000002 0.05
0 0.4025 0.2469230769230769 0.265 0.32153846153846155
0 0.5659375 0.35923076923076924 0.234375 0.24
0 0.484375 0.4823076923076923 0.043750000000000004 0.05384615384615385
0 0.443125 0.46153846153846156 0.0375 0.03692307692307692
0 0.3828125 0.44 0.056875 0.055384615384615386
0 0.5315625 0.7034615384615385 0.393125 0.39
0 0.77 0.36615384615384616 0.1775 0.17076923076923076
0 0.9321875000000001 0.06269230769230769 0.134375 0.12538461538461537
0 0.5053125 0.9207692307692308 0.088125 0.09384615384615384
0 0.5690625 0.9592307692307692 0.051875000000000004 0.05692307692307692
0 0.973125 0.5415384615384615 0.0325 0.05384615384615385
