0 0.10378188214599825 0.3566810344827586 0.19876868953386104 0.40301724137931033
0 0.09762532981530343 0.7257543103448276 0.19349164467897978 0.32004310344827586
0 0.15875109938434478 0.41648706896551724 0.051890941072999124 0.04633620689655173
0 0.1363236587510994 0.5506465517241379 0.029903254177660512 0.04956896551724138
0 0.4045734388742305 0.2505387931034483 0.2638522427440633 0.31788793103448276
0 0.5659630606860159 0.3631465517241379 0.23306948109058928 0.23706896551724138
0 0.4837291116974495 0.4838362068965517 0.04397537379067722 0.05387931034482758
0 0.44283201407211964 0.46282327586206895 0.03781882145998241 0.03771551724137931
0 0.38390501319261217 0.44073275862068967 0.05716798592788039 0.05603448275862069
0 0.5285839929639402 0.7025862068965517 0.39050131926121373 0.3857758620689655
0 0.768249780123131 0.3723060344827586 0.17678100263852242 0.16918103448275862
0 0.9313984168865436 0.07543103448275862 0.13368513632365875 0.125
0 0.5008795074758136 0.9164870689655172 0.08883025505716799 0.09375
0 0.563764291996482 0.955280172413793 0.052770448548812667 0.05711206896551724
0 0.967458223394899 0.5484913793103449 0.03342128408091469 0.05387931034482758
