0 0.11042183622828784 0.3999003984063745 0.19272125723738626 0.3834661354581673
0 0.12365591397849462 0.7504980079681275 0.18610421836228289 0.30378486055776893
0 0.16666666666666666 0.45268924302788843 0.050454921422663356 0.04282868525896414
0 0.15177832919768403 0.5816733067729084 0.028949545078577336 0.04780876494023904
0 0.39495450785773367 0.27639442231075695 0.25392886683209265 0.301792828685259
0 0.5562448304383788 0.3710159362549801 0.22580645161290322 0.22609561752988047
0 0.48345740281224153 0.4915338645418327 0.04218362282878412 0.05079681274900398
0 0.44334160463192723 0.474601593625498 0.03639371381306865 0.0348605577689243
0 0.38420181968569067 0.4586653386454183 0.055417700578990904 0.052788844621513946
0 0.5380479735318445 0.695219123505976 0.3763440860215054 0.3665338645418327
0 0.7518610421836228 0.3645418326693227 0.17038875103391232 0.16135458167330677
0 0.8941273779983457 0.07021912350597609 0.12903225806451613 0.11852589641434262
0 0.5223325062034739 0.900398406374502 0.08519437551695616 0.08964143426294821
0 0.5851943755169562 0.9322709163346613 0.050454921422663356 0.053784860557768925
0 0.9536807278742763 0.5159362549800797 0.03143093465674111 0.05179282868525896
