0 0.8931330472103004 0.390738813735692 0.19484978540772532 0.39229968782518215
0 0.8849785407725321 0.7486992715920916 0.18884120171673818 0.3111342351716962
0 0.8369098712446351 0.4458896982310094 0.05150214592274678 0.04474505723204995
0 0.8536480686695278 0.577003121748179 0.030042918454935622 0.04890738813735693
0 0.6025751072961373 0.2705515088449532 0.2575107296137339 0.30801248699271594
0 0.44034334763948496 0.37096774193548393 0.22832618025751072 0.2299687825182102
0 0.5163090128755364 0.4921956295525495 0.04377682403433476 0.052029136316337155
0 0.5570815450643777 0.47398543184183145 0.03776824034334764 0.036420395421436005
0 0.6158798283261803 0.4557752341311135 0.05579399141630901 0.05411030176899064
0 0.4639484978540772 0.7018730489073882 0.38197424892703863 0.3735691987513008
0 0.24248927038626608 0.36836628511966707 0.1725321888412017 0.1644120707596254
0 0.09399141630901287 0.07180020811654528 0.13133047210300428 0.12070759625390219
0 0.48326180257510726 0.9105098855359002 0.08583690987124463 0.09157127991675339
0 0.42017167381974246 0.9443288241415193 0.050643776824034335 0.05515088449531738
0 0.040343347639484974 0.5275754422476587 0.03261802575107296 0.052029136316337155
