0 0.10203252032520325 0.3644067796610169 0.1991869918699187 0.4057826520438684
0 0.10121951219512196 0.734297108673978 0.1926829268292683 0.3220338983050847
0 0.15772357723577235 0.42273180458624127 0.05203252032520325 0.04586241276171485
0 0.1378048780487805 0.5578265204386839 0.03008130081300813 0.05084745762711864
0 0.4016260162601626 0.25024925224327016 0.2634146341463415 0.3190428713858424
0 0.5646341463414634 0.36041874376869387 0.23333333333333334 0.23828514456630107
0 0.4845528455284553 0.4825523429710867 0.04390243902439024 0.053838484546360914
0 0.4434959349593496 0.46261216350947154 0.038211382113821135 0.03788634097706879
0 0.38333333333333336 0.44167497507477566 0.05772357723577236 0.05583250249252243
0 0.5329268292682927 0.7008973080757727 0.3910569105691057 0.386839481555334
0 0.767479674796748 0.3649052841475573 0.1772357723577236 0.1694915254237288
0 0.9264227642276422 0.06331006979062812 0.13414634146341464 0.1246261216350947
0 0.508130081300813 0.9162512462612162 0.08780487804878048 0.09371884346959122
0 0.5715447154471545 0.9536390827517447 0.05203252032520325 0.05682951146560319
0 0.9703252032520325 0.5363908275174476 0.03333333333333333 0.053838484546360914
