0 0.8934092758340114 0.6210474308300394 0.1952807160292921 0.3942687747035573
0 0.887306753458096 0.26136363636363635 0.18958502847843775 0.31324110671936756
0 0.8376729048006509 0.5657114624505929 0.05126118795768918 0.044466403162055336
0 0.8547599674532139 0.43379446640316205 0.030105777054515864 0.04940711462450593
0 0.6008950366151342 0.7401185770750988 0.2595606183889341 0.3102766798418972
0 0.4385679414157852 0.6378458498023715 0.2294548413344182 0.23221343873517786
0 0.5154597233523189 0.516798418972332 0.04312449145646867 0.0533596837944664
0 0.5561432058584215 0.5350790513833992 0.03661513425549227 0.036561264822134384
0 0.6155410903173312 0.5538537549407114 0.05614320585842148 0.05434782608695652
0 0.46379170056956875 0.30583003952569165 0.3840520748576078 0.37648221343873517
0 0.23962571196094384 0.6388339920948616 0.17331163547599673 0.1650197628458498
0 0.0886899918633035 0.9367588932806323 0.13181448331977216 0.12252964426877469
0 0.484540276647681 0.09535573122529643 0.0870626525630594 0.09189723320158102
0 0.4210740439381611 0.06077075098814229 0.05126118795768918 0.05632411067193675
0 0.037428803905614316 0.47727272727272724 0.03254678600488202 0.0533596837944664
