0 0.1 0.6373076923076924 0.2 0.4084615384615385
0 0.096875 0.26346153846153847 0.19375 0.32384615384615384
0 0.1559375 0.5773076923076923 0.051875000000000004 0.045384615384615384
0 0.13468750000000002 0.4411538461538462 0.029375000000000002 0.05
0 0.4025 0.7492307692307693 0.265 0.32153846153846155
0 0.5659375 0.6369230769230769 0.234375 0.24
0 0.484375 0.5138461538461538 0.043750000000000004 0.05384615384615385
0 0.443125 0.5346153846153846 0.0375 0.03692307692307692
0 0.3828125 0.5561538461538461 0.056875 0.055384615384615386
0 0.5315625 0.2926923076923077 0.393125 0.39
0 0.77 0.63 0.1775 0.17076923076923076
0 0.9321875000000001 0.9334615384615385 0.134375 0.12538461538461537
0 0.5053125 0.07538461538461538 0.088125 0.09384615384615384
0 0.5690625 0.03692307692307692 0.051875000000000004 0.05692307692307692
0 0.973125 0.4546153846153846 0.0325 0.05384615384615385
