0 0.10821181887950883 0.3746492048643592 0.19646968534151957 0.39756782039289057
0 0.11204911742133537 0.7380729653882133 0.19033000767459707 0.3161833489242283
0 0.16385264773599387 0.431244153414406 0.051419800460475826 0.044901777362020584
0 0.14581734458940906 0.5645463049579046 0.02916346891788181 0.04957904583723106
0 0.4029163468917882 0.2577174929840973 0.26093630084420566 0.31337698783910195
0 0.5652340752110514 0.36202057998129095 0.23100537221795855 0.23386342376052385
0 0.487720644666155 0.4840972871842844 0.043745203376822715 0.05332086061739944
0 0.44627782041442826 0.46492048643592143 0.03760552570990023 0.037418147801683815
0 0.38679969301611666 0.44574368568755846 0.056792018419033 0.05519176800748363
0 0.5376055257099003 0.6978484565014031 0.3860322333077513 0.37979420018709076
0 0.7651573292402148 0.36342376052385406 0.17498081350729086 0.16744621141253507
0 0.9186492709132771 0.06407857811038353 0.13200306983883345 0.1225444340505145
0 0.5161166538756715 0.9092609915809168 0.08672294704528012 0.09167446211412535
0 0.579048349961627 0.9448082319925164 0.051419800460475826 0.05612722170252572
0 0.967766692248657 0.5280636108512629 0.03223330775134305 0.05332086061739944
