0 0.11244019138755981 0.3501454898157129 0.19617224880382775 0.3957322987390883
0 0.10127591706539076 0.7109602327837051 0.189792663476874 0.3142580019398642
0 0.16586921850079744 0.4102812803103783 0.051036682615629984 0.0446168768186227
0 0.1423444976076555 0.5407371483996121 0.029505582137161084 0.049466537342386034
0 0.41068580542264754 0.25266731328806985 0.25996810207336524 0.3113482056256062
0 0.5677830940988836 0.36663433559650827 0.22966507177033493 0.23278370514064015
0 0.4852472089314195 0.482541222114452 0.043859649122807015 0.0533462657613967
0 0.44537480063795853 0.460717749757517 0.03748006379585327 0.03685741998060136
0 0.3871610845295056 0.43840931134820565 0.05661881977671451 0.05431619786614937
0 0.5263157894736842 0.6978661493695442 0.3843700159489633 0.3773035887487876
0 0.7667464114832536 0.3802133850630456 0.17464114832535885 0.16488845780795344
0 0.9318181818181819 0.09311348205625607 0.13157894736842105 0.12221144519883609
0 0.4956140350877193 0.9064015518913676 0.08692185007974482 0.0921435499515034
0 0.5570175438596491 0.9456838021338506 0.051834130781499205 0.05625606207565471
0 0.9613237639553429 0.5562560620756547 0.03269537480063796 0.0533462657613967
