0 0.1095360824742268 0.34764397905759165 0.19673539518900343 0.3979057591623037
0 0.09965635738831614 0.7104712041884818 0.19072164948453607 0.31518324607329845
0 0.16323024054982818 0.4073298429319372 0.05154639175257732 0.04607329842931938
0 0.1400343642611684 0.5387434554973822 0.029209621993127148 0.04921465968586388
0 0.40850515463917525 0.24764397905759164 0.2603092783505155 0.3130890052356021
0 0.5665807560137457 0.36125654450261785 0.2310996563573883 0.23455497382198956
0 0.484106529209622 0.47801047120418855 0.04381443298969072 0.05340314136125655
0 0.44415807560137455 0.4570680628272252 0.037800687285223365 0.03664921465968587
0 0.3857388316151203 0.4345549738219896 0.05670103092783505 0.05445026178010472
0 0.5262027491408935 0.6942408376963352 0.3857388316151203 0.3790575916230367
0 0.7663230240549828 0.37329842931937174 0.17525773195876287 0.16649214659685865
0 0.9312714776632303 0.08324607329842933 0.1323024054982818 0.12251308900523561
0 0.4965635738831615 0.9047120418848168 0.08762886597938144 0.09214659685863875
0 0.5584192439862543 0.943455497382199 0.05154639175257732 0.05654450261780105
0 0.9621993127147767 0.5492146596858639 0.03264604810996564 0.05340314136125655
