0 0.899375 0.6396153846153846 0.2 0.4084615384615385
0 0.9025 0.26576923076923076 0.19375 0.32384615384615384
0 0.8434375000000001 0.5796153846153846 0.051875000000000004 0.045384615384615384
0 0.8646875 0.44346153846153846 0.029375000000000002 0.05
0 0.596875 0.7515384615384615 0.265 0.32153846153846155
0 0.43343750000000003 0.6392307692307693 0.234375 0.24
0 0.515 0.5161538461538462 0.043750000000000004 0.05384615384615385
0 0.55625 0.536923076923077 0.0375 0.03692307692307692
0 0.6165625 0.5584615384615385 0.056875 0.055384615384615386
0 0.4678125 0.295 0.393125 0.39
0 0.229375 0.6323076923076923 0.1775 0.17076923076923076
0 0.0671875 0.9357692307692308 0.134375 0.12538461538461537
0 0.4940625 0.07769230769230769 0.088125 0.09384615384615384
0 0.4303125 0.03923076923076923 0.051875000000000004 0.05692307692307692
0 0.02625 0.45692307692307693 0.0325 0.05384615384615385
