0 0.13626209977661952 0.33348095659876 0.18763961280714817 0.3693534100974314
0 0.10871183916604617 0.670947741364039 0.18168279970215934 0.29317980513728964
0 0.18466120625465376 0.3937112488928255 0.049143708116157855 0.04162976085031001
0 0.15562174236783322 0.5141718334809566 0.02829486224869695 0.04517271922054916
0 0.42591213700670144 0.2621789193976971 0.2486969471332837 0.29052258635961026
0 0.5707371556217423 0.3795394154118689 0.21965748324646314 0.21700620017714792
0 0.4869694713328369 0.48272807794508416 0.04169769173492182 0.049601417183348095
0 0.44973938942665675 0.4596988485385297 0.035740878629932984 0.03365810451727192
0 0.39463886820551003 0.4344552701505757 0.05361131794489948 0.050487156775907885
0 0.5160089352196575 0.6864481842338352 0.36783320923306034 0.35252435783879543
0 0.7609828741623231 0.40522586359610274 0.16679076693968728 0.1550044286979628
0 0.9326135517498139 0.14747564216120462 0.12583767684288905 0.11426040744021258
0 0.47728965003723006 0.8799822852081488 0.08339538346984364 0.08591674047829938
0 0.533879374534624 0.920726306465899 0.049143708116157855 0.05225863596102746
0 0.9389426656738645 0.58325952170062 0.03127326880119136 0.04871567759078831
