0 0.17546848381601363 0.4349635796045786 0.044293015332197615 0.03954214360041624
0 0.40417376490630325 0.9609781477627473 0.065587734241908 0.06139438085327784
0 0.8300681431005111 0.5822060353798127 0.048551959114139696 0.07180020811654528
0 0.09582623509369677 0.3850156087408949 0.05536626916524702 0.060353798126951096
0 0.7044293015332198 0.8595213319458898 0.08177172061328791 0.11654526534859522
0 0.9620954003407155 0.5385015608740895 0.062180579216354344 0.07388137356919876
0 0.5732538330494038 0.9573361082206037 0.06303236797274277 0.060353798126951096
0 0.32921635434412266 0.9448491155046828 0.03833049403747871 0.060353798126951096
0 0.5813458262350937 0.5915712799167534 0.051959114139693355 0.06347554630593133
0 0.6000851788756388 0.8688865764828305 0.03833049403747871 0.04994797086368367
0 0.6733390119250426 0.1004162330905307 0.051959114139693355 0.1446409989594173
0 0.6128620102214651 0.040062434963579606 0.041737649063032366 0.06347554630593133
0 0.3632879045996593 0.8761706555671177 0.12691652470187395 0.09781477627471385
0 0.37052810902896083 0.6680541103017691 0.030664395229982964 0.06867845993756504
0 0.610732538330494 0.11394380853277837 0.06814310051107325 0.053069719042663895
0 0.7461669505962522 0.9302809573361083 0.034071550255536626 0.060353798126951096
0 0.1797274275979557 0.6571279916753382 0.044293015332197615 0.04058272632674298
0 0.03492333901192504 0.7549427679500521 0.04940374787052811 0.059313215400624356
0 0.08262350936967632 0.6207075962539023 0.09028960817717206 0.08636836628511968
0 0.03236797274275979 0.7950052029136317 0.04258943781942078 0.03954214360041624
0 0.9748722316865418 0.3761706555671176 0.031516183986371384 0.05515088449531738
0 0.31771720613287907 0.9791883454734652 0.034071550255536626 0.029136316337148804
0 0.5489778534923339 0.5463059313215402 0.051959114139693355 0.0894901144640999
0 0.6614139693356048 0.9458896982310094 0.048551959114139696 0.08116545265348596
0 0.5481260647359455 0.4682622268470344 0.0434412265758092 0.05411030176899064
0 0.0217206132879046 0.6841831425598336 0.024701873935264056 0.06347554630593133
0 0.09795570698466781 0.33870967741935487 0.02385008517887564 0.03433922996878252
0 0.05068143100511073 0.4552549427679501 0.07240204429301533 0.09053069719042665
0 0.17546848381601363 0.3033298647242456 0.02385008517887564 0.04682622268470344
0 0.5234241908006815 0.9547346514047867 0.029812606473594547 0.05723204994797087
0 0.6686541737649063 0.2008324661810614 0.06814310051107325 0.05827263267429761
0 0.16652470187393525 0.245057232049948 0.03321976149914821 0.02393340270551509
0 0.217206132879046 0.9604578563995838 0.027257240204429302 0.07075962539021853
0 0.9574105621805792 0.014047866805411032 0.05110732538330494 0.026014568158168577
0 0.01192504258943782 0.48751300728407915 0.010221465076660989 0.05515088449531738
0 0.7977001703577513 0.9464099895941728 0.03492333901192504 0.07388137356919876
0 0.3628620102214651 0.394901144640999 0.323679727427598 0.46305931321540067
0 0.2231686541737649 0.9141519250780438 0.04770017035775128 0.036420395421436005
0 0.9723168654173765 0.45005202913631637 0.03833049403747871 0.04474505723204995
0 0.653747870528109 0.9781477627471384 0.026405451448040886 0.01664932362122789
0 0.1141396933560477 0.23725286160249742 0.027257240204429302 0.04786680541103018
0 0.9620954003407155 0.6108220603537982 0.041737649063032366 0.04994797086368367
0 0.014480408858603067 0.09469302809573361 0.027257240204429302 0.020811654526534863
0 0.04131175468483816 0.10613943808532779 0.01788756388415673 0.03746097814776275
0 0.444633730834753 0.5374609781477628 0.02555366269165247 0.026014568158168577
0 0.623083475298126 0.9724245577523414 0.026405451448040886 0.028095733610822064
0 0.10562180579216354 0.44901144640998963 0.03236797274275979 0.06347554630593133
0 0.7333901192504259 0.5848074921956296 0.2555366269165247 0.299687825182102
0 0.6401192504258943 0.3470343392299688 0.1695059625212947 0.2819979188345474
0 0.7367972742759795 0.3558792924037461 0.06814310051107325 0.10405827263267431
