0 0.18085106382978725 0.44809866392600206 0.04340425531914894 0.03905447070914697
0 0.4165957446808511 0.9496402877697842 0.06382978723404255 0.05960945529290853
0 0.8246808510638298 0.5688591983556013 0.04765957446808511 0.06885919835560124
0 0.10212765957446808 0.4023638232271326 0.05446808510638298 0.05858170606372046
0 0.7080851063829787 0.841726618705036 0.08 0.1130524152106886
0 0.9527659574468085 0.5226104830421378 0.06042553191489362 0.07091469681397738
0 0.5817021276595744 0.9403905447070915 0.062127659574468086 0.05960945529290853
0 0.34297872340425534 0.9362795477903392 0.0374468085106383 0.05960945529290853
0 0.5817021276595744 0.5858170606372045 0.05191489361702128 0.06166495375128469
0 0.6059574468085106 0.8535457348406988 0.0374468085106383 0.048304213771839674
0 0.6608510638297872 0.10842754367934224 0.05021276595744681 0.14080164439876672
0 0.6004255319148936 0.051901336073997946 0.04 0.06063720452209661
0 0.37446808510638296 0.8689619732785201 0.12425531914893617 0.09352517985611511
0 0.3770212765957447 0.6670092497430627 0.030638297872340424 0.065775950668037
0 0.6 0.12332990750256938 0.06638297872340425 0.051387461459403906
0 0.7502127659574468 0.9090441932168551 0.033191489361702124 0.05858170606372046
0 0.18978723404255318 0.6628982528263104 0.0425531914893617 0.03905447070914697
0 0.05063829787234043 0.7620760534429599 0.04851063829787234 0.0565262076053443
0 0.09404255319148937 0.63103802672148 0.0876595744680851 0.0842754367934224
0 0.04893617021276596 0.801130524152107 0.04170212765957447 0.03802672147995889
0 0.9617021276595744 0.3648509763617677 0.030638297872340424 0.053442959917780065
0 0.3323404255319149 0.9696813977389517 0.033191489361702124 0.02774922918807811
0 0.548936170212766 0.5436793422404933 0.05106382978723404 0.08633093525179857
0 0.6680851063829787 0.9260020554984584 0.04765957446808511 0.07810894141829394
0 0.5463829787234042 0.4681397738951696 0.0425531914893617 0.052415210688591986
0 0.03574468085106383 0.6942446043165468 0.023829787234042554 0.06063720452209661
0 0.10297872340425532 0.35765673175745116 0.023829787234042554 0.0328879753340185
0 0.05914893617021277 0.4722507708119219 0.07063829787234042 0.08735868448098665
0 0.17829787234042552 0.3211716341212744 0.02297872340425532 0.046248715313463515
0 0.5331914893617021 0.9393627954779035 0.029787234042553193 0.05549845837615622
0 0.6582978723404255 0.20554984583761562 0.06723404255319149 0.05755395683453238
0 0.1676595744680851 0.2646454265159301 0.03234042553191489 0.023638232271325797
0 0.23361702127659575 0.9552929085303187 0.026382978723404255 0.06885919835560124
0 0.9370212765957446 0.014902363823227132 0.04936170212765957 0.025693730729701953
0 0.02170212765957447 0.5046248715313464 0.009361702127659575 0.053442959917780065
0 0.8008510638297872 0.9218910585817061 0.03404255319148936 0.07194244604316546
0 0.3638297872340425 0.4028776978417266 0.3174468085106383 0.44809866392600206
0 0.23872340425531915 0.9100719424460432 0.04680851063829787 0.03391572456320658
0 0.9612765957446808 0.4362795477903392 0.03829787234042553 0.0421377183967112
0 0.6608510638297872 0.9578622816032888 0.026382978723404255 0.01644398766700925
0 0.11617021276595745 0.25847893114080167 0.026382978723404255 0.046248715313463515
0 0.9544680851063829 0.5924974306269271 0.04170212765957447 0.048304213771839674
0 0.01574468085106383 0.12435765673175746 0.026382978723404255 0.020554984583761562
0 0.04212765957446808 0.1341212744090442 0.017872340425531916 0.03597122302158273
0 0.4472340425531915 0.5380267214799589 0.024680851063829785 0.025693730729701953
0 0.6306382978723404 0.9537512846865365 0.02553191489361702 0.026721479958890033
0 0.1127659574468085 0.46351490236382326 0.03148936170212766 0.06166495375128469
0 0.7302127659574468 0.5750256937307298 0.2502127659574468 0.28879753340184994
0 0.6336170212765957 0.34789311408016443 0.16595744680851063 0.2723535457348407
0 0.7285106382978723 0.35303186022610483 0.06638297872340425 0.09969167523124357
