0 0.8229495268138801 0.43852065321805955 0.04337539432176656 0.0393852065321806
0 0.5922712933753943 0.9582132564841498 0.06466876971608833 0.06051873198847262
0 0.17152996845425866 0.5782901056676273 0.04810725552050473 0.07108549471661864
0 0.9026025236593059 0.3900096061479347 0.055993690851735015 0.059558117195004805
0 0.2949526813880126 0.8544668587896254 0.08201892744479496 0.11623439000960614
0 0.04100946372239748 0.5336215177713737 0.061514195583596214 0.07204610951008646
0 0.42468454258675076 0.9524495677233429 0.062302839116719244 0.06051873198847262
0 0.6667981072555205 0.9418828049951969 0.03864353312302839 0.06051873198847262
0 0.4187697160883281 0.5893371757925072 0.05205047318611987 0.06243996157540826
0 0.3982649842271293 0.8640730067243035 0.03785488958990536 0.04899135446685879
0 0.3304416403785489 0.10278578290105668 0.05205047318611987 0.1440922190201729
0 0.3907728706624606 0.043227665706051875 0.0417981072555205 0.06147934678194044
0 0.6336750788643533 0.8741594620557156 0.1253943217665615 0.09606147934678194
0 0.6281545741324921 0.6676272814601345 0.030757097791798107 0.06724303554274735
0 0.39235015772870663 0.11671469740634005 0.06703470031545741 0.052833813640730067
0 0.2527602523659306 0.9241114313160422 0.03391167192429022 0.059558117195004805
0 0.817429022082019 0.6589817483189241 0.04337539432176656 0.040345821325648415
0 0.9605678233438486 0.7564841498559077 0.04889589905362776 0.05859750240153698
0 0.9140378548895899 0.6239193083573487 0.08990536277602523 0.08549471661863592
0 0.9629337539432177 0.7968299711815562 0.04258675078864353 0.0393852065321806
0 0.02917981072555205 0.37319884726224783 0.031545741324921134 0.0547550432276657
0 0.6782334384858044 0.9759846301633045 0.033123028391167195 0.02881844380403458
0 0.4511041009463722 0.5456292026897214 0.05205047318611987 0.08837656099903939
0 0.33675078864353314 0.9399615754082613 0.0473186119873817 0.07973102785782901
0 0.45228706624605675 0.46829971181556196 0.04337539432176656 0.052833813640730067
0 0.9743690851735015 0.6873198847262247 0.02444794952681388 0.06243996157540826
0 0.9006309148264984 0.34438040345821325 0.02365930599369085 0.03362151777137368
0 0.9471608832807571 0.4606147934678194 0.0725552050473186 0.0893371757925072
0 0.8233438485804416 0.30835734870317 0.02365930599369085 0.04803073967339097
0 0.47358044164037855 0.9500480307396734 0.02917981072555205 0.05571565802113353
0 0.334384858044164 0.20220941402497597 0.06782334384858044 0.05859750240153698
0 0.8335962145110409 0.25120076849183476 0.033123028391167195 0.024015369836695485
0 0.7779968454258674 0.9591738712776177 0.026025236593059935 0.07012487992315082
0 0.04889589905362776 0.013928914505283382 0.050473186119873815 0.025936599423631124
0 0.985410094637224 0.49231508165225746 0.01025236593059937 0.0547550432276657
0 0.20149842271293375 0.9390009606147934 0.03391167192429022 0.07396733909702209
0 0.6368296529968454 0.39721421709894333 0.3225552050473186 0.45821325648414984
0 0.7720820189274448 0.9130643611911623 0.0473186119873817 0.03554274735830932
0 0.030757097791798107 0.4462055715658021 0.03785488958990536 0.043227665706051875
0 0.34424290220820186 0.9716618635926993 0.026025236593059935 0.01633045148895293
0 0.8856466876971608 0.24351585014409222 0.026813880126182965 0.047070124879923146
0 0.04061514195583596 0.6056676272814601 0.0417981072555205 0.04899135446685879
0 0.985410094637224 0.10278578290105668 0.027602523659305992 0.021133525456292025
0 0.9585962145110409 0.1138328530259366 0.01813880126182965 0.037463976945244955
0 0.554416403785489 0.537463976945245 0.025236593059936908 0.025936599423631124
0 0.375 0.9668587896253602 0.026025236593059935 0.027857829010566763
0 0.8923501577287066 0.4529298751200768 0.032334384858044164 0.06243996157540826
0 0.26774447949526814 0.5821325648414986 0.2531545741324921 0.29586935638808837
0 0.36198738170347 0.3472622478386167 0.16876971608832808 0.27953890489913547
0 0.2657728706624606 0.35494716618635924 0.06782334384858044 0.10278578290105668
