0 0.171875 0.5738461538461539 0.043750000000000004 0.04
0 0.3959375 0.03076923076923077 0.065625 0.06153846153846154
0 0.83375 0.4084615384615385 0.04875 0.07230769230769231
0 0.0915625 0.6269230769230769 0.055625 0.06
0 0.701875 0.1276923076923077 0.0825 0.11846153846153847
0 0.9684375000000001 0.45 0.061875 0.07384615384615384
0 0.5671875000000001 0.03076923076923077 0.063125 0.06153846153846154
0 0.3203125 0.04923076923076923 0.038125 0.06153846153846154
0 0.58125 0.405 0.0525 0.06384615384615384
0 0.5959375 0.12115384615384615 0.038125 0.05
0 0.6821875000000001 0.9046153846153846 0.051875000000000004 0.14769230769230768
0 0.6218750000000001 0.9676923076923077 0.04125 0.06307692307692307
0 0.355625 0.11846153846153847 0.1275 0.09846153846153846
0 0.3659375 0.33115384615384613 0.030625 0.06846153846153846
0 0.6184375 0.8919230769230769 0.068125 0.05307692307692308
0 0.743125 0.05423076923076923 0.03375 0.06076923076923077
0 0.17250000000000001 0.3465384615384615 0.043750000000000004 0.040769230769230766
0 0.024375 0.25038461538461537 0.04875 0.05923076923076923
0 0.0746875 0.3861538461538462 0.090625 0.0876923076923077
0 0.02125 0.20884615384615385 0.0425 0.03923076923076923
0 0.98375 0.6153846153846154 0.03125 0.055384615384615386
0 0.3078125 0.014615384615384615 0.033125 0.02923076923076923
0 0.5490625 0.45153846153846156 0.051875000000000004 0.09076923076923077
0 0.6571875 0.040769230769230766 0.048125 0.08153846153846153
0 0.5496875 0.5315384615384615 0.043125000000000004 0.05384615384615385
0 0.011875 0.32269230769230767 0.02375 0.06384615384615384
0 0.09468750000000001 0.6738461538461539 0.023125 0.033846153846153845
0 0.0446875 0.5557692307692308 0.073125 0.09153846153846154
0 0.1740625 0.7084615384615385 0.023125 0.047692307692307694
0 0.5171875 0.03461538461538462 0.029375000000000002 0.05692307692307692
0 0.675625 0.801923076923077 0.06875 0.05923076923076923
0 0.1653125 0.7680769230769231 0.033125 0.023846153846153847
0 0.20625000000000002 0.03576923076923077 0.02625 0.07153846153846154
0 0.9715625 0.9865384615384616 0.050625 0.025384615384615384
0 0.0046875 0.5238461538461539 0.009375 0.055384615384615386
0 0.7953125 0.037307692307692306 0.034375 0.07461538461538461
0 0.3628125 0.6107692307692307 0.328125 0.4723076923076923
0 0.213125 0.08307692307692308 0.0475 0.03538461538461538
0 0.9803125 0.5403846153846154 0.038125 0.04384615384615385
0 0.64875 0.008076923076923077 0.02625 0.016153846153846154
0 0.1121875 0.7776923076923077 0.026875 0.047692307692307694
0 0.9671875 0.37576923076923074 0.041875 0.05
0 0.0134375 0.9257692307692308 0.026875 0.02076923076923077
0 0.040625 0.9134615384615384 0.0175 0.03769230769230769
0 0.44375000000000003 0.4634615384615385 0.025 0.025384615384615384
0 0.6178125 0.013846153846153847 0.025625000000000002 0.027692307692307693
0 0.1003125 0.5611538461538461 0.031875 0.06384615384615384
0 0.7353125 0.4076923076923077 0.258125 0.3046153846153846
0 0.644375 0.6526923076923077 0.17125 0.28692307692307695
0 0.7421875 0.6415384615384615 0.068125 0.10461538461538461
