0 0.8275 0.42538461538461536 0.043750000000000004 0.04
0 0.6034375 0.9684615384615385 0.065625 0.06153846153846154
0 0.165625 0.5907692307692307 0.04875 0.07230769230769231
0 0.9078125 0.3723076923076923 0.055625 0.06
0 0.2975 0.8715384615384615 0.0825 0.11846153846153847
0 0.0309375 0.5492307692307692 0.061875 0.07384615384615384
0 0.4321875 0.9684615384615385 0.063125 0.06153846153846154
0 0.6790625 0.95 0.038125 0.06153846153846154
0 0.418125 0.5942307692307692 0.0525 0.06384615384615384
0 0.4034375 0.8780769230769231 0.038125 0.05
0 0.3171875 0.09461538461538462 0.051875000000000004 0.14769230769230768
0 0.3775 0.031538461538461536 0.04125 0.06307692307692307
0 0.64375 0.8807692307692307 0.1275 0.09846153846153846
0 0.6334375 0.6680769230769231 0.030625 0.06846153846153846
0 0.3809375 0.10730769230769231 0.068125 0.05307692307692308
0 0.25625 0.945 0.03375 0.06076923076923077
0 0.826875 0.6526923076923077 0.043750000000000004 0.040769230769230766
0 0.975 0.7488461538461538 0.04875 0.05923076923076923
0 0.9246875 0.6130769230769231 0.090625 0.0876923076923077
0 0.978125 0.7903846153846154 0.0425 0.03923076923076923
0 0.015625 0.38384615384615384 0.03125 0.055384615384615386
0 0.6915625 0.9846153846153847 0.033125 0.02923076923076923
0 0.4503125 0.5476923076923077 0.051875000000000004 0.09076923076923077
0 0.34218750000000003 0.9584615384615385 0.048125 0.08153846153846153
0 0.4496875 0.4676923076923077 0.043125000000000004 0.05384615384615385
0 0.9875 0.6765384615384615 0.02375 0.06384615384615384
0 0.9046875 0.3253846153846154 0.023125 0.033846153846153845
0 0.9546875 0.44346153846153846 0.073125 0.09153846153846154
0 0.8253125 0.2907692307692308 0.023125 0.047692307692307694
0 0.4821875 0.9646153846153847 0.029375000000000002 0.05692307692307692
0 0.32375 0.1973076923076923 0.06875 0.05923076923076923
0 0.8340625 0.23115384615384615 0.033125 0.023846153846153847
0 0.793125 0.9634615384615385 0.02625 0.07153846153846154
0 0.0278125 0.012692307692307692 0.050625 0.025384615384615384
0 0.9946875000000001 0.4753846153846154 0.009375 0.055384615384615386
0 0.2040625 0.9619230769230769 0.034375 0.07461538461538461
0 0.6371875 0.38846153846153847 0.328125 0.4723076923076923
0 0.78625 0.9161538461538462 0.0475 0.03538461538461538
0 0.0190625 0.45884615384615385 0.038125 0.04384615384615385
0 0.350625 0.9911538461538462 0.02625 0.016153846153846154
0 0.8871875 0.22153846153846155 0.026875 0.047692307692307694
0 0.0321875 0.6234615384615385 0.041875 0.05
0 0.9859375 0.07346153846153847 0.026875 0.02076923076923077
0 0.95875 0.08576923076923076 0.0175 0.03769230769230769
0 0.555625 0.5357692307692308 0.025 0.025384615384615384
0 0.3815625 0.9853846153846154 0.025625000000000002 0.027692307692307693
0 0.8990625 0.4380769230769231 0.031875 0.06384615384615384
0 0.2640625 0.5915384615384616 0.258125 0.3046153846153846
0 0.355 0.3465384615384615 0.17125 0.28692307692307695
0 0.2571875 0.3576923076923077 0.068125 0.10461538461538461
