0 0.1731974921630094 0.5701923076923078 0.0438871473354232 0.04038461538461539
0 0.399294670846395 0.03413461538461539 0.06661442006269593 0.0625
0 0.8318965517241379 0.4120192307692308 0.0493730407523511 0.07211538461538462
0 0.0932601880877743 0.6216346153846154 0.05642633228840125 0.060576923076923084
0 0.7025862068965517 0.13317307692307692 0.0822884012539185 0.11826923076923078
0 0.9651253918495297 0.45432692307692313 0.06191222570532915 0.07403846153846154
0 0.5693573667711599 0.035576923076923075 0.06347962382445141 0.06153846153846154
0 0.32405956112852663 0.051923076923076926 0.0384012539184953 0.06153846153846154
0 0.5811128526645768 0.40625 0.05250783699059561 0.06442307692307693
0 0.5975705329153604 0.12548076923076923 0.0384012539184953 0.05096153846153846
0 0.6782915360501567 0.9024038461538462 0.05250783699059561 0.14711538461538462
0 0.6179467084639498 0.9644230769230769 0.041536050156739814 0.06346153846153846
0 0.3585423197492163 0.12067307692307692 0.12774294670846395 0.09903846153846155
0 0.3675548589341693 0.33125000000000004 0.03134796238244514 0.06826923076923078
0 0.6148119122257053 0.8889423076923078 0.06818181818181818 0.05288461538461539
0 0.7437304075235109 0.060576923076923084 0.034482758620689655 0.06153846153846154
0 0.1755485893416928 0.34471153846153846 0.0438871473354232 0.04134615384615385
0 0.02860501567398119 0.24807692307692308 0.0493730407523511 0.05961538461538462
0 0.07797805642633228 0.38317307692307695 0.09012539184952978 0.08750000000000001
0 0.026253918495297804 0.20721153846153847 0.043103448275862065 0.03942307692307692
0 0.9796238244514106 0.6182692307692308 0.03134796238244514 0.05576923076923077
0 0.31152037617554856 0.01730769230769231 0.03369905956112852 0.03076923076923077
0 0.5489811912225705 0.45240384615384616 0.05250783699059561 0.09134615384615385
0 0.6590909090909091 0.046634615384615385 0.048589341692789965 0.08173076923076923
0 0.5489811912225705 0.53125 0.043103448275862065 0.05480769230769231
0 0.016065830721003135 0.3197115384615385 0.024294670846394983 0.06442307692307693
0 0.09600313479623825 0.6682692307692308 0.024294670846394983 0.03461538461538462
0 0.04702194357366771 0.5504807692307693 0.07366771159874608 0.09134615384615385
0 0.17476489028213166 0.7028846153846154 0.023510971786833854 0.04807692307692308
0 0.5195924764890282 0.03894230769230769 0.029780564263322883 0.05673076923076924
0 0.6724137931034483 0.8 0.06896551724137931 0.05961538461538462
0 0.16575235109717867 0.7620192307692308 0.03369905956112852 0.02403846153846154
0 0.21081504702194356 0.03701923076923077 0.02664576802507837 0.07211538461538462
0 0.9651253918495297 0.9860576923076924 0.05094043887147335 0.025961538461538463
0 0.007445141065830721 0.51875 0.01018808777429467 0.05673076923076924
0 0.795846394984326 0.04423076923076923 0.03526645768025078 0.07500000000000001
0 0.36246081504702193 0.608173076923077 0.3268025078369906 0.46826923076923077
0 0.21747648902821315 0.08413461538461539 0.04780564263322884 0.035576923076923075
0 0.9764890282131661 0.5442307692307693 0.03918495297805642 0.04423076923076923
0 0.6504702194357367 0.013942307692307693 0.02664576802507837 0.016346153846153847
0 0.11246081504702193 0.7711538461538462 0.027429467084639496 0.04807692307692308
0 0.9647335423197492 0.38125000000000003 0.04231974921630094 0.05096153846153846
0 0.013714733542319748 0.9168269230769232 0.027429467084639496 0.022115384615384617
0 0.04114420062695925 0.9048076923076923 0.018025078369905956 0.038461538461538464
0 0.4439655172413793 0.46298076923076925 0.02586206896551724 0.025961538461538463
0 0.6199059561128526 0.019230769230769232 0.02664576802507837 0.028846153846153848
0 0.10266457680250783 0.5572115384615385 0.032915360501567396 0.06442307692307693
0 0.7343260188087773 0.41105769230769235 0.25705329153605017 0.3028846153846154
0 0.6426332288401254 0.6528846153846154 0.17084639498432602 0.2846153846153846
0 0.7398119122257053 0.6427884615384616 0.06896551724137931 0.10480769230769231
