0 0.8278125000000001 0.4257692307692308 0.043125000000000004 0.03923076923076923
0 0.60375 0.9688461538461538 0.06625 0.06230769230769231
0 0.16625 0.5911538461538461 0.04875 0.07307692307692308
0 0.9084375 0.3730769230769231 0.055625 0.06
0 0.2978125 0.8723076923076923 0.083125 0.11846153846153847
0 0.0315625 0.5496153846153846 0.061875 0.07307692307692308
0 0.4328125 0.9688461538461538 0.063125 0.06230769230769231
0 0.6793750000000001 0.9503846153846154 0.0375 0.06076923076923077
0 0.418125 0.5946153846153847 0.0525 0.06461538461538462
0 0.40375 0.8780769230769231 0.03875 0.05
0 0.3178125 0.09461538461538462 0.051875000000000004 0.14769230769230768
0 0.378125 0.03230769230769231 0.04125 0.06307692307692307
0 0.64375 0.8811538461538462 0.1275 0.09769230769230769
0 0.63375 0.6688461538461539 0.03 0.06846153846153846
0 0.38125000000000003 0.10730769230769231 0.0675 0.05307692307692308
0 0.256875 0.9453846153846154 0.03375 0.06153846153846154
0 0.8271875 0.6534615384615384 0.043125000000000004 0.040769230769230766
0 0.9756250000000001 0.7492307692307693 0.04875 0.06
0 0.9253125 0.6134615384615385 0.090625 0.08846153846153847
0 0.9784375000000001 0.7907692307692308 0.043125000000000004 0.038461538461538464
0 0.01625 0.3842307692307692 0.03125 0.054615384615384614
0 0.691875 0.985 0.03375 0.03
0 0.4509375 0.5476923076923077 0.051875000000000004 0.09076923076923077
0 0.3425 0.9592307692307692 0.0475 0.08153846153846153
0 0.45 0.46807692307692306 0.043750000000000004 0.054615384615384614
0 0.988125 0.676923076923077 0.02375 0.06461538461538462
0 0.9046875 0.32576923076923076 0.023125 0.03461538461538462
0 0.9553125 0.44384615384615383 0.073125 0.09230769230769231
0 0.825625 0.2915384615384615 0.02375 0.047692307692307694
0 0.4825 0.965 0.03 0.05615384615384615
0 0.32406250000000003 0.1976923076923077 0.068125 0.05846153846153846
0 0.8340625 0.23192307692307693 0.033125 0.023846153846153847
0 0.7937500000000001 0.9638461538461538 0.02625 0.07230769230769231
0 0.028125 0.013461538461538462 0.05 0.025384615384615384
0 0.995 0.4757692307692308 0.01 0.05615384615384615
0 0.2046875 0.9626923076923077 0.034375 0.07461538461538461
0 0.6371875 0.3892307692307692 0.328125 0.4723076923076923
0 0.786875 0.9165384615384615 0.0475 0.03461538461538462
0 0.019375 0.4592307692307692 0.0375 0.04461538461538461
0 0.350625 0.9919230769230769 0.02625 0.016153846153846154
0 0.8875000000000001 0.22153846153846155 0.02625 0.047692307692307694
0 0.0321875 0.6238461538461538 0.041875 0.05076923076923077
0 0.9862500000000001 0.07423076923076923 0.0275 0.02076923076923077
0 0.9590625 0.08576923076923076 0.018125 0.03769230769230769
0 0.555625 0.5357692307692308 0.025 0.025384615384615384
0 0.3815625 0.9861538461538462 0.025625000000000002 0.027692307692307693
0 0.8990625 0.4380769230769231 0.031875 0.06384615384615384
0 0.2640625 0.5915384615384616 0.258125 0.3046153846153846
0 0.355 0.3465384615384615 0.17125 0.28692307692307695
0 0.2571875 0.3576923076923077 0.068125 0.10461538461538461
