0 0.17462932454695224 0.5767676767676768 0.044481054365733116 0.0404040404040404
0 0.3929159802306425 0.03686868686868687 0.06589785831960461 0.06161616161616162
0 0.8303130148270181 0.40555555555555556 0.04942339373970346 0.07171717171717172
0 0.09555189456342669 0.6303030303030303 0.05601317957166392 0.06060606060606061
0 0.6972817133443163 0.1297979797979798 0.08319604612850083 0.11818181818181818
0 0.964168039538715 0.44494949494949493 0.06177924217462932 0.07373737373737374
0 0.5630148270181219 0.03535353535353535 0.06342668863261944 0.06262626262626263
0 0.3183690280065898 0.05606060606060606 0.03871499176276771 0.06161616161616162
0 0.5799011532125206 0.40505050505050505 0.05271828665568369 0.06464646464646465
0 0.591845140032949 0.12424242424242424 0.03871499176276771 0.050505050505050504
0 0.6836902800658978 0.897979797979798 0.05271828665568369 0.14747474747474748
0 0.6239703459637562 0.9611111111111111 0.042009884678747944 0.06363636363636363
0 0.35378912685337727 0.12424242424242424 0.12767710049423395 0.09898989898989899
0 0.3657331136738056 0.33434343434343433 0.03130148270181219 0.06868686868686869
0 0.6198517298187809 0.8863636363636364 0.06836902800658978 0.05353535353535353
0 0.7376441515650741 0.05656565656565657 0.03377265238879736 0.06060606060606061
0 0.17380560131795716 0.352020202020202 0.044481054365733116 0.04141414141414142
0 0.025947281713344317 0.2580808080808081 0.048599670510708404 0.0595959595959596
0 0.07701812191103789 0.3924242424242424 0.0914332784184514 0.08787878787878788
0 0.022652388797364087 0.21767676767676766 0.04365733113673806 0.03939393939393939
0 0.9806425041186162 0.6085858585858586 0.03212520593080725 0.05555555555555555
0 0.30518945634266886 0.022222222222222223 0.03377265238879736 0.030303030303030304
0 0.5481878088962109 0.45151515151515154 0.051894563426688634 0.09090909090909091
0 0.6519769357495881 0.04393939393939394 0.048599670510708404 0.08181818181818182
0 0.5490115321252059 0.5303030303030303 0.04365733113673806 0.05454545454545454
0 0.01400329489291598 0.3303030303030303 0.02471169686985173 0.06464646464646465
0 0.09925864909390444 0.6762626262626262 0.023887973640856673 0.03535353535353535
0 0.048187808896210875 0.5601010101010101 0.07331136738056013 0.09191919191919191
0 0.17833607907743 0.7095959595959596 0.023887973640856673 0.047474747474747475
0 0.5131795716639209 0.0398989898989899 0.029654036243822075 0.05757575757575758
0 0.6762767710049423 0.7964646464646464 0.06919275123558484 0.0595959595959596
0 0.1700988467874794 0.7686868686868686 0.03377265238879736 0.024242424242424242
0 0.20469522240527183 0.04393939393939394 0.027182866556836903 0.07171717171717172
0 0.971169686985173 0.9757575757575757 0.051070840197693576 0.026262626262626262
0 0.008649093904448105 0.5287878787878788 0.01070840197693575 0.05555555555555555
0 0.7891268533772653 0.03939393939393939 0.03459637561779242 0.07474747474747474
0 0.364497528830313 0.6106060606060606 0.3270181219110379 0.4676767676767677
0 0.21210873146622736 0.09090909090909091 0.048599670510708404 0.03636363636363636
0 0.9765238879736409 0.5343434343434343 0.03871499176276771 0.044444444444444446
0 0.6437397034596376 0.011616161616161616 0.027182866556836903 0.01717171717171717
0 0.11738056013179572 0.7787878787878788 0.027182866556836903 0.048484848484848485
0 0.9625205930807249 0.3717171717171717 0.042009884678747944 0.050505050505050504
0 0.020181219110378915 0.9262626262626262 0.027182866556836903 0.022222222222222223
0 0.04695222405271829 0.9141414141414141 0.018121911037891267 0.03838383838383838
0 0.44357495881383857 0.46464646464646464 0.025535420098846788 0.026262626262626262
0 0.6128500823723229 0.01818181818181818 0.026359143327841845 0.028282828282828285
0 0.10420098846787479 0.5651515151515152 0.03212520593080725 0.06363636363636363
0 0.7331136738056013 0.4065656565656566 0.257001647446458 0.302020202020202
0 0.6445634266886326 0.6494949494949495 0.17051070840197693 0.28484848484848485
0 0.7417627677100495 0.6373737373737374 0.06836902800658978 0.10505050505050505
