0 0.1715625 0.5734615384615385 0.043125000000000004 0.03923076923076923
0 0.395625 0.03076923076923077 0.06625 0.06153846153846154
0 0.833125 0.40807692307692306 0.04875 0.07307692307692308
0 0.0909375 0.6261538461538462 0.055625 0.06
0 0.7015625 0.12692307692307692 0.083125 0.11846153846153847
0 0.968125 0.44961538461538464 0.06125 0.07307692307692308
0 0.5665625 0.03076923076923077 0.063125 0.06153846153846154
0 0.32 0.048846153846153845 0.0375 0.06076923076923077
0 0.58125 0.4046153846153846 0.0525 0.06461538461538462
0 0.595625 0.12115384615384615 0.03875 0.05
0 0.681875 0.9046153846153846 0.051250000000000004 0.14769230769230768
0 0.62125 0.9669230769230769 0.04125 0.06307692307692307
0 0.355625 0.11807692307692308 0.1275 0.09769230769230769
0 0.36562500000000003 0.3303846153846154 0.03 0.06846153846153846
0 0.618125 0.8919230769230769 0.0675 0.05307692307692308
0 0.7425 0.05384615384615385 0.03375 0.06153846153846154
0 0.1721875 0.3457692307692308 0.043125000000000004 0.040769230769230766
0 0.0240625 0.25 0.048125 0.06
0 0.0740625 0.38576923076923075 0.090625 0.08846153846153847
0 0.02125 0.20846153846153845 0.0425 0.038461538461538464
0 0.983125 0.615 0.03125 0.054615384615384614
0 0.3075 0.014615384615384615 0.03375 0.02923076923076923
0 0.5484375 0.45153846153846156 0.051875000000000004 0.09076923076923077
0 0.656875 0.04038461538461539 0.0475 0.08076923076923077
0 0.5493750000000001 0.5311538461538462 0.043750000000000004 0.054615384615384614
0 0.0115625 0.3223076923076923 0.023125 0.06461538461538462
0 0.09468750000000001 0.6734615384615384 0.023125 0.03461538461538462
0 0.0440625 0.5553846153846154 0.073125 0.09230769230769231
0 0.17375000000000002 0.7076923076923077 0.02375 0.047692307692307694
0 0.516875 0.03423076923076923 0.03 0.05615384615384615
0 0.6753125 0.8015384615384615 0.068125 0.05846153846153846
0 0.1653125 0.7673076923076924 0.033125 0.023846153846153847
0 0.205625 0.03576923076923077 0.02625 0.07153846153846154
0 0.9712500000000001 0.9857692307692307 0.05 0.025384615384615384
0 0.0046875 0.5234615384615384 0.009375 0.05615384615384615
0 0.795 0.03692307692307692 0.035 0.07384615384615384
0 0.3621875 0.61 0.328125 0.4723076923076923
0 0.2125 0.08269230769230769 0.0475 0.03461538461538462
0 0.98 0.54 0.0375 0.04461538461538461
0 0.64875 0.007692307692307693 0.02625 0.015384615384615385
0 0.111875 0.7776923076923077 0.02625 0.047692307692307694
0 0.9671875 0.37538461538461537 0.041875 0.05076923076923077
0 0.0134375 0.925 0.026875 0.02076923076923077
0 0.0403125 0.9134615384615384 0.018125 0.03769230769230769
0 0.44375000000000003 0.4634615384615385 0.025 0.025384615384615384
0 0.6178125 0.013461538461538462 0.025625000000000002 0.026923076923076925
0 0.1003125 0.5611538461538461 0.031875 0.06384615384615384
0 0.7353125 0.4076923076923077 0.258125 0.3046153846153846
0 0.644375 0.6526923076923077 0.17125 0.28692307692307695
0 0.7421875 0.6415384615384615 0.068125 0.10461538461538461
