0 0.18410543130990414 0.5363288718929254 0.042332268370607024 0.03824091778202677
0 0.42531948881789133 0.055449330783938815 0.06309904153354633 0.05736137667304015
0 0.8186900958466453 0.43738049713193117 0.0463258785942492 0.06787762906309751
0 0.10503194888178913 0.5788718929254302 0.05351437699680511 0.05640535372848948
0 0.7092651757188498 0.16873804971319312 0.07827476038338657 0.10994263862332695
0 0.9436900958466453 0.48661567877629064 0.05990415335463259 0.06883365200764818
0 0.5870607028753994 0.06883365200764818 0.06070287539936102 0.05736137667304015
0 0.35303514376996803 0.06596558317399617 0.036741214057507986 0.05736137667304015
0 0.5802715654952076 0.41395793499043976 0.050319488817891375 0.05927342256214149
0 0.6094249201277955 0.15439770554493307 0.036741214057507986 0.04684512428298279
0 0.6485623003194888 0.8809751434034416 0.04952076677316294 0.1367112810707457
0 0.5878594249201278 0.9345124282982791 0.039936102236421724 0.05831739961759082
0 0.38258785942492013 0.13240917782026768 0.12140575079872204 0.09082217973231357
0 0.38059105431309903 0.3288718929254302 0.029552715654952075 0.06309751434034416
0 0.5886581469648562 0.864244741873805 0.06549520766773162 0.049713193116634795
0 0.7519968051118211 0.10420650095602293 0.03274760383386581 0.05736137667304015
0 0.1968849840255591 0.3279158699808795 0.042332268370607024 0.03824091778202677
0 0.06190095846645367 0.22753346080305928 0.04712460063897764 0.055449330783938815
0 0.10223642172523961 0.3561185468451243 0.08626198083067092 0.08126195028680688
0 0.061102236421725235 0.18881453154875716 0.04073482428115016 0.0372848948374761
0 0.9488817891373802 0.6395793499043977 0.03035143769968051 0.05162523900573614
0 0.3426517571884984 0.032982791586998086 0.03194888178913738 0.027724665391969407
0 0.5471246006389776 0.45411089866156784 0.04952076677316294 0.0841300191204589
0 0.6717252396166133 0.08508604206500955 0.0463258785942492 0.07648183556405354
0 0.5431309904153354 0.5277246653919694 0.04153354632587859 0.049713193116634795
0 0.0463258785942492 0.2925430210325048 0.023961661341853034 0.05927342256214149
0 0.10543130990415335 0.6223709369024857 0.022364217252396165 0.03250478011472275
0 0.06469648562300319 0.510038240917782 0.07028753993610223 0.08508604206500955
0 0.17891373801916932 0.6601338432122371 0.022364217252396165 0.04493307839388145
0 0.5395367412140575 0.06835564053537285 0.027955271565495207 0.052581261950286805
0 0.6477635782747604 0.7868068833652008 0.06549520766773162 0.055449330783938815
0 0.16693290734824281 0.7141491395793499 0.03194888178913738 0.02294455066921606
0 0.2456070287539936 0.04493307839388145 0.026357827476038338 0.06692160611854685
0 0.917332268370607 0.9794455066921606 0.0487220447284345 0.02390057361376673
0 0.02875399361022364 0.4770554493307839 0.009584664536741214 0.05162523900573614
0 0.8023162939297124 0.09321223709369024 0.03274760383386581 0.06978967495219884
0 0.36222044728434505 0.5855640535372849 0.31070287539936103 0.43499043977055446
0 0.24960063897763576 0.0884321223709369 0.04552715654952076 0.033460803059273424
0 0.9496805111821086 0.5702676864244741 0.036741214057507986 0.04110898661567877
0 0.6653354632587859 0.05449330783938814 0.025559105431309903 0.015296367112810707
0 0.11621405750798722 0.7194072657743785 0.026357827476038338 0.04493307839388145
0 0.9464856230031948 0.4182600382409178 0.039936102236421724 0.04684512428298279
0 0.015175718849840255 0.8475143403441683 0.025559105431309903 0.020076481835564052
0 0.04153354632587859 0.8379541108986616 0.01757188498402556 0.03537284894837476
0 0.4468849840255591 0.45650095602294455 0.02476038338658147 0.02390057361376673
0 0.6357827476038338 0.05736137667304015 0.025559105431309903 0.026768642447418736
0 0.11701277955271565 0.5195984703632887 0.031150159744408944 0.06022944550669216
0 0.7260383386581469 0.42925430210325044 0.24440894568690094 0.28107074569789675
0 0.6265974440894568 0.6467495219885278 0.1621405750798722 0.26481835564053535
0 0.7196485623003195 0.644359464627151 0.06549520766773162 0.09751434034416825
