0 0.8178963893249608 0.4503311258278146 0.0423861852433281 0.03784295175023652
0 0.5812401883830456 0.9479659413434248 0.06357927786499215 0.0586565752128666
0 0.17582417582417584 0.5671712393566698 0.04709576138147567 0.06906338694418164
0 0.8975667189952905 0.40491958372753073 0.05416012558869702 0.056764427625354774
0 0.29120879120879123 0.8386944181646169 0.08006279434850865 0.11258278145695365
0 0.04827315541601256 0.5198675496688742 0.06043956043956044 0.07095553453169347
0 0.41679748822605966 0.9375591296121097 0.06122448979591837 0.0586565752128666
0 0.6546310832025118 0.934720908230842 0.03767660910518054 0.0586565752128666
0 0.4179748822605966 0.5851466414380322 0.05102040816326531 0.06149479659413434
0 0.3928571428571429 0.8509933774834437 0.036891679748822605 0.048249763481551564
0 0.34105180533751966 0.10927152317880795 0.05102040816326531 0.1390728476821192
0 0.4014913657770801 0.05345316934720908 0.04003139717425432 0.059602649006622516
0 0.6236263736263736 0.8680227057710501 0.12323390894819466 0.09366130558183539
0 0.6220565149136578 0.6674550614947966 0.030612244897959186 0.065279091769158
0 0.40188383045525905 0.12488174077578051 0.06593406593406594 0.0510879848628193
0 0.24882260596546313 0.9053926206244087 0.03296703296703297 0.0586565752128666
0 0.8084772370486657 0.6641438032166509 0.0423861852433281 0.039735099337748346
0 0.9470172684458399 0.7634815515610217 0.047880690737833596 0.056764427625354774
0 0.9042386185243328 0.6324503311258278 0.08791208791208792 0.08420056764427625
0 0.9485871271585558 0.8022705771050141 0.041601255886970175 0.03784295175023652
0 0.04003139717425432 0.3632923368022706 0.031397174254317116 0.052980132450331126
0 0.6652276295133438 0.967833491012299 0.03218210361067504 0.028382213812677387
0 0.45094191522762955 0.543046357615894 0.05102040816326531 0.08703878902554399
0 0.33124018838304553 0.923368022705771 0.04709576138147567 0.07757805108798486
0 0.4536891679748823 0.467833491012299 0.0423861852433281 0.05203405865657521
0 0.9615384615384616 0.695837275307474 0.023547880690737835 0.06149479659413434
0 0.8959968602825746 0.3609271523178808 0.022762951334379906 0.033112582781456956
0 0.9395604395604397 0.4749290444654683 0.0706436420722135 0.08703878902554399
0 0.8214285714285715 0.32355723746452225 0.022762951334379906 0.04541154210028382
0 0.46507064364207223 0.9370860927152318 0.02904238618524333 0.05392620624408704
0 0.3434065934065934 0.20624408703878902 0.06671899529042387 0.056764427625354774
0 0.8320251177394035 0.2682119205298013 0.03296703296703297 0.023651844843897825
0 0.7637362637362638 0.9545884578997161 0.026687598116169546 0.06811731315042574
0 0.0663265306122449 0.015137180700094607 0.049450549450549455 0.02459791863765374
0 0.9764521193092622 0.5070955534531694 0.009419152276295134 0.052980132450331126
0 0.1981946624803768 0.9181646168401135 0.033751962323390894 0.07095553453169347
0 0.6361852433281006 0.4044465468306528 0.3163265306122449 0.445600756859035
0 0.7590266875981162 0.9091769157994324 0.04709576138147567 0.03405865657521287
0 0.04042386185243328 0.43424787133396403 0.036891679748822605 0.04162724692526017
0 0.33791208791208793 0.9541154210028382 0.02590266875981162 0.01608325449385052
0 0.8834379905808478 0.2620624408703879 0.02590266875981162 0.04541154210028382
0 0.046310832025117744 0.5898770104068117 0.04081632653061225 0.048249763481551564
0 0.9843014128728415 0.12866603595080417 0.026687598116169546 0.020813623462630083
0 0.957613814756672 0.13859981078524125 0.017268445839874413 0.036896877956480605
0 0.5525902668759812 0.5383159886471145 0.02511773940345369 0.02459791863765374
0 0.36773940345368916 0.9508041627246925 0.02590266875981162 0.026490066225165563
0 0.8861852433281006 0.46594134342478716 0.031397174254317116 0.06149479659413434
0 0.27040816326530615 0.5733207190160833 0.24882260596546313 0.2876064333017975
0 0.3673469387755102 0.34815515610217596 0.16483516483516483 0.27057710501419113
0 0.27276295133437994 0.35241248817407755 0.06671899529042387 0.09933774834437085
