0 0.183375104427736 0.5949494949494949 0.042606516290726815 0.03838383838383838
0 0.38053467000835417 0.06868686868686869 0.06432748538011696 0.05858585858585859
0 0.8157894736842105 0.4035353535353535 0.047619047619047616 0.0696969696969697
0 0.10776942355889724 0.6494949494949495 0.05513784461152882 0.05858585858585859
0 0.6791979949874687 0.14444444444444443 0.08020050125313283 0.11313131313131314
0 0.9473684210526315 0.43636363636363634 0.06015037593984962 0.0707070707070707
0 0.545530492898914 0.0601010101010101 0.061821219715956555 0.0595959595959596
0 0.3078529657477026 0.0904040404040404 0.03759398496240601 0.0595959595959596
0 0.5722639933166249 0.41363636363636364 0.05179615705931495 0.06161616161616162
0 0.576858813700919 0.14393939393939395 0.03759398496240601 0.047474747474747475
0 0.6871345029239766 0.8818181818181818 0.050960735171261484 0.1414141414141414
0 0.6311612364243943 0.9444444444444444 0.04093567251461988 0.06060606060606061
0 0.34461152882205515 0.15404040404040403 0.12447786131996658 0.09393939393939393
0 0.3621553884711779 0.35505050505050506 0.030910609857978277 0.06565656565656566
0 0.62531328320802 0.8732323232323232 0.06599832915622389 0.051515151515151514
0 0.7159565580618212 0.07272727272727272 0.03341687552213868 0.05858585858585859
0 0.1758563074352548 0.3792929292929293 0.042606516290726815 0.03939393939393939
0 0.029657477025898077 0.2964646464646465 0.047619047619047616 0.05757575757575758
0 0.08312447786131996 0.4222222222222222 0.08771929824561403 0.08484848484848485
0 0.02506265664160401 0.25707070707070706 0.04177109440267335 0.03737373737373737
0 0.9678362573099415 0.5924242424242424 0.030910609857978277 0.05353535353535353
0 0.29490392648287383 0.05808080808080808 0.03341687552213868 0.029292929292929294
0 0.5426065162907268 0.4595959595959596 0.050960735171261484 0.08686868686868687
0 0.6328320802005012 0.06464646464646465 0.047619047619047616 0.07878787878787878
0 0.5463659147869674 0.5353535353535354 0.04177109440267335 0.052525252525252523
0 0.020050125313283207 0.36515151515151517 0.023391812865497075 0.06161616161616162
0 0.1123642439431913 0.693939393939394 0.022556390977443608 0.03232323232323232
0 0.06015037593984962 0.5843434343434344 0.07184628237259816 0.08787878787878788
0 0.19047619047619047 0.7222222222222222 0.023391812865497075 0.046464646464646465
0 0.49749373433583954 0.06616161616161616 0.029239766081871343 0.05555555555555555
0 0.6775271512113616 0.7848484848484848 0.06683375104427736 0.05656565656565657
0 0.18421052631578946 0.7792929292929293 0.03258145363408521 0.023232323232323233
0 0.19757727652464493 0.08383838383838384 0.025898078529657476 0.06868686868686869
0 0.9690893901420217 0.943939393939394 0.05012531328320802 0.025252525252525252
0 0.02046783625730994 0.556060606060606 0.009189640768588136 0.05353535353535353
0 0.7656641604010025 0.05404040404040404 0.034252297410192145 0.07171717171717172
0 0.36883876357560563 0.6202020202020202 0.316624895572264 0.4484848484848485
0 0.2059314954051796 0.12828282828282828 0.04594820384294068 0.03434343434343434
0 0.9619883040935672 0.5212121212121212 0.03759398496240601 0.04242424242424243
0 0.6236424394319131 0.03434343434343434 0.025898078529657476 0.01616161616161616
0 0.13283208020050125 0.7914141414141415 0.026733500417710943 0.045454545454545456
0 0.9436090225563909 0.3656565656565657 0.04093567251461988 0.048484848484848485
0 0.042606516290726815 0.9368686868686869 0.026733500417710943 0.021212121212121213
0 0.06892230576441102 0.9237373737373737 0.017543859649122806 0.03737373737373737
0 0.441938178780284 0.4762626262626263 0.02506265664160401 0.025252525252525252
0 0.593984962406015 0.04090909090909091 0.02506265664160401 0.02727272727272727
0 0.11445279866332497 0.5873737373737373 0.031746031746031744 0.06161616161616162
0 0.7213868003341687 0.4085858585858586 0.24979114452798662 0.2898989898989899
0 0.6420217209690894 0.6454545454545455 0.16624895572263992 0.2727272727272727
0 0.7360066833751044 0.6297979797979798 0.06683375104427736 0.1
