0 0.1979560938682816 0.40225225225225225 0.041635124905374715 0.036936936936936934
0 0.3716881150643452 0.913963963963964 0.06207418622255867 0.05675675675675676
0 0.805450416351249 0.6153153153153154 0.046934140802422405 0.06666666666666667
0 0.12679788039364118 0.3463963963963964 0.052233156699470096 0.054954954954954956
0 0.663890991672975 0.8558558558558559 0.07721423164269493 0.10810810810810811
0 0.9337623012869039 0.5905405405405405 0.0582891748675246 0.06756756756756757
0 0.5317940953822862 0.9306306306306307 0.05980317940953823 0.055855855855855854
0 0.3020439061317184 0.8900900900900901 0.036336109008327025 0.055855855855855854
0 0.5692657077971234 0.5941441441441442 0.04996214988644966 0.05855855855855856
0 0.5647236941710825 0.8518018018018018 0.036336109008327025 0.04594594594594595
0 0.6968205904617714 0.1527027027027027 0.04920514761544285 0.13423423423423422
0 0.6442089326267979 0.09009009009009009 0.03936411809235428 0.05765765765765766
0 0.33989401968205907 0.8310810810810811 0.11960635881907646 0.0891891891891892
0 0.36373959121877364 0.6400900900900901 0.029523088569265707 0.062162162162162166
0 0.6362604087812264 0.15765765765765766 0.0643451930355791 0.04864864864864865
0 0.6975775927327782 0.9261261261261261 0.03255109765329296 0.055855855855855854
0 0.18357305071915217 0.6072072072072072 0.041635124905374715 0.03783783783783784
0 0.03898561695685087 0.6801801801801802 0.04617713853141559 0.05405405405405406
0 0.09500378501135504 0.5626126126126126 0.08554125662376987 0.08018018018018018
0 0.03368660105980318 0.7171171171171171 0.04012112036336109 0.036036036036036036
0 0.9591218773656321 0.4427927927927928 0.03028009084027252 0.051351351351351354
0 0.28841786525359575 0.9202702702702703 0.03179409538228615 0.027927927927927927
0 0.5423921271763815 0.5486486486486487 0.04920514761544285 0.08288288288288288
0 0.6161998485995458 0.9301801801801802 0.04542013626040878 0.07477477477477477
0 0.5480696442089327 0.47702702702702704 0.0408781226343679 0.04954954954954955
0 0.03255109765329296 0.613963963963964 0.02271006813020439 0.05855855855855856
0 0.1328538985616957 0.30405405405405406 0.02195306585919758 0.03153153153153153
0 0.07834973504920514 0.4063063063063063 0.06888720666161999 0.08288288288288288
0 0.20893262679788038 0.28063063063063065 0.02271006813020439 0.044144144144144144
0 0.48523845571536717 0.9225225225225225 0.028766086298258893 0.05225225225225225
0 0.6835730507191522 0.2445945945945946 0.06510219530658592 0.054954954954954956
0 0.20514761544284632 0.22612612612612612 0.03179409538228615 0.021621621621621623
0 0.19492808478425436 0.8914414414414414 0.02498107494322483 0.06576576576576576
0 0.9719909159727479 0.1063063063063063 0.04844814534443603 0.023423423423423424
0 0.03898561695685087 0.43108108108108106 0.00984102952308857 0.051351351351351354
0 0.7452687358062074 0.9468468468468468 0.03255109765329296 0.06846846846846846
0 0.3788796366389099 0.38738738738738737 0.3065859197577593 0.42702702702702705
0 0.2043906131718395 0.8490990990990991 0.04542013626040878 0.03333333333333333
0 0.9507948523845572 0.5103603603603604 0.036336109008327025 0.04054054054054054
0 0.6063588190764573 0.959009009009009 0.025738077214231644 0.015315315315315315
0 0.15594246782740348 0.21216216216216216 0.025738077214231644 0.044144144144144144
0 0.9277062831188494 0.6572072072072073 0.04012112036336109 0.04594594594594595
0 0.07342922028766086 0.06936936936936937 0.025738077214231644 0.01981981981981982
0 0.09803179409538229 0.08288288288288288 0.0174110522331567 0.03423423423423423
0 0.44511733535200604 0.527927927927928 0.024224072672218017 0.023423423423423424
0 0.5779712339137018 0.950900900900901 0.02498107494322483 0.026126126126126126
0 0.13096139288417866 0.40675675675675677 0.03028009084027252 0.05855855855855856
0 0.7138531415594247 0.6063063063063063 0.24224072672218017 0.2756756756756757
0 0.6449659348978047 0.3761261261261261 0.16048448145344435 0.26036036036036037
0 0.7354277062831188 0.3954954954954955 0.0643451930355791 0.09549549549549549
