0 0.6142742582197274 0.15865384615384617 0.048115477145148355 0.1076923076923077
0 0.4458700882117081 0.2370192307692308 0.08340016038492382 0.07019230769230769
0 0.7297514033680834 0.07596153846153847 0.040096230954290296 0.03653846153846154
0 0.37169206094627105 0.7504807692307692 0.0681635926222935 0.08942307692307692
0 0.7421812349639134 0.22596153846153846 0.07457898957497995 0.11346153846153847
0 0.40898155573376105 0.28942307692307695 0.09943865276663993 0.10192307692307692
0 0.297514033680834 0.4865384615384616 0.22293504410585405 0.24230769230769234
0 0.615477145148356 0.05288461538461539 0.026463512429831595 0.03461538461538462
0 0.5060144346431436 0.17067307692307693 0.046511627906976744 0.07403846153846154
0 0.45148356054530875 0.6971153846153847 0.08340016038492382 0.07115384615384615
0 0.3239775461106656 0.6475961538461539 0.05292702485966319 0.06826923076923078
0 0.2185244587008821 0.9245192307692308 0.052125100240577385 0.05288461538461539
0 0.13753007217321572 0.46826923076923077 0.2060946271050521 0.21346153846153848
0 0.107457898957498 0.695673076923077 0.1475541299117883 0.20480769230769233
0 0.9478748997594226 0.8221153846153847 0.09141940657578188 0.21346153846153848
0 0.09262229350441059 0.5495192307692308 0.034482758620689655 0.058653846153846154
0 0.967121090617482 0.4740384615384616 0.01603849238171612 0.013461538461538462
0 0.07257417802726543 0.8336538461538462 0.06335204490777867 0.05961538461538462
0 0.9691259021651965 0.51875 0.016840417000801924 0.0125
0 0.8171611868484362 0.9086538461538463 0.030473135525260625 0.06153846153846154
0 0.1355252606255012 0.3451923076923077 0.04971932638331997 0.04038461538461539
0 0.05974338412189254 0.8971153846153846 0.03127506014434643 0.0903846153846154
0 0.5068163592622293 0.3918269230769231 0.11387329591018444 0.1432692307692308
0 0.5805934242181234 0.25048076923076923 0.08500400962309543 0.11442307692307693
0 0.6291098636728147 0.3182692307692308 0.11467522052927025 0.2076923076923077
0 0.7542101042502005 0.3620192307692308 0.218925421010425 0.18365384615384617
0 0.8279871692060946 0.5836538461538462 0.25100240577385724 0.2903846153846154
0 0.6335204490777867 0.5692307692307692 0.19887730553327987 0.30000000000000004
0 0.48155573376102645 0.5504807692307693 0.19967923015236566 0.20288461538461539
