0 0.6404494382022472 0.1470899470899471 0.05012964563526361 0.1142857142857143
0 0.46153846153846156 0.21375661375661378 0.08643042350907519 0.07407407407407408
0 0.7662057044079517 0.07142857142857144 0.04062229904926534 0.039153439153439155
0 0.3500432152117545 0.7492063492063492 0.07087294727744166 0.09523809523809525
0 0.7692307692307693 0.23121693121693124 0.07778738115816768 0.1216931216931217
0 0.4191875540190147 0.2650793650793651 0.10371650821089023 0.108994708994709
0 0.2912705272255834 0.462962962962963 0.23163353500432152 0.2571428571428572
0 0.6495246326707002 0.03492063492063492 0.028522039757994815 0.03597883597883598
0 0.5280898876404495 0.1492063492063492 0.04840103716508211 0.07830687830687831
0 0.4369057908383751 0.7010582010582012 0.08729472774416595 0.07513227513227513
0 0.30726015557476233 0.635978835978836 0.05445116681071738 0.07195767195767196
0 0.1797752808988764 0.9185185185185186 0.055315471045808126 0.05714285714285715
0 0.12618841832324978 0.42804232804232806 0.2143474503025065 0.22751322751322753
0 0.07994814174589455 0.6656084656084656 0.1547104580812446 0.217989417989418
0 0.9429559204840104 0.882010582010582 0.09507346585998272 0.22751322751322753
0 0.07433016421780467 0.5105820105820106 0.036300777873811585 0.06243386243386244
0 0.9857389801210026 0.5148148148148148 0.016421780466724288 0.013756613756613757
0 0.03457216940363008 0.8084656084656086 0.06568712186689715 0.0634920634920635
0 0.9848746758859118 0.5624338624338625 0.018150388936905792 0.013756613756613757
0 0.801210025929127 0.960846560846561 0.031114952463267072 0.06560846560846562
0 0.13223854796888504 0.29735449735449737 0.05185825410544512 0.04232804232804233
0 0.016853932584269662 0.8740740740740741 0.03197925669835782 0.09523809523809525
0 0.5146931719965429 0.3830687830687831 0.11840968020743302 0.1523809523809524
0 0.5998271391529819 0.24074074074074076 0.0881590319792567 0.1216931216931217
0 0.6456352636127918 0.3174603174603175 0.11927398444252377 0.2201058201058201
0 0.7726879861711322 0.37619047619047624 0.22817631806395852 0.19576719576719578
0 0.834485738980121 0.617989417989418 0.26188418323249785 0.308994708994709
0 0.6339671564390665 0.5835978835978837 0.20656871218668973 0.32063492063492066
0 0.47752808988764045 0.5486772486772488 0.20829732065687123 0.21481481481481482
