0 0.3596787827557058 0.15062111801242237 0.049873203719357564 0.11490683229813665
0 0.5393068469991547 0.2173913043478261 0.08622147083685544 0.07453416149068323
0 0.23415046491969568 0.07453416149068323 0.04057480980557904 0.039337474120082816
0 0.6500422654268808 0.7525879917184266 0.07100591715976332 0.09523809523809525
0 0.23119188503803886 0.2339544513457557 0.07692307692307691 0.12008281573498966
0 0.5807269653423499 0.26863354037267084 0.10312764158918004 0.10869565217391305
0 0.7092138630600169 0.46583850931677023 0.23161453930684697 0.2567287784679089
0 0.3512256973795435 0.03778467908902692 0.027895181741335585 0.036231884057971016
0 0.4721048182586644 0.15217391304347827 0.0481825866441251 0.07867494824016563
0 0.5633981403212172 0.7039337474120083 0.08706677937447167 0.07453416149068323
0 0.6927303465765003 0.6392339544513458 0.054945054945054944 0.07142857142857144
0 0.8203719357565511 0.9213250517598345 0.054945054945054944 0.055900621118012424
0 0.8740490278951817 0.4311594202898551 0.21470836855452238 0.2267080745341615
0 0.9201183431952662 0.6687370600414079 0.15469146238377007 0.2173913043478261
0 0.057480980557903634 0.8845755693581782 0.09467455621301775 0.2267080745341615
0 0.9256128486897717 0.5134575569358178 0.03550295857988166 0.06211180124223603
0 0.014370245139475908 0.5181159420289856 0.016906170752324597 0.013457556935817806
0 0.9653423499577345 0.8110766045548655 0.06593406593406594 0.06314699792960662
0 0.015215553677092137 0.5657349896480331 0.016906170752324597 0.013457556935817806
0 0.19907016060862215 0.9632505175983438 0.0312764158918005 0.06521739130434782
0 0.868131868131868 0.3007246376811594 0.052409129332206254 0.04244306418219462
0 0.9830938292476753 0.8773291925465839 0.032121724429416736 0.09627329192546584
0 0.4860524091293322 0.38561076604554867 0.11834319526627218 0.15217391304347827
0 0.40025359256128484 0.2437888198757764 0.08875739644970414 0.12111801242236025
0 0.35460693153000844 0.32039337474120083 0.11918850380388842 0.22049689440993792
0 0.22781065088757396 0.3788819875776398 0.22738799661876583 0.1946169772256729
0 0.16610312764158916 0.6211180124223603 0.26120033812341503 0.30848861283643897
0 0.36644125105663566 0.5864389233954451 0.2071005917159763 0.3198757763975156
0 0.5228233305156382 0.55175983436853 0.20879120879120877 0.2153209109730849
