0 0.4027777777777778 0.8265595463137997 0.046825396825396826 0.10491493383742911
0 0.5666666666666667 0.7457466918714556 0.08095238095238096 0.06805293005671077
0 0.2900793650793651 0.9102079395085066 0.03888888888888889 0.035916824196597356
0 0.6305555555555555 0.24196597353497165 0.06746031746031746 0.08695652173913043
0 0.2753968253968254 0.7641776937618148 0.07301587301587302 0.11058601134215501
0 0.6027777777777777 0.6937618147448016 0.09761904761904762 0.1001890359168242
0 0.707936507936508 0.49810964083175807 0.21904761904761905 0.23629489603024575
0 0.4031746031746032 0.9305293005671078 0.026984126984126985 0.03308128544423441
0 0.5087301587301587 0.8123818525519849 0.044444444444444446 0.07277882797731569
0 0.5527777777777778 0.29631379962192816 0.08174603174603175 0.06899810964083176
0 0.6797619047619048 0.34120982986767484 0.051587301587301584 0.06616257088846882
0 0.7781746031746032 0.06852551984877127 0.051587301587301584 0.05198487712665407
0 0.8662698412698413 0.5122873345935728 0.20238095238095238 0.20793950850661627
0 0.8916666666666667 0.2887523629489603 0.14523809523809525 0.19943289224952743
0 0.06190476190476191 0.18620037807183365 0.09047619047619047 0.20793950850661627
0 0.9091269841269841 0.43100189035916825 0.034126984126984124 0.05671077504725898
0 0.049206349206349205 0.527882797731569 0.015873015873015872 0.01228733459357278
0 0.9234126984126985 0.15311909262759923 0.0626984126984127 0.05860113421550095
0 0.04642857142857143 0.4839319470699433 0.016666666666666666 0.013232514177693762
0 0.18968253968253967 0.09877126654064272 0.03015873015873016 0.05954631379962193
0 0.8706349206349207 0.6323251417769377 0.049206349206349205 0.03969754253308129
0 0.9353174603174603 0.09026465028355388 0.030952380952380953 0.08790170132325142
0 0.503968253968254 0.5964083175803403 0.1111111111111111 0.13988657844990549
0 0.43412698412698414 0.7362948960302458 0.08412698412698413 0.11153119092627599
0 0.38492063492063494 0.6710775047258979 0.1126984126984127 0.20226843100189038
0 0.26071428571428573 0.6313799621928167 0.2150793650793651 0.17958412098298676
0 0.18412698412698414 0.41635160680529304 0.24603174603174602 0.28260869565217395
0 0.3761904761904762 0.42580340264650285 0.19523809523809524 0.29395085066162574
0 0.5261904761904762 0.44045368620037806 0.19682539682539682 0.19848771266540643
