0 0.36062500000000003 0.8576923076923076 0.05 0.11538461538461539
0 0.54125 0.7873076923076923 0.08625000000000001 0.07461538461538461
0 0.2346875 0.936923076923077 0.040625 0.038461538461538464
0 0.6478125 0.24153846153846154 0.07062500000000001 0.09538461538461539
0 0.23 0.7746153846153846 0.0775 0.12153846153846154
0 0.583125 0.7346153846153847 0.10375000000000001 0.10923076923076923
0 0.7106250000000001 0.5315384615384615 0.23375 0.26
0 0.353125 0.9719230769230769 0.0275 0.036153846153846154
0 0.474375 0.8542307692307692 0.0475 0.07923076923076923
0 0.5609375 0.2923076923076923 0.08687500000000001 0.07538461538461538
0 0.6925 0.35615384615384615 0.055 0.07230769230769231
0 0.8184375 0.0673076923076923 0.054375 0.05615384615384615
0 0.8775000000000001 0.5646153846153846 0.21625 0.22923076923076924
0 0.921875 0.3223076923076923 0.155 0.22
0 0.0478125 0.11615384615384615 0.095625 0.22923076923076924
0 0.9290625 0.4803846153846154 0.035625000000000004 0.06230769230769231
0 0.008125 0.4896153846153846 0.01625 0.013076923076923076
0 0.96625 0.17692307692307693 0.06625 0.06307692307692307
0 0.0084375 0.4411538461538462 0.016875 0.013076923076923076
0 0.19 0.03423076923076923 0.03125 0.06538461538461539
0 0.8728125 0.6973076923076923 0.051875000000000004 0.04230769230769231
0 0.9834375000000001 0.10961538461538461 0.031875 0.09615384615384616
0 0.48625 0.6161538461538462 0.11875000000000001 0.15384615384615385
0 0.40125 0.7619230769230769 0.08875 0.12230769230769231
0 0.3540625 0.6846153846153846 0.11937500000000001 0.2230769230769231
0 0.2253125 0.6269230769230769 0.229375 0.19692307692307692
0 0.1603125 0.3823076923076923 0.263125 0.3123076923076923
0 0.3634375 0.41423076923076924 0.208125 0.32384615384615384
0 0.521875 0.4473076923076923 0.21 0.21769230769230768
