0 0.5974866717440975 0.17166212534059944 0.04798172124904798 0.10535876475930972
0 0.432977913175933 0.2524977293369664 0.08149276466108149 0.0690281562216167
0 0.710967250571211 0.0885558583106267 0.03884234577303884 0.03542234332425068
0 0.36671744097486675 0.7574931880108992 0.06626047220106626 0.08719346049046321
0 0.725057121096725 0.23569482288828336 0.07311500380807312 0.11171662125340599
0 0.3968012185833968 0.3042688465031789 0.09748667174409749 0.09990917347865576
0 0.2897943640517898 0.5 0.22010662604722012 0.23705722070844687
0 0.5974866717440975 0.06766575840145322 0.026656511805026657 0.03360581289736603
0 0.49124143183549124 0.18528610354223432 0.0456968773800457 0.072661217075386
0 0.44478293983244477 0.7034514078110808 0.08225437928408226 0.06993642143505903
0 0.317974105102818 0.6575840145322434 0.05255140898705255 0.06721162579473206
0 0.21782178217821782 0.9314259763851044 0.05178979436405179 0.051771117166212535
0 0.13137852246763138 0.48501362397820164 0.20335110434120335 0.2089009990917348
0 0.1051028179741051 0.7089009990917348 0.14623000761614624 0.20072661217075385
0 0.9367859862909368 0.8165304268846503 0.08987052551408987 0.2089009990917348
0 0.08834729626808835 0.5663033605812897 0.03351104341203351 0.05722070844686648
0 0.9508758568164509 0.47411444141689374 0.015993907083015995 0.012715712988192553
0 0.07235338918507235 0.8455949137148047 0.062452399086062454 0.05812897366030881
0 0.9535415079969536 0.5177111716621253 0.016755521706016754 0.012715712988192553
0 0.8084539223153084 0.9041780199818347 0.029702970297029705 0.06085376930063578
0 0.12757044935262757 0.3642143505903724 0.04950495049504951 0.03996366939146231
0 0.060167555217060166 0.9078110808356039 0.030464584920030464 0.08810172570390554
0 0.49543031226199546 0.40236148955495005 0.11195734958111196 0.13987284287011806
0 0.5658796648895659 0.2620345140781108 0.08377760853008379 0.11171662125340599
0 0.6146230007616147 0.3278837420526794 0.11271896420411272 0.20345140781108084
0 0.7391469916222392 0.368755676657584 0.21553693830921555 0.17983651226158037
0 0.8153084539223153 0.5849227974568574 0.24752475247524752 0.2851952770208901
0 0.6226199543031227 0.5744777475022707 0.19573495811119573 0.29518619436875565
0 0.4722010662604722 0.5590372388737511 0.19801980198019803 0.1989100817438692
