0 0.6298039215686274 0.14866156787762905 0.05019607843137255 0.11376673040152964
0 0.4537254901960784 0.2222753346080306 0.08549019607843136 0.07361376673040153
0 0.752156862745098 0.06835564053537285 0.04078431372549019 0.03919694072657744
0 0.3588235294117647 0.7552581261950286 0.06980392156862744 0.09369024856596558
0 0.7592156862745097 0.22609942638623326 0.07686274509803921 0.11950286806883365
0 0.4137254901960784 0.27437858508604207 0.10274509803921568 0.10707456978967494
0 0.2917647058823529 0.4751434034416826 0.23058823529411765 0.25430210325047803
0 0.6349019607843137 0.0372848948374761 0.027450980392156862 0.03632887189292543
0 0.5180392156862745 0.15535372848948376 0.04784313725490196 0.0774378585086042
0 0.44313725490196076 0.7036328871892925 0.08627450980392157 0.0745697896749522
0 0.3129411764705882 0.6453154875717017 0.054901960784313725 0.07074569789674952
0 0.19411764705882353 0.9292543021032504 0.05411764705882353 0.055449330783938815
0 0.12745098039215685 0.44741873804971316 0.21254901960784311 0.22370936902485658
0 0.08823529411764705 0.6845124282982792 0.15294117647058822 0.2141491395793499
0 0.9501960784313725 0.861376673040153 0.09490196078431372 0.22370936902485658
0 0.0784313725490196 0.5305927342256214 0.03607843137254902 0.06118546845124283
0 0.9823529411764705 0.49713193116634796 0.016470588235294115 0.013384321223709368
0 0.047058823529411764 0.8269598470363289 0.06588235294117646 0.06309751434034416
0 0.9827450980392156 0.5444550669216061 0.017254901960784313 0.014340344168260038
0 0.8117647058823529 0.9450286806883365 0.03137254901960784 0.06405353728489484
0 0.12941176470588234 0.31835564053537285 0.05176470588235294 0.04206500956022945
0 0.03176470588235294 0.892925430210325 0.03215686274509804 0.09369024856596558
0 0.5109803921568628 0.3867112810707457 0.1168627450980392 0.15009560229445507
0 0.591764705882353 0.24235181644359463 0.08862745098039215 0.11950286806883365
0 0.6396078431372548 0.3164435946462715 0.1184313725490196 0.21797323135755256
0 0.7670588235294117 0.36950286806883365 0.22588235294117645 0.1921606118546845
0 0.8352941176470587 0.6051625239005736 0.2588235294117647 0.3040152963671128
0 0.6352941176470588 0.5798279158699808 0.20549019607843136 0.3164435946462715
0 0.4792156862745098 0.5516252390057361 0.20705882352941177 0.21223709369024857
