0 0.607112970711297 0.16350947158524426 0.04769874476987447 0.10568295114656032
0 0.4422594142259414 0.24376869391824524 0.08117154811715481 0.06879361914257227
0 0.7196652719665272 0.0797607178464606 0.038493723849372385 0.035892323030907274
0 0.37740585774058577 0.7482552342971086 0.06694560669456066 0.08673978065802591
0 0.7343096234309623 0.22632103688933197 0.07280334728033472 0.11166500498504486
0 0.406276150627615 0.29561316051844466 0.09790794979079498 0.10069790628115652
0 0.3 0.4915254237288135 0.2200836820083682 0.23728813559322032
0 0.606694560669456 0.0588235294117647 0.026778242677824266 0.03389830508474576
0 0.500418410041841 0.17696909272183448 0.04518828451882845 0.07278165503489531
0 0.4552301255230125 0.6939182452642073 0.08200836820083682 0.06979062811565304
0 0.32803347280334727 0.6485543369890329 0.05188284518828452 0.06679960119641076
0 0.22845188284518828 0.9222333000997008 0.05188284518828452 0.051844466600199396
0 0.14184100418410042 0.47706879361914256 0.20334728033472801 0.20837487537387836
0 0.11548117154811714 0.7003988035892322 0.14560669456066944 0.2003988035892323
0 0.9464435146443514 0.8060817547357926 0.0903765690376569 0.20837487537387836
0 0.09916317991631798 0.5583250249252243 0.03430962343096234 0.05782652043868394
0 0.9602510460251046 0.46410767696909266 0.015899581589958158 0.012961116650049849
0 0.08326359832635982 0.8364905284147557 0.06276150627615062 0.05782652043868394
0 0.9631799163179916 0.507976071784646 0.016736401673640166 0.012961116650049849
0 0.8192468619246861 0.8933200398803589 0.0301255230125523 0.05982053838484546
0 0.13765690376569037 0.3564307078763709 0.049372384937238493 0.03888334995014955
0 0.07154811715481171 0.8993020937188434 0.03096234309623431 0.08773678963110668
0 0.5046025104602511 0.3933200398803589 0.11213389121338911 0.14057826520438682
0 0.5748953974895397 0.25324027916251246 0.08368200836820083 0.11166500498504486
0 0.6242677824267782 0.3190428713858424 0.11213389121338911 0.20338983050847456
0 0.7485355648535564 0.35892323030907275 0.21506276150627615 0.17946161515453637
0 0.8246861924686192 0.5747756729810568 0.24686192468619245 0.28414755732801594
0 0.6326359832635983 0.5648055832502492 0.19581589958158996 0.2941176470588235
0 0.4820083682008368 0.5498504486540379 0.19748953974895397 0.19840478564307076
