0 0.6474056603773585 0.15446768060836502 0.049528301886792456 0.1112167300380228
0 0.47051886792452835 0.21245247148288973 0.08411949685534592 0.07129277566539924
0 0.7716194968553459 0.08555133079847908 0.040094339622641514 0.03802281368821293
0 0.34905660377358494 0.7248098859315589 0.06918238993710692 0.09220532319391635
0 0.7708333333333334 0.24001901140684412 0.07625786163522014 0.11692015209125475
0 0.4284591194968554 0.26045627376425856 0.10062893081761007 0.10456273764258556
0 0.2983490566037736 0.4462927756653992 0.22720125786163523 0.24809885931558937
0 0.6584119496855346 0.04657794676806084 0.027515723270440252 0.03612167300380228
0 0.5373427672955975 0.1520912547528517 0.04638364779874214 0.07604562737642585
0 0.434748427672956 0.6810836501901141 0.0849056603773585 0.07319391634980989
0 0.3101415094339623 0.6135931558935361 0.054245283018867926 0.06939163498098859
0 0.17845911949685536 0.8816539923954373 0.05345911949685535 0.05418250950570342
0 0.13836477987421383 0.4068441064638783 0.20911949685534592 0.21863117870722434
0 0.08726415094339623 0.6345057034220533 0.15094339622641512 0.21007604562737642
0 0.9245283018867925 0.873574144486692 0.09276729559748428 0.21863117870722434
0 0.08569182389937108 0.4843155893536122 0.03459119496855346 0.05988593155893536
0 0.9752358490566039 0.5218631178707225 0.01650943396226415 0.013307984790874524
0 0.039308176100628936 0.7699619771863118 0.06446540880503145 0.060836501901140684
0 0.9732704402515724 0.5674904942965779 0.01729559748427673 0.013307984790874524
0 0.7845911949685535 0.9443916349809885 0.031446540880503145 0.06368821292775666
0 0.1474056603773585 0.280893536121673 0.05110062893081761 0.0408745247148289
0 0.020440251572327046 0.8331749049429658 0.031446540880503145 0.09220532319391635
0 0.5184748427672956 0.37690114068441066 0.11556603773584906 0.1473384030418251
0 0.6053459119496856 0.24287072243346008 0.08647798742138366 0.11692015209125475
0 0.6481918238993711 0.31844106463878324 0.11556603773584906 0.21292775665399238
0 0.7708333333333334 0.38022813688212925 0.22248427672955975 0.188212927756654
0 0.8254716981132076 0.6154942965779467 0.25471698113207547 0.2975285171102662
0 0.6301100628930818 0.5750950570342205 0.20204402515723272 0.30798479087452474
0 0.47838050314465413 0.5356463878326996 0.20361635220125787 0.20817490494296578
