0 0.6519185591229444 0.8116822429906543 0.047768206734534066 0.10560747663551402
0 0.47768206734534063 0.7635514018691589 0.08144087705559906 0.0691588785046729
0 0.7744714173844949 0.8724299065420561 0.03915426781519186 0.03644859813084112
0 0.3445575567736883 0.2766355140186916 0.06734534064212999 0.08785046728971962
0 0.7689898198903681 0.7242990654205608 0.07361002349256068 0.11214953271028037
0 0.43539545810493346 0.7196261682242991 0.09866875489428348 0.10093457943925234
0 0.3034455755677369 0.5462616822429907 0.22004698512137824 0.2383177570093458
0 0.6656225528582616 0.9149532710280375 0.02662490211433046 0.03364485981308411
0 0.5450274079874706 0.8186915887850468 0.04541895066562255 0.07289719626168224
0 0.42952231793265466 0.3149532710280374 0.0822239624119029 0.0691588785046729
0 0.30971025841816757 0.3850467289719626 0.052466718872357085 0.06728971962616823
0 0.17384494909945183 0.1336448598130841 0.05168363351605325 0.052336448598130844
0 0.14878621769772904 0.591588785046729 0.20360219263899765 0.20934579439252338
0 0.09240407204385279 0.3747663551401869 0.1456538762725137 0.20186915887850468
0 0.8997650743931088 0.1088785046728972 0.0908379013312451 0.2102803738317757
0 0.09514487079091621 0.5191588785046729 0.033672670321064996 0.05700934579439253
0 0.9600626468285043 0.44485981308411215 0.015661707126076743 0.013084112149532711
0 0.041895066562255286 0.24626168224299066 0.06342991386061081 0.0588785046728972
0 0.956538762725137 0.40093457943925237 0.01644479248238058 0.013084112149532711
0 0.7615505090054816 0.047196261682242995 0.030540328895849646 0.06074766355140187
0 0.16092404072043853 0.7116822429906542 0.04933437744714174 0.04018691588785047
0 0.02153484729835552 0.18644859813084114 0.030540328895849646 0.08878504672897197
0 0.519577133907596 0.6032710280373832 0.11198120595144871 0.1411214953271028
0 0.6080657791699295 0.7285046728971963 0.08379013312451057 0.11308411214953272
0 0.6476115896632733 0.6542056074766356 0.11276429130775255 0.20373831775700935
0 0.7650743931088488 0.5901869158878504 0.21613155833985903 0.18037383177570093
0 0.8108848864526234 0.36121495327102804 0.24823805794831635 0.28504672897196265
0 0.6221613155833986 0.40841121495327104 0.19655442443226312 0.2953271028037383
0 0.47572435395458107 0.45280373831775705 0.1981205951448708 0.19906542056074766
