0 0.6509433962264151 0.17585895117540687 0.047547169811320754 0.10759493670886075
0 0.4762264150943396 0.22649186256781192 0.0830188679245283 0.06962025316455696
0 0.7743396226415094 0.11301989150090415 0.03924528301886792 0.03616636528028933
0 0.34603773584905656 0.7206148282097649 0.06716981132075471 0.08860759493670886
0 0.7698113207547169 0.2626582278481013 0.0739622641509434 0.11301989150090415
0 0.43358490566037733 0.2716998191681736 0.09886792452830188 0.10216998191681735
0 0.30264150943396223 0.4484629294755877 0.2218867924528302 0.24050632911392406
0 0.6641509433962264 0.07142857142857142 0.027169811320754716 0.034358047016274866
0 0.5430188679245282 0.16998191681735986 0.0460377358490566 0.07414104882459313
0 0.4309433962264151 0.6808318264014467 0.0830188679245283 0.0705244122965642
0 0.310188679245283 0.6112115732368897 0.05283018867924528 0.06690777576853527
0 0.17547169811320754 0.8670886075949367 0.052075471698113204 0.05244122965641953
0 0.14641509433962263 0.4050632911392405 0.20528301886792452 0.21157323688969257
0 0.09132075471698113 0.6243218806509946 0.1479245283018868 0.20343580470162748
0 0.9067924528301886 0.8833634719710669 0.09132075471698113 0.21157323688969257
0 0.09283018867924528 0.4783001808318264 0.03471698113207547 0.05786618444846293
0 0.9645283018867924 0.5424954792043399 0.01660377358490566 0.012658227848101266
0 0.04150943396226415 0.7545207956600362 0.06339622641509433 0.05877034358047016
0 0.9615094339622641 0.587251356238698 0.01660377358490566 0.013562386980108499
0 0.7683018867924528 0.9475587703435805 0.03018867924528302 0.06148282097649186
0 0.15773584905660376 0.283001808318264 0.049811320754716976 0.039783001808318265
0 0.021509433962264148 0.8150994575045207 0.030943396226415093 0.08951175406871609
0 0.5192452830188679 0.38788426763110306 0.11320754716981131 0.14285714285714285
0 0.6075471698113207 0.2603978300180832 0.08452830188679245 0.11392405063291139
0 0.6479245283018867 0.33544303797468356 0.11396226415094339 0.20614828209764918
0 0.7667924528301886 0.39873417721518983 0.21735849056603773 0.1826401446654611
0 0.8150943396226414 0.6288426763110307 0.2490566037735849 0.2884267631103074
0 0.6249056603773585 0.583634719710669 0.19773584905660377 0.29927667269439423
0 0.47660377358490563 0.5406871609403254 0.19999999999999998 0.20072332730560577
