0 0.6393078970718723 0.14612868047982552 0.05057675244010648 0.11559432933478736
0 0.45918367346938777 0.2153762268266085 0.08606921029281278 0.0752453653217012
0 0.7648624667258208 0.06870229007633588 0.04081632653061225 0.03925845147219193
0 0.35048802129547474 0.7568157033805889 0.0709849157054126 0.09596510359869138
0 0.7684117125110914 0.22955288985823338 0.07808340727595386 0.12104689203925846
0 0.4174800354924579 0.26717557251908397 0.10381543921916593 0.10905125408942204
0 0.28970718722271516 0.4678298800436205 0.23336291038154394 0.2595419847328244
0 0.6468500443655724 0.03271537622682661 0.02839396628216504 0.03707742639040349
0 0.5261756876663709 0.14885496183206107 0.04791481810115351 0.07960741548527808
0 0.43744454303460517 0.7066521264994547 0.08695652173913043 0.07633587786259542
0 0.3065661047027507 0.6428571428571429 0.055900621118012424 0.07306434023991276
0 0.18012422360248448 0.9285714285714286 0.055013309671694766 0.05779716466739368
0 0.12377994676131322 0.4340239912758997 0.21561668145519078 0.22900763358778628
0 0.07852706299911269 0.6744820065430753 0.15527950310559008 0.21919302071973829
0 0.9472049689440994 0.8849509269356598 0.09671694764862467 0.22791712104689205
0 0.07231588287488909 0.5174482006543075 0.03637976929902396 0.06215921483097056
0 0.9880212954747116 0.5141766630316249 0.01685891748003549 0.014176663031624865
0 0.03371783496007098 0.8189749182115594 0.06743566992014197 0.06324972737186478
0 0.9875776397515529 0.5621592148309705 0.01774622892635315 0.014176663031624865
0 0.805678793256433 0.9656488549618321 0.031943212067435674 0.06652126499454744
0 0.12910381543921917 0.302071973827699 0.05235137533274179 0.04362050163576881
0 0.016415261756876666 0.8854961832061069 0.03283052351375333 0.09596510359869138
0 0.5137533274179237 0.3854961832061069 0.11889973380656611 0.15376226826608508
0 0.59849157054126 0.2410032715376227 0.08961845607808341 0.12213740458015268
0 0.6455190771960958 0.3178844056706652 0.11978704525288376 0.22355507088331517
0 0.7728482697426797 0.37622682660850604 0.22892635314995563 0.19629225736095965
0 0.8367346938775511 0.6194111232279171 0.26264418811002666 0.31188658669574704
0 0.634871339840284 0.5866957470010905 0.2085181898846495 0.3227917121046892
0 0.47737355811889975 0.5523446019629226 0.20940550133096716 0.21701199563794984
