0 0.642691415313225 0.8426013195098963 0.04949729311678268 0.11310084825636192
0 0.4640371229698376 0.7794533459000942 0.08507347254447023 0.07351555136663525
0 0.7675947409126064 0.91564561734213 0.040989945862335654 0.03864278982092366
0 0.3491879350348028 0.2530631479736098 0.07037896365042537 0.09330819981149858
0 0.7691415313225058 0.7582469368520264 0.07656612529002321 0.11969839773798303
0 0.4222737819025522 0.7295004712535343 0.10208816705336428 0.10744580584354382
0 0.29350348027842227 0.5362865221489161 0.2296983758700696 0.25259189443920826
0 0.6519721577726219 0.9533459000942507 0.027842227378190258 0.036757775683317624
0 0.5309358081979892 0.8426013195098963 0.04717710750193349 0.07728557964184732
0 0.43542150038669764 0.2997172478793591 0.08662026295436968 0.07351555136663525
0 0.3074245939675174 0.3652214891611687 0.05491105955143078 0.0706880301602262
0 0.17865429234338748 0.08906691800188501 0.054137664346481054 0.05560791705937795
0 0.13031709203402939 0.5735155513666352 0.21268368136117557 0.2233741753063148
0 0.08236658932714618 0.3393025447690858 0.1523588553750967 0.21489161168708765
0 0.9350348027842228 0.11357210179076342 0.09435421500386698 0.2233741753063148
0 0.07811291569992267 0.49293119698397736 0.03557617942768755 0.06220546654099906
0 0.9810518174787317 0.4750235626767201 0.016241299303944315 0.013195098963242224
0 0.03596287703016241 0.1998114985862394 0.065738592420727 0.06220546654099906
0 0.9798917246713071 0.42789820923656924 0.017014694508894045 0.013195098963242224
0 0.7938901778808972 0.03864278982092366 0.0317092034029389 0.0640904806786051
0 0.13727764887857696 0.7016965127238454 0.051817478731631866 0.04241281809613572
0 0.017788089713843776 0.1347785108388313 0.03248259860788863 0.0942507068803016
0 0.5150812064965198 0.6121583411875589 0.11755607115235886 0.14985862393967955
0 0.6013147718484145 0.7516493873704052 0.08739365815931942 0.11969839773798303
0 0.6461716937354989 0.6748350612629594 0.1183294663573086 0.21677662582469368
0 0.7710750193348802 0.6149858623939679 0.22583139984532097 0.19132893496701225
0 0.8302397525135344 0.37558906691800187 0.25908739365815936 0.30442978322337416
0 0.631477184841454 0.412818096135721 0.2049497293116783 0.31479736098020733
0 0.47679814385150815 0.4491046182846371 0.20649651972157773 0.2120640904806786
