0 0.63875 0.8584615384615385 0.05 0.11538461538461539
0 0.458125 0.7880769230769231 0.08625000000000001 0.07461538461538461
0 0.7646875 0.9376923076923077 0.040625 0.038461538461538464
0 0.3515625 0.2423076923076923 0.07062500000000001 0.09538461538461539
0 0.769375 0.7753846153846153 0.0775 0.12153846153846154
0 0.41625 0.7353846153846154 0.10375000000000001 0.10923076923076923
0 0.28875 0.5323076923076923 0.23375 0.26
0 0.64625 0.9726923076923077 0.0275 0.036153846153846154
0 0.525 0.855 0.0475 0.07923076923076923
0 0.43843750000000004 0.29307692307692307 0.08687500000000001 0.07538461538461538
0 0.306875 0.3569230769230769 0.055 0.07230769230769231
0 0.1809375 0.06807692307692308 0.054375 0.05615384615384615
0 0.121875 0.5653846153846154 0.21625 0.22923076923076924
0 0.0775 0.3230769230769231 0.155 0.22
0 0.9515625 0.11692307692307692 0.095625 0.22923076923076924
0 0.0703125 0.48115384615384615 0.035625000000000004 0.06230769230769231
0 0.9912500000000001 0.49038461538461536 0.01625 0.013076923076923076
0 0.033125 0.1776923076923077 0.06625 0.06307692307692307
0 0.9909375 0.4419230769230769 0.016875 0.013076923076923076
0 0.8093750000000001 0.035 0.03125 0.06538461538461539
0 0.1265625 0.698076923076923 0.051875000000000004 0.04230769230769231
0 0.0159375 0.11038461538461539 0.031875 0.09615384615384616
0 0.513125 0.6176923076923077 0.11875000000000001 0.15384615384615385
0 0.598125 0.7634615384615384 0.08875 0.12230769230769231
0 0.6453125000000001 0.6861538461538461 0.11937500000000001 0.2230769230769231
0 0.7740625 0.6284615384615385 0.229375 0.19692307692307692
0 0.8390625 0.38384615384615384 0.263125 0.3123076923076923
0 0.6359375 0.4157692307692308 0.208125 0.32384615384615384
0 0.47750000000000004 0.44884615384615384 0.21 0.21769230769230768
