0 0.6476230191826522 0.1686807653575025 0.04920767306088407 0.10976837865055387
0 0.47122602168473726 0.22507552870090636 0.08340283569641367 0.07150050352467271
0 0.7714762301918265 0.10120845921450151 0.040033361134278564 0.03726082578046324
0 0.3482068390325271 0.7341389728096677 0.06922435362802334 0.09063444108761329
0 0.7698081734778982 0.2542799597180262 0.0750625521267723 0.11581067472306143
0 0.4286905754795663 0.27240684793554887 0.10008340283569642 0.10372608257804633
0 0.29858215179316094 0.4566968781470292 0.22518765638031693 0.24672708962739173
0 0.658882402001668 0.06092648539778449 0.026688907422852376 0.035246727089627394
0 0.5379482902418682 0.16565961732124873 0.04670558798999166 0.0755287009063444
0 0.433277731442869 0.6908358509566969 0.08423686405337781 0.07250755287009064
0 0.3094245204336947 0.6233635448136958 0.05337781484570475 0.06847935548841894
0 0.17764804003336113 0.8892245720040282 0.05337781484570475 0.054380664652567974
0 0.13928273561301083 0.4164149043303122 0.2085070892410342 0.21651560926485397
0 0.08757297748123435 0.6424974823766365 0.1501251042535446 0.2094662638469285
0 0.9203502919099249 0.8862034239677744 0.09257714762301918 0.2175226586102719
0 0.08673894912427021 0.49295065458207454 0.03502919099249374 0.059415911379657606
0 0.9724770642201834 0.5357502517623364 0.016680567139282735 0.014098690835850957
0 0.039199332777314425 0.7774420946626385 0.06505421184320266 0.060422960725075525
0 0.9703919933277732 0.581570996978852 0.01751459549624687 0.013091641490433032
0 0.7802335279399499 0.9551863041289023 0.03085904920767306 0.0634441087613293
0 0.14887406171809842 0.29154078549848944 0.05087572977481234 0.041289023162134945
0 0.020016680567139282 0.8393756294058409 0.0316930775646372 0.09164149043303121
0 0.517931609674729 0.3892245720040282 0.11509591326105087 0.14602215508559918
0 0.6050875729774812 0.25629405840886205 0.08590492076730609 0.11581067472306143
0 0.6476230191826522 0.3323262839879154 0.11592994161801501 0.21148036253776434
0 0.7693911592994161 0.39375629405840884 0.22101751459549623 0.18731117824773413
0 0.8223519599666388 0.6278952668680765 0.2535446205170976 0.29506545820745217
0 0.6284403669724771 0.5866062437059416 0.20100083402835695 0.3071500503524673
0 0.47748123436196827 0.5463242698892246 0.20266889074228522 0.20644511581067473
