0 0.6484872611464968 0.1811248808388942 0.04856687898089172 0.10676835081029551
0 0.4741242038216561 0.2321258341277407 0.0820063694267516 0.06959008579599618
0 0.7718949044585988 0.11820781696854146 0.03901273885350319 0.03622497616777884
0 0.34355095541401276 0.724976167778837 0.06767515923566879 0.0886558627264061
0 0.7679140127388535 0.26787416587225926 0.07404458598726114 0.11248808388941849
0 0.4315286624203822 0.276930409914204 0.09872611464968153 0.10200190657769304
0 0.3001592356687898 0.45376549094375596 0.2213375796178344 0.2402287893231649
0 0.6616242038216561 0.07721639656816015 0.027070063694267517 0.034318398474737846
0 0.5410031847133758 0.1754051477597712 0.045382165605095545 0.07435653002859867
0 0.42874203821656054 0.6854146806482364 0.08359872611464969 0.07054337464251668
0 0.30772292993630573 0.6163012392755005 0.05334394904458599 0.06768350810295519
0 0.1731687898089172 0.8717826501429933 0.0517515923566879 0.052430886558627265
0 0.14410828025477707 0.4099142040038131 0.2054140127388535 0.21163012392755004
0 0.08877388535031848 0.6291706387035272 0.14729299363057324 0.20400381315538607
0 0.9044585987261147 0.888465204957102 0.09076433121019109 0.21163012392755004
0 0.09076433121019109 0.4833174451858913 0.03503184713375796 0.05910390848427073
0 0.9617834394904459 0.548141086749285 0.01592356687898089 0.013346043851286939
0 0.03901273885350319 0.7597712106768351 0.06369426751592357 0.05910390848427073
0 0.9589968152866243 0.5924690181124881 0.016719745222929936 0.012392755004766444
0 0.7655254777070064 0.9523355576739752 0.03105095541401274 0.061010486177311724
0 0.15565286624203822 0.2878932316491897 0.05015923566878981 0.040038131553860816
0 0.019506369426751595 0.8198284080076262 0.03105095541401274 0.08960915157292659
0 0.51671974522293 0.3932316491897045 0.11305732484076433 0.14204003813155386
0 0.6050955414012739 0.26549094375595805 0.08439490445859874 0.11344137273593899
0 0.6457006369426752 0.3408007626310772 0.11305732484076433 0.20686367969494757
0 0.7643312101910829 0.4037178265014299 0.21815286624203822 0.18207816968541468
0 0.8125 0.6344137273593898 0.24920382165605096 0.2888465204957102
0 0.6226114649681529 0.5886558627264061 0.19745222929936307 0.29837940896091514
0 0.4745222929936306 0.5457578646329838 0.19904458598726116 0.20114394661582458
