0 0.6119281045751634 0.8330049261083743 0.049019607843137254 0.10935960591133004
0 0.4411764705882353 0.7556650246305419 0.08333333333333334 0.070935960591133
0 0.7291666666666667 0.9152709359605911 0.040032679738562095 0.03743842364532019
0 0.3611111111111111 0.23645320197044334 0.06862745098039216 0.09064039408866995
0 0.7401960784313726 0.7630541871921181 0.07516339869281045 0.11527093596059113
0 0.40318627450980393 0.7039408866995074 0.10049019607843138 0.10344827586206896
0 0.289624183006536 0.505911330049261 0.2246732026143791 0.24532019704433497
0 0.6143790849673203 0.9408866995073891 0.02777777777777778 0.0354679802955665
0 0.502859477124183 0.8231527093596058 0.04656862745098039 0.07586206896551724
0 0.44240196078431376 0.29014778325123153 0.08415032679738563 0.07192118226600985
0 0.3137254901960784 0.341871921182266 0.05392156862745098 0.06896551724137931
0 0.20465686274509803 0.06305418719211822 0.05310457516339869 0.05320197044334975
0 0.12785947712418302 0.5266009852216749 0.20833333333333334 0.21576354679802953
0 0.09517973856209151 0.2960591133004926 0.14950980392156862 0.20788177339901476
0 0.9415849673202614 0.15517241379310343 0.0923202614379085 0.21576354679802953
0 0.0821078431372549 0.4443349753694581 0.035130718954248366 0.059113300492610835
0 0.9648692810457516 0.5083743842364532 0.016339869281045753 0.013793103448275862
0 0.05841503267973856 0.15714285714285714 0.06454248366013073 0.06009852216748768
0 0.9660947712418301 0.4630541871921182 0.01715686274509804 0.013793103448275862
0 0.8088235294117647 0.06945812807881772 0.03104575163398693 0.06206896551724137
0 0.12745098039215685 0.6517241379310345 0.05065359477124183 0.040394088669950735
0 0.04493464052287582 0.09261083743842363 0.03104575163398693 0.09064039408866995
0 0.5012254901960784 0.5990147783251231 0.11519607843137256 0.1458128078817734
0 0.5772058823529412 0.7408866995073891 0.0857843137254902 0.11625615763546797
0 0.6254084967320261 0.6709359605911329 0.11519607843137256 0.2108374384236453
0 0.7512254901960784 0.6246305418719211 0.22140522875816995 0.18522167487684726
0 0.823529411764706 0.3985221674876847 0.25326797385620914 0.2945812807881773
0 0.6270424836601307 0.4167487684729064 0.20016339869281047 0.3054187192118226
0 0.474264705882353 0.4379310344827586 0.20179738562091504 0.20591133004926107
