0 0.6348267117497887 0.14470954356846474 0.05071851225697379 0.11514522821576763
0 0.45646661031276414 0.21680497925311204 0.08622147083685544 0.07468879668049792
0 0.7595097210481826 0.06535269709543569 0.04142011834319526 0.03941908713692946
0 0.35418427726120033 0.758298755186722 0.07100591715976332 0.0954356846473029
0 0.7650042265426881 0.22562240663900415 0.07776838546069315 0.12136929460580913
0 0.4146238377007608 0.2691908713692946 0.10397295012679628 0.10892116182572614
0 0.28951817413355874 0.47147302904564314 0.23245984784446322 0.258298755186722
0 0.6420118343195266 0.032157676348547715 0.027895181741335585 0.03734439834024896
0 0.5219780219780219 0.14989626556016597 0.0481825866441251 0.07987551867219916
0 0.43998309382924766 0.7069502074688797 0.08706677937447167 0.07572614107883817
0 0.30896027049873204 0.6452282157676349 0.054945054945054944 0.07261410788381743
0 0.18554522400676246 0.9320539419087137 0.054945054945054944 0.05705394190871369
0 0.12383770076077767 0.4403526970954357 0.21555367709213863 0.22717842323651452
0 0.08157227387996618 0.6810165975103735 0.15469146238377007 0.21887966804979253
0 0.9505494505494505 0.8765560165975104 0.09551986475063398 0.22821576763485477
0 0.07311918850380389 0.5238589211618258 0.03634826711749788 0.06224066390041494
0 0.9873203719357565 0.5062240663900415 0.016906170752324597 0.014522821576763486
0 0.03846153846153846 0.825207468879668 0.06677937447168215 0.06327800829875518
0 0.9877430262045646 0.553941908713693 0.01775147928994083 0.014522821576763486
0 0.8098055790363482 0.9585062240663901 0.032121724429416736 0.06639004149377593
0 0.12764158918005072 0.3086099585062241 0.052409129332206254 0.04253112033195021
0 0.02155536770921386 0.891597510373444 0.03296703296703297 0.09647302904564316
0 0.5122569737954353 0.3848547717842324 0.11834319526627218 0.15352697095435686
0 0.5955198647506339 0.23962655601659752 0.08875739644970414 0.12240663900414937
0 0.6428571428571428 0.3163900414937759 0.11918850380388842 0.22199170124481327
0 0.7713440405748098 0.37188796680497926 0.2290786136939983 0.19605809128630705
0 0.8377007607776839 0.6135892116182573 0.26204564666103125 0.31016597510373445
0 0.6352493660185967 0.5840248962655602 0.2071005917159763 0.3215767634854772
0 0.478021978021978 0.5523858921161826 0.20879120879120877 0.21680497925311204
