0 0.3533434650455927 0.17018348623853213 0.0486322188449848 0.10917431192660551
0 0.5300151975683891 0.22660550458715598 0.08434650455927052 0.07155963302752294
0 0.22948328267477203 0.10229357798165138 0.03951367781155015 0.03761467889908257
0 0.6527355623100304 0.7362385321100918 0.06838905775075987 0.0908256880733945
0 0.23062310030395136 0.2559633027522936 0.07522796352583587 0.11559633027522936
0 0.5721884498480243 0.27431192660550463 0.10030395136778116 0.10458715596330276
0 0.7025075987841946 0.4591743119266055 0.2256838905775076 0.2467889908256881
0 0.34194528875379937 0.06284403669724771 0.02735562310030395 0.03577981651376147
0 0.46314589665653494 0.16743119266055045 0.04635258358662614 0.07614678899082569
0 0.5672492401215805 0.6931192660550459 0.08434650455927052 0.07247706422018349
0 0.6914893617021276 0.6256880733944954 0.05319148936170213 0.06972477064220184
0 0.8237082066869301 0.8912844036697248 0.05319148936170213 0.05412844036697248
0 0.8620820668693009 0.4188073394495413 0.20896656534954408 0.21743119266055047
0 0.9137537993920972 0.644954128440367 0.14969604863221883 0.20917431192660552
0 0.0797872340425532 0.8876146788990826 0.09270516717325228 0.21743119266055047
0 0.9148936170212766 0.494954128440367 0.034954407294832825 0.05963302752293578
0 0.027735562310030396 0.5371559633027523 0.015957446808510637 0.013761467889908258
0 0.9616261398176291 0.7798165137614679 0.06458966565349544 0.060550458715596334
0 0.03001519756838906 0.5830275229357799 0.017477203647416412 0.013761467889908258
0 0.2196048632218845 0.9568807339449542 0.030395136778115502 0.062385321100917435
0 0.8522036474164134 0.29357798165137616 0.050911854103343465 0.04036697247706422
0 0.9806231003039514 0.8422018348623854 0.03115501519756839 0.09174311926605505
0 0.48290273556231 0.3912844036697248 0.11474164133738601 0.14587155963302753
0 0.3958966565349544 0.258256880733945 0.08662613981762918 0.11651376146788991
0 0.3533434650455927 0.3334862385321101 0.11550151975683891 0.21192660550458717
0 0.23138297872340424 0.3954128440366973 0.22112462006079028 0.1871559633027523
0 0.1778115501519757 0.629816513761468 0.25379939209726443 0.29633027522935784
0 0.3723404255319149 0.5885321100917431 0.2006079027355623 0.30733944954128445
0 0.5235562310030395 0.5481651376146789 0.20364741641337386 0.20642201834862386
