0 0.35145784081954295 0.8251184834123223 0.04885736800630418 0.10900473933649289
0 0.5275807722616234 0.7706161137440759 0.08274231678486998 0.07014218009478673
0 0.2277383766745469 0.890521327014218 0.039401103230890466 0.03696682464454976
0 0.653270291568164 0.2677725118483412 0.0677698975571316 0.09004739336492891
0 0.23049645390070925 0.7388625592417062 0.0748620961386919 0.11469194312796209
0 0.570133963750985 0.7241706161137441 0.10007880220646179 0.1023696682464455
0 0.7005516154452325 0.542654028436019 0.22379826635145786 0.24360189573459717
0 0.33963750985027585 0.9312796208530806 0.026792750197005517 0.035071090047393366
0 0.4605988967691096 0.8289099526066351 0.04649330181245075 0.07488151658767772
0 0.5681639085894405 0.309478672985782 0.0835303388494878 0.07109004739336493
0 0.6910953506698188 0.37772511848341234 0.05358550039401103 0.06919431279620854
0 0.8238770685579196 0.11611374407582939 0.05279747832939323 0.05402843601895735
0 0.8585500394011033 0.5843601895734597 0.20724980299448387 0.21516587677725119
0 0.9121355397951143 0.36113744075829385 0.14893617021276598 0.2066350710900474
0 0.08550039401103232 0.11137440758293839 0.0921985815602837 0.21516587677725119
0 0.9117415287628055 0.5090047393364929 0.03467297084318361 0.058767772511848344
0 0.030732860520094565 0.45781990521327015 0.015760441292356188 0.013270142180094787
0 0.9605988967691096 0.22796208530805687 0.06461780929866037 0.05971563981042654
0 0.03309692671394799 0.4123222748815166 0.017336485421591805 0.013270142180094787
0 0.22498029944838457 0.04407582938388626 0.030732860520094565 0.06161137440758294
0 0.8486997635933806 0.7085308056872038 0.0504334121355398 0.040758293838862564
0 0.9799054373522459 0.16635071090047393 0.030732860520094565 0.09004739336492891
0 0.4818754925137904 0.6075829383886256 0.11426319936958236 0.14407582938388627
0 0.39440504334121357 0.7383886255924171 0.08589440504334121 0.11563981042654028
0 0.35263987391646967 0.6630331753554503 0.11426319936958236 0.209478672985782
0 0.23207249802994484 0.6004739336492891 0.2198581560283688 0.1848341232227488
0 0.18045705279747834 0.36824644549763036 0.252167060677699 0.29289099526066353
0 0.37352245862884165 0.4109004739336493 0.20015760441292357 0.30426540284360193
0 0.5232466509062255 0.45213270142180095 0.2017336485421592 0.204739336492891
