0 0.63875 0.14 0.05 0.11538461538461539
0 0.458125 0.2103846153846154 0.08625000000000001 0.07461538461538461
0 0.7646875 0.06076923076923077 0.040625 0.038461538461538464
0 0.3515625 0.7561538461538462 0.07062500000000001 0.09538461538461539
0 0.769375 0.2230769230769231 0.0775 0.12153846153846154
0 0.41625 0.2630769230769231 0.10375000000000001 0.10923076923076923
0 0.28875 0.46615384615384614 0.23375 0.26
0 0.64625 0.02576923076923077 0.0275 0.036153846153846154
0 0.525 0.14346153846153847 0.0475 0.07923076923076923
0 0.43843750000000004 0.7053846153846154 0.08687500000000001 0.07538461538461538
0 0.306875 0.6415384615384615 0.055 0.07230769230769231
0 0.1809375 0.9303846153846154 0.054375 0.05615384615384615
0 0.121875 0.4330769230769231 0.21625 0.22923076923076924
0 0.0775 0.6753846153846154 0.155 0.22
0 0.9515625 0.8815384615384615 0.095625 0.22923076923076924
0 0.0703125 0.5173076923076924 0.035625000000000004 0.06230769230769231
0 0.9912500000000001 0.5080769230769231 0.01625 0.013076923076923076
0 0.033125 0.8207692307692308 0.06625 0.06307692307692307
0 0.9909375 0.5565384615384615 0.016875 0.013076923076923076
0 0.8093750000000001 0.9634615384615385 0.03125 0.06538461538461539
0 0.1265625 0.30038461538461536 0.051875000000000004 0.04230769230769231
0 0.0159375 0.8880769230769231 0.031875 0.09615384615384616
0 0.513125 0.38153846153846155 0.11875000000000001 0.15384615384615385
0 0.598125 0.23576923076923076 0.08875 0.12230769230769231
0 0.6453125000000001 0.3130769230769231 0.11937500000000001 0.2230769230769231
0 0.7740625 0.3707692307692308 0.229375 0.19692307692307692
0 0.8390625 0.6153846153846154 0.263125 0.3123076923076923
0 0.6359375 0.5834615384615385 0.208125 0.32384615384615384
0 0.47750000000000004 0.5503846153846154 0.21 0.21769230769230768
