0 0.635 0.8544433094994893 0.05 0.11542390194075587
0 0.45625000000000004 0.7829417773237998 0.08583333333333334 0.0745658835546476
0 0.7591666666666668 0.9346271705822268 0.04166666666666667 0.03881511746680286
0 0.35458333333333336 0.2425944841675179 0.07083333333333333 0.09499489274770175
0 0.7654166666666667 0.7737487231869254 0.0775 0.12155260469867211
0 0.41500000000000004 0.7308478038815117 0.10333333333333335 0.10929519918283964
0 0.29000000000000004 0.5286006128702758 0.23333333333333334 0.25842696629213485
0 0.6416666666666667 0.9673135852911134 0.028333333333333335 0.03677221654749745
0 0.5220833333333333 0.8498467824310522 0.0475 0.07967313585291114
0 0.44 0.2941777323799796 0.08666666666666667 0.0755873340143003
0 0.3091666666666667 0.35495403472931564 0.055 0.07252298263534218
0 0.18625 0.06894790602655772 0.05416666666666667 0.056179775280898875
0 0.12416666666666668 0.559244126659857 0.21500000000000002 0.22778345250255363
0 0.08166666666666667 0.31971399387129723 0.155 0.21859039836567928
0 0.9504166666666667 0.12512768130745658 0.09583333333333334 0.22778345250255363
0 0.07333333333333333 0.475485188968335 0.03666666666666667 0.06230847803881512
0 0.9875 0.49489274770173647 0.016666666666666666 0.01327885597548519
0 0.03875 0.17568947906026558 0.06583333333333334 0.06332992849846783
0 0.9870833333333334 0.44688457609805926 0.0175 0.01327885597548519
0 0.81 0.04290091930541369 0.03166666666666667 0.06537282941777324
0 0.12791666666666668 0.6905005107252299 0.052500000000000005 0.04290091930541369
0 0.022083333333333333 0.10827374872318693 0.0325 0.09601634320735444
0 0.5125000000000001 0.6149131767109295 0.11833333333333335 0.15321756894790603
0 0.5954166666666667 0.759959141981614 0.08916666666666667 0.12257405515832483
0 0.6429166666666667 0.6838610827374872 0.11916666666666667 0.2216547497446374
0 0.7708333333333334 0.6287027579162411 0.22833333333333336 0.19509703779366702
0 0.8375 0.38764044943820225 0.26166666666666666 0.30949948927477017
0 0.6354166666666667 0.4167517875383044 0.20750000000000002 0.32073544433094997
0 0.4779166666666667 0.44790602655771194 0.20916666666666667 0.21552604698672115
