0 0.638125 0.1423076923076923 0.05 0.11538461538461539
0 0.4578125 0.21307692307692308 0.08687500000000001 0.07384615384615384
0 0.764375 0.06346153846153846 0.04125 0.03923076923076923
0 0.35125 0.7588461538461538 0.07125000000000001 0.09615384615384616
0 0.7690625 0.22615384615384615 0.078125 0.12153846153846154
0 0.415625 0.26576923076923076 0.10375000000000001 0.10846153846153846
0 0.2884375 0.46884615384615386 0.233125 0.2592307692307692
0 0.6459375 0.02846153846153846 0.028125 0.03692307692307692
0 0.5246875 0.14576923076923076 0.046875 0.07923076923076923
0 0.43843750000000004 0.7076923076923077 0.08687500000000001 0.07538461538461538
0 0.30625 0.6442307692307693 0.055 0.07153846153846154
0 0.180625 0.9326923076923077 0.05375 0.05615384615384615
0 0.1215625 0.43538461538461537 0.216875 0.22923076923076924
0 0.0775 0.678076923076923 0.155 0.22076923076923077
0 0.95125 0.8838461538461538 0.095 0.22923076923076924
0 0.0696875 0.5203846153846153 0.035625000000000004 0.06230769230769231
0 0.990625 0.5107692307692308 0.01625 0.013846153846153847
0 0.0328125 0.823076923076923 0.065625 0.06307692307692307
0 0.990625 0.5588461538461539 0.01625 0.013076923076923076
0 0.80875 0.9661538461538461 0.03125 0.06461538461538462
0 0.1265625 0.3030769230769231 0.051875000000000004 0.043076923076923075
0 0.015625 0.8907692307692308 0.03125 0.09538461538461539
0 0.513125 0.38384615384615384 0.11875000000000001 0.15384615384615385
0 0.598125 0.23807692307692307 0.08875 0.12230769230769231
0 0.6453125000000001 0.3153846153846154 0.11937500000000001 0.2230769230769231
0 0.7740625 0.3730769230769231 0.229375 0.19692307692307692
0 0.8390625 0.6176923076923077 0.263125 0.3123076923076923
0 0.6359375 0.5857692307692308 0.208125 0.32384615384615384
0 0.47750000000000004 0.5526923076923077 0.21 0.21769230769230768
