0 0.36062500000000003 0.8569230769230769 0.05 0.11538461538461539
0 0.54125 0.7865384615384615 0.08625000000000001 0.07461538461538461
0 0.2346875 0.9361538461538461 0.040625 0.038461538461538464
0 0.6478125 0.24076923076923076 0.07062500000000001 0.09538461538461539
0 0.23 0.7738461538461539 0.0775 0.12153846153846154
0 0.583125 0.7338461538461538 0.10375000000000001 0.10923076923076923
0 0.7106250000000001 0.5307692307692308 0.23375 0.26
0 0.353125 0.9711538461538461 0.0275 0.036153846153846154
0 0.474375 0.8534615384615385 0.0475 0.07923076923076923
0 0.5609375 0.2915384615384615 0.08687500000000001 0.07538461538461538
0 0.6925 0.3553846153846154 0.055 0.07230769230769231
0 0.8184375 0.06653846153846153 0.054375 0.05615384615384615
0 0.8775000000000001 0.5638461538461539 0.21625 0.22923076923076924
0 0.921875 0.32153846153846155 0.155 0.22
0 0.0478125 0.11538461538461539 0.095625 0.22923076923076924
0 0.9290625 0.4796153846153846 0.035625000000000004 0.06230769230769231
0 0.008125 0.4888461538461538 0.01625 0.013076923076923076
0 0.96625 0.17615384615384616 0.06625 0.06307692307692307
0 0.0084375 0.4403846153846154 0.016875 0.013076923076923076
0 0.19 0.03346153846153846 0.03125 0.06538461538461539
0 0.8728125 0.6965384615384616 0.051875000000000004 0.04230769230769231
0 0.9834375000000001 0.10884615384615384 0.031875 0.09615384615384616
0 0.48625 0.6153846153846154 0.11875000000000001 0.15384615384615385
0 0.40125 0.7611538461538462 0.08875 0.12230769230769231
0 0.3540625 0.6838461538461539 0.11937500000000001 0.2230769230769231
0 0.2253125 0.6261538461538462 0.229375 0.19692307692307692
0 0.1603125 0.38153846153846155 0.263125 0.3123076923076923
0 0.3634375 0.41346153846153844 0.208125 0.32384615384615384
0 0.521875 0.44653846153846155 0.21 0.21769230769230768
