0 0.6441336441336442 0.1575212866603595 0.04972804972804973 0.11258278145695365
0 0.4654234654234654 0.21996215704824976 0.08547008547008547 0.0728476821192053
0 0.7684537684537684 0.08514664143803216 0.0404040404040404 0.03784295175023652
0 0.34965034965034963 0.7450331125827815 0.06993006993006994 0.09366130558183539
0 0.7696192696192696 0.24266792809839166 0.07692307692307693 0.11825922421948912
0 0.4234654234654235 0.27010406811731313 0.10256410256410256 0.10690633869441817
0 0.29448329448329447 0.4621570482497635 0.22999222999222999 0.25260170293282874
0 0.6534576534576535 0.04730368968779565 0.027972027972027972 0.03595080416272469
0 0.5326340326340326 0.15799432355723747 0.0473970473970474 0.07757805108798486
0 0.4358974358974359 0.6986754966887417 0.08547008547008547 0.07473982970671712
0 0.3084693084693085 0.6324503311258278 0.05439005439005439 0.07095553453169347
0 0.1790986790986791 0.9082308420056764 0.053613053613053616 0.05487228003784295
0 0.1317016317016317 0.4252601702932829 0.21212121212121213 0.22232734153263956
0 0.08313908313908314 0.6584673604541155 0.1522921522921523 0.21381267738883633
0 0.933954933954934 0.8855250709555346 0.0947940947940948 0.22327341532639547
0 0.08003108003108003 0.5047303689687795 0.035742035742035744 0.06149479659413434
0 0.980963480963481 0.5250709555345316 0.016317016317016316 0.013245033112582781
0 0.036907536907536904 0.7975402081362346 0.06604506604506605 0.06244087038789026
0 0.9797979797979798 0.5723746452223274 0.017094017094017096 0.013245033112582781
0 0.7933177933177933 0.9602649006622517 0.03108003108003108 0.06433301797540208
0 0.13947163947163946 0.29706717123935666 0.052059052059052056 0.04162724692526017
0 0.018648018648018648 0.8618732261116367 0.03263403263403263 0.0946073793755913
0 0.515928515928516 0.3869441816461684 0.11655011655011654 0.14947965941343425
0 0.6025641025641025 0.24881740775780511 0.08780108780108781 0.11920529801324503
0 0.6468531468531469 0.3249763481551561 0.11732711732711733 0.21665089877010407
0 0.7715617715617715 0.38505203405865657 0.22533022533022534 0.19110690633869443
0 0.8298368298368298 0.6239356669820246 0.257964257964258 0.30368968779564803
0 0.6320901320901321 0.586565752128666 0.20435120435120435 0.3140964995269631
0 0.47746697746697747 0.5496688741721855 0.20590520590520592 0.2119205298013245
