0 0.6337683523654161 0.14635364635364637 0.05057096247960848 0.11488511488511488
0 0.45554649265905384 0.21828171828171827 0.08564437194127243 0.07492507492507493
0 0.7577487765089723 0.06643356643356643 0.040783034257748776 0.03896103896103896
0 0.35522022838499184 0.7577422577422578 0.07096247960848287 0.09490509490509491
0 0.7638662316476347 0.22627372627372627 0.07748776508972267 0.12087912087912088
0 0.4147634584013051 0.2707292707292707 0.1035889070146819 0.10789210789210789
0 0.2903752039151713 0.4725274725274725 0.23164763458401305 0.25774225774225773
0 0.6398858075040783 0.033466533466533464 0.028548123980424146 0.03696303696303696
0 0.5212071778140294 0.15134865134865136 0.04730831973898858 0.07892107892107893
0 0.4408646003262643 0.7057942057942058 0.08727569331158239 0.07492507492507493
0 0.3099510603588907 0.6453546453546454 0.05546492659053834 0.07192807192807193
0 0.18800978792822187 0.9315684315684316 0.05464926590538336 0.056943056943056944
0 0.12479608482871127 0.44305694305694304 0.21533442088091356 0.22677322677322678
0 0.083605220228385 0.6823176823176823 0.1541598694942904 0.2177822177822178
0 0.950652528548124 0.8716283716283716 0.09543230016313214 0.22677322677322678
0 0.07463295269168027 0.5264735264735265 0.0367047308319739 0.061938061938061936
0 0.9861337683523654 0.5034965034965035 0.016313213703099513 0.013986013986013986
0 0.040783034257748776 0.8256743256743256 0.06688417618270799 0.06293706293706294
0 0.9861337683523654 0.5514485514485514 0.017944535073409464 0.013986013986013986
0 0.8103588907014683 0.955044955044955 0.03181076672104405 0.06593406593406594
0 0.12805872756933118 0.3116883116883117 0.052202283849918436 0.04195804195804196
0 0.024469820554649267 0.8921078921078921 0.032626427406199025 0.0959040959040959
0 0.5118270799347472 0.3856143856143856 0.11827079934747146 0.15184815184815184
0 0.5946166394779772 0.24075924075924077 0.08809135399673736 0.12187812187812187
0 0.6419249592169658 0.3161838161838162 0.11908646003262643 0.22077922077922077
0 0.7703915171288744 0.3711288711288711 0.2275693311582382 0.19480519480519481
0 0.836867862969005 0.6108891108891109 0.2610114192495922 0.3086913086913087
0 0.6353996737357259 0.5824175824175825 0.2071778140293638 0.3196803196803197
0 0.47838499184339317 0.5524475524475524 0.20799347471451876 0.21578421578421578
