0 0.6121530382595649 0.839622641509434 0.04801200300075019 0.1069182389937107
0 0.444861215303826 0.7605570530098832 0.08252063015753938 0.06918238993710692
0 0.7269317329332333 0.9227313566936209 0.03900975243810953 0.03593890386343217
0 0.37359339834958744 0.24932614555256066 0.06751687921980495 0.08894878706199462
0 0.740060015003751 0.7735849056603774 0.07426856714178545 0.11320754716981132
0 0.4081020255063766 0.7084456424079066 0.09902475618904727 0.10152740341419587
0 0.29857464366091524 0.5116801437556154 0.2220555138784696 0.23989218328840972
0 0.6129032258064516 0.945193171608266 0.027006751687921982 0.034141958670260555
0 0.5045011252813203 0.8274932614555256 0.04576144036009002 0.07367475292003595
0 0.45273818454613657 0.3032345013477089 0.08327081770442611 0.07097933513027853
0 0.3248312078019505 0.35175202156334234 0.05251312828207052 0.06738544474393532
0 0.2213053263315829 0.07592093441150045 0.05251312828207052 0.053009883198562445
0 0.13878469617404351 0.5292003593890386 0.20555138784696175 0.21203953279424978
0 0.10990247561890473 0.3023360287511231 0.1477869467366842 0.20395327942497754
0 0.9478619654913729 0.18149146451033243 0.09077269317329333 0.21203953279424978
0 0.09452363090772693 0.4469901168014376 0.0345086271567892 0.058400718778077274
0 0.9651162790697675 0.5287511230907458 0.015753938484621154 0.013477088948787063
0 0.0757689422355589 0.16486972147349507 0.06301575393848462 0.058400718778077274
0 0.967741935483871 0.48427672955974843 0.016504126031507877 0.012578616352201259
0 0.8177044261065266 0.09523809523809525 0.03000750187546887 0.061096136567834684
0 0.13615903975993998 0.651392632524708 0.05026256564141036 0.039532794249775384
0 0.06301575393848462 0.10152740341419587 0.03150787696924231 0.08984725965858043
0 0.5063765941485372 0.6078167115902965 0.11252813203300825 0.14285714285714288
0 0.5787696924231058 0.7484276729559749 0.08477119279819956 0.11320754716981132
0 0.627906976744186 0.6810422282120395 0.1140285071267817 0.20664869721473497
0 0.7524381095273819 0.6383647798742139 0.2175543885971493 0.18238993710691825
0 0.8270817704426107 0.41823899371069184 0.24981245311327832 0.28840970350404316
0 0.6335333833458365 0.4317160826594789 0.1972993248312078 0.2991913746630728
0 0.48162040510127535 0.44923629829290207 0.19954988747186797 0.20125786163522014
