0 0.3677058353317346 0.8519061583577713 0.0495603517186251 0.11436950146627566
0 0.5451638689048761 0.7790811339198436 0.08633093525179857 0.07429130009775171
0 0.24420463629096723 0.9320625610948191 0.040767386091127095 0.03812316715542522
0 0.6434852118305355 0.24193548387096775 0.07034372501998401 0.09481915933528837
0 0.2378097521982414 0.7727272727272727 0.07753796962430055 0.12023460410557185
0 0.5855315747402078 0.7267839687194526 0.10311750599520383 0.10850439882697947
0 0.7090327737809752 0.5249266862170088 0.23181454836131093 0.2561094819159335
0 0.36171063149480415 0.9638318670576735 0.027977617905675458 0.03714565004887586
0 0.4800159872102318 0.8460410557184751 0.04716227018385292 0.07917888563049853
0 0.5579536370903277 0.2937438905180841 0.08633093525179857 0.07526881720430108
0 0.6886490807354116 0.3533724340175953 0.05515587529976019 0.07135874877810362
0 0.8097521982414069 0.06793743890518084 0.05435651478816946 0.05571847507331378
0 0.8745003996802557 0.5547409579667644 0.21422861710631494 0.22580645161290322
0 0.9148681055155875 0.31573802541544477 0.1542765787370104 0.21700879765395895
0 0.049160671462829736 0.13049853372434017 0.09512390087929656 0.22580645161290322
0 0.9236610711430855 0.4706744868035191 0.03597122302158273 0.06158357771260997
0 0.014788169464428456 0.4975562072336266 0.016786570743405275 0.013685239491691105
0 0.9568345323741007 0.17253176930596287 0.06554756195043965 0.0635386119257087
0 0.014788169464428456 0.4496578690127077 0.016786570743405275 0.013685239491691105
0 0.18864908073541167 0.04740957966764418 0.0319744204636291 0.06549364613880743
0 0.8709032773780975 0.6847507331378299 0.05195843325339728 0.042033235581622676
0 0.9728217426059153 0.10606060606060606 0.0319744204636291 0.09481915933528837
0 0.48840927258193445 0.6129032258064516 0.11830535571542765 0.15249266862170088
0 0.40647482014388486 0.7575757575757576 0.08872901678657075 0.12121212121212122
0 0.3589128697042366 0.6827956989247311 0.11830535571542765 0.21994134897360704
0 0.23101518784972022 0.6285434995112414 0.22701838529176657 0.1935483870967742
0 0.16386890487609912 0.39002932551319647 0.2605915267785771 0.3069403714565005
0 0.3645083932853717 0.4173998044965787 0.20623501199040767 0.31867057673509286
0 0.5211830535571542 0.4467253176930596 0.20783373301358912 0.21505376344086022
