0 0.36039215686274506 0.14271938283510127 0.050980392156862744 0.11571841851494696
0 0.5407843137254902 0.21215043394406943 0.08705882352941176 0.07521697203471553
0 0.23490196078431372 0.06364513018322084 0.04156862745098039 0.03857280617164899
0 0.648235294117647 0.7555448408871746 0.07137254901960784 0.09546769527483125
0 0.23019607843137255 0.2256509161041466 0.0776470588235294 0.12150433944069432
0 0.5823529411764705 0.26422372227579555 0.10431372549019607 0.10993249758919962
0 0.7101960784313726 0.46673095467695275 0.23450980392156862 0.26036644165863065
0 0.3529411764705882 0.02844744455159113 0.028235294117647056 0.037608486017357765
0 0.47411764705882353 0.14513018322082932 0.04784313725490196 0.08003857280617165
0 0.5611764705882353 0.7054001928640309 0.08705882352941176 0.07618129218900675
0 0.692156862745098 0.6412729026036644 0.05568627450980392 0.07328833172613308
0 0.8188235294117646 0.929122468659595 0.054901960784313725 0.05689488910318226
0 0.8768627450980392 0.4329797492767599 0.2164705882352941 0.22950819672131148
0 0.9215686274509803 0.6745419479267117 0.1552941176470588 0.22082931533269046
0 0.04980392156862745 0.8823529411764706 0.09647058823529411 0.22950819672131148
0 0.928235294117647 0.5168756027000965 0.03686274509803921 0.06364513018322084
0 0.009411764705882352 0.5101253616200578 0.017254901960784313 0.013500482160077145
0 0.9658823529411764 0.8191899710703954 0.06666666666666667 0.06460945033751206
0 0.00980392156862745 0.5583413693346191 0.01803921568627451 0.013500482160077145
0 0.19176470588235292 0.9633558341369335 0.03215686274509804 0.06557377049180328
0 0.8717647058823529 0.3008678881388621 0.05254901960784313 0.04243008678881389
0 0.9831372549019607 0.8862102217936355 0.03215686274509804 0.09643201542912247
0 0.48627450980392156 0.3823529411764706 0.1192156862745098 0.15332690453230474
0 0.40078431372549017 0.23722275795564127 0.08941176470588234 0.12343297974927676
0 0.35411764705882354 0.31436837029893927 0.12 0.22372227579556414
0 0.22549019607843138 0.3722275795564127 0.22980392156862745 0.19672131147540983
0 0.16117647058823528 0.6162005785920925 0.2627450980392157 0.3124397299903568
0 0.36392156862745095 0.5838958534233366 0.20862745098039215 0.32304725168756027
0 0.5215686274509803 0.5506268081002893 0.21019607843137253 0.21793635486981677
