0 0.6110288675055514 0.17300884955752213 0.04811250925240562 0.10707964601769912
0 0.44448556624722424 0.25265486725663716 0.08216136195410806 0.06991150442477875
0 0.7250185048112509 0.08982300884955752 0.03923019985196151 0.036283185840707964
0 0.3756476683937824 0.7610619469026548 0.06735751295336788 0.08849557522123894
0 0.7387120651369355 0.23805309734513275 0.07401924500370095 0.11150442477876106
0 0.4082161361954108 0.30442477876106194 0.09844559585492227 0.10088495575221239
0 0.2997779422649889 0.5008849557522124 0.22057735011102886 0.23893805309734512
0 0.6113989637305699 0.06769911504424779 0.026646928201332347 0.034513274336283185
0 0.503700962250185 0.18539823008849557 0.04515173945225758 0.07345132743362831
0 0.45447816432272387 0.7075221238938053 0.08290155440414507 0.06991150442477875
0 0.3267949666913397 0.6601769911504425 0.05255366395262768 0.06725663716814159
0 0.2250185048112509 0.9349557522123894 0.05181347150259067 0.05221238938053097
0 0.14063656550703182 0.4849557522123894 0.20429311621021465 0.21061946902654866
0 0.11250925240562545 0.7106194690265487 0.1465581051073279 0.20176991150442478
0 0.9481865284974093 0.8256637168141593 0.09030347890451516 0.21061946902654866
0 0.09696521095484825 0.5663716814159292 0.034048852701702444 0.0584070796460177
0 0.964100666173205 0.4800884955752212 0.015544041450777202 0.01327433628318584
0 0.07920059215396003 0.8473451327433629 0.06365655070318282 0.05929203539823009
0 0.9666913397483345 0.5243362831858407 0.01628423390081421 0.01327433628318584
0 0.8190229459659512 0.9123893805309734 0.030347890451517392 0.06017699115044248
0 0.13730569948186527 0.36327433628318584 0.049592894152479645 0.03982300884955752
0 0.06698741672834936 0.9106194690265487 0.030347890451517392 0.08849557522123894
0 0.5062916358253146 0.4044247787610619 0.11250925240562545 0.1415929203539823
0 0.5780903034789044 0.26371681415929205 0.0843819393042191 0.11327433628318584
0 0.6273131014063656 0.3305309734513274 0.11324944485566246 0.20442477876106194
0 0.7516654330125833 0.37212389380530975 0.21687638786084382 0.18141592920353983
0 0.8267949666913397 0.5911504424778761 0.24870466321243523 0.2867256637168142
0 0.6336047372316802 0.5787610619469027 0.19689119170984454 0.2973451327433628
0 0.48260547742413024 0.5619469026548672 0.19837157660991858 0.2
