0 0.6501560062402496 0.8356873822975518 0.04914196567862715 0.11016949152542373
0 0.47386895475819035 0.7796610169491525 0.08346333853354135 0.07156308851224105
0 0.7741809672386896 0.9034839924670433 0.03978159126365055 0.03672316384180791
0 0.3510140405616225 0.2707156308851224 0.0686427457098284 0.09133709981167608
0 0.7730109204368175 0.75 0.0748829953198128 0.11581920903954802
0 0.43174726989079565 0.7321092278719397 0.10062402496099844 0.10451977401129943
0 0.3014820592823713 0.5480225988700564 0.22542901716068645 0.24670433145009416
0 0.6618564742589704 0.9430320150659133 0.027301092043681748 0.03483992467043314
0 0.5409516380655226 0.8389830508474576 0.04602184087363495 0.07532956685499058
0 0.43681747269890797 0.314030131826742 0.0842433697347894 0.07250470809792843
0 0.312402496099844 0.3813559322033898 0.05382215288611544 0.06967984934086628
0 0.18018720748829953 0.1162900188323917 0.0530421216848674 0.05367231638418079
0 0.14235569422776911 0.5885122410546139 0.20826833073322934 0.2165725047080979
0 0.0904836193447738 0.3625235404896422 0.1497659906396256 0.20903954802259886
0 0.9231669266770671 0.11911487758945385 0.09282371294851795 0.2175141242937853
0 0.08931357254290172 0.5117702448210922 0.035101404056162244 0.05932203389830508
0 0.9754290171606864 0.46892655367231634 0.01638065522620905 0.013182674199623351
0 0.04251170046801872 0.2278719397363465 0.06474258970358815 0.060263653483992465
0 0.9734789391575663 0.423728813559322 0.0171606864274571 0.013182674199623351
0 0.7835413416536662 0.04990583804143126 0.030421216848673948 0.06214689265536723
0 0.15171606864274573 0.713276836158192 0.05070202808112324 0.04048964218455744
0 0.0234009360374415 0.1652542372881356 0.031201248049921998 0.09133709981167608
0 0.5206708268330733 0.6153483992467043 0.11466458658346335 0.14595103578154425
0 0.608034321372855 0.7481167608286252 0.08658346333853355 0.11581920903954802
0 0.6505460218408736 0.6727871939736346 0.11544461778471139 0.211864406779661
0 0.7722308892355695 0.611111111111111 0.2215288611544462 0.1864406779661017
0 0.8252730109204368 0.3766478342749529 0.2542901716068643 0.295668549905838
0 0.6314352574102964 0.4180790960451977 0.20046801872074885 0.3069679849340866
0 0.48049921996879874 0.4580979284369115 0.20280811232449297 0.2062146892655367
