0 0.51375 0.7480769230769231 0.0775 0.09615384615384616
0 0.02875 0.6511538461538462 0.03875 0.06076923076923077
0 0.555625 0.6157692307692307 0.0725 0.07461538461538461
0 0.6053125 0.9138461538461539 0.026875 0.05692307692307692
0 0.2690625 0.7253846153846154 0.044375 0.08307692307692308
0 0.6509375000000001 0.6373076923076924 0.026875 0.040769230769230766
0 0.985625 0.5815384615384616 0.0275 0.10461538461538461
0 0.544375 0.8538461538461538 0.04 0.047692307692307694
0 0.025 0.37461538461538463 0.05 0.13230769230769232
0 0.0328125 0.5184615384615384 0.065625 0.10461538461538461
0 0.665625 0.8157692307692308 0.02875 0.031538461538461536
0 0.38406250000000003 0.9130769230769231 0.106875 0.09538461538461539
0 0.200625 0.6219230769230769 0.045 0.036153846153846154
0 0.3503125 0.041923076923076924 0.115625 0.08384615384615385
0 0.22875 0.49038461538461536 0.0625 0.06538461538461539
0 0.3921875 0.12153846153846154 0.049375 0.07230769230769231
0 0.3671875 0.7688461538461538 0.040625 0.06384615384615384
0 0.76875 0.4230769230769231 0.0625 0.08153846153846153
0 0.375 0.18384615384615385 0.0125 0.03538461538461538
0 0.335625 0.9923076923076923 0.02625 0.013846153846153847
0 0.2896875 0.42115384615384616 0.024375 0.05
0 0.3921875 0.6988461538461539 0.025625000000000002 0.019230769230769232
0 0.215 0.6630769230769231 0.04125 0.033846153846153845
0 0.313125 0.8815384615384615 0.01875 0.024615384615384615
0 0.3721875 0.9619230769230769 0.009375 0.02846153846153846
0 0.3028125 0.8973076923076924 0.040625 0.05615384615384615
0 0.384375 0.6246153846153846 0.025 0.03692307692307692
