0 0.4906382978723404 0.7422199170124482 0.0774468085106383 0.09439834024896265
0 0.9642553191489361 0.6348547717842323 0.03914893617021276 0.06016597510373444
0 0.44680851063829785 0.6146265560165975 0.07148936170212766 0.07365145228215768
0 0.40425531914893614 0.9061203319502075 0.02723404255319149 0.05705394190871369
0 0.7302127659574468 0.7131742738589212 0.04425531914893617 0.08195020746887967
0 0.35404255319148936 0.6384854771784232 0.02723404255319149 0.04045643153526971
0 0.02425531914893617 0.5938796680497925 0.028085106382978724 0.10269709543568464
0 0.4625531914893617 0.845954356846473 0.04 0.046680497925311204
0 0.9629787234042553 0.36566390041493774 0.05021276595744681 0.12966804979253113
0 0.9578723404255319 0.5057053941908713 0.06553191489361702 0.10269709543568464
0 0.34297872340425534 0.8127593360995851 0.02893617021276596 0.032157676348547715
0 0.6208510638297873 0.8993775933609959 0.10638297872340426 0.09336099585062241
0 0.7953191489361702 0.6109958506224067 0.0451063829787234 0.035269709543568464
0 0.6374468085106383 0.05186721991701245 0.11404255319148936 0.08298755186721991
0 0.765531914893617 0.48392116182572614 0.062127659574468086 0.06535269709543569
0 0.5982978723404255 0.13018672199170125 0.04936170212765957 0.07157676348547717
0 0.6348936170212766 0.7588174273858921 0.04085106382978723 0.06327800829875518
0 0.23446808510638298 0.4341286307053942 0.062127659574468086 0.07987551867219916
0 0.6157446808510638 0.19035269709543567 0.01276595744680851 0.03630705394190872
0 0.6702127659574468 0.975103734439834 0.026382978723404255 0.014522821576763486
0 0.7042553191489361 0.41804979253112035 0.024680851063829785 0.049792531120331954
0 0.6089361702127659 0.6913900414937759 0.026382978723404255 0.01970954356846473
0 0.7821276595744681 0.6514522821576764 0.04085106382978723 0.03319502074688797
0 0.6897872340425532 0.8661825726141079 0.01957446808510638 0.024896265560165977
0 0.6331914893617021 0.946058091286307 0.010212765957446808 0.029045643153526972
0 0.7004255319148937 0.8812240663900415 0.04085106382978723 0.054979253112033194
0 0.6153191489361702 0.6187759336099585 0.02553191489361702 0.03630705394190872
