0 0.48320413436692505 0.7428872497365647 0.07751937984496124 0.09483667017913593
0 0.9633936261843239 0.6559536354056902 0.03875968992248062 0.060063224446786086
0 0.4427217915590009 0.6122233930453108 0.07235142118863049 0.0737618545837724
0 0.39018087855297157 0.9041095890410958 0.02756244616709733 0.05690200210748156
0 0.7252368647717485 0.7249736564805057 0.04478897502153316 0.0821917808219178
0 0.34840654608096466 0.6317175974710221 0.026701119724375538 0.0410958904109589
0 0.01808785529715762 0.571654373024236 0.02756244616709733 0.10432033719704951
0 0.45133505598621876 0.8466807165437302 0.03962101636520241 0.04741833508956796
0 0.9698535745047373 0.3840885142255005 0.04995693367786391 0.13171759747102213
0 0.9608096468561584 0.5252897787144362 0.06632213608957795 0.10432033719704951
0 0.33161068044788977 0.8071654373024235 0.029285099052540915 0.031612223393045306
0 0.6089577950043066 0.9072708113804003 0.10680447889750215 0.09483667017913593
0 0.7937123169681309 0.6243414120126448 0.04565030146425495 0.0368809272918862
0 0.6520241171403962 0.05216016859852476 0.11541774332472007 0.08324552160168598
0 0.7674418604651163 0.494204425711275 0.06201550387596899 0.06533192834562697
0 0.6098191214470284 0.12961011591148577 0.04995693367786391 0.07165437302423604
0 0.6274763135228252 0.7660695468914647 0.040482342807924204 0.06322444678609061
0 0.23428079242032732 0.4199157007376185 0.06201550387596899 0.08113804004214963
0 0.6261843238587425 0.19072708113804002 0.013781223083548665 0.03582718651211802
0 0.6559000861326443 0.9863013698630136 0.026701119724375538 0.014752370916754477
0 0.7075796726959518 0.4257112750263435 0.024978466838931956 0.05057955742887249
0 0.603359173126615 0.697049525816649 0.026701119724375538 0.020021074815595362
0 0.7790697674418605 0.6643835616438356 0.04220499569336779 0.03477344573234984
0 0.6795865633074936 0.8777660695468914 0.018949181739879414 0.025289778714436245
0 0.6201550387596899 0.9557428872497366 0.0103359173126615 0.029504741833508954
0 0.689922480620155 0.89304531085353 0.041343669250646 0.05584826132771338
0 0.6119724375538329 0.6238145416227607 0.024978466838931956 0.03793466807165437
