0 0.5136612021857924 0.7478386167146974 0.078064012490242 0.09702209414024976
0 0.02927400468384075 0.6503362151777137 0.03981264637002342 0.06147934678194044
0 0.555815768930523 0.6157540826128722 0.07338017174082748 0.07492795389048991
0 0.6049960967993755 0.9135446685878962 0.02810304449648712 0.05763688760806916
0 0.2693208430913349 0.7247838616714697 0.04527712724434036 0.08357348703170028
0 0.650663544106167 0.6373679154658981 0.0273224043715847 0.04130643611911623
0 0.985167837626854 0.5816522574447647 0.02810304449648712 0.10470701248799232
0 0.5441061670569868 0.8535062439961575 0.04059328649492584 0.04899135446685879
0 0.02537080405932865 0.37415946205571565 0.0507416081186573 0.1335254562920269
0 0.03317720530835285 0.5177713736791546 0.0663544106167057 0.10566762728146013
0 0.6651053864168618 0.8155619596541787 0.029664324746291958 0.03266090297790586
0 0.3840749414519906 0.9125840537944284 0.10772833723653395 0.09606147934678194
0 0.20101483216237315 0.6215177713736791 0.04605776736924278 0.03650336215177714
0 0.3508977361436378 0.04226705091258405 0.11631537861046058 0.0845341018251681
0 0.22911787665886027 0.49039385206532177 0.06323185011709602 0.06628242074927954
0 0.39266198282591724 0.12199807877041306 0.04996096799375488 0.07300672430355427
0 0.3672911787665886 0.7684918347742555 0.04137392661982826 0.06532180595581172
0 0.7685402029664324 0.4231508165225744 0.06323185011709602 0.08165225744476465
0 0.3750975800156128 0.1839577329490874 0.01327088212334114 0.03554274735830932
0 0.33528493364558937 0.9918347742555235 0.0273224043715847 0.01440922190201729
0 0.2896174863387978 0.4212295869356388 0.02498048399687744 0.050912584053794424
0 0.3918813427010148 0.6988472622478386 0.02654176424668228 0.020172910662824207
0 0.2150663544106167 0.6628242074927954 0.04137392661982826 0.034582132564841495
0 0.31342701014832164 0.8808837656099904 0.0195160031225605 0.024975984630163303
0 0.37197501951600315 0.9610951008645533 0.01014832162373146 0.029779058597502402
0 0.30249804839968775 0.8967339097022093 0.04137392661982826 0.056676272814601344
0 0.3844652615144418 0.6243996157540826 0.02576112412177986 0.03842459173871277
