0 0.5191326530612245 0.2570093457943925 0.07738095238095238 0.09449636552440291
0 0.03996598639455782 0.3406022845275182 0.0391156462585034 0.060228452751817235
0 0.5582482993197279 0.387331256490135 0.07227891156462585 0.07476635514018691
0 0.6113945578231292 0.09709241952232606 0.027210884353741496 0.05711318795430945
0 0.2776360544217687 0.2736240913811007 0.045068027210884355 0.08203530633437175
0 0.6522108843537415 0.3681204569055036 0.027210884353741496 0.040498442367601244
0 0.9808673469387754 0.43042575285565937 0.02806122448979592 0.102803738317757
0 0.550595238095238 0.15472481827622014 0.03996598639455782 0.04776739356178608
0 0.03188775510204082 0.6105919003115264 0.050170068027210885 0.1308411214953271
0 0.042091836734693876 0.470404984423676 0.06547619047619048 0.10384215991692627
0 0.6692176870748299 0.19470404984423675 0.028911564625850338 0.032191069574247146
0 0.39370748299319724 0.09293873312564901 0.10544217687074829 0.09449636552440291
0 0.20875850340136054 0.37331256490134995 0.045068027210884355 0.036344755970924195
0 0.3473639455782313 0.9428868120456905 0.11479591836734694 0.08307372793354101
0 0.2342687074829932 0.5020768431983386 0.06207482993197279 0.06542056074766354
0 0.38945578231292516 0.8665628245067497 0.04931972789115646 0.07165109034267912
0 0.375 0.23312564901349947 0.04081632653061224 0.06334371754932502
0 0.7648809523809523 0.5804776739356179 0.06207482993197279 0.08099688473520249
0 0.3737244897959184 0.8047767393561785 0.012755102040816327 0.035306334371754934
0 0.3473639455782313 0.014537902388369679 0.026360544217687073 0.014537902388369679
0 0.2933673469387755 0.5711318795430945 0.025510204081632654 0.04984423676012461
0 0.3983843537414966 0.3026998961578401 0.026360544217687073 0.01973001038421599
0 0.2232142857142857 0.3328141225337487 0.041666666666666664 0.03426791277258567
0 0.32355442176870747 0.12201453790238836 0.0195578231292517 0.02596053997923157
0 0.3826530612244898 0.04465212876427829 0.01020408163265306 0.029075804776739357
0 0.3137755102040816 0.10643821391484942 0.04081632653061224 0.055036344755970926
0 0.38945578231292516 0.37487019730010385 0.025510204081632654 0.037383177570093455
