0 0.4829734219269103 0.7439024390243903 0.07724252491694353 0.09552845528455285
0 0.9638704318936877 0.6559959349593497 0.03903654485049834 0.05995934959349594
0 0.4431063122923588 0.6128048780487806 0.07225913621262459 0.07520325203252033
0 0.39078073089701 0.9054878048780489 0.027408637873754152 0.05691056910569106
0 0.7250830564784053 0.7251016260162603 0.044850498338870434 0.08231707317073171
0 0.348421926910299 0.6321138211382115 0.027408637873754152 0.04065040650406505
0 0.018272425249169437 0.5721544715447155 0.02823920265780731 0.10365853658536586
0 0.45141196013289037 0.8470528455284554 0.040697674418604654 0.047764227642276426
0 0.970514950166113 0.3846544715447155 0.050664451827242524 0.13109756097560976
0 0.9613787375415282 0.5254065040650407 0.06561461794019934 0.10365853658536586
0 0.3318106312292359 0.8074186991869919 0.029069767441860465 0.03150406504065041
0 0.6096345514950167 0.9080284552845529 0.10631229235880399 0.09451219512195123
0 0.7940199335548173 0.6250000000000001 0.044850498338870434 0.03658536585365854
0 0.6524086378737541 0.05182926829268293 0.11544850498338871 0.08333333333333334
0 0.7678571428571429 0.49491869918699194 0.06229235880398671 0.06504065040650407
0 0.6100498338870433 0.12957317073170732 0.049003322259136214 0.07215447154471545
0 0.627906976744186 0.7662601626016261 0.04152823920265781 0.06300813008130082
0 0.23421926910299004 0.41971544715447157 0.06312292358803986 0.0813008130081301
0 0.6262458471760798 0.1905487804878049 0.013289036544850499 0.03556910569105692
0 0.65656146179402 0.986788617886179 0.027408637873754152 0.014227642276422765
0 0.7084717607973422 0.4258130081300813 0.024916943521594685 0.05081300813008131
0 0.6038205980066446 0.6971544715447155 0.026578073089700997 0.020325203252032523
0 0.7794850498338871 0.6646341463414634 0.04235880398671096 0.034552845528455285
0 0.6798172757475083 0.878048780487805 0.01910299003322259 0.024390243902439025
0 0.6208471760797343 0.9563008130081302 0.01079734219269103 0.02845528455284553
0 0.6901993355481728 0.8938008130081302 0.04152823920265781 0.05589430894308944
0 0.6125415282392027 0.6244918699186992 0.025747508305647843 0.037601626016260166
