0 0.51375 0.25115384615384617 0.0775 0.09615384615384616
0 0.02875 0.34807692307692306 0.03875 0.06076923076923077
0 0.555625 0.38346153846153846 0.0725 0.07461538461538461
0 0.6053125 0.08538461538461538 0.026875 0.05692307692307692
0 0.2690625 0.27384615384615385 0.044375 0.08307692307692308
0 0.6509375000000001 0.3619230769230769 0.026875 0.040769230769230766
0 0.985625 0.4176923076923077 0.0275 0.10461538461538461
0 0.544375 0.1453846153846154 0.04 0.047692307692307694
0 0.025 0.6246153846153846 0.05 0.13230769230769232
0 0.0328125 0.4807692307692308 0.065625 0.10461538461538461
0 0.665625 0.18346153846153845 0.02875 0.031538461538461536
0 0.38406250000000003 0.08615384615384615 0.106875 0.09538461538461539
0 0.200625 0.3773076923076923 0.045 0.036153846153846154
0 0.3503125 0.9573076923076923 0.115625 0.08384615384615385
0 0.22875 0.5088461538461538 0.0625 0.06538461538461539
0 0.3921875 0.8776923076923077 0.049375 0.07230769230769231
0 0.3671875 0.23038461538461538 0.040625 0.06384615384615384
0 0.76875 0.5761538461538461 0.0625 0.08153846153846153
0 0.375 0.8153846153846154 0.0125 0.03538461538461538
0 0.335625 0.006923076923076923 0.02625 0.013846153846153847
0 0.2896875 0.578076923076923 0.024375 0.05
0 0.3921875 0.30038461538461536 0.025625000000000002 0.019230769230769232
0 0.215 0.33615384615384614 0.04125 0.033846153846153845
0 0.313125 0.1176923076923077 0.01875 0.024615384615384615
0 0.3721875 0.037307692307692306 0.009375 0.02846153846153846
0 0.3028125 0.10192307692307692 0.040625 0.05615384615384615
0 0.384375 0.37461538461538463 0.025 0.03692307692307692
