0 0.51375 0.2519230769230769 0.0775 0.09615384615384616
0 0.02875 0.34846153846153843 0.03875 0.06153846153846154
0 0.55625 0.38384615384615384 0.0725 0.07538461538461538
0 0.605625 0.08538461538461538 0.02625 0.05692307692307692
0 0.2696875 0.2742307692307692 0.044375 0.0823076923076923
0 0.65125 0.3619230769230769 0.02625 0.040769230769230766
0 0.9862500000000001 0.4176923076923077 0.0275 0.10461538461538461
0 0.5446875 0.14615384615384616 0.039375 0.047692307692307694
0 0.025625000000000002 0.625 0.05 0.13153846153846155
0 0.0334375 0.4807692307692308 0.065625 0.10461538461538461
0 0.665625 0.18384615384615385 0.02875 0.03076923076923077
0 0.3846875 0.08615384615384615 0.106875 0.09538461538461539
0 0.200625 0.3780769230769231 0.045 0.036153846153846154
0 0.3503125 0.958076923076923 0.115625 0.08384615384615385
0 0.229375 0.5092307692307693 0.0625 0.06615384615384616
0 0.3928125 0.8780769230769231 0.049375 0.07307692307692308
0 0.3678125 0.23076923076923078 0.040625 0.06307692307692307
0 0.76875 0.5769230769230769 0.0625 0.08153846153846153
0 0.375 0.8157692307692308 0.0125 0.03461538461538462
0 0.33625 0.007307692307692308 0.02625 0.013076923076923076
0 0.29 0.5784615384615385 0.025 0.05076923076923077
0 0.3921875 0.30115384615384616 0.025625000000000002 0.019230769230769232
0 0.215 0.33615384615384614 0.04125 0.033846153846153845
0 0.3134375 0.11807692307692308 0.019375 0.025384615384615384
0 0.3725 0.037307692307692306 0.00875 0.02846153846153846
0 0.30312500000000003 0.10230769230769231 0.04125 0.05692307692307692
0 0.3846875 0.37538461538461537 0.024375 0.03692307692307692
