0 0.5163265306122449 0.744 0.07755102040816327 0.096
0 0.03428571428571429 0.6545 0.03918367346938775 0.061
0 0.5571428571428572 0.6135 0.07265306122448979 0.075
0 0.6085714285714285 0.9065 0.026938775510204082 0.057
0 0.27346938775510204 0.7245 0.044081632653061226 0.083
0 0.6514285714285715 0.6335000000000001 0.027755102040816326 0.041
0 0.9828571428571429 0.5740000000000001 0.027755102040816326 0.10400000000000001
0 0.5477551020408163 0.848 0.04081632653061225 0.048
0 0.028571428571428574 0.3815 0.05061224489795919 0.131
0 0.037551020408163265 0.5235 0.0653061224489796 0.105
0 0.6677551020408163 0.809 0.02938775510204082 0.032
0 0.3889795918367347 0.9085 0.10693877551020409 0.095
0 0.20489795918367348 0.6235 0.045714285714285714 0.037
0 0.3485714285714286 0.049 0.11591836734693878 0.084
0 0.23142857142857143 0.4935 0.06285714285714286 0.065
0 0.3906122448979592 0.1275 0.04979591836734694 0.073
0 0.3710204081632653 0.767 0.04163265306122449 0.064
0 0.7669387755102041 0.4205 0.06285714285714286 0.081
0 0.37387755102040815 0.189 0.013061224489795919 0.036000000000000004
0 0.3416326530612245 0.9875 0.026938775510204082 0.015
0 0.2914285714285714 0.4245 0.02448979591836735 0.051000000000000004
0 0.39510204081632655 0.6970000000000001 0.026122448979591838 0.02
0 0.21918367346938777 0.664 0.04163265306122449 0.034
0 0.3183673469387755 0.8785000000000001 0.019591836734693877 0.025
0 0.3775510204081633 0.9575 0.010612244897959184 0.029
0 0.3085714285714286 0.894 0.04081632653061225 0.056
0 0.3869387755102041 0.624 0.026122448979591838 0.038
