0 0.5019638648860959 0.7461904761904762 0.07541241162608013 0.09238095238095238
0 0.034956794972505895 0.6314285714285715 0.0384917517674784 0.05904761904761905
0 0.546739984289081 0.6214285714285714 0.07069913589945012 0.07142857142857142
0 0.5860172820109977 0.9085714285714286 0.02670856245090338 0.05523809523809524
0 0.2655145326001571 0.7133333333333334 0.043990573448546746 0.08
0 0.6386488609583661 0.6466666666666666 0.02670856245090338 0.04
0 0.9642576590730558 0.6085714285714285 0.027494108405341715 0.10095238095238095
0 0.5286724273369993 0.8480952380952381 0.03927729772191674 0.04666666666666667
0 0.039670070699135904 0.3676190476190476 0.04948939512961509 0.12761904761904763
0 0.04281225451688924 0.5047619047619047 0.06362922230950512 0.10095238095238095
0 0.6472898664571878 0.8176190476190476 0.028279654359780047 0.03142857142857143
0 0.37117046347211313 0.8976190476190476 0.10447761194029852 0.09238095238095238
0 0.2022780832678712 0.6114285714285714 0.04477611940298508 0.03619047619047619
0 0.36488609583660647 0.06428571428571428 0.11233307148468186 0.08095238095238096
0 0.2333071484681854 0.48714285714285716 0.061272584446190104 0.06380952380952382
0 0.4029850746268657 0.14238095238095239 0.04870384917517675 0.06952380952380953
0 0.3593872741555381 0.7595238095238095 0.04006284367635507 0.06190476190476191
0 0.7588373919874313 0.4471428571428571 0.061272584446190104 0.07904761904761905
0 0.3845247446975648 0.20095238095238097 0.01335428122545169 0.03428571428571429
0 0.3220738413197172 0.9709523809523809 0.02670856245090338 0.014285714285714285
0 0.2949725058915947 0.42333333333333334 0.024351924587588374 0.04857142857142857
0 0.38570306362922235 0.6933333333333334 0.02513747054202671 0.01904761904761905
0 0.2152395915161037 0.650952380952381 0.0408483896307934 0.03333333333333333
0 0.30361351139041637 0.8642857142857143 0.01963864886095837 0.023809523809523808
0 0.3586017282010998 0.9438095238095238 0.01021209740769835 0.02857142857142857
0 0.293401413982718 0.8790476190476191 0.04006284367635507 0.05523809523809524
0 0.380204241948154 0.6219047619047618 0.02513747054202671 0.03619047619047619
