0 0.48198970840480276 0.7418848167539268 0.07718696397941681 0.09528795811518326
0 0.9609777015437393 0.6581151832460733 0.038593481989708404 0.05968586387434555
0 0.4425385934819897 0.6115183246073299 0.07204116638078902 0.07329842931937174
0 0.3893653516295026 0.9015706806282724 0.0274442538593482 0.05654450261780105
0 0.7229845626072041 0.7251308900523561 0.044596912521440824 0.08272251308900525
0 0.3486277873070326 0.630890052356021 0.026586620926243566 0.04083769633507854
0 0.01972555746140652 0.568586387434555 0.0274442538593482 0.10261780104712043
0 0.4506861063464837 0.8445026178010472 0.04030874785591767 0.04712041884816755
0 0.9691252144082333 0.38795811518324613 0.04974271012006861 0.13089005235602097
0 0.95926243567753 0.5282722513089005 0.0660377358490566 0.10366492146596859
0 0.33147512864493994 0.8047120418848168 0.030017152658662092 0.032460732984293195
0 0.6072041166380789 0.905759162303665 0.10634648370497427 0.0942408376963351
0 0.7924528301886792 0.6256544502617801 0.044596912521440824 0.03664921465968587
0 0.6535162950257289 0.05602094240837697 0.11492281303602059 0.08272251308900525
0 0.7667238421955404 0.49633507853403147 0.06174957118353345 0.06492146596858639
0 0.611492281303602 0.1324607329842932 0.04974271012006861 0.07225130890052357
0 0.6260720411663808 0.7654450261780106 0.041166380789022294 0.06282722513089006
0 0.2358490566037736 0.418324607329843 0.06174957118353345 0.0806282722513089
0 0.6273584905660378 0.193717277486911 0.012864493996569469 0.0356020942408377
0 0.6539451114922813 0.9842931937172776 0.026586620926243566 0.014659685863874347
0 0.7079759862778731 0.4277486910994765 0.024871355060034305 0.04921465968586388
0 0.6024871355060034 0.6968586387434555 0.026586620926243566 0.019895287958115185
0 0.7774442538593482 0.6654450261780105 0.04202401372212693 0.034554973821989535
0 0.6775300171526587 0.8764397905759164 0.018867924528301886 0.025130890052356025
0 0.6183533447684391 0.9539267015706807 0.010291595197255574 0.029319371727748695
0 0.6878216123499142 0.892670157068063 0.041166380789022294 0.05549738219895289
0 0.611492281303602 0.6240837696335079 0.025728987993138937 0.03769633507853404
