0 0.48562500000000003 0.7473076923076923 0.0775 0.09615384615384616
0 0.9706250000000001 0.6507692307692308 0.03875 0.06153846153846154
0 0.443125 0.6153846153846154 0.0725 0.07538461538461538
0 0.39375 0.9138461538461539 0.02625 0.05692307692307692
0 0.7296875 0.725 0.044375 0.0823076923076923
0 0.348125 0.6373076923076924 0.02625 0.040769230769230766
0 0.0134375 0.5815384615384616 0.026875 0.10461538461538461
0 0.4546875 0.8530769230769231 0.039375 0.047692307692307694
0 0.97375 0.37423076923076926 0.05 0.13153846153846155
0 0.9659375 0.5184615384615384 0.065625 0.10461538461538461
0 0.33375 0.8153846153846154 0.02875 0.03076923076923077
0 0.6146875 0.9130769230769231 0.106875 0.09538461538461539
0 0.7987500000000001 0.6211538461538462 0.045 0.036153846153846154
0 0.6490625 0.04153846153846154 0.115625 0.08307692307692308
0 0.77 0.49 0.0625 0.06615384615384616
0 0.6065625 0.12115384615384615 0.049375 0.07307692307692308
0 0.6315625 0.7684615384615384 0.040625 0.06307692307692307
0 0.230625 0.42230769230769233 0.0625 0.08153846153846153
0 0.624375 0.18346153846153845 0.0125 0.03461538461538462
0 0.663125 0.9919230769230769 0.02625 0.013076923076923076
0 0.709375 0.4207692307692308 0.025 0.05076923076923077
0 0.6071875 0.698076923076923 0.025625000000000002 0.019230769230769232
0 0.784375 0.6630769230769231 0.04125 0.033846153846153845
0 0.6859375 0.8811538461538462 0.019375 0.025384615384615384
0 0.626875 0.9619230769230769 0.00875 0.02846153846153846
0 0.69625 0.8969230769230769 0.04125 0.05692307692307692
0 0.6146875 0.6238461538461538 0.024375 0.03692307692307692
