0 0.5031645569620253 0.2671428571428571 0.07436708860759493 0.09047619047619047
0 0.0435126582278481 0.38904761904761903 0.0379746835443038 0.058095238095238096
0 0.5490506329113924 0.38857142857142857 0.06962025316455696 0.07047619047619047
0 0.5834651898734177 0.1061904761904762 0.02610759493670886 0.054285714285714284
0 0.2701740506329114 0.30428571428571427 0.0435126582278481 0.07904761904761905
0 0.6392405063291139 0.36238095238095236 0.02689873417721519 0.039047619047619046
0 0.961629746835443 0.3923809523809524 0.027689873417721517 0.09904761904761905
0 0.5276898734177216 0.16666666666666666 0.03955696202531646 0.045714285714285714
0 0.051819620253164556 0.6480952380952381 0.048259493670886076 0.12476190476190477
0 0.05300632911392405 0.5128571428571429 0.06329113924050633 0.0980952380952381
0 0.6455696202531646 0.19428571428571428 0.028481012658227847 0.030476190476190476
0 0.37183544303797467 0.12142857142857143 0.10284810126582278 0.09047619047619047
0 0.20925632911392406 0.40523809523809523 0.0435126582278481 0.035238095238095235
0 0.37776898734177217 0.9380952380952381 0.1115506329113924 0.08
0 0.24169303797468353 0.5266666666666666 0.06091772151898734 0.06285714285714286
0 0.4141613924050633 0.8609523809523809 0.048259493670886076 0.06857142857142857
0 0.3623417721518987 0.2571428571428571 0.03955696202531646 0.06095238095238095
0 0.7610759493670886 0.5547619047619048 0.060126582278481014 0.07714285714285714
0 0.3947784810126582 0.8038095238095239 0.012658227848101266 0.03428571428571429
0 0.3223892405063291 0.05 0.02610759493670886 0.014285714285714285
0 0.30300632911392406 0.5876190476190476 0.02373417721518987 0.047619047619047616
0 0.38924050632911394 0.32095238095238093 0.02531645569620253 0.01904761904761905
0 0.22112341772151897 0.3657142857142857 0.040348101265822785 0.03238095238095238
0 0.30537974683544306 0.15523809523809523 0.0189873417721519 0.024761904761904763
0 0.35838607594936706 0.07666666666666666 0.00949367088607595 0.02761904761904762
0 0.2950949367088608 0.14095238095238094 0.03955696202531646 0.05333333333333333
0 0.3848892405063291 0.39095238095238094 0.0245253164556962 0.035238095238095235
