0 0.4785839160839161 0.6994623655913978 0.08129370629370629 0.0956989247311828
0 0.9497377622377622 0.6075268817204301 0.039335664335664336 0.053763440860215055
0 0.7132867132867133 0.6736559139784947 0.04195804195804196 0.08279569892473118
0 0.7530594405594405 0.4543010752688172 0.062062937062937064 0.06344086021505377
0 0.016171328671328672 0.5467741935483871 0.032342657342657344 0.1
0 0.9632867132867133 0.3365591397849462 0.07167832167832168 0.13333333333333333
0 0.6520979020979021 0.9655913978494624 0.02972027972027972 0.06666666666666667
0 0.38854895104895104 0.8629032258064516 0.028846153846153848 0.05698924731182796
0 0.6013986013986014 0.8564516129032258 0.10664335664335664 0.0978494623655914
0 0.4357517482517482 0.5741935483870968 0.06905594405594405 0.06881720430107527
0 0.6630244755244755 0.03118279569892473 0.06381118881118882 0.05591397849462366
0 0.34440559440559443 0.5946236559139785 0.026223776223776224 0.03870967741935484
0 0.6748251748251748 0.4870967741935484 0.03671328671328671 0.03870967741935484
0 0.5131118881118881 0.5172043010752688 0.024475524475524476 0.021505376344086023
0 0.6818181818181818 0.8451612903225807 0.04020979020979021 0.053763440860215055
0 0.3299825174825175 0.7661290322580645 0.030594405594405596 0.03118279569892473
0 0.9558566433566433 0.5016129032258064 0.08653846153846154 0.14516129032258066
0 0.6027097902097902 0.582258064516129 0.0236013986013986 0.035483870967741936
0 0.7797202797202797 0.5768817204301075 0.043706293706293704 0.03333333333333333
0 0.44755244755244755 0.7994623655913978 0.04195804195804196 0.04838709677419355
0 0.6193181818181818 0.7204301075268817 0.04108391608391608 0.06021505376344086
0 0.770541958041958 0.9795698924731183 0.037587412587412584 0.03870967741935484
0 0.7679195804195804 0.6198924731182796 0.039335664335664336 0.03333333333333333
0 0.23033216783216784 0.3978494623655914 0.06381118881118882 0.05806451612903226
0 0.6123251748251748 0.1586021505376344 0.013111888111888112 0.035483870967741936
0 0.5948426573426573 0.09731182795698924 0.04807692307692308 0.06774193548387097
0 0.611451048951049 0.01021505376344086 0.037587412587412584 0.02043010752688172
0 0.7207167832167832 0.3989247311827957 0.007867132867132868 0.03870967741935484
0 0.6158216783216783 0.9080645161290323 0.011363636363636364 0.02903225806451613
0 0.8120629370629371 0.7741935483870968 0.019230769230769232 0.025806451612903226
