0 0.46837349397590367 0.6813681368136814 0.07680722891566265 0.0882088208820882
0 0.9182981927710844 0.6354635463546354 0.036897590361445784 0.048604860486048604
0 0.6912650602409639 0.6768676867686768 0.0391566265060241 0.07560756075607561
0 0.7413403614457832 0.47884788478847884 0.05798192771084338 0.0576057605760576
0 0.04066265060240964 0.5022502250225023 0.030120481927710843 0.0918091809180918
0 0.9465361445783133 0.38838883888388837 0.06777108433734941 0.12331233123312331
0 0.617093373493976 0.9392439243924392 0.027861445783132533 0.062106210621062106
0 0.3742469879518073 0.8231323132313231 0.02710843373493976 0.0531053105310531
0 0.5753012048192772 0.8348334833483348 0.10090361445783133 0.0891089108910891
0 0.4352409638554217 0.5625562556255626 0.06475903614457831 0.063006300630063
0 0.6799698795180723 0.08325832583258326 0.060240963855421686 0.0513051305130513
0 0.34789156626506024 0.5738073807380738 0.024096385542168676 0.0351035103510351
0 0.6656626506024097 0.5022502250225023 0.03463855421686747 0.034203420342034205
0 0.5112951807228916 0.5166516651665166 0.022590361445783132 0.019801980198019802
0 0.6521084337349398 0.8312331233123312 0.03765060240963856 0.0495049504950495
0 0.3245481927710844 0.7295229522952295 0.028614457831325303 0.0279027902790279
0 0.9299698795180723 0.5391539153915391 0.08132530120481928 0.1332133213321332
0 0.5922439759036144 0.5841584158415841 0.021837349397590362 0.032403240324032405
0 0.7594126506024097 0.5936093609360936 0.04141566265060241 0.0297029702970297
0 0.43335843373493976 0.77002700270027 0.03990963855421687 0.0441044104410441
0 0.600527108433735 0.7115211521152115 0.038403614457831324 0.0549054905490549
0 0.728539156626506 0.9621962196219621 0.035391566265060244 0.036003600360036005
0 0.7458584337349398 0.6314131413141314 0.036897590361445784 0.0297029702970297
0 0.25112951807228917 0.3834383438343834 0.05948795180722892 0.054005400540054004
0 0.6246234939759037 0.19576957695769576 0.01280120481927711 0.0315031503150315
0 0.612198795180723 0.13816381638163816 0.045180722891566265 0.062106210621062106
0 0.6325301204819277 0.059855985598559855 0.03463855421686747 0.017101710171017102
0 0.713855421686747 0.42574257425742573 0.007530120481927711 0.036003600360036005
0 0.5865963855421688 0.8834383438343834 0.010542168674698796 0.026102610261026102
0 0.7786144578313253 0.7772277227722771 0.01807228915662651 0.022502250225022502
