0 0.4784375 0.6992307692307692 0.080625 0.09538461538461539
0 0.9500000000000001 0.6065384615384616 0.03875 0.05153846153846154
0 0.71375 0.6734615384615384 0.04125 0.0823076923076923
0 0.7528125 0.45384615384615384 0.060625 0.06153846153846154
0 0.015625 0.546923076923077 0.03125 0.09846153846153846
0 0.9634375000000001 0.3353846153846154 0.07062500000000001 0.13230769230769232
0 0.6525 0.9653846153846154 0.02875 0.06615384615384616
0 0.38875 0.8626923076923076 0.0275 0.05615384615384615
0 0.6012500000000001 0.8565384615384616 0.10625 0.09615384615384616
0 0.4353125 0.5742307692307692 0.068125 0.06846153846153846
0 0.6625 0.030384615384615385 0.0625 0.054615384615384614
0 0.3440625 0.595 0.025625000000000002 0.03769230769230769
0 0.6753125 0.4869230769230769 0.035625000000000004 0.03692307692307692
0 0.5128125 0.5173076923076924 0.023125 0.02076923076923077
0 0.681875 0.8457692307692307 0.03875 0.05307692307692308
0 0.33 0.7661538461538462 0.02875 0.03076923076923077
0 0.9559375 0.5007692307692307 0.085625 0.14307692307692307
0 0.6028125 0.5826923076923077 0.021875000000000002 0.03461538461538462
0 0.78 0.5761538461538461 0.0425 0.03076923076923077
0 0.4475 0.8 0.0425 0.047692307692307694
0 0.6196875000000001 0.7203846153846154 0.039375 0.05923076923076923
0 0.7715625 0.9796153846153847 0.036875 0.03769230769230769
0 0.7678125 0.6192307692307693 0.039375 0.03230769230769231
0 0.22968750000000002 0.3976923076923077 0.061875 0.05692307692307692
0 0.6115625 0.15692307692307692 0.013125 0.033846153846153845
0 0.5946875 0.09576923076923077 0.046875 0.06692307692307692
0 0.610625 0.00923076923076923 0.03625 0.01846153846153846
0 0.720625 0.39807692307692305 0.0075 0.03769230769230769
0 0.6159375 0.9080769230769231 0.010625 0.026923076923076925
0 0.8121875000000001 0.7742307692307693 0.018125 0.023846153846153847
