0 0.4857954545454546 0.6910609037328094 0.07873376623376624 0.09135559921414538
0 0.9391233766233766 0.5800589390962672 0.03733766233766234 0.05009823182711198
0 0.7126623376623377 0.6552062868369352 0.040584415584415584 0.07858546168958742
0 0.7439123376623377 0.443516699410609 0.05925324675324676 0.05992141453831041
0 0.032873376623376624 0.5682711198428291 0.03165584415584416 0.09528487229862474
0 0.9431818181818182 0.32121807465618857 0.06980519480519481 0.12770137524557956
0 0.6627435064935066 0.9356581532416502 0.02840909090909091 0.06385068762278978
0 0.40422077922077926 0.8511787819253438 0.0275974025974026 0.054027504911591355
0 0.6099837662337663 0.8344793713163065 0.1030844155844156 0.09332023575638507
0 0.4403409090909091 0.5741650294695481 0.06737012987012987 0.06581532416502947
0 0.6424512987012987 0.045186640471512766 0.0625 0.05304518664047151
0 0.35267857142857145 0.5977406679764243 0.025162337662337664 0.036345776031434185
0 0.669237012987013 0.47888015717092336 0.03490259740259741 0.036345776031434185
0 0.5133928571428572 0.5152259332023575 0.02353896103896104 0.020628683693516697
0 0.6879058441558442 0.8202357563850687 0.038149350649350655 0.05108055009823182
0 0.34415584415584416 0.7612966601178781 0.029220779220779224 0.029469548133595282
0 0.9419642857142858 0.47888015717092336 0.08360389610389611 0.13850687622789784
0 0.6022727272727273 0.5736738703339882 0.022727272727272728 0.03339882121807465
0 0.7735389610389611 0.5589390962671905 0.04220779220779221 0.03143418467583497
0 0.4590097402597403 0.7883104125736738 0.041396103896103896 0.04616895874263261
0 0.6229707792207793 0.7038310412573673 0.03977272727272727 0.05795677799607072
0 0.7780032467532468 0.943516699410609 0.03652597402597403 0.03831041257367387
0 0.7633928571428572 0.600196463654224 0.038149350649350655 0.03143418467583497
0 0.2353896103896104 0.4160117878192534 0.061688311688311695 0.05599214145383104
0 0.5974025974025975 0.16895874263261296 0.012987012987012988 0.03339882121807465
0 0.5783279220779222 0.11100196463654223 0.04626623376623377 0.06483300589390963
0 0.5917207792207793 0.027504911591355596 0.03571428571428572 0.01768172888015717
0 0.7106331168831169 0.3929273084479371 0.007305194805194806 0.03732809430255402
0 0.6258116883116883 0.8831041257367387 0.011363636363636364 0.027504911591355596
0 0.8112824675324676 0.7455795677799607 0.01866883116883117 0.023575638506876224
