0 0.5209375 0.3 0.080625 0.09538461538461539
0 0.049375 0.3926923076923077 0.03875 0.05153846153846154
0 0.2859375 0.32576923076923076 0.040625 0.0823076923076923
0 0.24656250000000002 0.5453846153846154 0.060625 0.06153846153846154
0 0.984375 0.4523076923076923 0.03125 0.09846153846153846
0 0.035937500000000004 0.6638461538461539 0.07062500000000001 0.13230769230769232
0 0.346875 0.033846153846153845 0.02875 0.06615384615384616
0 0.6109375 0.13653846153846153 0.028125 0.05615384615384615
0 0.398125 0.1426923076923077 0.10625 0.09615384615384616
0 0.5640625 0.425 0.068125 0.06846153846153846
0 0.336875 0.9688461538461538 0.0625 0.054615384615384614
0 0.6553125 0.4042307692307692 0.025625000000000002 0.03769230769230769
0 0.32406250000000003 0.5123076923076924 0.035625000000000004 0.03692307692307692
0 0.4865625 0.4819230769230769 0.023125 0.02076923076923077
0 0.3175 0.15346153846153845 0.03875 0.05307692307692308
0 0.669375 0.23307692307692307 0.02875 0.03076923076923077
0 0.043437500000000004 0.49846153846153846 0.085625 0.14307692307692307
0 0.3965625 0.4165384615384615 0.021875000000000002 0.03461538461538462
0 0.21937500000000001 0.4230769230769231 0.0425 0.03076923076923077
0 0.5521875 0.19923076923076924 0.041875 0.047692307692307694
0 0.3796875 0.2792307692307692 0.039375 0.05846153846153846
0 0.2278125 0.019615384615384614 0.036875 0.03769230769230769
0 0.2315625 0.38 0.039375 0.03230769230769231
0 0.7696875 0.6015384615384616 0.061875 0.05692307692307692
0 0.3878125 0.8423076923076923 0.013125 0.033846153846153845
0 0.40468750000000003 0.9034615384615384 0.046875 0.06692307692307692
0 0.38875 0.9903846153846154 0.03625 0.019230769230769232
0 0.27875 0.6011538461538461 0.0075 0.03769230769230769
0 0.3834375 0.09115384615384615 0.010625 0.026923076923076925
0 0.1871875 0.225 0.018125 0.023846153846153847
