0 0.5193348801237433 0.30368968779564803 0.07965970610982212 0.0946073793755913
0 0.05452436194895592 0.4035004730368969 0.03789636504253674 0.05203405865657521
0 0.28731631863882445 0.33349101229895933 0.040989945862335654 0.0804162724692526
0 0.2505800464037123 0.5501419110690634 0.06032482598607889 0.06149479659413434
0 0.9779582366589328 0.445600756859035 0.0317092034029389 0.09839167455061495
0 0.044083526682134576 0.6693472090823084 0.0711523588553751 0.1315042573320719
0 0.34416086620262953 0.04541154210028382 0.029389017788089715 0.06622516556291391
0 0.6059551430781129 0.141438032166509 0.028615622583139984 0.05581835383159887
0 0.3955916473317866 0.15184484389782402 0.10595514307811292 0.09555345316934721
0 0.563031709203403 0.4262062440870388 0.06805877803557618 0.06717123935666983
0 0.34493426140757927 0.9640491958372753 0.0634184068058778 0.05487228003784295
0 0.6531322505800464 0.4044465468306528 0.02552204176334107 0.03878902554399243
0 0.3275328692962104 0.5160832544938505 0.03634957463263728 0.036896877956480605
0 0.4872389791183295 0.4839167455061495 0.02474864655839134 0.021759697256385997
0 0.31593194122196444 0.16461684011352887 0.0394431554524362 0.052980132450331126
0 0.6647331786542924 0.23557237464522232 0.030162412993039445 0.030274361400189215
0 0.04949729311678268 0.5070955534531694 0.08507347254447023 0.14191106906338694
0 0.3975251353441609 0.42147587511825924 0.023201856148491882 0.03500473036896878
0 0.22273781902552206 0.4304635761589404 0.04331013147718484 0.03216650898770104
0 0.5483372003093581 0.2043519394512772 0.04176334106728539 0.04730368968779565
0 0.3789636504253674 0.2861873226111637 0.04021655065738593 0.059602649006622516
0 0.2266047950502707 0.03405865657521287 0.037122969837587005 0.03784295175023652
0 0.23433874709976799 0.38789025543992434 0.038669760247486466 0.03216650898770104
0 0.7683681361175562 0.5955534531693472 0.06264501160092807 0.05771050141911069
0 0.3940448569218871 0.8382213812677389 0.013147718484145398 0.03405865657521287
0 0.4118329466357309 0.8982970671712394 0.04717710750193349 0.06717123935666983
0 0.39636504253673627 0.9839167455061495 0.03634957463263728 0.01892147587511826
0 0.28306264501160094 0.6035950804162725 0.007733952049497294 0.03784295175023652
0 0.38051044083526686 0.10122989593188268 0.01082753286929621 0.028382213812677387
0 0.1883217324052591 0.23651844843897823 0.019334880123743233 0.02459791863765374
