0 0.4845360824742268 0.6929092805005214 0.07903780068728522 0.09280500521376434
0 0.9407216494845361 0.5844629822732013 0.037800687285223365 0.051094890510948905
0 0.7126288659793815 0.6579770594369134 0.040378006872852236 0.07924921793534932
0 0.7452749140893471 0.44525547445255476 0.059278350515463915 0.06047966631908238
0 0.029639175257731958 0.5641293013555787 0.03178694158075601 0.0959332638164755
0 0.9467353951890034 0.3237747653806048 0.070446735395189 0.12825860271115747
0 0.6606529209621993 0.9410844629822732 0.029209621993127148 0.06360792492179354
0 0.4016323024054983 0.8529718456725757 0.028350515463917526 0.054223149113660066
0 0.6086769759450171 0.8383733055265902 0.10395189003436425 0.09384775808133472
0 0.43986254295532645 0.5740354535974974 0.06701030927835051 0.06569343065693431
0 0.6460481099656358 0.04223149113660063 0.061855670103092786 0.05318039624608968
0 0.35094501718213056 0.5969760166840459 0.024914089347079036 0.03649635036496351
0 0.6701030927835051 0.4801876955161627 0.03608247422680412 0.03649635036496351
0 0.5128865979381443 0.516162669447341 0.024054982817869414 0.02085505735140772
0 0.6868556701030928 0.82429614181439 0.03865979381443299 0.051094890510948905
0 0.34192439862542956 0.7622523461939521 0.029209621993127148 0.029197080291970802
0 0.9441580756013745 0.48279457768508866 0.08419243986254295 0.1397288842544317
0 0.6026632302405498 0.5750782064650678 0.023195876288659795 0.03441084462982273
0 0.7749140893470791 0.5620437956204379 0.0429553264604811 0.03128258602711158
0 0.4570446735395189 0.7904066736183525 0.041237113402061855 0.045881126173096975
0 0.6224226804123711 0.7064650677789364 0.040378006872852236 0.05735140771637122
0 0.7770618556701031 0.9494264859228363 0.036941580756013746 0.03858185610010428
0 0.7641752577319587 0.6032325338894682 0.03865979381443299 0.03232533889468196
0 0.2345360824742268 0.4129301355578728 0.061855670103092786 0.056308654848800835
0 0.5996563573883161 0.16684045881126175 0.013745704467353952 0.03336809176225235
0 0.5816151202749141 0.10896767466110532 0.04639175257731959 0.06569343065693431
0 0.595360824742268 0.023983315954118876 0.03608247422680412 0.018769551616266946
0 0.7121993127147767 0.39416058394160586 0.006872852233676976 0.03753910323253389
0 0.6241408934707904 0.8873826903023984 0.011168384879725086 0.027111574556830033
0 0.8109965635738832 0.7502606882168926 0.018900343642611683 0.023983315954118876
