0 0.4757322175732217 0.6938775510204083 0.0794979079497908 0.09387755102040818
0 0.9401673640167364 0.6158163265306122 0.03765690376569038 0.05204081632653062
0 0.706694560669456 0.6744897959183674 0.04100418410041841 0.07959183673469389
0 0.7497907949790794 0.4612244897959184 0.0602510460251046 0.06122448979591837
0 0.02343096234309623 0.5326530612244899 0.031799163179916316 0.0979591836734694
0 0.9581589958158995 0.35204081632653067 0.0702928870292887 0.1306122448979592
0 0.6414225941422593 0.9571428571428572 0.02928870292887029 0.0653061224489796
0 0.38410041841004183 0.8505102040816327 0.02845188284518828 0.056122448979591844
0 0.5933054393305439 0.8494897959183674 0.10543933054393305 0.09489795918367348
0 0.43556485355648533 0.5704081632653062 0.06778242677824267 0.0673469387755102
0 0.6682008368200837 0.04744897959183674 0.06276150627615062 0.05408163265306123
0 0.34518828451882844 0.588265306122449 0.02594142259414226 0.03775510204081633
0 0.6723849372384937 0.4918367346938776 0.035983263598326355 0.036734693877551024
0 0.5125523012552301 0.5168367346938776 0.024267782426778243 0.02142857142857143
0 0.6728033472803346 0.8408163265306123 0.038493723849372385 0.05306122448979592
0 0.3284518828451883 0.754591836734694 0.02928870292887029 0.02959183673469388
0 0.9481171548117154 0.513265306122449 0.08535564853556485 0.14081632653061227
0 0.5995815899581589 0.5826530612244899 0.022594142259414224 0.03469387755102041
0 0.7736401673640166 0.5811224489795919 0.042677824267782424 0.031632653061224494
0 0.4435146443514644 0.7908163265306123 0.04184100418410042 0.04693877551020409
0 0.6133891213389121 0.7173469387755103 0.0401673640167364 0.05918367346938776
0 0.7581589958158995 0.9739795918367348 0.03682008368200836 0.03775510204081633
0 0.7610878661087865 0.6224489795918368 0.03933054393305439 0.0326530612244898
0 0.23640167364016734 0.3938775510204082 0.06276150627615062 0.05714285714285715
0 0.6158995815899582 0.16989795918367348 0.013389121338912133 0.0336734693877551
0 0.6 0.10969387755102042 0.04686192468619246 0.0663265306122449
0 0.6175732217573221 0.025 0.03682008368200836 0.01938775510204082
0 0.7184100418410041 0.40663265306122454 0.007531380753138075 0.03775510204081633
0 0.607112970711297 0.9000000000000001 0.010878661087866108 0.028571428571428574
0 0.8020920502092049 0.7744897959183674 0.019246861924686193 0.02448979591836735
