0 0.520625 0.7 0.08 0.09538461538461539
0 0.0490625 0.6069230769230769 0.038125 0.052307692307692305
0 0.285625 0.6738461538461539 0.04125 0.08153846153846153
0 0.2459375 0.45384615384615384 0.060625 0.06153846153846154
0 0.98375 0.5473076923076923 0.03125 0.09923076923076923
0 0.035625000000000004 0.33576923076923076 0.07125000000000001 0.13307692307692306
0 0.346875 0.9661538461538461 0.02875 0.06615384615384616
0 0.6103125 0.8634615384615385 0.028125 0.05615384615384615
0 0.3975 0.8569230769230769 0.10625 0.09692307692307692
0 0.5634375 0.5746153846153846 0.068125 0.06769230769230769
0 0.3365625 0.030384615384615385 0.063125 0.054615384615384614
0 0.655 0.595 0.025 0.03769230769230769
0 0.32406250000000003 0.4869230769230769 0.035625000000000004 0.03692307692307692
0 0.48625 0.5173076923076924 0.02375 0.02076923076923077
0 0.316875 0.8457692307692307 0.03875 0.05307692307692308
0 0.6690625 0.7665384615384615 0.029375000000000002 0.03
0 0.0428125 0.5011538461538462 0.085625 0.14384615384615385
0 0.39625 0.5826923076923077 0.0225 0.03461538461538462
0 0.2190625 0.5765384615384616 0.043125000000000004 0.031538461538461536
0 0.5515625000000001 0.8003846153846154 0.041875 0.04692307692307692
0 0.379375 0.7203846153846154 0.04 0.05923076923076923
0 0.2278125 0.98 0.036875 0.038461538461538464
0 0.23125 0.6192307692307693 0.03875 0.03230769230769231
0 0.769375 0.39807692307692305 0.0625 0.057692307692307696
0 0.3875 0.1576923076923077 0.0125 0.033846153846153845
0 0.40468750000000003 0.09653846153846155 0.046875 0.06692307692307692
0 0.388125 0.00923076923076923 0.03625 0.01846153846153846
0 0.2784375 0.39884615384615385 0.006875 0.03769230769230769
0 0.3828125 0.9084615384615384 0.010625 0.027692307692307693
0 0.186875 0.7742307692307693 0.01875 0.023846153846153847
