0 0.4925548589341693 0.3169934640522876 0.07601880877742946 0.08683473389355743
0 0.9282915360501567 0.44537815126050423 0.03683385579937304 0.04855275443510738
0 0.7108150470219435 0.36274509803921573 0.03918495297805642 0.07563025210084034
0 0.7339341692789968 0.5658263305322129 0.05721003134796238 0.056022408963585436
0 0.0493730407523511 0.41223155929038285 0.029780564263322883 0.09056956115779645
0 0.9231974921630094 0.69234360410831 0.06739811912225704 0.12231559290382821
0 0.6724137931034483 0.0919701213818861 0.028213166144200625 0.06069094304388422
0 0.41927899686520376 0.16059757236227826 0.02664576802507837 0.05228758169934641
0 0.6183385579937304 0.18627450980392157 0.10031347962382445 0.08870214752567694
0 0.44474921630094044 0.4267040149393091 0.06504702194357366 0.06162464985994398
0 0.622257053291536 0.9411764705882354 0.05956112852664577 0.05042016806722689
0 0.36010971786833856 0.3996265172735761 0.024294670846394983 0.035480859010270774
0 0.6630094043887147 0.5284780578898226 0.034482758620689655 0.03361344537815126
0 0.5133228840125391 0.4859943977591037 0.023510971786833854 0.0196078431372549
0 0.6927899686520376 0.20401493930905695 0.03761755485893417 0.04948646125116714
0 0.35815047021943575 0.24276377217553688 0.028213166144200625 0.028011204481792718
0 0.9275078369905956 0.5420168067226891 0.08072100313479623 0.13165266106442577
0 0.6018808777429467 0.4351073762838469 0.0219435736677116 0.031746031746031744
0 0.7672413793103448 0.4570494864612512 0.04075235109717868 0.028944911297852476
0 0.4698275862068965 0.223155929038282 0.039968652037617555 0.04295051353874883
0 0.6261755485893417 0.3118580765639589 0.03761755485893417 0.05415499533146592
0 0.7848746081504702 0.09056956115779645 0.03526645768025078 0.035480859010270774
0 0.7582288401253918 0.4173669467787115 0.03683385579937304 0.029878618113912233
0 0.24059561128526644 0.5672268907563025 0.05956112852664577 0.05322128851540617
0 0.5830721003134796 0.8207282913165267 0.012539184952978056 0.031746031746031744
0 0.5630877742946708 0.8748832866479925 0.04467084639498432 0.06162464985994398
0 0.572884012539185 0.9556489262371616 0.034482758620689655 0.017740429505135387
0 0.7002351097178683 0.6125116713352008 0.007053291536050156 0.035480859010270774
0 0.634796238244514 0.14098972922502334 0.0109717868338558 0.026143790849673203
0 0.8099529780564263 0.28104575163398693 0.018025078369905956 0.022408963585434174
