0 0.5209339774557166 0.3004950495049505 0.08051529790660225 0.09603960396039604
0 0.05112721417069243 0.39504950495049507 0.039452495974235106 0.053465346534653464
0 0.286634460547504 0.32821782178217823 0.04186795491143317 0.08217821782178218
0 0.24798711755233493 0.5470297029702971 0.061191626409017714 0.062376237623762376
0 0.9830917874396136 0.451980198019802 0.0322061191626409 0.1
0 0.038244766505636074 0.6653465346534654 0.071658615136876 0.13267326732673268
0 0.3474235104669887 0.036138613861386136 0.029790660225442835 0.06633663366336634
0 0.6103059581320451 0.13762376237623763 0.028985507246376812 0.05742574257425743
0 0.39814814814814814 0.14504950495049504 0.107085346215781 0.09801980198019802
0 0.5640096618357487 0.42574257425742573 0.06843800322061191 0.06930693069306931
0 0.3389694041867955 0.9683168316831683 0.0644122383252818 0.055445544554455446
0 0.6553945249597424 0.4054455445544555 0.02576489533011272 0.03861386138613861
0 0.3256843800322061 0.5138613861386139 0.036231884057971016 0.03762376237623762
0 0.48711755233494364 0.48316831683168315 0.024154589371980676 0.02178217821782178
0 0.3176328502415459 0.15643564356435644 0.039452495974235106 0.053465346534653464
0 0.6690821256038647 0.23415841584158417 0.030595813204508857 0.030693069306930693
0 0.045491143317230275 0.5004950495049505 0.0861513687600644 0.14356435643564355
0 0.3973429951690821 0.4178217821782178 0.023349436392914653 0.03564356435643565
0 0.22061191626409019 0.42524752475247524 0.043478260869565216 0.032673267326732675
0 0.5519323671497585 0.200990099009901 0.0426731078904992 0.047524752475247525
0 0.3804347826086957 0.2811881188118812 0.04106280193236715 0.0594059405940594
0 0.2286634460547504 0.02277227722772277 0.037037037037037035 0.039603960396039604
0 0.23309178743961353 0.3821782178217822 0.039452495974235106 0.033663366336633666
0 0.7697262479871175 0.6004950495049505 0.06280193236714976 0.05841584158415842
0 0.3896940418679549 0.842079207920792 0.01288244766505636 0.034653465346534656
0 0.40700483091787437 0.9024752475247525 0.04750402576489533 0.06831683168316832
0 0.39049919484702095 0.9896039603960396 0.037037037037037035 0.01881188118811881
0 0.28019323671497587 0.6014851485148515 0.008051529790660225 0.03861386138613861
0 0.3832528180354267 0.09356435643564356 0.011272141706924315 0.028712871287128714
0 0.18840579710144928 0.22821782178217823 0.01932367149758454 0.024752475247524754
