0 0.4843627834245504 0.30721747388414056 0.07896794370602032 0.09211775878442545
0 0.9413604378420641 0.4140550807217474 0.03752931978107897 0.05128205128205129
0 0.7122752150117279 0.34093067426400764 0.040656763096168884 0.07977207977207977
0 0.7455043002345583 0.5541310541310541 0.060203283815480846 0.05982905982905983
0 0.028928850664581705 0.4368471035137702 0.03127443315089914 0.09686609686609687
0 0.947615324472244 0.6756885090218424 0.07036747458952307 0.12820512820512822
0 0.6602814698983581 0.057929724596391265 0.028928850664581705 0.06457739791073125
0 0.40109460516028145 0.14672364672364674 0.028146989835809225 0.05413105413105413
0 0.6078967943706021 0.16096866096866097 0.10398749022673964 0.09401709401709402
0 0.4394057857701329 0.4264007597340931 0.06724003127443315 0.06647673314339982
0 0.6465989053948397 0.9582146248812916 0.06254886630179828 0.05318138651471985
0 0.3502736512900704 0.4031339031339031 0.02501954652071931 0.03703703703703704
0 0.6704456606724003 0.5194681861348528 0.035183737294761534 0.03608736942070276
0 0.5129007036747459 0.48433048433048437 0.023455824863174355 0.020892687559354226
0 0.6860828772478499 0.17473884140550808 0.03831118060985145 0.05128205128205129
0 0.3408913213448006 0.2378917378917379 0.02971071149335418 0.029439696106362774
0 0.944487881157154 0.5161443494776828 0.08444096950742767 0.1396011396011396
0 0.6024237685691947 0.42450142450142453 0.022673964034401875 0.03418803418803419
0 0.7748240813135262 0.43732193732193736 0.04222048475371384 0.03133903133903134
0 0.4562157935887412 0.2094017094017094 0.04143862392494136 0.04653371320037987
0 0.6219702892885066 0.2929724596391263 0.0398749022673964 0.057929724596391265
0 0.7767787333854573 0.048907882241215575 0.03674745895230649 0.03703703703703704
0 0.7642689601250977 0.396011396011396 0.03831118060985145 0.032288698955365625
0 0.2341673182173573 0.5883190883190883 0.0617670054730258 0.0560303893637227
0 0.6000781860828772 0.8338081671415005 0.013291634089132134 0.03418803418803419
0 0.5820953870211102 0.8922127255460589 0.046129788897576234 0.06552706552706553
0 0.5957779515246286 0.976258309591643 0.03596559812353401 0.018993352326685663
0 0.7126661454261142 0.6058879392212726 0.007036747458952306 0.037986704653371325
0 0.6239249413604379 0.11158594491927826 0.0109460516028147 0.027540360873694207
0 0.8111806098514465 0.24833808167141502 0.019546520719311962 0.023741690408357077
