0 0.9727564102564102 0.44623655913978494 0.04006410256410256 0.10068426197458455
0 0.04807692307692307 0.4809384164222874 0.07692307692307693 0.12316715542521994
0 0.5128205128205128 0.2859237536656892 0.07211538461538461 0.08504398826979472
0 0.6061698717948718 0.12218963831867058 0.03125 0.06451612903225806
0 0.280849358974359 0.3035190615835777 0.04246794871794872 0.08113391984359726
0 0.5432692307692307 0.1852394916911046 0.038461538461538464 0.04398826979472141
0 0.051682692307692304 0.3709677419354839 0.03926282051282051 0.05180840664711633
0 0.03806089743589743 0.6348973607038123 0.06330128205128205 0.13391984359726294
0 0.24078525641025642 0.5254154447702835 0.058493589743589744 0.06549364613880743
0 0.39302884615384615 0.3978494623655914 0.023237179487179488 0.039100684261974585
0 0.3938301282051282 0.12805474095796676 0.10336538461538461 0.08797653958944282
0 0.6442307692307692 0.39100684261974583 0.02564102564102564 0.039100684261974585
0 0.6622596153846153 0.22238514173998045 0.029647435897435896 0.028347996089931573
0 0.32732371794871795 0.9369501466275659 0.06810897435897435 0.05767350928641251
0 0.5540865384615384 0.4100684261974585 0.06971153846153846 0.06940371456500488
0 0.7596153846153846 0.5840664711632454 0.0689102564102564 0.06158357771260997
0 0.3830128205128205 0.9667644183773216 0.049679487179487176 0.03519061583577712
0 0.21554487179487178 0.4002932551319648 0.046474358974358976 0.03421309872922776
0 0.34815705128205127 0.033235581622678395 0.029647435897435896 0.04887585532746823
0 0.37900641025641024 0.2624633431085044 0.038461538461538464 0.05767350928641251
0 0.23317307692307693 0.01759530791788856 0.035256410256410256 0.02346041055718475
0 0.30128205128205127 0.2072336265884653 0.019230769230769232 0.009775171065493646
0 0.3922275641025641 0.8519061583577713 0.04887820512820513 0.10850439882697947
0 0.39983974358974356 0.32746823069403713 0.02564102564102564 0.019550342130987292
0 0.3161057692307692 0.4868035190615836 0.032852564102564104 0.03519061583577712
