0 0.9718076285240465 0.5515151515151515 0.03980099502487562 0.10101010101010101
0 0.049336650082918744 0.5212121212121212 0.07711442786069651 0.12323232323232323
0 0.513681592039801 0.7136363636363636 0.07213930348258707 0.08585858585858586
0 0.6065505804311775 0.8757575757575757 0.03067993366500829 0.06464646464646465
0 0.28192371475953565 0.696969696969697 0.04145936981757877 0.0808080808080808
0 0.5439469320066335 0.8136363636363636 0.03814262023217247 0.043434343434343436
0 0.053482587064676616 0.6303030303030303 0.03897180762852405 0.052525252525252523
0 0.03855721393034826 0.36818181818181817 0.06218905472636816 0.13434343434343435
0 0.24170812603648426 0.47575757575757577 0.05887230514096186 0.06464646464646465
0 0.39344941956882257 0.6025252525252526 0.02404643449419569 0.03939393939393939
0 0.3955223880597015 0.8712121212121212 0.10281923714759536 0.08787878787878788
0 0.6438640132669984 0.6075757575757575 0.02570480928689884 0.03939393939393939
0 0.6625207296849088 0.7757575757575758 0.029850746268656716 0.028282828282828285
0 0.32628524046434493 0.06616161616161616 0.06716417910447761 0.05757575757575758
0 0.5538971807628524 0.5898989898989899 0.06965174129353234 0.06868686868686869
0 0.7582918739635158 0.41515151515151516 0.06882255389718077 0.06060606060606061
0 0.3818407960199005 0.03585858585858586 0.04892205638474295 0.03535353535353535
0 0.2164179104477612 0.6005050505050505 0.04643449419568823 0.03333333333333333
0 0.34950248756218905 0.9656565656565657 0.02902155887230514 0.048484848484848485
0 0.37976782752902155 0.7373737373737373 0.03814262023217247 0.05858585858585859
0 0.23507462686567165 0.9818181818181818 0.03565505804311775 0.022222222222222223
0 0.3030679933665008 0.7929292929292929 0.019071310116086235 0.0101010101010101
0 0.3917910447761194 0.15 0.04892205638474295 0.10808080808080808
0 0.40091210613598677 0.6722222222222223 0.02570480928689884 0.01919191919191919
0 0.3167495854063018 0.5146464646464647 0.03316749585406302 0.03535353535353535
