0 0.020358306188925084 0.5680680680680681 0.04071661237785017 0.1031031031031031
0 0.9596905537459284 0.5065065065065065 0.07899022801302932 0.12612612612612611
0 0.49104234527687296 0.7197197197197197 0.0732899022801303 0.08808808808808809
0 0.3998371335504886 0.8893893893893894 0.030944625407166124 0.06706706706706707
0 0.7263843648208469 0.6941941941941941 0.042345276872964174 0.08308308308308308
0 0.4621335504885994 0.8233233233233234 0.03990228013029316 0.04504504504504504
0 0.9580618892508144 0.6181181181181181 0.03990228013029316 0.05305305305305305
0 0.9670195439739414 0.3483483483483483 0.06433224755700326 0.13813813813813813
0 0.7626221498371336 0.46596596596596596 0.05944625407166124 0.06706706706706707
0 0.6111563517915309 0.601101101101101 0.023615635179153095 0.04104104104104104
0 0.615228013029316 0.8778778778778779 0.10504885993485343 0.09009009009009009
0 0.3558631921824104 0.6156156156156156 0.026058631921824105 0.04004004004004004
0 0.3407980456026059 0.7887887887887888 0.030130293159609123 0.03003003003003003
0 0.6669381107491857 0.047547547547547545 0.06840390879478828 0.05905905905905906
0 0.4470684039087948 0.5940940940940941 0.07003257328990228 0.07107107107107107
0 0.23493485342019546 0.4214214214214214 0.07084690553745929 0.062062062062062065
0 0.6099348534201955 0.018518518518518517 0.050488599348534204 0.037037037037037035
0 0.7907166123778502 0.5935935935935935 0.04723127035830619 0.03403403403403403
0 0.6636807817589577 0.9734734734734735 0.02931596091205212 0.04904904904904905
0 0.6278501628664496 0.7392392392392393 0.03908794788273616 0.05905905905905906
0 0.7809446254071661 0.985985985985986 0.035830618892508145 0.024024024024024024
0 0.7076547231270358 0.7937937937937938 0.01954397394136808 0.01001001001001001
0 0.6021986970684039 0.13613613613613612 0.0496742671009772 0.11011011011011011
0 0.6050488599348535 0.6736736736736737 0.026058631921824105 0.02002002002002002
0 0.6868892508143323 0.5085085085085085 0.033387622149837134 0.036036036036036036
