0 0.05276946107784432 0.6045576407506702 0.03817365269461078 0.0938337801608579
0 0.9326347305389222 0.46604110813226096 0.07485029940119761 0.11528150134048257
0 0.5044910179640719 0.7015192135835567 0.0688622754491018 0.08042895442359249
0 0.4285179640718563 0.8650580875781948 0.029191616766467067 0.06076854334226988
0 0.7245508982035929 0.6581769436997319 0.040419161676646706 0.07596067917783736
0 0.48353293413173654 0.7989276139410187 0.037425149700598806 0.041108132260947276
0 0.9375000000000001 0.5683646112600536 0.03817365269461078 0.04825737265415549
0 0.9303892215568863 0.32126899016979443 0.059880239520958084 0.1260053619302949
0 0.7451347305389222 0.4463806970509383 0.05613772455089821 0.06166219839142091
0 0.6100299401197605 0.5831099195710455 0.02245508982035928 0.03663985701519214
0 0.6302395209580839 0.8355674709562109 0.09880239520958084 0.08221626452189455
0 0.37125748502994016 0.6179624664879356 0.023952095808383235 0.03663985701519214
0 0.36751497005988026 0.7774798927613941 0.028443113772455092 0.02680965147453083
0 0.6302395209580839 0.07193923145665773 0.06437125748502995 0.05451295799821269
0 0.45546407185628746 0.5902591599642538 0.06661676646706587 0.06523681858802502
0 0.24550898203592816 0.451295799821269 0.0658682634730539 0.05719392314566577
0 0.5752245508982037 0.050491510277033066 0.047155688622754495 0.03306523681858802
0 0.7788173652694611 0.5603217158176944 0.04416167664670659 0.032171581769437
0 0.6815119760479043 0.9182305630026809 0.027694610778443117 0.04557640750670241
0 0.6343562874251497 0.707774798927614 0.03667664670658683 0.05361930294906166
0 0.7930389221556887 0.9195710455764075 0.033682634730538924 0.021447721179624665
0 0.7125748502994013 0.7506702412868632 0.017964071856287428 0.008936550491510277
0 0.5748502994011977 0.1586237712243074 0.04640718562874252 0.10098302055406613
0 0.6089071856287426 0.6496872207327972 0.02470059880239521 0.017873100983020553
0 0.6758982035928144 0.49106344950848974 0.031437125748503 0.03306523681858802
