0 0.98 0.4319230769230769 0.04 0.10230769230769231
0 0.0396875 0.49230769230769234 0.078125 0.12461538461538461
0 0.5090625 0.27884615384615385 0.073125 0.08692307692307692
0 0.600625 0.10923076923076923 0.03125 0.06615384615384616
0 0.273125 0.30346153846153845 0.0425 0.0823076923076923
0 0.538125 0.1753846153846154 0.03875 0.04461538461538461
0 0.04125 0.37961538461538463 0.03875 0.05307692307692308
0 0.0321875 0.6507692307692308 0.063125 0.13692307692307693
0 0.2365625 0.5330769230769231 0.059375000000000004 0.06615384615384616
0 0.3884375 0.3976923076923077 0.023125 0.038461538461538464
0 0.385 0.12038461538461538 0.105 0.08846153846153847
0 0.644375 0.38346153846153846 0.025 0.03923076923076923
0 0.659375 0.21 0.02875 0.02923076923076923
0 0.33187500000000003 0.953076923076923 0.0675 0.05846153846153846
0 0.5525 0.4053846153846154 0.07 0.07076923076923076
0 0.765 0.5788461538461539 0.06875 0.06230769230769231
0 0.3884375 0.9823076923076923 0.049375 0.03538461538461538
0 0.20875 0.4046153846153846 0.04625 0.033846153846153845
0 0.33625 0.024615384615384615 0.02875 0.047692307692307694
0 0.371875 0.2592307692307692 0.03875 0.05846153846153846
0 0.21875 0.011923076923076923 0.035 0.022307692307692306
0 0.291875 0.20423076923076924 0.01875 0.01
0 0.3965625 0.8638461538461538 0.048125 0.10923076923076923
0 0.3946875 0.325 0.025625000000000002 0.019230769230769232
0 0.3125 0.4907692307692308 0.0325 0.03538461538461538
