0 0.9724375538329026 0.5525210084033613 0.03962101636520241 0.10084033613445378
0 0.04909560723514212 0.5194327731092436 0.07751937984496124 0.12289915966386554
0 0.5133505598621878 0.7137605042016807 0.07235142118863049 0.08508403361344538
0 0.6063738156761412 0.8771008403361344 0.031007751937984496 0.06512605042016806
0 0.28165374677002586 0.6959033613445378 0.041343669250646 0.08088235294117646
0 0.5439276485788114 0.8140756302521008 0.03875968992248062 0.044117647058823525
0 0.05254091300602928 0.6286764705882353 0.03962101636520241 0.051470588235294115
0 0.03832902670111973 0.36554621848739494 0.06287683031869079 0.13445378151260504
0 0.24160206718346253 0.47478991596638653 0.05770887166236004 0.06512605042016806
0 0.39319552110249784 0.601890756302521 0.023255813953488372 0.03991596638655462
0 0.3944875107665805 0.8713235294117647 0.10335917312661498 0.08718487394957983
0 0.6442721791559001 0.6081932773109243 0.025839793281653745 0.03991596638655462
0 0.6623600344530577 0.7767857142857143 0.029285099052540915 0.028361344537815126
0 0.3277347114556417 0.06355042016806722 0.06804478897502153 0.057773109243697475
0 0.5542635658914729 0.5898109243697479 0.06976744186046512 0.06827731092436974
0 0.7596899224806202 0.4154411764705882 0.06890611541774333 0.05987394957983193
0 0.38285960378983636 0.03361344537815126 0.04909560723514212 0.03571428571428571
0 0.21619293712316967 0.5997899159663865 0.046511627906976744 0.03361344537815126
0 0.3488372093023256 0.9658613445378151 0.029285099052540915 0.04726890756302521
0 0.37941429801894916 0.7368697478991596 0.03875968992248062 0.057773109243697475
0 0.23385012919896642 0.9816176470588235 0.03531438415159346 0.022058823529411763
0 0.3023255813953488 0.7925420168067226 0.018949181739879414 0.009453781512605041
0 0.39276485788113696 0.1486344537815126 0.04823428079242033 0.10819327731092436
0 0.4005167958656331 0.6722689075630252 0.025839793281653745 0.018907563025210083
0 0.3169681309216193 0.5136554621848739 0.03273040482342808 0.03571428571428571
