0 0.979375 0.568076923076923 0.04 0.10230769230769231
0 0.0390625 0.5073076923076923 0.078125 0.12538461538461537
0 0.50875 0.7203846153846154 0.0725 0.08692307692307692
0 0.6003125 0.8907692307692308 0.030625 0.06615384615384616
0 0.2728125 0.6957692307692308 0.041875 0.0823076923076923
0 0.5375 0.8242307692307692 0.03875 0.04384615384615385
0 0.0409375 0.62 0.039375 0.052307692307692305
0 0.0315625 0.34923076923076923 0.063125 0.13692307692307693
0 0.23625000000000002 0.46692307692307694 0.058750000000000004 0.06615384615384616
0 0.3884375 0.6019230769230769 0.023125 0.03923076923076923
0 0.3846875 0.8792307692307693 0.104375 0.08923076923076922
0 0.64375 0.6157692307692307 0.025 0.03923076923076923
0 0.6590625 0.7896153846153846 0.029375000000000002 0.02846153846153846
0 0.3315625 0.04692307692307692 0.068125 0.05846153846153846
0 0.5525 0.5942307692307692 0.07 0.07
0 0.7646875 0.4207692307692308 0.069375 0.06153846153846154
0 0.3884375 0.01769230769230769 0.049375 0.03538461538461538
0 0.208125 0.5946153846153847 0.04625 0.033846153846153845
0 0.33625 0.975 0.02875 0.04846153846153846
0 0.3715625 0.7407692307692307 0.038125 0.05846153846153846
0 0.21875 0.9880769230769231 0.035 0.022307692307692306
0 0.291875 0.7953846153846154 0.01875 0.00923076923076923
0 0.39625 0.13576923076923078 0.04875 0.11
0 0.39437500000000003 0.6746153846153846 0.025 0.01846153846153846
0 0.3125 0.5084615384615384 0.0325 0.03538461538461538
