0 0.03023070803500398 0.4526112185686654 0.03977724741447892 0.09864603481624758
0 0.9478918058870327 0.4758220502901354 0.07716785998408911 0.1218568665377176
0 0.48528241845664283 0.28820116054158607 0.07159904534606205 0.0851063829787234
0 0.3914081145584726 0.1281431334622824 0.03023070803500398 0.06479690522243714
0 0.715194908512331 0.30319148936170215 0.04136833731105807 0.08027079303675048
0 0.45425616547334924 0.1895551257253385 0.03818615751789976 0.0425531914893617
0 0.9431185361972952 0.3670212765957447 0.038981702466189344 0.05125725338491296
0 0.9594272076372315 0.6271760154738878 0.06205250596658712 0.13249516441005804
0 0.7569610182975338 0.5217601547388782 0.058074781225139226 0.06479690522243714
0 0.6050119331742244 0.39748549323017407 0.023070803500397773 0.03868471953578337
0 0.601829753381066 0.13056092843326886 0.10262529832935562 0.08704061895551257
0 0.3560063643595863 0.39410058027079303 0.02466189339697693 0.03965183752417795
0 0.33691328560063644 0.22727272727272727 0.0294351630867144 0.029013539651837523
0 0.6746221161495625 0.9298839458413927 0.06682577565632458 0.05705996131528047
0 0.4455051710421639 0.41150870406189555 0.06841686555290374 0.06866537717601548
0 0.24343675417661098 0.586073500967118 0.06841686555290374 0.059961315280464215
0 0.6201272871917264 0.9598646034816247 0.04852824184566428 0.035783365570599614
0 0.781225139220366 0.3979690522243714 0.046141607000795545 0.033849129593810444
0 0.6467780429594272 0.0367504835589942 0.028639618138424822 0.04835589941972921
0 0.6181384248210025 0.2635396518375242 0.03818615751789976 0.05705996131528047
0 0.7605409705648369 0.019825918762088977 0.03500397772474145 0.022243713733075435
0 0.6945107398568019 0.2079303675048356 0.01909307875894988 0.009671179883945842
0 0.609387430389817 0.8467117988394585 0.04773269689737471 0.10735009671179883
0 0.5974542561654734 0.32833655705996134 0.02545743834526651 0.0183752417794971
0 0.6817820206841687 0.48452611218568664 0.031821797931583136 0.03481624758220503
