0 0.9786977491961415 0.5672601384767557 0.0409967845659164 0.10385756676557863
0 0.03938906752411576 0.5074183976261127 0.07877813504823152 0.12660731948565776
0 0.5092443729903537 0.7195845697329376 0.07315112540192927 0.08803165182987141
0 0.6004823151125401 0.8902077151335311 0.03215434083601286 0.06726013847675569
0 0.2729099678456592 0.695351137487636 0.04260450160771704 0.0830860534124629
0 0.537379421221865 0.8234421364985163 0.03938906752411576 0.044510385756676554
0 0.04180064308681672 0.6201780415430267 0.04019292604501608 0.05341246290801187
0 0.03215434083601286 0.3496538081107814 0.06430868167202572 0.13748763600395647
0 0.23633440514469453 0.466864490603363 0.0594855305466238 0.06726013847675569
0 0.38866559485530544 0.6018793273986152 0.023311897106109324 0.040553907022749754
0 0.385048231511254 0.8788328387734916 0.1045016077170418 0.09000989119683481
0 0.6438906752411575 0.6152324431256182 0.02572347266881029 0.03956478733926805
0 0.6591639871382636 0.7888229475766567 0.03054662379421222 0.028684470820969338
0 0.3315916398713826 0.04747774480712166 0.06832797427652733 0.05934718100890207
0 0.5522508038585209 0.5939663699307616 0.0707395498392283 0.07022749752720078
0 0.7644694533762058 0.42037586547972305 0.0707395498392283 0.06330365974282888
0 0.3882636655948553 0.018298714144411473 0.04983922829581994 0.036597428288822946
0 0.20860128617363344 0.5949554896142433 0.04742765273311897 0.03461918892185954
0 0.33681672025723475 0.9742828882294757 0.028938906752411574 0.04945598417408506
0 0.3717845659163987 0.7403560830860534 0.03938906752411576 0.06033630069238378
0 0.21945337620578778 0.9876360039564787 0.03536977491961415 0.02274975272007913
0 0.2922025723472669 0.7952522255192878 0.02009646302250804 0.009891196834817012
0 0.3963022508038585 0.13649851632047477 0.04983922829581994 0.11078140454995054
0 0.3946945337620579 0.6745796241345202 0.02572347266881029 0.019782393669634024
0 0.31229903536977494 0.5089020771513353 0.03295819935691318 0.036597428288822946
