0 0.037121212121212124 0.5967153284671532 0.03939393939393939 0.09671532846715328
0 0.9348484848484848 0.4817518248175182 0.07575757575757576 0.11861313868613138
0 0.4943181818181818 0.7107664233576642 0.07045454545454545 0.08211678832116788
0 0.41363636363636364 0.875912408759124 0.030303030303030304 0.06204379562043796
0 0.718939393939394 0.6729014598540146 0.04090909090909091 0.07755474452554745
0 0.4712121212121212 0.8093065693430657 0.03787878787878788 0.041970802919708027
0 0.9378787878787879 0.5871350364963503 0.03787878787878788 0.05018248175182482
0 0.9352272727272727 0.33302919708029194 0.06136363636363636 0.12956204379562045
0 0.7443181818181818 0.45574817518248173 0.056818181818181816 0.06295620437956204
0 0.6045454545454545 0.5916970802919708 0.022727272727272728 0.03740875912408759
0 0.6193181818181818 0.8517335766423357 0.10075757575757575 0.08485401459854014
0 0.36022727272727273 0.6208941605839415 0.025 0.03740875912408759
0 0.353030303030303 0.7846715328467153 0.02878787878787879 0.027372262773722626
0 0.6352272727272728 0.06797445255474452 0.0659090909090909 0.055656934306569344
0 0.44696969696969696 0.5953467153284672 0.06818181818181818 0.0666058394160584
0 0.23636363636363636 0.44571167883211676 0.06666666666666667 0.05930656934306569
0 0.5799242424242425 0.04425182481751825 0.04772727272727273 0.03375912408759124
0 0.7768939393939394 0.573905109489051 0.0446969696969697 0.032846715328467155
0 0.6700757575757575 0.938412408759124 0.02803030303030303 0.046532846715328466
0 0.6261363636363636 0.7212591240875912 0.037121212121212124 0.055656934306569344
0 0.7829545454545455 0.9434306569343065 0.03409090909090909 0.021897810218978103
0 0.7049242424242425 0.7673357664233577 0.01893939393939394 0.009124087591240875
0 0.5772727272727273 0.15602189781021897 0.04696969696969697 0.10401459854014598
0 0.6018939393939394 0.6605839416058394 0.025 0.01824817518248175
0 0.6734848484848485 0.5 0.031818181818181815 0.03467153284671533
