0 0.03976311336717428 0.5881147540983607 0.038917089678511 0.09836065573770492
0 0.947969543147208 0.48616803278688525 0.07698815566835872 0.11987704918032788
0 0.5 0.7110655737704918 0.07106598984771573 0.08401639344262296
0 0.4170896785109983 0.8775614754098361 0.03045685279187817 0.06454918032786885
0 0.7280033840947546 0.6762295081967213 0.04145516074450085 0.07991803278688525
0 0.47546531302876477 0.8114754098360656 0.038917089678511 0.0430327868852459
0 0.949238578680203 0.5932377049180328 0.038917089678511 0.05122950819672131
0 0.9500846023688663 0.3350409836065574 0.06260575296108291 0.13114754098360656
0 0.7554991539763113 0.45696721311475413 0.05752961082910321 0.06352459016393443
0 0.6129441624365483 0.5927254098360656 0.02284263959390863 0.03790983606557377
0 0.6252115059221658 0.8565573770491803 0.10152284263959391 0.0860655737704918
0 0.3663282571912013 0.617827868852459 0.025380710659898477 0.0389344262295082
0 0.3565989847715736 0.7838114754098361 0.02961082910321489 0.028688524590163935
0 0.6501692047377327 0.06147540983606558 0.06683587140439932 0.05737704918032787
0 0.4538917089678511 0.5932377049180328 0.06852791878172589 0.06762295081967214
0 0.2428087986463621 0.4375 0.0676818950930626 0.059426229508196725
0 0.594331641285956 0.03586065573770492 0.048223350253807105 0.034836065573770496
0 0.7868020304568528 0.576844262295082 0.04568527918781726 0.03278688524590164
0 0.6751269035532995 0.9456967213114754 0.028764805414551606 0.04713114754098361
0 0.6336717428087987 0.7238729508196722 0.03722504230118443 0.05635245901639344
0 0.7889170896785109 0.9523565573770493 0.03468697123519458 0.02151639344262295
0 0.7123519458544839 0.7720286885245902 0.018612521150592216 0.009221311475409836
0 0.5905245346869712 0.14907786885245902 0.047377326565143825 0.10553278688524591
0 0.6091370558375634 0.6618852459016393 0.025380710659898477 0.018442622950819672
0 0.6835871404399323 0.5 0.032148900169204735 0.034836065573770496
