0 0.9671266233766235 0.45722713864306785 0.03977272727272727 0.09832841691248771
0 0.05438311688311689 0.47148475909537857 0.07629870129870131 0.1209439528023599
0 0.5162337662337663 0.2905604719764012 0.07142857142857144 0.08357915437561456
0 0.6099837662337663 0.13225172074729596 0.030032467532467536 0.06391347099311702
0 0.2869318181818182 0.3028515240904622 0.041396103896103896 0.07866273352999018
0 0.5474837662337663 0.19272369714847593 0.038149350649350655 0.043264503441494594
0 0.06006493506493507 0.364306784660767 0.03896103896103896 0.05014749262536874
0 0.04220779220779221 0.6219272369714848 0.061688311688311695 0.13077679449360866
0 0.24431818181818182 0.5196656833824975 0.05844155844155845 0.06391347099311702
0 0.39569805194805197 0.3977384464110128 0.02353896103896104 0.038348082595870206
0 0.400974025974026 0.13323500491642085 0.10227272727272728 0.0855457227138643
0 0.643262987012987 0.39675516224188795 0.025162337662337664 0.038348082595870206
0 0.663961038961039 0.23156342182890857 0.029220779220779224 0.028515240904621438
0 0.32345779220779225 0.9242871189773845 0.06737012987012987 0.057030481809242875
0 0.5543831168831169 0.41248770894788594 0.06818181818181819 0.06784660766961652
0 0.7548701298701299 0.5880039331366765 0.06818181818181819 0.05899705014749263
0 0.37743506493506496 0.9547689282202557 0.048701298701298704 0.035398230088495575
0 0.2207792207792208 0.39626352015732547 0.045454545454545456 0.033431661750245825
0 0.35714285714285715 0.03933136676499509 0.029220779220779224 0.0471976401179941
0 0.38392857142857145 0.26450344149459193 0.03733766233766234 0.057030481809242875
0 0.2439123376623377 0.021632251720747297 0.03490259740259741 0.021632251720747297
0 0.30844155844155846 0.20845624385447395 0.01948051948051948 0.009832841691248772
0 0.38920454545454547 0.8426745329400197 0.04788961038961039 0.10619469026548674
0 0.4038149350649351 0.3289085545722714 0.025162337662337664 0.018682399213372666
0 0.3189935064935065 0.48279252704031467 0.03246753246753247 0.035398230088495575
