0 0.04425837320574163 0.5956730769230769 0.03907496012759171 0.09711538461538462
0 0.9445773524720893 0.48221153846153847 0.07575757575757576 0.11826923076923078
0 0.5023923444976076 0.7105769230769231 0.07017543859649122 0.0826923076923077
0 0.42105263157894735 0.8764423076923077 0.030303030303030304 0.0625
0 0.7276714513556619 0.6735576923076924 0.04066985645933014 0.07788461538461539
0 0.4788676236044657 0.8096153846153846 0.03748006379585327 0.04230769230769231
0 0.9473684210526316 0.5884615384615385 0.03827751196172249 0.05
0 0.9453748006379585 0.33317307692307696 0.06140350877192983 0.12980769230769232
0 0.7535885167464115 0.4557692307692308 0.05741626794258373 0.06346153846153846
0 0.6128389154704944 0.5918269230769231 0.023125996810207338 0.037500000000000006
0 0.6275917065390749 0.8528846153846155 0.10047846889952153 0.08461538461538462
0 0.36881977671451355 0.6201923076923077 0.024720893141945775 0.038461538461538464
0 0.36084529505582136 0.7850961538461539 0.029505582137161084 0.027884615384615386
0 0.6455342902711324 0.06682692307692308 0.06618819776714513 0.05673076923076924
0 0.45494417862838915 0.5947115384615385 0.06778309409888357 0.06634615384615385
0 0.24441786283891548 0.44423076923076926 0.06778309409888357 0.05961538461538462
0 0.5893141945773525 0.04278846153846154 0.04784688995215311 0.03365384615384616
0 0.7858851674641149 0.5740384615384616 0.045454545454545456 0.032692307692307694
0 0.6778309409888358 0.9399038461538463 0.028708133971291867 0.047115384615384615
0 0.634768740031898 0.7216346153846154 0.03668261562998405 0.05673076923076924
0 0.7914673046251993 0.9447115384615385 0.0342902711323764 0.022115384615384617
0 0.7133173843700159 0.7682692307692308 0.018341307814992026 0.009615384615384616
0 0.5869218500797448 0.15432692307692308 0.04784688995215311 0.10480769230769231
0 0.6104465709728868 0.6610576923076923 0.024720893141945775 0.01826923076923077
0 0.682615629984051 0.5 0.03189792663476874 0.03461538461538462
