0 0.0196875 0.5673076923076923 0.039375 0.10230769230769231
0 0.9596875 0.5069230769230769 0.078125 0.12461538461538461
0 0.4903125 0.7203846153846154 0.073125 0.08692307692307692
0 0.39875 0.89 0.03125 0.06615384615384616
0 0.7262500000000001 0.6957692307692308 0.0425 0.0823076923076923
0 0.46125 0.8238461538461539 0.03875 0.04461538461538461
0 0.958125 0.6196153846153846 0.03875 0.05307692307692308
0 0.9671875 0.34846153846153843 0.063125 0.13692307692307693
0 0.7628125 0.4665384615384615 0.059375000000000004 0.06692307692307692
0 0.6109375 0.6015384615384616 0.023125 0.038461538461538464
0 0.6146875 0.8788461538461538 0.104375 0.08846153846153847
0 0.355 0.6157692307692307 0.025 0.03923076923076923
0 0.34 0.7892307692307692 0.02875 0.02923076923076923
0 0.6675 0.046153846153846156 0.0675 0.05846153846153846
0 0.446875 0.5938461538461538 0.07 0.07076923076923076
0 0.234375 0.42038461538461536 0.06875 0.06230769230769231
0 0.6109375 0.01730769230769231 0.049375 0.03461538461538462
0 0.790625 0.5946153846153847 0.04625 0.033846153846153845
0 0.663125 0.9746153846153847 0.02875 0.047692307692307694
0 0.6275000000000001 0.74 0.03875 0.05846153846153846
0 0.780625 0.9873076923076923 0.035 0.022307692307692306
0 0.7075 0.795 0.01875 0.01
0 0.6028125 0.13538461538461538 0.048125 0.10923076923076923
0 0.6046875 0.6742307692307692 0.025625000000000002 0.019230769230769232
0 0.686875 0.5084615384615384 0.0325 0.03538461538461538
