0 0.025165016501650164 0.446122860020141 0.04042904290429043 0.10070493454179255
0 0.9504950495049505 0.4818731117824773 0.07755775577557755 0.12386706948640483
0 0.48514851485148514 0.2854984894259819 0.07260726072607261 0.08559919436052367
0 0.39232673267326734 0.12134944612286001 0.03052805280528053 0.06545820745216516
0 0.7174092409240924 0.30362537764350456 0.04207920792079208 0.08157099697885196
0 0.45503300330033003 0.18529707955689828 0.038778877887788776 0.04431017119838872
0 0.9463696369636964 0.3716012084592145 0.039603960396039604 0.05236656596173213
0 0.9603960396039604 0.6354481369587109 0.0627062706270627 0.13494461228600202
0 0.7570132013201321 0.526183282980866 0.05858085808580858 0.06545820745216516
0 0.6056105610561057 0.3982880161127895 0.023102310231023104 0.03927492447129909
0 0.6043729372937294 0.12739174219536759 0.10313531353135313 0.08761329305135952
0 0.3543729372937294 0.39123867069486407 0.02557755775577558 0.03927492447129909
0 0.33663366336633666 0.22205438066465258 0.0297029702970297 0.02920443101711984
0 0.6707920792079208 0.9375629405840886 0.06765676567656766 0.05840886203423968
0 0.4443069306930693 0.4093655589123867 0.07013201320132013 0.06948640483383686
0 0.23844884488448845 0.5840886203423967 0.06930693069306931 0.060422960725075525
0 0.6150990099009901 0.9672708962739174 0.04867986798679868 0.035246727089627394
0 0.783003300330033 0.40080563947633435 0.04620462046204621 0.03423967774420947
0 0.6505775577557756 0.03323262839879154 0.028877887788778877 0.04833836858006042
0 0.6196369636963697 0.2623363544813696 0.037953795379537955 0.05740181268882175
0 0.7660891089108911 0.017623363544813697 0.03547854785478548 0.023162134944612285
0 0.6971947194719472 0.20745216515609266 0.019801980198019802 0.010070493454179255
0 0.6051980198019802 0.8524672708962739 0.04867986798679868 0.10775427995971802
0 0.5985973597359736 0.32779456193353473 0.02557755775577558 0.019133937562940583
0 0.681930693069307 0.486908358509567 0.03217821782178218 0.035246727089627394
