0 0.023851590106007067 0.4284940411700975 0.04063604240282685 0.10292524377031419
0 0.9571554770318021 0.4978331527627302 0.07862190812720848 0.12459371614301191
0 0.4920494699646643 0.2822318526543878 0.07243816254416961 0.08775731310942578
0 0.40194346289752647 0.11267605633802816 0.03180212014134275 0.06717226435536294
0 0.7261484098939929 0.30877573131094255 0.04240282685512367 0.08234019501625135
0 0.46422261484098937 0.17930660888407365 0.03975265017667844 0.044420368364030335
0 0.9558303886925795 0.3862405200433369 0.04063604240282685 0.05308775731310942
0 0.9637809187279152 0.6543878656554712 0.0636042402826855 0.13651137594799567
0 0.7610424028268551 0.5357529794149513 0.05918727915194346 0.06608884073672806
0 0.6108657243816255 0.4003250270855904 0.023851590106007067 0.04008667388949079
0 0.6161660777385158 0.12621885157096424 0.10512367491166077 0.08992416034669555
0 0.3573321554770318 0.38407367280606713 0.025618374558303885 0.04008667388949079
0 0.34275618374558303 0.21180931744312026 0.030035335689045935 0.029252437703141926
0 0.6634275618374558 0.9501625135427951 0.06890459363957598 0.05850487540628385
0 0.44787985865724383 0.4068255687973998 0.0706713780918728 0.0704225352112676
0 0.23542402826855124 0.575839653304442 0.06978798586572438 0.06175514626218851
0 0.6068904593639576 0.9788732394366196 0.04946996466431095 0.035752979414951244
0 0.7893109540636042 0.40953412784398696 0.046819787985865724 0.03466955579631636
0 0.6647526501766784 0.031960996749729145 0.029151943462897525 0.04875406283856988
0 0.6280918727915195 0.26327193932827736 0.038869257950530034 0.05850487540628385
0 0.7818021201413428 0.020043336944745395 0.0353356890459364 0.02275189599133261
0 0.7075971731448764 0.21018418201516792 0.019434628975265017 0.010834236186348862
0 0.5998233215547704 0.8618634886240519 0.04946996466431095 0.1094257854821235
0 0.6051236749116607 0.3282773564463705 0.026501766784452298 0.01950162513542795
0 0.6855123674911661 0.49349945828819064 0.03356890459363958 0.035752979414951244
