0 0.5775 0.052147239263803685 0.05166666666666667 0.08384458077709613
0 0.4766666666666667 0.17177914110429449 0.07 0.08997955010224949
0 0.18458333333333335 0.7520449897750512 0.050833333333333335 0.05828220858895706
0 0.34125 0.21421267893660534 0.08083333333333334 0.07873210633946831
0 0.6983333333333334 0.7955010224948876 0.03833333333333334 0.08384458077709613
0 0.24750000000000003 0.7213701431492843 0.04833333333333334 0.06237218813905931
0 0.6895833333333333 0.6344580777096115 0.14750000000000002 0.0950920245398773
0 0.28500000000000003 0.4683026584867076 0.08333333333333334 0.1390593047034765
0 0.16875 0.3701431492842536 0.06916666666666667 0.10020449897750512
0 0.49625 0.5132924335378324 0.0475 0.05316973415132925
0 0.7204166666666667 0.3900817995910021 0.05416666666666667 0.06237218813905931
0 0.4816666666666667 0.2581799591002045 0.1 0.07668711656441718
0 0.8083333333333333 0.3220858895705522 0.055 0.051124744376278126
0 0.625 0.397239263803681 0.04166666666666667 0.052147239263803685
0 0.5595833333333333 0.3246421267893661 0.06416666666666668 0.08895705521472394
0 0.25083333333333335 0.6119631901840491 0.058333333333333334 0.07055214723926381
0 0.1 0.5066462167689162 0.045000000000000005 0.05010224948875256
0 0.07041666666666667 0.547034764826176 0.05916666666666667 0.06134969325153375
0 0.9391666666666667 0.5628834355828222 0.09666666666666668 0.1441717791411043
0 0.5745833333333333 0.5812883435582823 0.0475 0.056237218813905934
0 0.6983333333333334 0.4913087934560328 0.065 0.12372188139059306
0 0.9566666666666668 0.32515337423312884 0.08 0.059304703476482624
0 0.6079166666666667 0.08640081799591003 0.020833333333333336 0.033742331288343565
0 0.7908333333333334 0.45603271983640087 0.07333333333333333 0.065439672801636
0 0.5158333333333334 0.3169734151329244 0.030000000000000002 0.034764826175869123
0 0.4379166666666667 0.33895705521472397 0.04916666666666667 0.06032719836400818
0 0.6670833333333334 0.3670756646216769 0.022500000000000003 0.0245398773006135
0 0.95625 0.7326175869120655 0.08416666666666667 0.13190184049079756
0 0.19375 0.6354805725971371 0.015833333333333335 0.037832310838445814
0 0.9583333333333334 0.22955010224948877 0.07500000000000001 0.08691206543967281
0 0.5525 0.4442740286298569 0.035 0.06441717791411043
0 0.12250000000000001 0.5915132924335379 0.03166666666666667 0.03578732106339469
0 0.08125 0.4309815950920246 0.04583333333333334 0.09918200408997956
0 0.6154166666666667 0.47137014314928427 0.07250000000000001 0.030674846625766874
0 0.40166666666666667 0.822597137014315 0.03833333333333334 0.06032719836400818
0 0.6208333333333333 0.5240286298568507 0.021666666666666667 0.03169734151329243
0 0.15958333333333335 0.4693251533742332 0.052500000000000005 0.059304703476482624
0 0.3204166666666667 0.32515337423312884 0.17416666666666666 0.196319018404908
0 0.6333333333333334 0.17740286298568508 0.10833333333333334 0.14621676891615543
0 0.24125000000000002 0.7837423312883436 0.0625 0.08486707566462169
0 0.6008333333333333 0.4447852760736197 0.02666666666666667 0.04294478527607362
0 0.4829166666666667 0.6492842535787322 0.04416666666666667 0.049079754601227
0 0.6175 0.8164621676891616 0.15166666666666667 0.11554192229038857
0 0.49541666666666667 0.07004089979550103 0.03916666666666667 0.06850715746421268
0 0.2325 0.3859918200408998 0.043333333333333335 0.08282208588957056
0 0.7158333333333334 0.2177914110429448 0.05166666666666667 0.03680981595092025
0 0.3579166666666667 0.4637014314928426 0.0425 0.05419222903885481
0 0.01 0.6298568507157465 0.015000000000000001 0.03680981595092025
0 0.7445833333333334 0.7044989775051126 0.06583333333333334 0.04294478527607362
0 0.635 0.7372188139059306 0.08166666666666667 0.09202453987730062
0 0.5375000000000001 0.23108384458077713 0.060000000000000005 0.051124744376278126
0 0.5741666666666667 0.3026584867075665 0.035 0.044989775051124746
0 0.46708333333333335 0.3128834355828221 0.01916666666666667 0.018404907975460124
0 0.12958333333333333 0.6835378323108385 0.07583333333333334 0.04396728016359919
0 0.5216666666666667 0.17586912065439675 0.018333333333333333 0.02044989775051125
0 0.7154166666666667 0.3077709611451943 0.07916666666666668 0.04703476482617587
0 0.44583333333333336 0.3895705521472393 0.07666666666666667 0.044989775051124746
0 0.9808333333333334 0.8118609406952966 0.035 0.10020449897750512
0 0.6720833333333334 0.1416155419222904 0.035833333333333335 0.07873210633946831
0 0.43291666666666667 0.7438650306748467 0.2725 0.11963190184049081
0 0.38583333333333336 0.6738241308793457 0.09333333333333334 0.08588957055214724
0 0.2904166666666667 0.6671779141104295 0.0275 0.07055214723926381
0 0.21916666666666668 0.2515337423312884 0.055 0.0736196319018405
0 0.44958333333333333 0.8548057259713703 0.0475 0.081799591002045
0 0.7037500000000001 0.25357873210633947 0.06583333333333334 0.06134969325153375
0 0.5437500000000001 0.2745398773006135 0.025833333333333337 0.03987730061349694
