0 0.5997506234413965 0.09104477611940298 0.049044056525353284 0.07860696517412935
0 0.49667497921862014 0.19402985074626863 0.06733167082294264 0.0835820895522388
0 0.1853699085619285 0.7064676616915423 0.04821280133000831 0.05373134328358209
0 0.3661679135494597 0.22089552238805968 0.0773067331670823 0.07363184079601989
0 0.671238570241064 0.7910447761194029 0.03740648379052369 0.07761194029850746
0 0.2464671654197839 0.6840796019900497 0.0457190357439734 0.05870646766169154
0 0.672069825436409 0.6407960199004975 0.1404821280133001 0.08756218905472636
0 0.29800498753117205 0.4517412935323383 0.07896924355777224 0.12935323383084577
0 0.19285120532003325 0.3507462686567164 0.06650041562759768 0.09253731343283582
0 0.49584372402327515 0.5119402985074627 0.0457190357439734 0.04875621890547263
0 0.71571072319202 0.4169154228855721 0.051537822111388194 0.05771144278606965
0 0.49667497921862014 0.2741293532338308 0.09559434746467166 0.07064676616915422
0 0.8034081463009144 0.3616915422885572 0.05236907730673317 0.046766169154228855
0 0.6251039068994181 0.4149253731343283 0.0399002493765586 0.04776119402985074
0 0.5673316708229427 0.3427860696517413 0.060681629260182876 0.08258706467661692
0 0.2564422277639235 0.582089552238806 0.05569409808811305 0.06567164179104477
0 0.11970074812967581 0.47213930348258704 0.043225270157938485 0.046766169154228855
0 0.0889443059019119 0.5064676616915422 0.05652535328345802 0.05771144278606965
0 0.9139650872817955 0.5960199004975124 0.09226932668329177 0.13333333333333333
0 0.5660847880299252 0.5815920398009949 0.04488778054862843 0.0527363184079602
0 0.6891105569409809 0.5084577114427861 0.06151288445552785 0.1154228855721393
0 0.9447215295095595 0.3771144278606965 0.07564422277639235 0.055721393034825865
0 0.6267664172901081 0.1253731343283582 0.0199501246882793 0.031840796019900496
0 0.7793017456359103 0.48407960199004973 0.07065669160432253 0.060696517412935316
0 0.5257689110556941 0.33184079601990046 0.027431421446384042 0.03283582089552239
0 0.45054031587697424 0.345273631840796 0.046550290939318374 0.055721393034825865
0 0.6666666666666666 0.39104477611940297 0.021612635078969242 0.02189054726368159
0 0.9201995012468828 0.7552238805970148 0.0798004987531172 0.12338308457711442
0 0.2007481296758105 0.599502487562189 0.015793848711554447 0.03482587064676617
0 0.9517871986699917 0.2885572139303482 0.0714879467996675 0.08159203980099503
0 0.5532003325020781 0.4527363184079602 0.03408146300914381 0.05970149253731343
0 0.13549459684123025 0.5522388059701492 0.029925187032418952 0.03383084577114428
0 0.10556940980881131 0.39999999999999997 0.043225270157938485 0.09154228855721393
0 0.6113881961762261 0.4835820895522388 0.06899418121363259 0.027860696517412933
0 0.3877805486284289 0.7910447761194029 0.03740648379052369 0.055721393034825865
0 0.6130507065669161 0.5323383084577115 0.020781379883624274 0.029850746268656716
0 0.17830423940149626 0.44228855721393034 0.049044056525353284 0.054726368159203974
0 0.33915211970074816 0.32238805970149254 0.1662510390689942 0.18308457711442785
0 0.6454696591853699 0.21194029850746268 0.10390689941812137 0.13532338308457711
0 0.23773898586866168 0.7407960199004975 0.059850374064837904 0.07860696517412935
0 0.5993349958437241 0.45671641791044776 0.02493765586034913 0.03980099502487562
0 0.47506234413965087 0.6373134328358209 0.04239401496259352 0.04477611940298507
0 0.5935162094763092 0.8039800995024875 0.14463840399002495 0.10746268656716418
0 0.5207813798836243 0.10049751243781094 0.03740648379052369 0.06368159203980099
0 0.25228595178719865 0.37164179104477607 0.040731504571903575 0.07661691542288557
0 0.7215295095594347 0.25671641791044775 0.04987531172069826 0.03383084577114428
0 0.36699916874480465 0.454228855721393 0.040731504571903575 0.050746268656716415
0 0.02660016625103907 0.5781094527363184 0.014962593516209476 0.03383084577114428
0 0.7202826267664173 0.7114427860696517 0.06234413965087282 0.03980099502487562
0 0.614713216957606 0.7318407960199005 0.0773067331670823 0.08656716417910447
0 0.5515378221113882 0.2537313432835821 0.057356608478802994 0.04776119402985074
0 0.5818786367414797 0.3233830845771144 0.03325020781379884 0.0417910447761194
0 0.4796342477140482 0.3233830845771144 0.01828761429758936 0.017910447761194027
0 0.1371571072319202 0.6383084577114427 0.0714879467996675 0.04079601990049751
0 0.5394846217788861 0.20049751243781094 0.01662510390689942 0.01890547263681592
0 0.7161263507896924 0.34029850746268653 0.07564422277639235 0.04378109452736318
0 0.4546965918536991 0.39303482587064675 0.07315045719035744 0.0417910447761194
0 0.9389027431421446 0.8308457711442786 0.03408146300914381 0.09353233830845771
0 0.6845386533665836 0.18208955223880596 0.03408146300914381 0.07363184079601989
0 0.42186201163757275 0.7203980099502487 0.25852036575228593 0.11144278606965173
0 0.38113050706566914 0.6517412935323382 0.0889443059019119 0.07960199004975124
0 0.29093931837073983 0.6368159203980099 0.02660016625103907 0.06567164179104477
0 0.24812967581047382 0.245273631840796 0.05236907730673317 0.06865671641791045
0 0.4310058187863674 0.8248756218905472 0.0457190357439734 0.07562189054726368
0 0.7078137988362427 0.2890547263681592 0.06234413965087282 0.05671641791044776
0 0.5544472152950956 0.2950248756218905 0.02493765586034913 0.036815920398009946
