0 0.42 0.04923076923076923 0.051250000000000004 0.08307692307692308
0 0.52125 0.1696153846153846 0.07 0.09
0 0.818125 0.7515384615384615 0.05 0.05692307692307692
0 0.6578125 0.2103846153846154 0.080625 0.07923076923076923
0 0.301875 0.7996153846153846 0.03875 0.08384615384615385
0 0.7546875000000001 0.7215384615384616 0.048125 0.06153846153846154
0 0.3096875 0.6365384615384615 0.148125 0.09461538461538462
0 0.715 0.46615384615384614 0.0825 0.14
0 0.8315625 0.36653846153846154 0.069375 0.09923076923076923
0 0.503125 0.5134615384615384 0.04625 0.05307692307692308
0 0.278125 0.39153846153846156 0.05375 0.06153846153846154
0 0.516875 0.25653846153846155 0.1 0.07615384615384616
0 0.1890625 0.3230769230769231 0.054375 0.05076923076923077
0 0.37343750000000003 0.3973076923076923 0.041875 0.05153846153846154
0 0.43875000000000003 0.3242307692307692 0.0625 0.08846153846153847
0 0.7509375 0.6111538461538462 0.058125 0.07
0 0.90125 0.5038461538461538 0.043750000000000004 0.05076923076923077
0 0.9315625000000001 0.5446153846153846 0.058125 0.06153846153846154
0 0.058750000000000004 0.566923076923077 0.09625 0.14461538461538462
0 0.4253125 0.5819230769230769 0.046875 0.05615384615384615
0 0.2996875 0.49230769230769234 0.064375 0.12307692307692308
0 0.04 0.32653846153846156 0.07875 0.05923076923076923
0 0.38906250000000003 0.08384615384615385 0.020625 0.03230769230769231
0 0.2065625 0.4580769230769231 0.073125 0.06538461538461539
0 0.483125 0.31576923076923075 0.02875 0.03461538461538462
0 0.5609375 0.3376923076923077 0.048125 0.06
0 0.33125 0.3669230769230769 0.02125 0.023076923076923078
0 0.0425 0.7376923076923076 0.08375 0.13230769230769232
0 0.8078125 0.6342307692307693 0.015625 0.03769230769230769
0 0.0378125 0.23076923076923078 0.074375 0.08615384615384615
0 0.44656250000000003 0.44461538461538463 0.035625000000000004 0.06307692307692307
0 0.8796875000000001 0.5896153846153847 0.031875 0.03461538461538462
0 0.9203125 0.4276923076923077 0.044375 0.09846153846153846
0 0.38375000000000004 0.47192307692307695 0.0725 0.03
0 0.6 0.8246153846153846 0.0375 0.06
0 0.3784375 0.5246153846153846 0.020625 0.03076923076923077
0 0.8415625 0.4665384615384615 0.051875000000000004 0.057692307692307696
0 0.6793750000000001 0.3223076923076923 0.17375000000000002 0.19846153846153847
0 0.3640625 0.17576923076923076 0.108125 0.14692307692307693
0 0.7609375 0.7838461538461539 0.063125 0.08461538461538462
0 0.398125 0.445 0.025 0.04230769230769231
0 0.5175 0.6503846153846153 0.043750000000000004 0.04692307692307692
0 0.383125 0.8203846153846154 0.15125 0.11615384615384615
0 0.501875 0.06653846153846153 0.03875 0.06692307692307692
0 0.7678125 0.38269230769230766 0.043125000000000004 0.0823076923076923
0 0.281875 0.2169230769230769 0.051250000000000004 0.03538461538461538
0 0.6421875 0.46307692307692305 0.041875 0.05384615384615385
0 0.9925 0.6273076923076923 0.015 0.03461538461538462
0 0.255 0.7084615384615385 0.065 0.043076923076923075
0 0.364375 0.74 0.08125 0.09230769230769231
0 0.460625 0.22923076923076924 0.06 0.05076923076923077
0 0.424375 0.30230769230769233 0.03375 0.04461538461538461
0 0.5315625 0.31076923076923074 0.018125 0.016923076923076923
0 0.8728125 0.681923076923077 0.075625 0.04384615384615385
0 0.47625 0.1726923076923077 0.0175 0.019230769230769232
0 0.2821875 0.30846153846153845 0.078125 0.046153846153846156
0 0.5534375 0.38769230769230767 0.075625 0.04461538461538461
0 0.017812500000000002 0.818076923076923 0.034375 0.10076923076923076
0 0.325 0.14 0.035 0.08
0 0.568125 0.7453846153846154 0.2725 0.12
0 0.6153125 0.6746153846153846 0.093125 0.08615384615384615
0 0.7109375 0.666923076923077 0.026875 0.07076923076923076
0 0.7803125 0.2473076923076923 0.054375 0.07307692307692308
0 0.5521875 0.8573076923076923 0.046875 0.08076923076923077
0 0.29375 0.25346153846153846 0.065 0.06076923076923077
0 0.4546875 0.2734615384615385 0.025625000000000002 0.03923076923076923
