0 0.45692431561996777 0.9197115384615385 0.04911433172302738 0.07788461538461539
0 0.5454911433172303 0.8014423076923077 0.06682769726247988 0.08365384615384616
0 0.7906602254428341 0.24423076923076925 0.04830917874396135 0.05384615384615385
0 0.6710950080515298 0.7519230769230769 0.07648953301127215 0.07307692307692308
0 0.3023349436392915 0.24471153846153848 0.036231884057971016 0.07788461538461539
0 0.7330917874396136 0.27692307692307694 0.04589371980676329 0.057692307692307696
0 0.3188405797101449 0.39230769230769236 0.14009661835748793 0.08653846153846154
0 0.7105475040257649 0.5134615384615385 0.07809983896940419 0.12884615384615386
0 0.8260869565217391 0.5942307692307692 0.06602254428341385 0.09230769230769231
0 0.5080515297906603 0.4884615384615385 0.04508856682769726 0.04807692307692308
0 0.3035426731078905 0.6197115384615385 0.05152979066022544 0.05673076923076924
0 0.5362318840579711 0.7225961538461538 0.09500805152979067 0.07019230769230769
0 0.22342995169082125 0.6894230769230769 0.05233494363929146 0.046153846153846156
0 0.392914653784219 0.6057692307692308 0.040257648953301126 0.04807692307692308
0 0.4585346215780998 0.6668269230769232 0.06038647342995169 0.08173076923076923
0 0.7355072463768116 0.37836538461538466 0.05555555555555555 0.06442307692307693
0 0.8836553945249598 0.46298076923076925 0.0426731078904992 0.047115384615384615
0 0.9098228663446055 0.42355769230769236 0.05636070853462158 0.05673076923076924
0 0.08655394524959742 0.4778846153846154 0.09098228663446055 0.1326923076923077
0 0.4307568438003221 0.4322115384615385 0.04508856682769726 0.05288461538461539
0 0.31803542673107893 0.5254807692307693 0.061191626409017714 0.11442307692307693
0 0.08293075684380032 0.6985576923076924 0.07568438003220612 0.05480769230769231
0 0.42592592592592593 0.8903846153846154 0.01932367149758454 0.03076923076923077
0 0.23268921095008052 0.5644230769230769 0.06924315619967794 0.05961538461538462
0 0.500805152979066 0.670673076923077 0.027375201288244767 0.03173076923076923
0 0.573268921095008 0.6442307692307693 0.04669887278582931 0.05576923076923077
0 0.35466988727858295 0.6370192307692308 0.020128824476650563 0.022115384615384617
0 0.06159420289855073 0.32259615384615387 0.07971014492753623 0.12211538461538463
0 0.788244766505636 0.35192307692307695 0.01610305958132045 0.03461538461538462
0 0.08655394524959742 0.7865384615384616 0.071658615136876 0.08076923076923077
0 0.45893719806763283 0.55625 0.033816425120772944 0.058653846153846154
0 0.8582930756843801 0.38653846153846155 0.030595813204508857 0.032692307692307694
0 0.9057971014492754 0.53125 0.043478260869565216 0.09134615384615385
0 0.39814814814814814 0.5365384615384615 0.06843800322061191 0.028846153846153848
0 0.5813204508856683 0.19567307692307692 0.037037037037037035 0.05480769230769231
0 0.39049919484702095 0.4884615384615385 0.020933977455716585 0.028846153846153848
0 0.8297101449275363 0.5024038461538461 0.04911433172302738 0.05480769230769231
0 0.6855877616747182 0.6475961538461539 0.16505636070853463 0.18173076923076925
0 0.3969404186795491 0.8086538461538462 0.10305958132045089 0.13461538461538464
0 0.7351046698872786 0.21923076923076923 0.05958132045088567 0.07884615384615384
0 0.4134460547504026 0.5600961538461539 0.0249597423510467 0.03942307692307692
0 0.5136876006441223 0.36250000000000004 0.04186795491143317 0.04423076923076923
0 0.37681159420289856 0.21875 0.143317230273752 0.10673076923076924
0 0.53341384863124 0.8966346153846154 0.03784219001610306 0.0625
0 0.7648953301127214 0.5850961538461539 0.040257648953301126 0.07596153846153847
0 0.3168276972624799 0.7783653846153846 0.04911433172302738 0.03365384615384616
0 0.642512077294686 0.5230769230769231 0.040257648953301126 0.05
0 0.9621578099838969 0.34278846153846154 0.014492753623188406 0.03365384615384616
0 0.26288244766505636 0.3317307692307693 0.061996779388083734 0.04038461538461539
0 0.3647342995169082 0.2932692307692308 0.07729468599033816 0.08461538461538462
0 0.48470209339774556 0.7519230769230769 0.05636070853462158 0.046153846153846156
0 0.4464573268921095 0.6884615384615385 0.033011272141706925 0.04230769230769231
0 0.5471014492753623 0.6711538461538462 0.018518518518518517 0.01730769230769231
0 0.8466183574879227 0.3028846153846154 0.071658615136876 0.04038461538461539
0 0.5028180354267311 0.8014423076923077 0.016908212560386472 0.01826923076923077
0 0.31199677938808373 0.6947115384615385 0.0748792270531401 0.04326923076923077
0 0.5628019323671497 0.5985576923076923 0.07246376811594203 0.04134615384615385
0 0.033816425120772944 0.2519230769230769 0.033816425120772944 0.09230769230769231
0 0.36231884057971014 0.8451923076923077 0.033816425120772944 0.07307692307692308
0 0.5559581320450886 0.27067307692307696 0.25684380032206117 0.11057692307692309
0 0.604669887278583 0.3317307692307693 0.08856682769726248 0.07884615384615384
0 0.6948470209339774 0.3307692307692308 0.02576489533011272 0.06538461538461539
0 0.784621578099839 0.7076923076923077 0.05233494363929146 0.06730769230769232
0 0.534621578099839 0.1701923076923077 0.04508856682769726 0.07500000000000001
0 0.32648953301127215 0.74375 0.061996779388083734 0.05673076923076924
0 0.47705314009661837 0.7115384615384616 0.0249597423510467 0.03653846153846154
