0 0.419375 0.9226923076923077 0.051250000000000004 0.08384615384615385
0 0.52125 0.8026923076923077 0.07 0.09
0 0.8175 0.22038461538461537 0.05 0.057692307692307696
0 0.6571875 0.7615384615384615 0.080625 0.07846153846153846
0 0.3015625 0.1726923076923077 0.038125 0.08384615384615385
0 0.754375 0.25038461538461537 0.0475 0.06230769230769231
0 0.309375 0.335 0.1475 0.09461538461538462
0 0.715 0.5057692307692307 0.0825 0.13923076923076924
0 0.8315625 0.6053846153846154 0.069375 0.1
0 0.5028125 0.4584615384615385 0.046875 0.052307692307692305
0 0.2775 0.5807692307692308 0.05375 0.06153846153846154
0 0.5165625 0.7157692307692307 0.099375 0.07615384615384616
0 0.1884375 0.6488461538461539 0.054375 0.05
0 0.373125 0.5746153846153846 0.04125 0.05076923076923077
0 0.43843750000000004 0.6480769230769231 0.063125 0.08846153846153847
0 0.7503125 0.36115384615384616 0.058125 0.07
0 0.9009375000000001 0.46807692307692306 0.044375 0.05
0 0.93125 0.4276923076923077 0.058750000000000004 0.06153846153846154
0 0.058125 0.405 0.09625 0.14384615384615385
0 0.4246875 0.38961538461538464 0.046875 0.05615384615384615
0 0.2996875 0.4796153846153846 0.064375 0.12384615384615384
0 0.0396875 0.645 0.079375 0.05923076923076923
0 0.38875 0.8880769230769231 0.02 0.03307692307692308
0 0.2065625 0.5138461538461538 0.073125 0.06461538461538462
0 0.4825 0.6561538461538462 0.02875 0.033846153846153845
0 0.5609375 0.6346153846153846 0.048125 0.06
0 0.330625 0.6046153846153847 0.02125 0.023076923076923078
0 0.041875 0.23384615384615384 0.08375 0.13230769230769232
0 0.8078125 0.3376923076923077 0.015625 0.03692307692307692
0 0.0375 0.7411538461538462 0.075 0.08692307692307692
0 0.44625000000000004 0.5276923076923077 0.035 0.06307692307692307
0 0.879375 0.3823076923076923 0.03125 0.03538461538461538
0 0.92 0.5446153846153846 0.045 0.09846153846153846
0 0.3834375 0.49961538461538463 0.07187500000000001 0.03
0 0.5996875 0.1473076923076923 0.038125 0.05923076923076923
0 0.378125 0.4469230769230769 0.02125 0.03076923076923077
0 0.84125 0.5053846153846154 0.051250000000000004 0.05846153846153846
0 0.6790625 0.6496153846153846 0.174375 0.1976923076923077
0 0.36375 0.7961538461538461 0.10875 0.14615384615384616
0 0.760625 0.18769230769230769 0.0625 0.08461538461538462
0 0.3978125 0.5273076923076923 0.025625000000000002 0.04230769230769231
0 0.516875 0.32153846153846155 0.043750000000000004 0.047692307692307694
0 0.3825 0.15153846153846154 0.15125 0.11538461538461539
0 0.501875 0.9053846153846153 0.03875 0.06769230769230769
0 0.7675000000000001 0.5888461538461538 0.0425 0.0823076923076923
0 0.28125 0.755 0.051250000000000004 0.036153846153846154
0 0.6421875 0.5092307692307693 0.041875 0.05384615384615385
0 0.9921875 0.3446153846153846 0.014375 0.03538461538461538
0 0.254375 0.26346153846153847 0.065 0.04230769230769231
0 0.364375 0.23153846153846153 0.08125 0.09230769230769231
0 0.4603125 0.7426923076923077 0.059375000000000004 0.05
0 0.4240625 0.67 0.034375 0.04461538461538461
0 0.5315625 0.6611538461538462 0.018125 0.01769230769230769
0 0.8725 0.29 0.075 0.043076923076923075
0 0.4759375 0.7988461538461539 0.016875 0.019230769230769232
0 0.281875 0.6638461538461539 0.07875 0.046153846153846156
0 0.553125 0.5838461538461538 0.07625 0.04461538461538461
0 0.0175 0.15384615384615385 0.035 0.1
0 0.3246875 0.8319230769230769 0.035625000000000004 0.07923076923076923
0 0.568125 0.22692307692307692 0.2725 0.12
0 0.6153125 0.2976923076923077 0.093125 0.08615384615384615
0 0.7109375 0.30538461538461537 0.026875 0.07076923076923076
0 0.7803125 0.725 0.054375 0.07307692307692308
0 0.5521875 0.115 0.046875 0.08076923076923077
0 0.29375 0.7188461538461538 0.065 0.06076923076923077
0 0.4546875 0.6988461538461539 0.025625000000000002 0.03923076923076923
