0 0.5528885272579332 0.07707317073170732 0.04963384865744508 0.07804878048780488
0 0.4625711960943857 0.19560975609756098 0.06753458096013018 0.08487804878048781
0 0.21033360455655004 0.7560975609756098 0.04800650935720097 0.054634146341463415
0 0.3356387306753458 0.24390243902439024 0.07729861676159479 0.07414634146341463
0 0.7026037428803905 0.7619512195121951 0.03661513425549227 0.07804878048780488
0 0.26891781936533765 0.7239024390243902 0.046379170056956874 0.058536585365853655
0 0.6871440195280716 0.6121951219512195 0.14076484947111473 0.08878048780487804
0 0.2933279088689992 0.484390243902439 0.07892595606183889 0.12975609756097561
0 0.17819365337672904 0.4009756097560976 0.06672091131000814 0.09365853658536585
0 0.4971521562245728 0.5126829268292683 0.045565500406834825 0.04975609756097561
0 0.7050447518307567 0.3829268292682927 0.05126118795768918 0.0575609756097561
0 0.4715215622457282 0.275609756097561 0.0951993490642799 0.07121951219512195
0 0.7860048820179008 0.3131707317073171 0.05207485760781123 0.04682926829268293
0 0.6147274206672091 0.395609756097561 0.03986981285598047 0.04780487804878049
0 0.548820179007323 0.33219512195121953 0.061025223759153785 0.08292682926829269
0 0.26729048006509354 0.6209756097560976 0.05614320585842148 0.06536585365853659
0 0.11879576891781936 0.5336585365853659 0.04231082180634662 0.04682926829268293
0 0.09194467046379169 0.573170731707317 0.05695687550854353 0.0575609756097561
0 0.9222945484133441 0.5292682926829269 0.09194467046379169 0.13365853658536586
0 0.5748576078112286 0.5707317073170731 0.044751830756712775 0.05268292682926829
0 0.6891781936533767 0.47804878048780486 0.061838893409275834 0.1151219512195122
0 0.9279902359641985 0.30585365853658536 0.07567127746135069 0.055609756097560976
0 0.5842148087876322 0.10682926829268292 0.01952807160292921 0.03219512195121951
0 0.7758340113913751 0.4395121951219512 0.07078925956061839 0.06146341463414634
0 0.5065093572009763 0.3282926829268293 0.028478437754271765 0.03219512195121951
0 0.4332790886899919 0.3541463414634146 0.046379170056956874 0.05658536585365854
0 0.6533767290480065 0.364390243902439 0.02115541090317331 0.0224390243902439
0 0.9462978030919447 0.6863414634146342 0.07973962571196094 0.12390243902439024
0 0.21358828315703823 0.646829268292683 0.015459723352318959 0.0351219512195122
0 0.9251423921887714 0.21658536585365853 0.07160292921074043 0.08195121951219513
0 0.54759967453214 0.44439024390243903 0.03417412530512612 0.05951219512195122
0 0.1436126932465419 0.6112195121951219 0.030105777054515864 0.03414634146341464
0 0.096826688364524 0.46390243902439027 0.043938161106590726 0.09268292682926829
0 0.6086248982912937 0.4658536585365854 0.06834825061025224 0.02829268292682927
0 0.4210740439381611 0.8073170731707318 0.03661513425549227 0.055609756097560976
0 0.6163547599674531 0.5141463414634146 0.02034174125305126 0.029268292682926828
0 0.17371847030105778 0.4946341463414634 0.04963384865744508 0.054634146341463415
0 0.3205858421480879 0.3492682926829268 0.16598860862489828 0.18341463414634146
0 0.6126932465419039 0.1902439024390244 0.10414971521562245 0.13658536585365855
0 0.26606997558991047 0.7819512195121952 0.06021155410903173 0.07902439024390244
0 0.5935720097640358 0.44146341463414634 0.025223759153783564 0.04
0 0.4906427990235964 0.6404878048780488 0.04231082180634662 0.045853658536585365
0 0.6269324654190398 0.7878048780487805 0.14401952807160293 0.10829268292682927
0 0.4759967453213995 0.09902439024390244 0.037428803905614316 0.06341463414634146
0 0.23962571196094384 0.4121951219512195 0.04149715215622457 0.07707317073170732
0 0.692839707078926 0.22195121951219512 0.04963384865744508 0.03414634146341464
0 0.36248982912937344 0.47609756097560973 0.03986981285598047 0.050731707317073174
0 0.03824247355573637 0.6541463414634147 0.014646053702196907 0.03414634146341464
0 0.7432872253864931 0.6746341463414635 0.06265256305939788 0.04
0 0.6403580146460537 0.7121951219512195 0.07811228641171684 0.08585365853658536
0 0.5231895850284785 0.24682926829268292 0.05695687550854353 0.04682926829268293
0 0.5614320585842147 0.31121951219512195 0.03417412530512612 0.04292682926829268
0 0.4597233523189585 0.3273170731707317 0.01790073230268511 0.016585365853658537
0 0.15500406834825062 0.6956097560975609 0.07241659886086249 0.04097560975609756
0 0.5056956875508544 0.19560975609756098 0.01708706265256306 0.018536585365853658
0 0.6969080553295361 0.30634146341463414 0.07567127746135069 0.04292682926829268
0 0.4434499593165175 0.4004878048780488 0.07323026851098453 0.041951219512195125
0 0.9731489015459723 0.7580487804878049 0.03417412530512612 0.09365853658536585
0 0.6476810414971521 0.15414634146341463 0.03417412530512612 0.07414634146341463
0 0.4471114727420667 0.7321951219512195 0.2595606183889341 0.11219512195121951
0 0.3986981285598047 0.6702439024390244 0.08950366151342555 0.08
0 0.30756712774613504 0.6702439024390244 0.026037428803905614 0.06634146341463415
0 0.22091131000813669 0.2868292682926829 0.05288852725793328 0.06829268292682927
0 0.467860048820179 0.8341463414634146 0.045565500406834825 0.07609756097560975
0 0.6830756712774614 0.25658536585365854 0.06265256305939788 0.05658536585365854
0 0.5309194467046379 0.2868292682926829 0.025223759153783564 0.037073170731707315
