0 0.5461711711711712 0.9158460161145927 0.048798798798798795 0.07699194270367055
0 0.4587087087087087 0.7976723366159355 0.06606606606606606 0.08236347358997315
0 0.21771771771771772 0.2421665174574754 0.04804804804804805 0.05282005371530886
0 0.3337087087087087 0.7479856759176365 0.07582582582582582 0.07251566696508505
0 0.7038288288288288 0.24619516562220234 0.03678678678678678 0.07699194270367055
0 0.2747747747747748 0.2748433303491495 0.04504504504504504 0.05729632945389436
0 0.6865615615615616 0.39256938227394805 0.1388888888888889 0.08683974932855863
0 0.2957957957957958 0.5102954341987467 0.07807807807807808 0.12712623097582812
0 0.18018018018018017 0.5899731423455685 0.06606606606606606 0.09131602506714413
0 0.49737237237237236 0.4870188003581021 0.044294294294294295 0.048343777976723366
0 0.7008258258258259 0.6190689346463742 0.0518018018018018 0.05640107430617726
0 0.4680930930930931 0.7197851387645479 0.09384384384384384 0.06982990152193375
0 0.78003003003003 0.6888988361683079 0.05105105105105105 0.045658012533572066
0 0.6114864864864865 0.6047448522829006 0.03978978978978979 0.047448522829006266
0 0.5457957957957958 0.6651745747538048 0.06006006006006006 0.08057296329453895
0 0.27177177177177175 0.37600716204118173 0.05555555555555555 0.06445837063563116
0 0.12387387387387387 0.459265890778872 0.04204204204204204 0.046553267681289166
0 0.09797297297297297 0.41987466427931963 0.05630630630630631 0.05729632945389436
0 0.9174174174174174 0.4794091316025067 0.0915915915915916 0.13160250671441362
0 0.575075075075075 0.4315129811996419 0.04504504504504504 0.051924798567591766
0 0.6865615615615616 0.5250671441360788 0.06081081081081081 0.11369740376007162
0 0.9196696696696697 0.6991942703670546 0.07507507507507508 0.05550581915846016
0 0.5773273273273273 0.887645478961504 0.01951951951951952 0.03133393017009848
0 0.7717717717717718 0.5649059982094897 0.06906906906906907 0.05908683974932856
0 0.5041291291291291 0.6683079677708147 0.027777777777777776 0.03133393017009848
0 0.43205705705705705 0.6418979409131602 0.0457957957957958 0.05550581915846016
0 0.6493993993993994 0.6356311548791406 0.02102102102102102 0.021486123545210387
0 0.9433183183183184 0.3258728737690242 0.07882882882882883 0.12175470008952552
0 0.21921921921921922 0.3495971351835273 0.015015015015015015 0.03491495076096687
0 0.9159159159159159 0.7864816472694718 0.07057057057057058 0.07967770814682185
0 0.5461711711711712 0.5555058191584602 0.033783783783783786 0.05819158460161146
0 0.1493993993993994 0.38361683079677705 0.03003003003003003 0.03312444046553268
0 0.10097597597597598 0.526857654431513 0.04279279279279279 0.09042076991942703
0 0.6066066066066066 0.535810205908684 0.06756756756756757 0.02775290957923008
0 0.42605105105105107 0.19561324977618622 0.03678678678678678 0.05461056401074306
0 0.6148648648648649 0.4879140555058192 0.02102102102102102 0.02864816472694718
0 0.17755255255255256 0.4986571172784243 0.048798798798798795 0.05371530886302596
0 0.3201951951951952 0.6445837063563116 0.1644144144144144 0.18084153983885407
0 0.6066066066066066 0.806177260519248 0.1021021021021021 0.13339301700984782
0 0.2728978978978979 0.2179946284691137 0.05930930930930931 0.07788719785138765
0 0.5912162162162162 0.5595344673231871 0.024774774774774775 0.03939122649955237
0 0.49286786786786785 0.36168307967770813 0.04129129129129129 0.044762757385854966
0 0.6295045045045045 0.21933751119068934 0.14189189189189189 0.10564010743061772
0 0.47034534534534533 0.8930170098478066 0.03678678678678678 0.06177260519247986
0 0.240990990990991 0.5810205908683975 0.04054054054054054 0.07520143240823635
0 0.6865615615615616 0.7766338406445837 0.048798798798798795 0.03312444046553268
0 0.36373873873873874 0.5205908683974932 0.03978978978978979 0.049239033124440466
0 0.04617117117117117 0.3388540734109221 0.014264264264264264 0.03312444046553268
0 0.7424924924924925 0.333034914950761 0.06156156156156156 0.03939122649955237
0 0.6415165165165165 0.29409131602506716 0.07732732732732733 0.08504923903312445
0 0.5191441441441441 0.7493285586392122 0.05630630630630631 0.046553267681289166
0 0.5578078078078078 0.6866606982990152 0.03303303303303303 0.04118173679498657
0 0.45795795795795796 0.6683079677708147 0.018018018018018018 0.017009847806624886
0 0.1617867867867868 0.30035810205908686 0.07132132132132132 0.04028648164726947
0 0.5015015015015015 0.7985675917636527 0.016516516516516516 0.017905102954341987
0 0.6914414414414415 0.693822739480752 0.07507507507507508 0.04297224709042077
0 0.4421921921921922 0.5962399283795882 0.07207207207207207 0.04118173679498657
0 0.971096096096096 0.25559534467323186 0.033783783783783786 0.09221128021486123
0 0.6407657657657657 0.842882721575649 0.033783783783783786 0.07251566696508505
0 0.4508258258258258 0.27081468218442256 0.256006006006006 0.11011638316920322
0 0.4027777777777778 0.3303491495076097 0.08783783783783784 0.07878245299910475
0 0.3123123123123123 0.329006266786034 0.025525525525525526 0.06535362578334826
0 0.2210960960960961 0.7032229185317815 0.0518018018018018 0.06714413607878245
0 0.47297297297297297 0.17054610564010744 0.04504504504504504 0.07430617726051925
0 0.6771771771771772 0.7426141450313339 0.06156156156156156 0.05640107430617726
0 0.5274024024024024 0.7094897045658013 0.024774774774774775 0.03670546105640107
