0 0.5798059964726631 0.05097613882863341 0.05202821869488536 0.08459869848156182
0 0.47795414462081126 0.170824295010846 0.07054673721340388 0.09002169197396963
0 0.18165784832451498 0.7516268980477223 0.05114638447971781 0.05856832971800434
0 0.3421516754850088 0.21203904555314534 0.08112874779541446 0.07917570498915402
0 0.6970899470899471 0.7998915401301518 0.03968253968253968 0.08568329718004339
0 0.2447089947089947 0.7218004338394794 0.048500881834215165 0.06399132321041215
0 0.689594356261023 0.6377440347071583 0.14814814814814814 0.09544468546637744
0 0.28439153439153436 0.4669197396963124 0.0837742504409171 0.1399132321041215
0 0.16798941798941797 0.3671366594360087 0.06966490299823633 0.10086767895878525
0 0.4964726631393298 0.514642082429501 0.047619047619047616 0.05314533622559653
0 0.7213403880070546 0.3926247288503254 0.054673721340388004 0.06290672451193059
0 0.4828042328042328 0.25759219088937096 0.09964726631393298 0.0770065075921909
0 0.810405643738977 0.32483731019522777 0.054673721340388004 0.05097613882863341
0 0.6261022927689595 0.398590021691974 0.042328042328042326 0.05097613882863341
0 0.5608465608465608 0.32537960954446854 0.06349206349206349 0.08893709327548807
0 0.24911816578483242 0.6111713665943601 0.059082892416225746 0.07049891540130152
0 0.09876543209876543 0.504880694143167 0.04585537918871252 0.05097613882863341
0 0.068342151675485 0.544468546637744 0.059082892416225746 0.06290672451193059
0 0.9404761904761905 0.5683297180043384 0.09788359788359788 0.14533622559652928
0 0.5740740740740741 0.5829718004338394 0.047619047619047616 0.057483731019522775
0 0.6992945326278659 0.4940347071583514 0.06525573192239859 0.12472885032537961
0 0.958994708994709 0.3286334056399132 0.08024691358024691 0.060737527114967466
0 0.6106701940035273 0.08568329718004339 0.020282186948853614 0.03470715835140998
0 0.7923280423280423 0.45932754880694143 0.07319223985890652 0.06616052060737528
0 0.5167548500881833 0.31724511930585686 0.029982363315696647 0.03579175704989154
0 0.43827160493827155 0.3383947939262473 0.04938271604938271 0.060737527114967466
0 0.6684303350970018 0.368763557483731 0.02292768959435626 0.02386117136659436
0 0.95679012345679 0.7391540130151844 0.08465608465608465 0.13340563991323212
0 0.1917989417989418 0.6350325379609545 0.01675485008818342 0.03796095444685466
0 0.9616402116402116 0.232646420824295 0.07495590828924162 0.08785249457700652
0 0.5529100529100529 0.44522776572668116 0.03527336860670194 0.06399132321041215
0 0.11992945326278659 0.5900216919739697 0.031746031746031744 0.036876355748373106
0 0.07936507936507936 0.4284164859002169 0.04585537918871252 0.09978308026030369
0 0.6155202821869488 0.47342733188720176 0.07231040564373897 0.031453362255965296
0 0.3994708994708994 0.8248373101952278 0.03880070546737213 0.0596529284164859
0 0.6212522045855379 0.5260303687635575 0.02204585537918871 0.03253796095444685
0 0.15828924162257496 0.4669197396963124 0.05202821869488536 0.0596529284164859
0 0.3205467372134039 0.3237527114967462 0.17548500881834214 0.1984815618221258
0 0.6358024691358024 0.17733188720173537 0.10934744268077601 0.14642082429501085
0 0.23853615520282184 0.78470715835141 0.06261022927689594 0.08568329718004339
0 0.601410934744268 0.44577006507592193 0.026455026455026454 0.04338394793926247
0 0.48236331569664903 0.6513015184381779 0.04409171075837742 0.04880694143167028
0 0.6164021164021164 0.8210412147505424 0.15167548500881833 0.11713665943600868
0 0.4977954144620811 0.0683297180043384 0.03968253968253968 0.06941431670281996
0 0.23236331569664903 0.38449023861171366 0.043209876543209874 0.08351409978308026
0 0.7182539682539683 0.21908893709327548 0.05202821869488536 0.036876355748373106
0 0.3571428571428571 0.4636659436008677 0.042328042328042326 0.055314533622559656
0 0.007495590828924162 0.6274403470715836 0.014991181657848324 0.03579175704989154
0 0.7442680776014109 0.7093275488069415 0.06525573192239859 0.04338394793926247
0 0.6344797178130511 0.7407809110629068 0.082010582010582 0.09327548806941433
0 0.5388007054673721 0.2304772234273319 0.059964726631393295 0.05097613882863341
0 0.5749559082892416 0.3036876355748373 0.03527336860670194 0.0455531453362256
0 0.46781305114638444 0.31182212581344904 0.018518518518518517 0.018438177874186553
0 0.12698412698412698 0.6822125813449024 0.07583774250440917 0.04338394793926247
0 0.52336860670194 0.17462039045553146 0.018518518518518517 0.019522776572668113
0 0.7169312169312169 0.3096529284164859 0.07936507936507936 0.04663774403470716
0 0.4462081128747795 0.3893709327548807 0.07760141093474426 0.0455531453362256
0 0.9810405643738976 0.81941431670282 0.036155202821869487 0.10086767895878525
0 0.6746031746031745 0.1420824295010846 0.037037037037037035 0.08026030368763558
0 0.43121693121693117 0.7456616052060738 0.27336860670194 0.12039045553145336
0 0.38403880070546736 0.6751626898047722 0.09435626102292768 0.08785249457700652
0 0.28880070546737213 0.6670281995661606 0.027336860670194002 0.07158351409978309
0 0.21957671957671956 0.24837310195227766 0.054673721340388004 0.07375271149674621
0 0.4470899470899471 0.8573752711496746 0.047619047619047616 0.08134490238611713
0 0.7059082892416225 0.2554229934924078 0.06613756613756613 0.06182212581344903
0 0.5449735449735449 0.2749457700650759 0.026455026455026454 0.04013015184381779
