0 0.5972886762360446 0.11916110581506197 0.04944178628389155 0.07816968541468064
0 0.4944178628389155 0.22068636796949476 0.06698564593301436 0.08293612964728313
0 0.18181818181818182 0.7283126787416587 0.04784688995215311 0.053384175405147755
0 0.36363636363636365 0.2469018112488084 0.07655502392344497 0.07244995233555768
0 0.6650717703349283 0.815538608198284 0.03668261562998405 0.07721639656816015
0 0.24282296650717702 0.7063870352716873 0.045454545454545456 0.05719733079122974
0 0.6670653907496013 0.6663489037178265 0.13955342902711323 0.0877025738798856
0 0.29465709728867623 0.4761677788369876 0.07894736842105263 0.12869399428026693
0 0.1901913875598086 0.37511916110581506 0.06618819776714513 0.09246901811248807
0 0.4920255183413078 0.5371782650142993 0.044657097288676235 0.04861773117254528
0 0.7113237639553429 0.444232602478551 0.051036682615629984 0.05719733079122974
0 0.49362041467304624 0.3002859866539561 0.09409888357256778 0.07054337464251668
0 0.7990430622009569 0.3894184938036225 0.05263157894736842 0.04671115347950429
0 0.6208133971291866 0.44184938036224974 0.03907496012759171 0.04671115347950429
0 0.5633971291866029 0.36892278360343184 0.05980861244019139 0.08198284080076262
0 0.25318979266347685 0.6053384175405148 0.05502392344497608 0.06482364156339371
0 0.11722488038277512 0.494280266920877 0.0430622009569378 0.04671115347950429
0 0.08652312599681021 0.5290753098188751 0.05661881977671451 0.05719733079122974
0 0.9078947368421053 0.6239275500476644 0.09170653907496013 0.1325071496663489
0 0.5614035087719298 0.6067683508102955 0.044657097288676235 0.052430886558627265
0 0.6846092503987241 0.5347950428979981 0.06140350877192983 0.11439466158245948
0 0.9393939393939394 0.40514775977121065 0.07496012759170655 0.05529075309818875
0 0.6240031897926634 0.1534795042897998 0.019936204146730464 0.030505243088655862
0 0.7743221690590112 0.511439466158246 0.07017543859649122 0.06005719733079123
0 0.5227272727272727 0.35795996186844614 0.027910685805422646 0.03145853193517636
0 0.4473684210526316 0.3708293612964728 0.046251993620414676 0.05529075309818875
0 0.6626794258373205 0.4180171591992374 0.02073365231259968 0.0219256434699714
0 0.9130781499202552 0.7816968541468065 0.07974481658692185 0.12202097235462345
0 0.19736842105263158 0.6220209723546234 0.015151515151515152 0.03527168732125834
0 0.946969696969697 0.3174451858913251 0.07097288676236045 0.08007626310772163
0 0.5494417862838915 0.47855100095328884 0.03349282296650718 0.05910390848427073
0 0.13237639553429026 0.5753098188751191 0.030303030303030304 0.03336510962821735
0 0.10366826156299841 0.42278360343183985 0.0430622009569378 0.0905624404194471
0 0.6068580542264753 0.509532888465205 0.0685805422647528 0.027645376549094373
0 0.3827751196172249 0.8141086749285034 0.03668261562998405 0.05529075309818875
0 0.6084529505582137 0.5581506196377503 0.02073365231259968 0.029551954242135366
0 0.17543859649122806 0.4656816015252621 0.04944178628389155 0.05433746425166825
0 0.33692185007974484 0.3474737845567207 0.16507177033492823 0.18207816968541468
0 0.6423444976076556 0.23975214489990465 0.10287081339712918 0.1344137273593899
0 0.2332535885167464 0.7631077216396568 0.05980861244019139 0.07912297426120114
0 0.594896331738437 0.4828408007626311 0.025518341307814992 0.03908484270734032
0 0.47089314194577353 0.6611058150619638 0.04226475279106858 0.044804575786463297
0 0.5877192982456141 0.8284080076263107 0.14354066985645933 0.10676835081029551
0 0.5187400318979266 0.1277407054337464 0.03748006379585327 0.06291706387035272
0 0.25 0.3956148713060057 0.04066985645933014 0.07626310772163966
0 0.7177033492822966 0.2840800762631077 0.04944178628389155 0.034318398474737846
0 0.36363636363636365 0.47902764537654907 0.03987240829346093 0.05052430886558627
0 0.023923444976076555 0.600095328884652 0.014354066985645933 0.03336510962821735
0 0.7149122807017544 0.7368922783603432 0.06140350877192983 0.040038131553860816
0 0.6096491228070176 0.7564346997140133 0.0773524720893142 0.08484270734032412
0 0.5482456140350878 0.280743565300286 0.05661881977671451 0.04671115347950429
0 0.5781499202551834 0.34985700667302194 0.03349282296650718 0.04194470924690181
0 0.47647527910685805 0.3489037178265014 0.018341307814992026 0.017159199237368923
0 0.1339712918660287 0.6601525262154433 0.07177033492822966 0.04099142040038131
0 0.5370813397129187 0.22783603431839847 0.01674641148325359 0.019065776930409915
0 0.7121212121212122 0.3674928503336511 0.07496012759170655 0.042897998093422304
0 0.4517543859649123 0.4180171591992374 0.07256778309409888 0.04099142040038131
0 0.9318181818181819 0.8565300285986653 0.0342902711323764 0.09246901811248807
0 0.6814194577352473 0.2102001906577693 0.0342902711323764 0.07340324118207817
0 0.41746411483253587 0.7435653002859867 0.25757575757575757 0.1105815061963775
0 0.37679425837320574 0.6749285033365109 0.08851674641148326 0.08007626310772163
0 0.2874800637958533 0.6601525262154433 0.02631578947368421 0.0657769304099142
0 0.2460127591706539 0.2702573879885605 0.051834130781499205 0.06768350810295519
0 0.4258373205741627 0.8479504289799809 0.044657097288676235 0.07530981887511916
0 0.70414673046252 0.3169685414680648 0.06220095693779904 0.05624404194470924
0 0.5514354066985646 0.3217349857006673 0.024720893141945775 0.037178265014299335
