0 0.58 0.051923076923076926 0.051250000000000004 0.08384615384615385
0 0.478125 0.17192307692307693 0.07 0.09
0 0.181875 0.7542307692307693 0.05 0.057692307692307696
0 0.34218750000000003 0.21307692307692308 0.080625 0.07846153846153846
0 0.6978125000000001 0.801923076923077 0.038125 0.08384615384615385
0 0.245 0.7242307692307692 0.0475 0.06230769230769231
0 0.6900000000000001 0.6396153846153846 0.1475 0.09461538461538462
0 0.284375 0.46884615384615386 0.0825 0.13923076923076924
0 0.1678125 0.36923076923076925 0.069375 0.1
0 0.4965625 0.5161538461538462 0.046875 0.052307692307692305
0 0.721875 0.39384615384615385 0.05375 0.06153846153846154
0 0.48281250000000003 0.25884615384615384 0.099375 0.07615384615384616
0 0.8109375 0.32576923076923076 0.054375 0.05
0 0.62625 0.4 0.04125 0.05076923076923077
0 0.5609375 0.32653846153846156 0.063125 0.08846153846153847
0 0.2490625 0.6134615384615385 0.058125 0.07
0 0.0984375 0.5065384615384615 0.044375 0.05
0 0.068125 0.546923076923077 0.058750000000000004 0.06153846153846154
0 0.94125 0.5696153846153846 0.09625 0.14384615384615385
0 0.5746875 0.585 0.046875 0.05615384615384615
0 0.6996875 0.495 0.064375 0.12384615384615384
0 0.9596875 0.3296153846153846 0.079375 0.05923076923076923
0 0.610625 0.08653846153846154 0.02 0.03307692307692308
0 0.7928125 0.46076923076923076 0.073125 0.06461538461538462
0 0.516875 0.31846153846153846 0.02875 0.033846153846153845
0 0.43843750000000004 0.34 0.048125 0.06
0 0.6687500000000001 0.37 0.02125 0.023076923076923078
0 0.9575 0.7407692307692307 0.08375 0.13230769230769232
0 0.1915625 0.6369230769230769 0.015625 0.03692307692307692
0 0.961875 0.23346153846153847 0.075 0.08692307692307692
0 0.553125 0.4469230769230769 0.035 0.06307692307692307
0 0.12 0.5923076923076923 0.03125 0.03538461538461538
0 0.079375 0.43 0.045 0.09846153846153846
0 0.6159375 0.475 0.07187500000000001 0.03
0 0.39968750000000003 0.8273076923076923 0.038125 0.05923076923076923
0 0.62125 0.5276923076923077 0.02125 0.03076923076923077
0 0.15812500000000002 0.46923076923076923 0.051250000000000004 0.05846153846153846
0 0.3203125 0.325 0.174375 0.1976923076923077
0 0.635625 0.17846153846153845 0.10875 0.14615384615384616
0 0.23875000000000002 0.786923076923077 0.0625 0.08461538461538462
0 0.6015625 0.4473076923076923 0.025625000000000002 0.04230769230769231
0 0.4825 0.6530769230769231 0.043750000000000004 0.047692307692307694
0 0.6168750000000001 0.823076923076923 0.15125 0.11538461538461539
0 0.4975 0.06923076923076923 0.03875 0.06769230769230769
0 0.231875 0.38576923076923075 0.0425 0.0823076923076923
0 0.718125 0.21961538461538463 0.051250000000000004 0.036153846153846154
0 0.3571875 0.4653846153846154 0.041875 0.05384615384615385
0 0.0071875 0.63 0.014375 0.03538461538461538
0 0.745 0.7111538461538461 0.065 0.04230769230769231
0 0.635 0.7430769230769231 0.08125 0.09230769230769231
0 0.5390625 0.23192307692307693 0.059375000000000004 0.05
0 0.5753125 0.3046153846153846 0.034375 0.04461538461538461
0 0.4678125 0.31346153846153846 0.018125 0.01769230769230769
0 0.12687500000000002 0.6846153846153846 0.075 0.043076923076923075
0 0.5234375 0.17576923076923076 0.016875 0.019230769230769232
0 0.7175 0.31076923076923074 0.07875 0.046153846153846156
0 0.44625000000000004 0.39076923076923076 0.07625 0.04461538461538461
0 0.981875 0.8207692307692308 0.035 0.1
0 0.6746875 0.1426923076923077 0.035625000000000004 0.07923076923076923
0 0.43125 0.7476923076923077 0.2725 0.12
0 0.38406250000000003 0.676923076923077 0.093125 0.08615384615384615
0 0.2884375 0.6692307692307692 0.026875 0.07076923076923076
0 0.2190625 0.24961538461538463 0.054375 0.07307692307692308
0 0.4471875 0.8596153846153847 0.046875 0.08076923076923077
0 0.7056250000000001 0.25576923076923075 0.065 0.06076923076923077
0 0.5446875 0.27576923076923077 0.025625000000000002 0.03923076923076923
