0 0.5817757009345794 0.05831739961759082 0.0514018691588785 0.0841300191204589
0 0.4797507788161994 0.1768642447418738 0.07009345794392523 0.0898661567877629
0 0.18185358255451714 0.7519120458891013 0.050623052959501556 0.05831739961759082
0 0.3442367601246106 0.21653919694072657 0.08099688473520249 0.07934990439770555
0 0.6950934579439252 0.8030592734225621 0.0381619937694704 0.0841300191204589
0 0.24532710280373832 0.722753346080306 0.048286604361370715 0.06309751434034416
0 0.6880841121495327 0.6419694072657743 0.14719626168224298 0.09464627151051624
0 0.2854361370716511 0.4698852772466539 0.08333333333333333 0.13862332695984703
0 0.17017133956386293 0.3704588910133843 0.06931464174454828 0.10038240917782026
0 0.49649532710280375 0.5181644359464627 0.04750778816199377 0.05353728489483747
0 0.721183800623053 0.3981835564053537 0.05451713395638629 0.062141491395793495
0 0.4836448598130841 0.26290630975143403 0.09968847352024922 0.07648183556405354
0 0.8099688473520249 0.3312619502868069 0.05451713395638629 0.05066921606118547
0 0.6261682242990654 0.4039196940726577 0.04205607476635514 0.05066921606118547
0 0.5615264797507789 0.3303059273422562 0.06386292834890965 0.08891013384321224
0 0.2496105919003115 0.612810707456979 0.05841121495327103 0.07074569789674952
0 0.10046728971962617 0.5062141491395793 0.045171339563862926 0.05066921606118547
0 0.07009345794392523 0.5454110898661567 0.059190031152647975 0.062141491395793495
0 0.9384735202492211 0.5745697896749522 0.09657320872274143 0.14340344168260039
0 0.5735981308411214 0.5874760994263862 0.04750778816199377 0.05640535372848948
0 0.6985981308411214 0.49856596558317395 0.06542056074766354 0.12332695984703633
0 0.9579439252336448 0.3365200764818356 0.0794392523364486 0.05927342256214149
0 0.6117601246105919 0.09273422562141491 0.02102803738317757 0.03441682600382409
0 0.7912772585669782 0.4655831739961759 0.07320872274143302 0.0650095602294455
0 0.5175233644859812 0.3221797323135755 0.02881619937694704 0.03441682600382409
0 0.4392523364485981 0.3427342256214149 0.048286604361370715 0.06022944550669216
0 0.6682242990654206 0.374282982791587 0.021806853582554516 0.02390057361376673
0 0.9540498442367601 0.7447418738049713 0.08411214953271028 0.13193116634799235
0 0.1923676012461059 0.635755258126195 0.01557632398753894 0.03824091778202677
0 0.9610591900311526 0.24139579349904397 0.07476635514018691 0.08699808795411089
0 0.5529595015576324 0.44980879541108987 0.03582554517133956 0.06405353728489484
0 0.12110591900311526 0.5908221797323135 0.031931464174454825 0.03632887189292543
0 0.08177570093457943 0.42973231357552577 0.045171339563862926 0.09847036328871893
0 0.6152647975077882 0.4780114722753346 0.07165109034267912 0.030592734225621414
0 0.3987538940809969 0.8264818355640535 0.03894080996884735 0.06022944550669216
0 0.6203271028037383 0.5310707456978967 0.022585669781931463 0.03154875717017208
0 0.16004672897196262 0.4694072657743786 0.05218068535825545 0.05927342256214149
0 0.3220404984423676 0.32695984703632885 0.17367601246105918 0.19694072657743786
0 0.6362928348909657 0.18403441682600383 0.10903426791277258 0.1462715105162524
0 0.23870716510903425 0.7853728489483748 0.0630841121495327 0.08508604206500955
0 0.6012461059190031 0.45076481835564053 0.0264797507788162 0.043021032504780114
0 0.48169781931464173 0.6539196940726577 0.04439252336448598 0.04780114722753346
0 0.6144859813084111 0.8236137667304015 0.15109034267912771 0.11567877629063097
0 0.4996105919003115 0.07504780114722753 0.0397196261682243 0.06787762906309751
0 0.2336448598130841 0.38718929254302104 0.04361370716510903 0.08221797323135754
0 0.7180685358255452 0.22562141491395793 0.0514018691588785 0.03632887189292543
0 0.35786604361370716 0.46701720841300187 0.042834890965732085 0.05449330783938814
0 0.00895638629283489 0.6276290630975143 0.014797507788161994 0.03537284894837476
0 0.7422118380062305 0.7136711281070746 0.06542056074766354 0.043021032504780114
0 0.6327881619937694 0.7442638623326959 0.08177570093457943 0.09273422562141491
0 0.5401090342679128 0.2366156787762906 0.05996884735202492 0.05066921606118547
0 0.5759345794392523 0.30927342256214146 0.035046728971962614 0.04493307839388145
0 0.4688473520249221 0.31692160611854686 0.018691588785046728 0.018164435946462713
0 0.1277258566978193 0.6826003824091778 0.07476635514018691 0.04397705544933078
0 0.5249221183800623 0.18116634799235182 0.017133956386292833 0.020076481835564052
0 0.7172897196261682 0.31596558317399615 0.0794392523364486 0.04684512428298279
0 0.4470404984423676 0.3934034416826004 0.0763239875389408 0.04493307839388145
0 0.977803738317757 0.8240917782026769 0.035046728971962614 0.09942638623326959
0 0.6752336448598131 0.14866156787762905 0.03582554517133956 0.07934990439770555
0 0.4302959501557632 0.7480879541108987 0.2718068535825545 0.11950286806883365
0 0.3839563862928349 0.6773422562141491 0.09345794392523364 0.08699808795411089
0 0.28894080996884736 0.6692160611854684 0.028037383177570093 0.07074569789674952
0 0.2219626168224299 0.2519120458891013 0.05451713395638629 0.07361376673040153
0 0.44587227414330216 0.8589866156787762 0.04750778816199377 0.08126195028680688
0 0.705607476635514 0.26195028680688337 0.06542056074766354 0.06118546845124283
0 0.5459501557632399 0.2805927342256214 0.0264797507788162 0.03919694072657744
