0 0.58 0.08115384615384616 0.051250000000000004 0.08384615384615385
0 0.478125 0.20115384615384616 0.07 0.09
0 0.181875 0.7834615384615384 0.05 0.057692307692307696
0 0.34218750000000003 0.2423076923076923 0.080625 0.07846153846153846
0 0.6978125000000001 0.8311538461538461 0.038125 0.08384615384615385
0 0.245 0.7534615384615385 0.0475 0.06230769230769231
0 0.6900000000000001 0.6688461538461539 0.1475 0.09461538461538462
0 0.284375 0.4980769230769231 0.0825 0.13923076923076924
0 0.1678125 0.3984615384615385 0.069375 0.1
0 0.4965625 0.5453846153846154 0.046875 0.052307692307692305
0 0.721875 0.4230769230769231 0.05375 0.06153846153846154
0 0.48281250000000003 0.28807692307692306 0.099375 0.07615384615384616
0 0.8109375 0.355 0.054375 0.05
0 0.62625 0.42923076923076925 0.04125 0.05076923076923077
0 0.5609375 0.3557692307692308 0.063125 0.08846153846153847
0 0.2490625 0.6426923076923077 0.058125 0.07
0 0.0984375 0.5357692307692308 0.044375 0.05
0 0.068125 0.5761538461538461 0.058750000000000004 0.06153846153846154
0 0.94125 0.5988461538461538 0.09625 0.14384615384615385
0 0.5746875 0.6142307692307692 0.046875 0.05615384615384615
0 0.6996875 0.5242307692307693 0.064375 0.12384615384615384
0 0.9596875 0.35884615384615387 0.079375 0.05923076923076923
0 0.610625 0.11576923076923076 0.02 0.03307692307692308
0 0.7928125 0.49 0.073125 0.06461538461538462
0 0.516875 0.3476923076923077 0.02875 0.033846153846153845
0 0.43843750000000004 0.36923076923076925 0.048125 0.06
0 0.6687500000000001 0.3992307692307692 0.02125 0.023076923076923078
0 0.9575 0.77 0.08375 0.13230769230769232
0 0.1915625 0.6661538461538462 0.015625 0.03692307692307692
0 0.961875 0.26269230769230767 0.075 0.08692307692307692
0 0.553125 0.47615384615384615 0.035 0.06307692307692307
0 0.12 0.6215384615384615 0.03125 0.03538461538461538
0 0.079375 0.4592307692307692 0.045 0.09846153846153846
0 0.6159375 0.5042307692307693 0.07187500000000001 0.03
0 0.39968750000000003 0.8565384615384616 0.038125 0.05923076923076923
0 0.62125 0.556923076923077 0.02125 0.03076923076923077
0 0.15812500000000002 0.49846153846153846 0.051250000000000004 0.05846153846153846
0 0.3203125 0.35423076923076924 0.174375 0.1976923076923077
0 0.635625 0.2076923076923077 0.10875 0.14615384615384616
0 0.23875000000000002 0.8161538461538461 0.0625 0.08461538461538462
0 0.6015625 0.4765384615384615 0.025625000000000002 0.04230769230769231
0 0.4825 0.6823076923076923 0.043750000000000004 0.047692307692307694
0 0.6168750000000001 0.8523076923076923 0.15125 0.11538461538461539
0 0.4975 0.09846153846153846 0.03875 0.06769230769230769
0 0.231875 0.415 0.0425 0.0823076923076923
0 0.718125 0.24884615384615386 0.051250000000000004 0.036153846153846154
0 0.3571875 0.4946153846153846 0.041875 0.05384615384615385
0 0.0071875 0.6592307692307692 0.014375 0.03538461538461538
0 0.745 0.7403846153846154 0.065 0.04230769230769231
0 0.635 0.7723076923076924 0.08125 0.09230769230769231
0 0.5390625 0.2611538461538462 0.059375000000000004 0.05
0 0.5753125 0.33384615384615385 0.034375 0.04461538461538461
0 0.4678125 0.3426923076923077 0.018125 0.01769230769230769
0 0.12687500000000002 0.7138461538461538 0.075 0.043076923076923075
0 0.5234375 0.205 0.016875 0.019230769230769232
0 0.7175 0.34 0.07875 0.046153846153846156
0 0.44625000000000004 0.42 0.07625 0.04461538461538461
0 0.981875 0.85 0.035 0.1
0 0.6746875 0.17192307692307693 0.035625000000000004 0.07923076923076923
0 0.43125 0.7776923076923077 0.2725 0.12
0 0.38406250000000003 0.7069230769230769 0.093125 0.08615384615384615
0 0.2884375 0.6992307692307692 0.026875 0.07076923076923076
0 0.2190625 0.2796153846153846 0.054375 0.07307692307692308
0 0.4471875 0.8896153846153846 0.046875 0.08076923076923077
0 0.7056250000000001 0.2857692307692308 0.065 0.06076923076923077
0 0.5446875 0.3057692307692308 0.025625000000000002 0.03923076923076923
