0 0.419375 0.055 0.051250000000000004 0.08384615384615385
0 0.52125 0.175 0.07 0.09
0 0.8175 0.7573076923076923 0.05 0.057692307692307696
0 0.6571875 0.21615384615384614 0.080625 0.07846153846153846
0 0.3015625 0.805 0.038125 0.08384615384615385
0 0.754375 0.7273076923076923 0.0475 0.06230769230769231
0 0.309375 0.6426923076923077 0.1475 0.09461538461538462
0 0.715 0.47192307692307695 0.0825 0.13923076923076924
0 0.8315625 0.3723076923076923 0.069375 0.1
0 0.5028125 0.5192307692307693 0.046875 0.052307692307692305
0 0.2775 0.39692307692307693 0.05375 0.06153846153846154
0 0.5165625 0.2619230769230769 0.099375 0.07615384615384616
0 0.1884375 0.32884615384615384 0.054375 0.05
0 0.373125 0.40307692307692305 0.04125 0.05076923076923077
0 0.43843750000000004 0.3296153846153846 0.063125 0.08846153846153847
0 0.7503125 0.6165384615384616 0.058125 0.07
0 0.9009375000000001 0.5096153846153846 0.044375 0.05
0 0.93125 0.55 0.058750000000000004 0.06153846153846154
0 0.058125 0.5726923076923077 0.09625 0.14384615384615385
0 0.4246875 0.588076923076923 0.046875 0.05615384615384615
0 0.2996875 0.4980769230769231 0.064375 0.12384615384615384
0 0.0396875 0.3326923076923077 0.079375 0.05923076923076923
0 0.38875 0.08961538461538461 0.02 0.03307692307692308
0 0.2065625 0.46384615384615385 0.073125 0.06461538461538462
0 0.4825 0.32153846153846155 0.02875 0.033846153846153845
0 0.5609375 0.34307692307692306 0.048125 0.06
0 0.330625 0.3730769230769231 0.02125 0.023076923076923078
0 0.041875 0.7438461538461538 0.08375 0.13230769230769232
0 0.8078125 0.64 0.015625 0.03692307692307692
0 0.0375 0.23653846153846153 0.075 0.08692307692307692
0 0.44625000000000004 0.45 0.035 0.06307692307692307
0 0.879375 0.5953846153846154 0.03125 0.03538461538461538
0 0.92 0.4330769230769231 0.045 0.09846153846153846
0 0.3834375 0.47807692307692307 0.07187500000000001 0.03
0 0.5996875 0.8303846153846154 0.038125 0.05923076923076923
0 0.378125 0.5307692307692308 0.02125 0.03076923076923077
0 0.84125 0.4723076923076923 0.051250000000000004 0.05846153846153846
0 0.6790625 0.3280769230769231 0.174375 0.1976923076923077
0 0.36375 0.18153846153846154 0.10875 0.14615384615384616
0 0.760625 0.79 0.0625 0.08461538461538462
0 0.3978125 0.4503846153846154 0.025625000000000002 0.04230769230769231
0 0.516875 0.6561538461538462 0.043750000000000004 0.047692307692307694
0 0.3825 0.8261538461538461 0.15125 0.11538461538461539
0 0.501875 0.07230769230769231 0.03875 0.06769230769230769
0 0.7675000000000001 0.38884615384615384 0.0425 0.0823076923076923
0 0.28125 0.2226923076923077 0.051250000000000004 0.036153846153846154
0 0.6421875 0.4684615384615385 0.041875 0.05384615384615385
0 0.9921875 0.6330769230769231 0.014375 0.03538461538461538
0 0.254375 0.7142307692307692 0.065 0.04230769230769231
0 0.364375 0.7461538461538462 0.08125 0.09230769230769231
0 0.4603125 0.235 0.059375000000000004 0.05
0 0.4240625 0.3076923076923077 0.034375 0.04461538461538461
0 0.5315625 0.31653846153846155 0.018125 0.01769230769230769
0 0.8725 0.6876923076923077 0.075 0.043076923076923075
0 0.4759375 0.17884615384615385 0.016875 0.019230769230769232
0 0.281875 0.31384615384615383 0.07875 0.046153846153846156
0 0.553125 0.39384615384615385 0.07625 0.04461538461538461
0 0.0175 0.8238461538461539 0.035 0.1
0 0.3246875 0.14576923076923076 0.035625000000000004 0.07923076923076923
0 0.568125 0.7507692307692307 0.2725 0.12
0 0.6153125 0.68 0.093125 0.08615384615384615
0 0.7109375 0.6723076923076923 0.026875 0.07076923076923076
0 0.7803125 0.2526923076923077 0.054375 0.07307692307692308
0 0.5521875 0.8626923076923076 0.046875 0.08076923076923077
0 0.29375 0.25884615384615384 0.065 0.06076923076923077
0 0.4546875 0.27884615384615385 0.025625000000000002 0.03923076923076923
