0 0.5637381567614126 0.9088050314465409 0.050818260120585705 0.08176100628930819
0 0.46683893195521103 0.789308176100629 0.06890611541774333 0.08805031446540881
0 0.19035314384151594 0.2169811320754717 0.04995693367786391 0.05660377358490566
0 0.33462532299741604 0.7447589098532496 0.08010335917312661 0.07651991614255765
0 0.6950904392764858 0.18815513626834382 0.03789836347975883 0.08280922431865828
0 0.25107665805340224 0.2479035639412998 0.047372954349698536 0.06184486373165619
0 0.6838931955211025 0.3448637316561845 0.14470284237726097 0.09224318658280922
0 0.28380706287683033 0.4958071278825996 0.0818260120585702 0.13626834381551364
0 0.16795865633074936 0.5885744234800839 0.06890611541774333 0.09748427672955975
0 0.4926787252368648 0.45754716981132076 0.046511627906976744 0.051362683438155136
0 0.7097329888027563 0.5828092243186583 0.053402239448751075 0.060796645702306085
0 0.4728682170542636 0.7054507337526206 0.09819121447028424 0.07547169811320756
0 0.7954349698535745 0.6514675052410902 0.05426356589147287 0.04926624737945493
0 0.6167097329888027 0.5738993710691824 0.041343669250646 0.04926624737945493
0 0.5508182601205857 0.6425576519916143 0.06287683031869079 0.0859538784067086
0 0.25279931093884583 0.3548218029350105 0.05770887166236004 0.06813417190775682
0 0.1029285099052541 0.4533542976939204 0.04392764857881137 0.04926624737945493
0 0.07450473729543497 0.41299790356394134 0.05770887166236004 0.060796645702306085
0 0.9276485788113695 0.42033542976939203 0.09474590869939707 0.14046121593291405
0 0.570198105081826 0.39360587002096437 0.046511627906976744 0.05555555555555556
0 0.689922480620155 0.4848008385744235 0.06373815676141258 0.12054507337526206
0 0.9409991386735573 0.6530398322851153 0.07838070628768304 0.05870020964360587
0 0.5943152454780362 0.8763102725366877 0.020671834625323 0.033542976939203356
0 0.7803617571059431 0.5209643605870021 0.07235142118863049 0.06289308176100629
0 0.5077519379844961 0.6488469601677149 0.028423772609819122 0.033542976939203356
0 0.4315245478036176 0.6257861635220127 0.04823428079242033 0.05870020964360587
0 0.6576227390180879 0.6042976939203355 0.02153316106804479 0.02410901467505241
0 0.9474590869939707 0.2562893081761006 0.082687338501292 0.1289308176100629
0 0.19681309216192938 0.3307127882599581 0.01636520241171404 0.03668763102725367
0 0.9405684754521964 0.7458071278825996 0.07407407407407407 0.0849056603773585
0 0.5460809646856158 0.5256813417190775 0.034453057708871665 0.06184486373165619
0 0.12618432385874245 0.37106918238993714 0.03186907838070629 0.03563941299790357
0 0.082687338501292 0.5262054507337527 0.04478897502153316 0.09643605870020965
0 0.6080964685615848 0.5010482180293502 0.07062876830318691 0.029350104821802937
0 0.40482342807924204 0.15356394129979037 0.03789836347975883 0.05765199161425577
0 0.6145564168819982 0.45020964360587007 0.02153316106804479 0.030398322851153042
0 0.16063738156761412 0.49109014675052415 0.050818260120585705 0.05765199161425577
0 0.3156761412575366 0.6357442348008386 0.17140396210163653 0.1918238993710692
0 0.6205857019810508 0.7882599580712789 0.10766580534022395 0.14255765199161427
0 0.2463393626184324 0.18710691823899372 0.06201550387596899 0.08280922431865828
0 0.5934539190353144 0.5272536687631028 0.025839793281653745 0.041928721174004195
0 0.4819121447028424 0.32442348008385746 0.04392764857881137 0.04716981132075472
0 0.6167097329888027 0.16509433962264153 0.14814814814814814 0.11215932914046123
0 0.483634797588286 0.889412997903564 0.03875968992248062 0.0660377358490566
0 0.23083548664944015 0.5744234800838575 0.04306632213608958 0.07966457023060797
0 0.702411714039621 0.7515723270440252 0.050818260120585705 0.03563941299790357
0 0.35486649440137813 0.5015723270440252 0.041343669250646 0.05345911949685535
0 0.016795865633074936 0.3312368972746331 0.014642549526270457 0.03563941299790357
0 0.7394487510766581 0.2777777777777778 0.06459948320413436 0.041928721174004195
0 0.6326442721791559 0.24318658280922434 0.08010335917312661 0.09014675052410902
0 0.5275624461670974 0.7332285115303984 0.059431524547803614 0.04926624737945493
0 0.5641688199827735 0.6645702306079665 0.034453057708871665 0.04402515723270441
0 0.4599483204134367 0.6525157232704403 0.018949181739879414 0.017819706498951784
0 0.13522825150732126 0.28249475890985326 0.07407407407407407 0.0429769392033543
0 0.5107665805340224 0.7872117400419287 0.017226528854435832 0.01886792452830189
0 0.7037037037037037 0.6629979035639413 0.07751937984496124 0.04507337526205451
0 0.4405684754521964 0.5765199161425577 0.07493540051679587 0.04402515723270441
0 0.9732988802756245 0.17976939203354297 0.034453057708871665 0.09748427672955975
0 0.6580534022394487 0.8238993710691824 0.03617571059431524 0.07756813417190776
0 0.43410852713178294 0.23113207547169812 0.2670111972437554 0.11635220125786164
0 0.3863049095607235 0.2976939203354298 0.0921619293712317 0.08385744234800839
0 0.29285099052540914 0.30188679245283023 0.02756244616709733 0.06918238993710692
0 0.2157622739018088 0.7054507337526206 0.05426356589147287 0.07127882599580714
0 0.45219638242894056 0.12368972746331237 0.046511627906976744 0.07966457023060797
0 0.6912144702842378 0.7154088050314465 0.06459948320413436 0.059748427672955975
0 0.5340223944875108 0.6907756813417191 0.025839793281653745 0.039832285115303984
