0 0.6491022638563623 0.6649089165867689 0.05698672911787666 0.06807286673058485
0 0.7736143637782982 0.4525407478427612 0.04839968774395004 0.07286673058485138
0 0.5300546448087432 0.47219558964525404 0.05620608899297424 0.06807286673058485
0 0.5616705698672911 0.5086289549376798 0.06167056986729118 0.06807286673058485
0 0.5589383294301327 0.8528283796740173 0.12334113973458236 0.09683604985618408
0 0.36768149882903983 0.6275167785234899 0.07181889149102264 0.037392138063279
0 0.6541764246682279 0.8034515819750718 0.08430913348946135 0.09587727708533077
0 0.65807962529274 0.5953978906999041 0.03747072599531616 0.049856184084372
0 0.382903981264637 0.3044103547459252 0.03825136612021858 0.05656759348034515
0 0.5085870413739266 0.6255992329817833 0.07728337236533958 0.06999041227229147
0 0.4203747072599532 0.5767018216682646 0.07103825136612021 0.07190795781399807
0 0.8110850897736144 0.5407478427612655 0.0858704137392662 0.08245445829338446
0 0.5448868071818892 0.2545541706615532 0.05152224824355972 0.060402684563758385
0 0.3594847775175644 0.7085330776605944 0.0975800156128025 0.09395973154362415
0 0.7127244340359095 0.3758389261744966 0.10460577673692428 0.10930009587727708
0 0.522248243559719 0.6970278044103547 0.046838407494145196 0.049856184084372
0 0.10226385636221702 0.7665388302972195 0.07181889149102264 0.09683604985618408
0 0.5238095238095238 0.362895493767977 0.05308352849336456 0.1255992329817833
0 0.4457455113192818 0.7061361457334612 0.04215456674473068 0.07382550335570469
0 0.32786885245901637 0.4084372003835091 0.09679937548790007 0.06903163950143816
0 0.42857142857142855 0.4525407478427612 0.06713505074160812 0.099712368168744
0 0.689695550351288 0.47938638542665385 0.06167056986729118 0.099712368168744
0 0.405152224824356 0.8087248322147651 0.039032006245121 0.06423777564717162
0 0.5835284933645589 0.6049856184084371 0.05230288836846214 0.05752636625119846
0 0.5893832943013271 0.6653883029721955 0.04371584699453552 0.047938638542665384
0 0.46213895394223264 0.40699904122722913 0.04527712724434036 0.08341323106423777
0 0.7435597189695551 0.6160115052732502 0.11631537861046058 0.1236816874400767
0 0.2693208430913349 0.4712368168744007 0.04059328649492584 0.05465004793863854
0 0.7591725214676034 0.7037392138063279 0.06479313036690086 0.03643336529242569
0 0.33450429352068695 0.2277085330776606 0.03825136612021858 0.05081495685522531
0 0.06284153005464481 0.6740172579098753 0.1209992193598751 0.1342281879194631
0 0.04254488680718189 0.5402684563758389 0.08196721311475409 0.11984659635666346
0 0.5183450429352069 0.7377756471716203 0.12646370023419204 0.10067114093959731
0 0.22560499609679938 0.674496644295302 0.046838407494145196 0.05081495685522531
0 0.37822014051522246 0.4942473633748801 0.04137392661982826 0.07766059443911792
0 0.6818891491022638 0.3077660594439118 0.047619047619047616 0.06519654841802493
0 0.27712724434035907 0.6927133269415148 0.02654176424668228 0.027804410354745925
0 0.29117876658860264 0.3322147651006711 0.0858704137392662 0.062320230105465
0 0.4882903981264637 0.2190795781399808 0.04918032786885246 0.052732502396931925
0 0.32123341139734585 0.7555129434324065 0.060109289617486336 0.049856184084372
0 0.22950819672131148 0.5009587727708533 0.03590944574551132 0.046979865771812075
0 0.17486338797814208 0.4520613614573346 0.04215456674473068 0.045062320230105465
0 0.7271662763466042 0.7756471716203259 0.0351288056206089 0.03835091083413231
0 0.5983606557377049 0.4060402684563758 0.06323185011709602 0.07190795781399807
0 0.21194379391100704 0.33173537871524444 0.03981264637002342 0.03835091083413231
0 0.468384074941452 0.3058485139022052 0.04371584699453552 0.06327900287631831
0 0.6893052302888368 0.7310642377756471 0.09523809523809523 0.039309683604985615
0 0.6451990632318502 0.27181208053691275 0.05542544886807182 0.087248322147651
0 0.6350507416081187 0.37344199424736335 0.0273224043715847 0.03355704697986577
0 0.30718188914910227 0.2842761265580057 0.06167056986729118 0.039309683604985615
0 0.3239656518345043 0.5699904122722914 0.029664324746291958 0.037392138063279
0 0.27088212334113976 0.5834132310642377 0.04839968774395004 0.04314477468839885
0 0.1756440281030445 0.5134228187919463 0.039032006245121 0.03547459252157239
0 0.4562841530054645 0.8422818791946308 0.02888368462138954 0.039309683604985615
0 0.6026541764246682 0.5690316395014381 0.02810304449648712 0.045062320230105465
0 0.5940671350507416 0.7967401725790987 0.034348165495706476 0.07861936720997123
0 0.5979703356752537 0.28331735378715245 0.023419203747072598 0.06423777564717162
0 0.34231069476971115 0.8221476510067114 0.04605776736924278 0.09108341323106424
0 0.4176424668227947 0.8758389261744965 0.05776736924277908 0.04122722914669223
0 0.7189695550351288 0.546979865771812 0.04839968774395004 0.037392138063279
0 0.1791569086651054 0.5719079578139981 0.03356752537080406 0.03355704697986577
0 0.22170179547228727 0.4448705656759348 0.02810304449648712 0.040268456375838924
0 0.05308352849336456 0.45589645254074784 0.10304449648711944 0.14477468839884947
0 0.5636221701795472 0.3302972195589645 0.0156128024980484 0.031639501438159155
0 0.06557377049180328 0.7162032598274208 0.06088992974238876 0.04410354745925216
0 0.615144418423107 0.6438159156279961 0.029664324746291958 0.031639501438159155
0 0.26229508196721313 0.3887823585810163 0.029664324746291958 0.02588686481303931
0 0.13973458235753317 0.6792905081495685 0.034348165495706476 0.023969319271332692
0 0.25644028103044497 0.42425695110258865 0.02576112412177986 0.02588686481303931
0 0.195160031225605 0.4050814956855225 0.02185792349726776 0.03547459252157239
0 0.15417642466822795 0.3581016299137104 0.02576112412177986 0.03355704697986577
0 0.5 0.5460210930009587 0.0195160031225605 0.02205177372962608
0 0.08469945355191257 0.36912751677852346 0.10070257611241218 0.04218600191754554
0 0.21233411397345825 0.3844678811121764 0.02185792349726776 0.030680728667305847
0 0.11787665886026542 0.4132310642377756 0.07650273224043716 0.030680728667305847
0 0.2755659640905542 0.6308724832214765 0.02498048399687744 0.02876318312559923
0 0.5202966432474629 0.9151486097794822 0.03044496487119438 0.045062320230105465
0 0.4687743950039032 0.9084372003835091 0.0351288056206089 0.04314477468839885
0 0.13700234192037472 0.6347075743048897 0.011709601873536299 0.023010546500479387
0 0.22950819672131148 0.5977948226270373 0.029664324746291958 0.031639501438159155
0 0.20725995316159251 0.015819750719079578 0.02576112412177986 0.023969319271332692
0 0.2747853239656518 0.031639501438159155 0.08430913348946135 0.05560882070949185
0 0.4633099141295863 0.9798657718120805 0.02576112412177986 0.032598274209012464
0 0.4348165495706479 0.9779482262703739 0.08274785323965651 0.03643336529242569
0 0.007416081186572989 0.21140939597315436 0.01327088212334114 0.03547459252157239
0 0.5437158469945356 0.40651965484180247 0.01327088212334114 0.019175455417066153
0 0.1373926619828259 0.598274209012464 0.02498048399687744 0.02109300095877277
0 0.07377049180327869 0.28331735378715245 0.1209992193598751 0.11984659635666346
0 0.01600312256049961 0.3710450623202301 0.02888368462138954 0.030680728667305847
0 0.0940671350507416 0.5690316395014381 0.0273224043715847 0.07382550335570469
0 0.03317720530835285 0.802013422818792 0.060109289617486336 0.087248322147651
0 0.39734582357533177 0.22003835091083412 0.09992193598750976 0.11025886864813039
0 0.5113192818110851 0.2847555129434324 0.034348165495706476 0.04218600191754554
0 0.3665105386416862 0.3566634707574305 0.06791569086651054 0.03451581975071908
0 0.4063231850117096 0.39501438159156277 0.03200624512099922 0.030680728667305847
