0 0.3503679476696648 0.664039408866995 0.05478331970564187 0.06502463054187192
0 0.22117743254292724 0.47093596059113296 0.04660670482420278 0.06896551724137931
0 0.4566639411283729 0.47389162561576353 0.05314799672935405 0.06305418719211822
0 0.4272281275551922 0.5098522167487685 0.059689288634505316 0.06403940886699507
0 0.44603434178250206 0.8354679802955665 0.11856091578086672 0.09261083743842363
0 0.6201962387571546 0.6098522167487684 0.06950122649223221 0.0354679802955665
0 0.3515944399018806 0.7950738916256157 0.08176614881439084 0.09064039408866995
0 0.3389206868356501 0.5990147783251231 0.03679476696647588 0.047290640394088666
0 0.5911692559280458 0.3054187192118226 0.03761242845461979 0.05320197044334975
0 0.48446443172526577 0.6172413793103447 0.07440719542109567 0.06600985221674877
0 0.5670482420278005 0.5650246305418719 0.0678659035159444 0.06798029556650245
0 0.18887980376124286 0.557142857142857 0.08340147179067867 0.07783251231527093
0 0.4325429272281276 0.2689655172413793 0.04905968928863451 0.05714285714285714
0 0.6316434995911693 0.6857142857142856 0.09403107113654947 0.08866995073891625
0 0.2763695829926411 0.39458128078817734 0.10139002452984465 0.10344827586206896
0 0.4742436631234669 0.6857142857142856 0.04578904333605888 0.047290640394088666
0 0.8814390842191333 0.7236453201970443 0.06868356500408831 0.09162561576354679
0 0.45748160261651677 0.3699507389162561 0.05151267375306623 0.11921182266009851
0 0.5482420278004906 0.6891625615763546 0.04006541291905152 0.06995073891625615
0 0.6484055600981194 0.39999999999999997 0.09321340964840556 0.06502463054187192
0 0.5531479967293541 0.44827586206896547 0.06459525756336877 0.09458128078817733
0 0.3029435813573181 0.49162561576354674 0.059689288634505316 0.09458128078817733
0 0.5919869174161897 0.7832512315270935 0.03761242845461979 0.06108374384236453
0 0.410874897792314 0.602463054187192 0.04987735077677841 0.0541871921182266
0 0.4080130825838103 0.6600985221674877 0.04251839738348324 0.04532019704433497
0 0.5188062142273099 0.4073891625615763 0.04333605887162715 0.07783251231527093
0 0.2571545380212592 0.6241379310344827 0.11201962387571546 0.11724137931034481
0 0.7076860179885528 0.4551724137931034 0.038430089942763694 0.05123152709359605
0 0.2465249386753884 0.7073891625615762 0.06295993458708095 0.033497536945812804
0 0.634096484055601 0.23004926108374382 0.03679476696647588 0.04827586206896552
0 0.9157808667211774 0.6334975369458128 0.116107931316435 0.12610837438423644
0 0.929272281275552 0.505911330049261 0.07931316434995912 0.11330049261083742
0 0.47996729354047424 0.7241379310344827 0.12264922322158626 0.09458128078817733
0 0.7587898609975471 0.6448275862068965 0.04578904333605888 0.04827586206896552
0 0.6038430089942763 0.48472906403940885 0.04006541291905152 0.0729064039408867
0 0.30253475061324614 0.32857142857142857 0.04578904333605888 0.06206896551724137
0 0.7101390024529844 0.6655172413793103 0.025347506132461162 0.026600985221674874
0 0.6802943581357318 0.3251231527093596 0.08176614881439084 0.059113300492610835
0 0.48569092395748165 0.2320197044334975 0.04742436631234669 0.05024630541871921
0 0.670482420278005 0.7275862068965516 0.05723630417007359 0.046305418719211816
0 0.7473426001635324 0.4812807881773399 0.03434178250204416 0.04433497536945812
0 0.7980376124284546 0.43103448275862066 0.04088307440719542 0.04236453201970443
0 0.2804578904333606 0.7729064039408866 0.03434178250204416 0.03645320197044335
0 0.38798037612428454 0.4157635467980295 0.06132461161079313 0.06896551724137931
0 0.7567457072771873 0.3197044334975369 0.038430089942763694 0.03645320197044335
0 0.508585445625511 0.31231527093596056 0.04088307440719542 0.06108374384236453
0 0.31479967293540473 0.7285714285714285 0.09157808667211775 0.03645320197044335
0 0.33687653311529026 0.2921182266009852 0.05396565821749796 0.08177339901477831
0 0.35118560915780866 0.38719211822660093 0.02698282910874898 0.03152709359605911
0 0.6627146361406377 0.2817733990147783 0.059689288634505316 0.03743842364532019
0 0.6594439901880622 0.5527093596059113 0.028618152085036794 0.0354679802955665
0 0.7109566639411284 0.5610837438423645 0.04660670482420278 0.040394088669950735
0 0.7996729354047425 0.4896551724137931 0.03761242845461979 0.033497536945812804
0 0.5437448896156991 0.81871921182266 0.027800490596892886 0.03743842364532019
0 0.3912510220768602 0.5699507389162561 0.02698282910874898 0.04236453201970443
0 0.4092395748160262 0.7847290640394088 0.033524121013900246 0.07389162561576354
0 0.38266557645134913 0.29950738916256153 0.02289452166802944 0.06108374384236453
0 0.6529026982829109 0.7921182266009852 0.044971381847914965 0.08669950738916256
0 0.5825838103025348 0.8472906403940886 0.056418642681929684 0.039408866995073885
0 0.27800490596892885 0.5566502463054187 0.04578904333605888 0.0354679802955665
0 0.7988552739165986 0.5448275862068965 0.032706459525756335 0.03152709359605911
0 0.7522485690923958 0.4275862068965517 0.027800490596892886 0.03743842364532019
0 0.9149632052330335 0.42660098522167483 0.09975470155355683 0.1359605911330049
0 0.41782502044153724 0.341871921182266 0.014717906786590351 0.029556650246305417
0 0.9149632052330335 0.6738916256157635 0.058871627146361405 0.041379310344827586
0 0.3822567457072772 0.641871921182266 0.028618152085036794 0.030541871921182264
0 0.7105478331970564 0.37783251231527093 0.029435813573180702 0.02463054187192118
0 0.8417825020441537 0.6433497536945813 0.033524121013900246 0.023645320197044333
0 0.7179067865903516 0.4103448275862069 0.024529844644317254 0.02463054187192118
0 0.7759607522485691 0.3881773399014778 0.02125919869174162 0.033497536945812804
0 0.8139820114472609 0.34137931034482755 0.025347506132461162 0.03251231527093596
0 0.48937040065412923 0.541871921182266 0.018806214227309895 0.02167487684729064
0 0.8810302534750614 0.34679802955665023 0.0973017170891251 0.039408866995073885
0 0.7587898609975471 0.3699507389162561 0.02125919869174162 0.02857142857142857
0 0.8507767784137368 0.3906403940886699 0.07440719542109567 0.02857142857142857
0 0.7085036794766967 0.6068965517241379 0.023712183156173346 0.027586206896551724
0 0.48569092395748165 0.8916256157635467 0.029435813573180702 0.04334975369458128
0 0.5347506132461162 0.8817733990147782 0.03434178250204416 0.041379310344827586
0 0.8426001635322976 0.6014778325123152 0.012264922322158627 0.020689655172413793
0 0.7518397383483238 0.5729064039408867 0.028618152085036794 0.030541871921182264
0 0.7473426001635324 0.020689655172413793 0.024529844644317254 0.02167487684729064
0 0.6827473426001636 0.040394088669950735 0.08176614881439084 0.05320197044334975
0 0.5433360588716272 0.9487684729064039 0.025347506132461162 0.03152709359605911
0 0.570727718724448 0.9453201970443349 0.08013082583810303 0.034482758620689655
0 0.9484873262469338 0.19261083743842364 0.013082583810302535 0.034482758620689655
0 0.4403107113654947 0.41231527093596054 0.013900245298446443 0.018719211822660096
0 0.840147179067866 0.5669950738916256 0.023712183156173346 0.020689655172413793
0 0.8875715453802127 0.2650246305418719 0.11692559280457891 0.11428571428571428
0 0.9476696647587899 0.34384236453201966 0.027800490596892886 0.029556650246305417
0 0.8810302534750614 0.5364532019704433 0.025347506132461162 0.06995073891625615
0 0.9501226492232216 0.7527093596059112 0.05723630417007359 0.08275862068965517
0 0.5731807031888798 0.22660098522167485 0.0964840556009812 0.10443349753694581
0 0.4660670482420278 0.29556650246305416 0.032706459525756335 0.039408866995073885
0 0.6091578086672118 0.3536945812807881 0.06541291905151267 0.03152709359605911
0 0.5723630417007359 0.39211822660098516 0.031071136549468522 0.029556650246305417
