0 0.3209375 0.33153846153846156 0.056875 0.06769230769230769
0 0.1953125 0.5453846153846154 0.048125 0.07230769230769231
0 0.44 0.5265384615384615 0.055 0.06692307692307692
0 0.408125 0.49 0.06125 0.06769230769230769
0 0.4128125 0.14307692307692307 0.123125 0.09692307692307692
0 0.60375 0.37115384615384617 0.07125000000000001 0.036153846153846154
0 0.3165625 0.19230769230769232 0.084375 0.09538461538461539
0 0.311875 0.4015384615384615 0.0375 0.04923076923076923
0 0.5871875 0.6965384615384616 0.038125 0.05615384615384615
0 0.46218750000000003 0.3723076923076923 0.076875 0.06923076923076923
0 0.550625 0.4219230769230769 0.07 0.07153846153846154
0 0.1578125 0.45615384615384613 0.085625 0.08153846153846153
0 0.4240625 0.7457692307692307 0.050625 0.05923076923076923
0 0.6125 0.2896153846153846 0.0975 0.09307692307692307
0 0.2559375 0.6223076923076923 0.104375 0.10923076923076923
0 0.44875 0.30038461538461536 0.04625 0.05
0 0.870625 0.23307692307692307 0.07125000000000001 0.09692307692307692
0 0.445625 0.6365384615384615 0.0525 0.12538461538461537
0 0.525625 0.2919230769230769 0.04125 0.07307692307692308
0 0.6428125 0.5919230769230769 0.096875 0.06846153846153846
0 0.5415625000000001 0.546923076923077 0.066875 0.1
0 0.279375 0.5180769230769231 0.06125 0.09923076923076923
0 0.5665625 0.18884615384615386 0.038125 0.06384615384615384
0 0.386875 0.3930769230769231 0.051250000000000004 0.05692307692307692
0 0.3809375 0.33192307692307693 0.043125000000000004 0.04692307692307692
0 0.5078125 0.5926923076923077 0.044375 0.0823076923076923
0 0.2259375 0.3803846153846154 0.115625 0.12384615384615384
0 0.701875 0.5292307692307693 0.04 0.05384615384615385
0 0.2109375 0.2923076923076923 0.064375 0.03538461538461538
0 0.635625 0.7738461538461539 0.0375 0.05076923076923077
0 0.9103125 0.3261538461538461 0.120625 0.13384615384615384
0 0.93 0.46115384615384614 0.08125 0.11923076923076924
0 0.4528125 0.2592307692307692 0.12687500000000002 0.1
0 0.7465625 0.325 0.046875 0.05
0 0.5928125 0.5053846153846154 0.040625 0.07692307692307693
0 0.2865625 0.6911538461538461 0.046875 0.06538461538461539
0 0.6946875 0.3057692307692308 0.025625000000000002 0.026923076923076925
0 0.6793750000000001 0.6692307692307692 0.085 0.06153846153846154
0 0.4809375 0.7815384615384615 0.048125 0.052307692307692305
0 0.6509375000000001 0.24269230769230768 0.059375000000000004 0.04846153846153846
0 0.7418750000000001 0.49923076923076926 0.035 0.046153846153846156
0 0.796875 0.5488461538461539 0.04125 0.04384615384615385
0 0.2434375 0.22038461538461537 0.034375 0.03769230769230769
0 0.37093750000000003 0.5926923076923077 0.063125 0.07153846153846154
0 0.7590625 0.6703846153846154 0.039375 0.03769230769230769
0 0.50125 0.6946153846153846 0.0425 0.06307692307692307
0 0.28125 0.2653846153846154 0.095 0.038461538461538464
0 0.32375 0.7276923076923076 0.055 0.08615384615384615
0 0.3340625 0.6257692307692307 0.026875 0.03307692307692308
0 0.663125 0.7169230769230769 0.06125 0.038461538461538464
0 0.6475 0.42923076923076925 0.02875 0.03692307692307692
0 0.700625 0.4165384615384615 0.0475 0.04230769230769231
0 0.7959375 0.48730769230769233 0.038125 0.03461538461538462
0 0.5153125000000001 0.15461538461538463 0.028125 0.038461538461538464
0 0.3675 0.4288461538461538 0.0275 0.04384615384615385
0 0.376875 0.1996153846153846 0.03375 0.07769230769230769
0 0.37093750000000003 0.7165384615384616 0.023125 0.06384615384615384
0 0.6296875000000001 0.1753846153846154 0.045625 0.09076923076923077
0 0.5543750000000001 0.12115384615384615 0.0575 0.040769230769230766
0 0.250625 0.4503846153846154 0.0475 0.036153846153846154
0 0.7928125 0.42846153846153845 0.033125 0.03230769230769231
0 0.7496875000000001 0.5557692307692308 0.028125 0.03923076923076923
0 0.9190625 0.5461538461538461 0.10312500000000001 0.14461538461538462
0 0.405625 0.6692307692307692 0.015 0.03076923076923077
0 0.9075 0.28384615384615386 0.06 0.043076923076923075
0 0.355 0.35307692307692307 0.02875 0.03076923076923077
0 0.7084375 0.6119230769230769 0.029375000000000002 0.025384615384615384
0 0.833125 0.3203846153846154 0.03375 0.023846153846153847
0 0.714375 0.5765384615384616 0.025 0.025384615384615384
0 0.77625 0.5961538461538461 0.02125 0.03538461538461538
0 0.8171875000000001 0.6434615384615384 0.025625000000000002 0.03307692307692308
0 0.470625 0.4523076923076923 0.01875 0.021538461538461538
0 0.8871875 0.6330769230769231 0.100625 0.04153846153846154
0 0.75875 0.6169230769230769 0.02125 0.02923076923076923
0 0.85375 0.5884615384615385 0.07625 0.02923076923076923
0 0.6959375 0.36846153846153845 0.024375 0.027692307692307693
0 0.45125 0.08076923076923077 0.03 0.04461538461538461
0 0.503125 0.0876923076923077 0.035 0.043076923076923075
0 0.8356250000000001 0.36538461538461536 0.01125 0.021538461538461538
0 0.7425 0.40192307692307694 0.02875 0.031538461538461536
0 0.7625000000000001 0.9880769230769231 0.025 0.022307692307692306
0 0.6946875 0.9715384615384616 0.084375 0.055384615384615386
0 0.5090625 0.016153846153846154 0.025625000000000002 0.03230769230769231
0 0.5375 0.018076923076923077 0.0825 0.036153846153846154
0 0.9640625 0.7923076923076923 0.013125 0.03538461538461538
0 0.4259375 0.5930769230769231 0.013125 0.01846153846153846
0 0.8346875 0.40192307692307694 0.024375 0.02076923076923077
0 0.8971875 0.72 0.120625 0.12
0 0.9559375 0.6319230769230769 0.028125 0.03
0 0.878125 0.4323076923076923 0.02625 0.07384615384615384
0 0.9403125 0.19807692307692307 0.059375000000000004 0.08692307692307692
0 0.5721875 0.7819230769230769 0.099375 0.11
0 0.4578125 0.7153846153846154 0.033125 0.04153846153846154
0 0.60375 0.6442307692307693 0.0675 0.03307692307692308
0 0.56375 0.6057692307692307 0.03125 0.03
