0 0.6611336032388664 0.6504424778761062 0.05587044534412955 0.06588003933136677
0 0.7777327935222672 0.4395280235988201 0.04777327935222672 0.07079646017699115
0 0.5404858299595141 0.4675516224188791 0.054251012145748984 0.06588003933136677
0 0.5720647773279351 0.5009832841691249 0.06072874493927125 0.06588003933136677
0 0.5769230769230769 0.8348082595870207 0.12064777327935222 0.0943952802359882
0 0.3850202429149797 0.6234021632251721 0.07044534412955465 0.035398230088495575
0 0.6692307692307692 0.7836774827925271 0.08340080971659919 0.09242871189773845
0 0.6680161943319838 0.5825958702064897 0.03724696356275303 0.04818092428711898
0 0.3923076923076923 0.31022615535889875 0.038056680161943315 0.054080629301868244
0 0.5226720647773279 0.616519174041298 0.07530364372469635 0.06686332350049165
0 0.4352226720647773 0.572763028515241 0.06882591093117409 0.06981317600786628
0 0.8170040485829959 0.5240904621435595 0.08421052631578947 0.07866273352999018
0 0.5497975708502024 0.2561455260570305 0.05020242914979757 0.05801376597836775
0 0.3789473684210526 0.7020648967551623 0.09554655870445344 0.0904621435594887
0 0.7170040485829959 0.3682399213372665 0.10283400809716599 0.10521140609636186
0 0.5376518218623482 0.6853490658800394 0.04534412955465587 0.049164208456243856
0 0.12914979757085018 0.7664700098328417 0.07044534412955465 0.09341199606686333
0 0.5319838056680162 0.36234021632251723 0.051821862348178135 0.1209439528023599
0 0.4631578947368421 0.696165191740413 0.04048582995951417 0.07079646017699115
0 0.3412955465587044 0.4129793510324484 0.09473684210526315 0.06686332350049165
0 0.4408906882591093 0.45181907571288105 0.06558704453441296 0.09734513274336284
0 0.6967611336032389 0.4690265486725664 0.06072874493927125 0.09636184857423796
0 0.4263157894736842 0.7969518190757129 0.038056680161943315 0.06194690265486726
0 0.5955465587044534 0.5934119960668633 0.05101214574898785 0.056047197640118
0 0.6028340080971659 0.652409046214356 0.04291497975708502 0.046214355948869225
0 0.47246963562753036 0.4065880039331367 0.044534412955465584 0.07964601769911504
0 0.7522267206477733 0.599803343166175 0.11336032388663968 0.11996066863323501
0 0.2854251012145749 0.4754178957718781 0.03967611336032389 0.05211406096361849
0 0.7692307692307692 0.6833824975417896 0.06315789473684211 0.035398230088495575
0 0.34331983805668015 0.23795476892822026 0.03724696356275303 0.049164208456243856
0 0.08825910931174089 0.6784660766961652 0.11821862348178137 0.12979351032448377
0 0.06518218623481781 0.5496558505408063 0.08016194331983806 0.1160275319567355
0 0.5348178137651821 0.7246804326450345 0.12388663967611335 0.09636184857423796
0 0.24736842105263157 0.6735496558505408 0.04615384615384615 0.049164208456243856
0 0.39190283400809717 0.49360865290068834 0.04048582995951417 0.07472959685349066
0 0.6854251012145749 0.3033431661750246 0.04615384615384615 0.06391347099311702
0 0.29797570850202426 0.6897738446411014 0.025910931174089068 0.026548672566371685
0 0.3032388663967611 0.33972468043264503 0.08340080971659919 0.059980334316617506
0 0.49352226720647774 0.224188790560472 0.04777327935222672 0.05113077679449361
0 0.3425101214574899 0.7482792527040315 0.058299595141700404 0.0471976401179941
0 0.24736842105263157 0.5054080629301868 0.034817813765182185 0.04523107177974435
0 0.1923076923076923 0.4601769911504425 0.04129554655870445 0.043264503441494594
0 0.7396761133603239 0.7536873156342183 0.034817813765182185 0.036381514257620456
0 0.605668016194332 0.40167158308751233 0.061538461538461535 0.06981317600786628
0 0.22591093117408906 0.3421828908554572 0.0388663967611336 0.03736479842674533
0 0.4761133603238866 0.3087512291052114 0.042105263157894736 0.06096361848574238
0 0.7016194331983805 0.711897738446411 0.09311740890688258 0.03736479842674533
0 0.6481781376518219 0.2699115044247788 0.054251012145748984 0.08357915437561456
0 0.6408906882591093 0.3682399213372665 0.02672064777327935 0.032448377581120944
0 0.31821862348178137 0.29351032448377584 0.05991902834008097 0.038348082595870206
0 0.3408906882591093 0.5688298918387414 0.029149797570850202 0.036381514257620456
0 0.28987854251012146 0.5835791543756146 0.04696356275303643 0.04228121927236972
0 0.19473684210526315 0.5196656833824975 0.038056680161943315 0.0344149459193707
0 0.4769230769230769 0.8274336283185841 0.027530364372469633 0.038348082595870206
0 0.6137651821862348 0.5585054080629303 0.027530364372469633 0.043264503441494594
0 0.6105263157894737 0.7792527040314652 0.0340080971659919 0.07571288102261554
0 0.6024291497975708 0.28269419862340217 0.022672064777327933 0.06194690265486726
0 0.3651821862348178 0.8121927236971486 0.04534412955465587 0.08849557522123894
0 0.43967611336032386 0.8613569321533924 0.05668016194331984 0.03933136676499509
0 0.7263157894736841 0.5329400196656834 0.04696356275303643 0.035398230088495575
0 0.19959514170040485 0.5757128810226155 0.03319838056680162 0.032448377581120944
0 0.2380566801619433 0.45181907571288105 0.027530364372469633 0.038348082595870206
0 0.07327935222672065 0.4680432645034415 0.10121457489878542 0.13962635201573256
0 0.5696356275303643 0.3289085545722714 0.015384615384615384 0.03048180924287119
0 0.09190283400809716 0.7192723697148476 0.05910931174089069 0.04228121927236972
0 0.6275303643724696 0.6307767944936087 0.029149797570850202 0.03048180924287119
0 0.27692307692307694 0.39626352015732547 0.029149797570850202 0.025565388397246806
0 0.16315789473684209 0.6814159292035399 0.03319838056680162 0.02359882005899705
0 0.2716599190283401 0.4306784660766962 0.025101214574898785 0.025565388397246806
0 0.21133603238866397 0.4139626352015733 0.021052631578947368 0.035398230088495575
0 0.1700404858299595 0.3702064896755162 0.025910931174089068 0.032448377581120944
0 0.5125506072874494 0.5398230088495576 0.0194331983805668 0.021632251720747297
0 0.1020242914979757 0.38298918387413966 0.09878542510121457 0.04031465093411996
0 0.22753036437246962 0.39331366764995085 0.021052631578947368 0.029498525073746316
0 0.1360323886639676 0.42477876106194695 0.07449392712550607 0.029498525073746316
0 0.29554655870445345 0.6293018682399214 0.024291497975708502 0.02753195673549656
0 0.5412955465587044 0.8962635201573255 0.029959514170040485 0.04424778761061947
0 0.49028340080971655 0.8913470993117011 0.034817813765182185 0.04228121927236972
0 0.15951417004048582 0.6381514257620453 0.011336032388663967 0.021632251720747297
0 0.24939271255060727 0.5993117010816126 0.029149797570850202 0.03048180924287119
0 0.21417004048582994 0.03687315634218289 0.025101214574898785 0.022615535889872175
0 0.2805668016194332 0.05063913470993117 0.08340080971659919 0.054080629301868244
0 0.4866396761133603 0.9601769911504425 0.025910931174089068 0.032448377581120944
0 0.45910931174089065 0.9596853490658801 0.08097165991902834 0.035398230088495575
0 0.023076923076923075 0.23303834808259588 0.013765182186234817 0.035398230088495575
0 0.5522267206477732 0.4031465093411996 0.012955465587044534 0.019665683382497544
0 0.15951417004048582 0.6032448377581121 0.024291497975708502 0.02064896755162242
0 0.08987854251012145 0.30039331366765 0.11821862348178137 0.11701081612586038
0 0.035222672064777326 0.3874139626352016 0.02834008097165992 0.029498525073746316
0 0.11619433198380566 0.5757128810226155 0.02672064777327935 0.07177974434611603
0 0.061943319838056676 0.8033431661750247 0.05910931174089069 0.08456243854473944
0 0.40445344129554656 0.2281219272369715 0.09797570850202429 0.10619469026548674
0 0.5178137651821862 0.2871189773844641 0.03319838056680162 0.04129793510324484
0 0.37732793522267205 0.3613569321533924 0.06639676113360324 0.032448377581120944
0 0.4174089068825911 0.39675516224188795 0.031578947368421054 0.03048180924287119
