0 0.6427392739273927 0.6666666666666666 0.056105610561056105 0.06626506024096385
0 0.7706270627062707 0.4633534136546184 0.04785478547854786 0.071285140562249
0 0.5305280528052805 0.47439759036144574 0.054455445544554455 0.06526104417670682
0 0.5610561056105611 0.5105421686746987 0.06105610561056106 0.06726907630522087
0 0.5490924092409241 0.8458835341365462 0.12128712871287128 0.09538152610441766
0 0.36674917491749176 0.6194779116465863 0.07013201320132013 0.03614457831325301
0 0.643976897689769 0.8017068273092369 0.08333333333333333 0.09337349397590361
0 0.6530528052805281 0.5993975903614457 0.03712871287128713 0.048192771084337345
0 0.3902640264026403 0.304718875502008 0.037953795379537955 0.05522088353413654
0 0.5057755775577558 0.6224899598393574 0.07590759075907591 0.0682730923694779
0 0.41996699669966997 0.5722891566265059 0.06930693069306931 0.07028112449799197
0 0.8052805280528053 0.5512048192771084 0.08415841584158416 0.08032128514056225
0 0.5507425742574258 0.26255020080321284 0.05033003300330033 0.05923694779116465
0 0.35684818481848185 0.698293172690763 0.09653465346534654 0.09136546184738956
0 0.7124587458745875 0.38755020080321284 0.10313531353135313 0.10642570281124497
0 0.5173267326732673 0.6927710843373494 0.04620462046204621 0.0502008032128514
0 0.10272277227722773 0.7444779116465863 0.07013201320132013 0.09538152610441766
0 0.5272277227722773 0.36746987951807225 0.052805280528052806 0.12248995983935741
0 0.4414191419141914 0.698293172690763 0.041254125412541254 0.071285140562249
0 0.3333333333333333 0.4041164658634538 0.09570957095709572 0.06726907630522087
0 0.43151815181518155 0.4513052208835341 0.066006600660066 0.09738955823293172
0 0.6872937293729373 0.4874497991967871 0.06105610561056106 0.09738955823293172
0 0.39933993399339934 0.7966867469879517 0.037953795379537955 0.06325301204819277
0 0.5796204620462047 0.6049196787148594 0.05033003300330033 0.05522088353413654
0 0.5841584158415841 0.6646586345381525 0.0429042904290429 0.04618473895582329
0 0.46534653465346537 0.4081325301204819 0.04455445544554455 0.08132530120481928
0 0.7367986798679869 0.6224899598393574 0.11386138613861387 0.12048192771084336
0 0.27433993399339934 0.4633534136546184 0.04042904290429043 0.053212851405622486
0 0.7495874587458746 0.7083333333333333 0.06353135313531354 0.035140562248995984
0 0.3440594059405941 0.2289156626506024 0.037953795379537955 0.0502008032128514
0 0.066006600660066 0.6536144578313252 0.1188118811881188 0.13052208835341364
0 0.04950495049504951 0.5220883534136546 0.08085808580858087 0.11646586345381525
0 0.5123762376237624 0.7324297188755019 0.1254125412541254 0.09738955823293172
0 0.2260726072607261 0.6591365461847389 0.04620462046204621 0.04919678714859437
0 0.3803630363036304 0.4894578313253012 0.041254125412541254 0.0753012048192771
0 0.683993399339934 0.3192771084337349 0.04620462046204621 0.0642570281124498
0 0.2764026402640264 0.6797188755020079 0.026402640264026403 0.02610441767068273
0 0.2995049504950495 0.32831325301204817 0.08415841584158416 0.06024096385542168
0 0.4958745874587459 0.22640562248995982 0.04785478547854786 0.05120481927710843
0 0.3180693069306931 0.7419678714859437 0.05858085808580858 0.048192771084337345
0 0.23432343234323433 0.4909638554216867 0.034653465346534656 0.04618473895582329
0 0.18151815181518152 0.4412650602409638 0.041254125412541254 0.043172690763052204
0 0.7161716171617162 0.7766064257028111 0.034653465346534656 0.03714859437751004
0 0.5994224422442245 0.4126506024096385 0.06188118811881188 0.07028112449799197
0 0.22112211221122113 0.3247991967871486 0.039603960396039604 0.03714859437751004
0 0.47400990099009904 0.3092369477911646 0.04207920792079208 0.06224899598393574
0 0.6802805280528053 0.7319277108433734 0.09323432343234324 0.038152610441767064
0 0.6485148514851485 0.2831325301204819 0.054455445544554455 0.08433734939759036
0 0.6365511551155115 0.38152610441767065 0.027227722772277228 0.0321285140562249
0 0.31600660066006603 0.2831325301204819 0.06105610561056106 0.038152610441767064
0 0.3254950495049505 0.5617469879518072 0.028877887788778877 0.03714859437751004
0 0.2731023102310231 0.5722891566265059 0.04785478547854786 0.04216867469879518
0 0.18151815181518152 0.5010040160642569 0.037953795379537955 0.03413654618473895
0 0.44884488448844884 0.8313253012048192 0.028052805280528052 0.038152610441767064
0 0.5994224422442245 0.5707831325301205 0.027227722772277228 0.043172690763052204
0 0.5853960396039604 0.7921686746987951 0.03382838283828383 0.07630522088353413
0 0.601897689768977 0.29267068273092367 0.02392739273927393 0.06325301204819277
0 0.33704620462046203 0.8077309236947791 0.04537953795379538 0.08935742971887549
0 0.4096534653465347 0.8624497991967871 0.05693069306930693 0.040160642570281124
0 0.7141089108910891 0.5542168674698794 0.04702970297029703 0.03614457831325301
0 0.18316831683168316 0.5582329317269076 0.033003300330033 0.0321285140562249
0 0.22772277227722773 0.4362449799196787 0.028052805280528052 0.03915662650602409
0 0.06188118811881188 0.4397590361445783 0.10231023102310231 0.14056224899598393
0 0.5672442244224423 0.3368473895582329 0.015676567656765675 0.03112449799196787
0 0.06765676567656766 0.6942771084337349 0.0594059405940594 0.043172690763052204
0 0.6101485148514851 0.644578313253012 0.028877887788778877 0.03012048192771084
0 0.2698019801980198 0.3830321285140562 0.0297029702970297 0.0251004016064257
0 0.1415016501650165 0.6616465863453814 0.03382838283828383 0.024096385542168672
0 0.2627887788778878 0.41716867469879515 0.02557755775577558 0.0251004016064257
0 0.20297029702970298 0.3960843373493976 0.02145214521452145 0.035140562248995984
0 0.16377887788778878 0.3488955823293172 0.02557755775577558 0.03313253012048192
0 0.49876237623762376 0.5451807228915662 0.018976897689768978 0.022088353413654616
0 0.09488448844884488 0.35692771084337344 0.09900990099009901 0.04116465863453815
0 0.2202970297029703 0.377008032128514 0.02145214521452145 0.029116465863453813
0 0.12665016501650164 0.40110441767068267 0.07508250825082509 0.029116465863453813
0 0.2764026402640264 0.6189759036144578 0.024752475247524754 0.027108433734939756
0 0.5099009900990099 0.9056224899598393 0.0297029702970297 0.04417670682730923
0 0.45957095709570955 0.896586345381526 0.034653465346534656 0.04216867469879518
0 0.13985148514851486 0.6174698795180722 0.012376237623762377 0.022088353413654616
0 0.23143564356435645 0.5853413654618473 0.028877887788778877 0.0321285140562249
0 0.22442244224422442 0.017570281124497992 0.024752475247524754 0.023092369477911646
0 0.2908415841584158 0.0356425702811245 0.08333333333333333 0.05522088353413654
0 0.4521452145214522 0.965863453815261 0.026402640264026403 0.0321285140562249
0 0.4245049504950495 0.9628514056224898 0.08168316831683169 0.03614457831325301
0 0.023102310231023104 0.2003012048192771 0.013201320132013201 0.035140562248995984
0 0.5457920792079208 0.4101405622489959 0.014026402640264026 0.019076305220883532
0 0.1415016501650165 0.5818273092369477 0.02392739273927393 0.02108433734939759
0 0.08663366336633664 0.2725903614457831 0.1188118811881188 0.11746987951807228
0 0.027227722772277228 0.35642570281124497 0.028052805280528052 0.03012048192771084
0 0.09900990099009901 0.5522088353413654 0.026402640264026403 0.07228915662650602
0 0.03341584158415842 0.7766064257028111 0.05858085808580858 0.08534136546184738
0 0.40635313531353134 0.22339357429718873 0.09818481848184818 0.107429718875502
0 0.5165016501650165 0.29166666666666663 0.033003300330033 0.04116465863453815
0 0.3725247524752475 0.35542168674698793 0.06683168316831684 0.0321285140562249
0 0.4108910891089109 0.393574297188755 0.03135313531353135 0.03012048192771084
