0 0.6500392772977219 0.349002849002849 0.05577376276512176 0.06552706552706553
0 0.7635506677140613 0.5579297245963913 0.047132757266300083 0.06932573599240266
0 0.5282796543597801 0.5275403608736943 0.0542026708562451 0.06362773029439696
0 0.5604870384917519 0.4947768281101615 0.06048703849175177 0.06457739791073125
0 0.5679497250589159 0.16571699905033238 0.11940298507462688 0.09211775878442545
0 0.3758837391987431 0.3717948717948718 0.06991358994501179 0.035137701804368475
0 0.6590730557737629 0.21747388414055083 0.0816967792615868 0.09116809116809117
0 0.6563236449332286 0.41595441595441596 0.03692065985860173 0.04748338081671415
0 0.380204241948154 0.6813865147198481 0.037706205813040065 0.05413105413105413
0 0.5125687352710134 0.3803418803418804 0.0746268656716418 0.06742640075973409
0 0.4253731343283582 0.422602089268756 0.06834249803613512 0.06837606837606838
0 0.802827965435978 0.4757834757834758 0.08326787117046348 0.0778727445394112
0 0.5361351139041635 0.7359924026590694 0.04948939512961509 0.05698005698005698
0 0.3703849175176748 0.2943969610636277 0.0950510604870385 0.0892687559354226
0 0.7026708562450904 0.627730294396961 0.10133542812254517 0.10446343779677114
0 0.5278868813825609 0.31291547958214627 0.04556166535742341 0.04843304843304844
0 0.12333071484681855 0.22697056030389365 0.06912804399057346 0.09306742640075974
0 0.5192458758837393 0.6315289648622983 0.05184603299293009 0.11965811965811966
0 0.4540455616653575 0.30104463437796775 0.0408483896307934 0.07027540360873695
0 0.3307148468185389 0.5788224121557455 0.09426551453260017 0.06552706552706553
0 0.4296936370777691 0.5417853751187085 0.06598586017282011 0.09591642924976258
0 0.6834249803613511 0.5280151946818614 0.05970149253731344 0.0949667616334283
0 0.41791044776119407 0.20085470085470086 0.037706205813040065 0.0617283950617284
0 0.5844461901021211 0.40408357075023743 0.05027494108405342 0.05413105413105413
0 0.5923016496465043 0.3466286799620133 0.042419481539670074 0.045584045584045586
0 0.4607227022780833 0.5864197530864198 0.04320502749410841 0.0788224121557455
0 0.7399842890809113 0.4002849002849003 0.11154752553024352 0.11870845204178539
0 0.27572663000785547 0.51661918328585 0.03927729772191674 0.05128205128205129
0 0.7572663000785547 0.3176638176638177 0.06284367635506677 0.035137701804368475
0 0.3311076197957581 0.7516619183285851 0.03692065985860173 0.04843304843304844
0 0.08208955223880597 0.3133903133903134 0.11704634721131187 0.12725546058879392
0 0.05813040062843677 0.43969610636277306 0.07855459544383347 0.11396011396011396
0 0.5251374705420268 0.2739791073124407 0.12333071484681855 0.09591642924976258
0 0.23998428908091124 0.32051282051282054 0.046347211311861744 0.04843304843304844
0 0.38177533385703066 0.4995251661918329 0.03927729772191674 0.07407407407407408
0 0.6704634721131186 0.6913580246913581 0.046347211311861744 0.06267806267806268
0 0.2906520031421838 0.30484330484330485 0.02513747054202671 0.026590693257359924
0 0.29261586802827966 0.6505223171889839 0.08248232521602514 0.05887939221272555
0 0.4799685781618225 0.7668566001899335 0.047132757266300083 0.050332383665717004
0 0.3346425765907306 0.24786324786324787 0.05813040062843677 0.04748338081671415
0 0.23802042419481542 0.48575498575498577 0.03456402199528673 0.0446343779677113
0 0.18342498036135116 0.5303893637226971 0.04006284367635507 0.042735042735042736
0 0.7285938727415554 0.24786324786324787 0.03377847604084839 0.03608736942070276
0 0.5926944226237235 0.594017094017094 0.06205813040062844 0.06932573599240266
0 0.21563236449332288 0.647198480531814 0.0384917517674784 0.03703703703703704
0 0.46347211311861747 0.6837606837606838 0.042419481539670074 0.060778727445394115
0 0.6904948939512962 0.28869895536562207 0.09269442262372349 0.037986704653371325
0 0.6335428122545169 0.7241215574548908 0.0542026708562451 0.08262108262108263
0 0.6268656716417911 0.6267806267806268 0.02670856245090338 0.032288698955365625
0 0.3063629222309505 0.6965811965811967 0.05970149253731344 0.03703703703703704
0 0.3315003927729772 0.42450142450142453 0.028279654359780047 0.03608736942070276
0 0.28083267871170464 0.40978157644824315 0.046347211311861744 0.04083570750237417
0 0.18617439120188534 0.4719848053181387 0.037706205813040065 0.03418803418803419
0 0.4689709347996858 0.1714150047483381 0.028279654359780047 0.03703703703703704
0 0.6017282010997643 0.4392212725546059 0.02670856245090338 0.042735042735042736
0 0.6009426551453261 0.22127255460588796 0.032992930086410056 0.07407407407407408
0 0.5883739198743126 0.711301044634378 0.023566378633150042 0.060778727445394115
0 0.35781618224666145 0.1851851851851852 0.04477611940298508 0.08736942070275404
0 0.43244304791830324 0.13770180436847104 0.05577376276512176 0.039886039886039885
0 0.7136684996072271 0.4658119658119658 0.046347211311861744 0.035137701804368475
0 0.19167321288295366 0.4164292497625831 0.032992930086410056 0.03133903133903134
0 0.2285938727415554 0.5394112060778727 0.028279654359780047 0.037986704653371325
0 0.06559308719560095 0.5208926875593543 0.09976433621366851 0.13770180436847104
0 0.5565593087195602 0.6647673314339981 0.01492537313432836 0.030389363722697058
0 0.08601728201099765 0.27350427350427353 0.0589159465828751 0.04178537511870845
0 0.6166535742340927 0.36752136752136755 0.028279654359780047 0.030389363722697058
0 0.26669285153181466 0.5944919278252612 0.029065200314218383 0.02469135802469136
0 0.15632364493322862 0.31196581196581197 0.032992930086410056 0.023741690408357077
0 0.2619795758051846 0.5607787274453941 0.024351924587588374 0.025641025641025644
0 0.20149253731343286 0.5759734093067427 0.021209740769835037 0.035137701804368475
0 0.16064414768263943 0.6191832858499525 0.025923016496465046 0.032288698955365625
0 0.5011783189316575 0.45584045584045585 0.018853102906520033 0.020892687559354226
0 0.09347996857816183 0.6054131054131054 0.0974076983503535 0.04083570750237417
0 0.21798900235663787 0.5963912630579298 0.021209740769835037 0.02849002849002849
0 0.12725844461901023 0.5650522317188984 0.07384131971720347 0.02849002849002849
0 0.28711704634721136 0.3646723646723647 0.024351924587588374 0.026590693257359924
0 0.5333857030636293 0.10493827160493828 0.02985074626865672 0.042735042735042736
0 0.48311076197957586 0.10826210826210826 0.03456402199528673 0.04178537511870845
0 0.15239591516103693 0.35422602089268757 0.010997643362136687 0.020892687559354226
0 0.24116260801256875 0.3936372269705603 0.028279654359780047 0.03133903133903134
0 0.20109976433621368 0.9482431149097816 0.02513747054202671 0.02184235517568851
0 0.2670856245090338 0.9358974358974359 0.0816967792615868 0.05413105413105413
0 0.47957580518460335 0.04036087369420703 0.025923016496465046 0.03133903133903134
0 0.45247446975648076 0.04083570750237417 0.08012568735271014 0.03608736942070276
0 0.013747054202670857 0.7521367521367521 0.01335428122545169 0.03418803418803419
0 0.5392772977219168 0.5911680911680912 0.01335428122545169 0.01804368471035138
0 0.15200314218381777 0.3888888888888889 0.024351924587588374 0.019943019943019943
0 0.0805184603299293 0.6866096866096867 0.11704634721131187 0.11396011396011396
0 0.02670856245090338 0.5997150997150997 0.028279654359780047 0.029439696106362774
0 0.10879811468970936 0.4150047483380817 0.025923016496465046 0.07027540360873695
0 0.057344854673998434 0.1899335232668566 0.05813040062843677 0.0835707502374169
0 0.39159465828750983 0.7621082621082621 0.09662215239591516 0.10541310541310542
0 0.5043205027494109 0.7051282051282052 0.032992930086410056 0.04083570750237417
0 0.36606441476826396 0.630579297245964 0.06598586017282011 0.032288698955365625
0 0.4057344854673999 0.5959164292497626 0.030636292223095052 0.029439696106362774
