0 0.3440625 0.6676923076923077 0.056875 0.06769230769230769
0 0.2184375 0.45384615384615384 0.048125 0.07230769230769231
0 0.463125 0.4726923076923077 0.055 0.06692307692307692
0 0.43125 0.5092307692307693 0.06125 0.06769230769230769
0 0.43593750000000003 0.8561538461538462 0.123125 0.09692307692307692
0 0.626875 0.6280769230769231 0.07125000000000001 0.036153846153846154
0 0.33968750000000003 0.806923076923077 0.084375 0.09538461538461539
0 0.335 0.5976923076923077 0.0375 0.04923076923076923
0 0.6103125 0.3026923076923077 0.038125 0.05615384615384615
0 0.48531250000000004 0.6269230769230769 0.076875 0.06923076923076923
0 0.57375 0.5773076923076923 0.07 0.07153846153846154
0 0.1809375 0.5430769230769231 0.085625 0.08153846153846153
0 0.4471875 0.25346153846153846 0.050625 0.05923076923076923
0 0.635625 0.7096153846153846 0.0975 0.09307692307692307
0 0.2790625 0.3769230769230769 0.104375 0.10923076923076923
0 0.471875 0.6988461538461539 0.04625 0.05
0 0.89375 0.7661538461538462 0.07125000000000001 0.09692307692307692
0 0.46875 0.3626923076923077 0.0525 0.12538461538461537
0 0.54875 0.7073076923076923 0.04125 0.07307692307692308
0 0.6659375 0.4073076923076923 0.096875 0.06846153846153846
0 0.5646875 0.4523076923076923 0.066875 0.1
0 0.3025 0.48115384615384615 0.06125 0.09923076923076923
0 0.5896875 0.8103846153846154 0.038125 0.06384615384615384
0 0.41000000000000003 0.6061538461538462 0.051250000000000004 0.05692307692307692
0 0.4040625 0.6673076923076923 0.043125000000000004 0.04692307692307692
0 0.5309375000000001 0.4065384615384615 0.044375 0.0823076923076923
0 0.2490625 0.6188461538461538 0.115625 0.12384615384615384
0 0.725 0.47 0.04 0.05384615384615385
0 0.2340625 0.7069230769230769 0.064375 0.03538461538461538
0 0.6587500000000001 0.22538461538461538 0.0375 0.05076923076923077
0 0.9334375 0.6730769230769231 0.120625 0.13384615384615384
0 0.953125 0.5380769230769231 0.08125 0.11923076923076924
0 0.4759375 0.74 0.12687500000000002 0.1
0 0.7696875 0.6742307692307692 0.046875 0.05
0 0.6159375 0.4938461538461538 0.040625 0.07692307692307693
0 0.3096875 0.3080769230769231 0.046875 0.06538461538461539
0 0.7178125 0.6934615384615385 0.025625000000000002 0.026923076923076925
0 0.7025 0.33 0.085 0.06153846153846154
0 0.5040625 0.21769230769230768 0.048125 0.052307692307692305
0 0.6740625 0.7565384615384615 0.059375000000000004 0.04846153846153846
0 0.765 0.5 0.035 0.046153846153846156
0 0.8200000000000001 0.4503846153846154 0.04125 0.04384615384615385
0 0.2665625 0.7788461538461539 0.034375 0.03769230769230769
0 0.3940625 0.4065384615384615 0.063125 0.07153846153846154
0 0.7821875 0.32884615384615384 0.039375 0.03769230769230769
0 0.524375 0.3046153846153846 0.0425 0.06307692307692307
0 0.304375 0.7338461538461538 0.095 0.038461538461538464
0 0.346875 0.27153846153846156 0.055 0.08615384615384615
0 0.3571875 0.37346153846153846 0.026875 0.03307692307692308
0 0.68625 0.2823076923076923 0.06125 0.038461538461538464
0 0.670625 0.57 0.02875 0.03692307692307692
0 0.72375 0.5826923076923077 0.0475 0.04230769230769231
0 0.8190625 0.5119230769230769 0.038125 0.03461538461538462
0 0.5384375 0.8446153846153847 0.028125 0.038461538461538464
0 0.390625 0.5703846153846154 0.0275 0.04384615384615385
0 0.4 0.7996153846153846 0.03375 0.07769230769230769
0 0.3940625 0.2826923076923077 0.023125 0.06384615384615384
0 0.6528125 0.8238461538461539 0.045625 0.09076923076923077
0 0.5775 0.8780769230769231 0.0575 0.040769230769230766
0 0.27375 0.5488461538461539 0.0475 0.036153846153846154
0 0.8159375 0.5707692307692308 0.033125 0.03230769230769231
0 0.7728125 0.44346153846153846 0.028125 0.03923076923076923
0 0.9421875000000001 0.4530769230769231 0.10312500000000001 0.14461538461538462
0 0.42875 0.33 0.015 0.03076923076923077
0 0.930625 0.7153846153846154 0.06 0.043076923076923075
0 0.378125 0.6461538461538462 0.02875 0.03076923076923077
0 0.7315625 0.3873076923076923 0.029375000000000002 0.025384615384615384
0 0.8562500000000001 0.6788461538461539 0.03375 0.023846153846153847
0 0.7375 0.4226923076923077 0.025 0.025384615384615384
0 0.7993750000000001 0.40307692307692305 0.02125 0.03538461538461538
0 0.8403125 0.3557692307692308 0.025625000000000002 0.03307692307692308
0 0.49375 0.546923076923077 0.01875 0.021538461538461538
0 0.9103125 0.36615384615384616 0.100625 0.04153846153846154
0 0.781875 0.3823076923076923 0.02125 0.02923076923076923
0 0.8768750000000001 0.4107692307692308 0.07625 0.02923076923076923
0 0.7190625 0.6307692307692307 0.024375 0.027692307692307693
0 0.474375 0.9184615384615384 0.03 0.04461538461538461
0 0.52625 0.9115384615384615 0.035 0.043076923076923075
0 0.85875 0.6338461538461538 0.01125 0.021538461538461538
0 0.765625 0.5973076923076923 0.02875 0.031538461538461536
0 0.785625 0.011153846153846153 0.025 0.022307692307692306
0 0.7178125 0.027692307692307693 0.084375 0.055384615384615386
0 0.5321875 0.9830769230769231 0.025625000000000002 0.03230769230769231
0 0.560625 0.9811538461538462 0.0825 0.036153846153846154
0 0.9871875 0.20692307692307693 0.013125 0.03538461538461538
0 0.44906250000000003 0.40615384615384614 0.013125 0.01846153846153846
0 0.8578125 0.5973076923076923 0.024375 0.02076923076923077
0 0.9209375 0.2792307692307692 0.120625 0.12
0 0.9796875 0.36730769230769234 0.028125 0.03
0 0.901875 0.566923076923077 0.02625 0.07384615384615384
0 0.9640625 0.8011538461538461 0.059375000000000004 0.08692307692307692
0 0.5959375 0.2173076923076923 0.099375 0.11
0 0.4815625 0.28384615384615386 0.033125 0.04153846153846154
0 0.6275000000000001 0.355 0.0675 0.03307692307692308
0 0.5875 0.3934615384615385 0.03125 0.03
