0 0.3492257538712306 0.6408382066276803 0.05460472697636511 0.06335282651072124
0 0.2428687856560717 0.4346978557504873 0.04563977180114099 0.0682261208576998
0 0.4726976365118174 0.47173489278752434 0.05215973920130399 0.06237816764132553
0 0.4409127954360228 0.5029239766081871 0.05867970660146699 0.06237816764132553
0 0.42542787286063566 0.8216374269005847 0.11735941320293398 0.08966861598440545
0 0.6185819070904646 0.628167641325536 0.06845965770171149 0.0341130604288499
0 0.3374083129584352 0.7685185185185185 0.07986960065199673 0.08869395711500974
0 0.34474327628361856 0.5765107212475633 0.035859820700896494 0.04580896686159844
0 0.6214343928280358 0.3284600389863548 0.036674816625916866 0.05263157894736842
0 0.484922575387123 0.6154970760233918 0.07334963325183373 0.06530214424951267
0 0.5713121434392828 0.5769980506822612 0.06682966585167074 0.06627680311890838
0 0.20252648736756315 0.5136452241715399 0.08231458842705786 0.07602339181286549
0 0.4702526487367563 0.2699805068226121 0.04889975550122249 0.05458089668615984
0 0.6222493887530562 0.7037037037037037 0.09209453952730236 0.08576998050682261
0 0.30440097799511 0.3693957115009746 0.09861450692746536 0.10136452241715399
0 0.46821515892420534 0.6803118908382066 0.04482477587612062 0.04678362573099415
0 0.8626731866340668 0.776803118908382 0.06764466177669111 0.08966861598440545
0 0.48410757946210264 0.3718323586744639 0.05052974735126324 0.11598440545808966
0 0.5403422982885085 0.6944444444444444 0.039119804400977995 0.06725146198830409
0 0.6678891605541972 0.42884990253411304 0.09209453952730236 0.06432748538011696
0 0.5696821515892421 0.46150097465886936 0.06356968215158924 0.09259259259259259
0 0.32070089649551753 0.46686159844054576 0.057864710676446614 0.09161793372319688
0 0.5733496332518337 0.7919103313840156 0.036674816625916866 0.0594541910331384
0 0.415240423797881 0.5901559454191033 0.04971475142624287 0.05360623781676413
0 0.40627546862265684 0.6457115009746588 0.04156479217603912 0.043859649122807015
0 0.5403422982885085 0.4171539961013645 0.042379788101059496 0.07602339181286549
0 0.26283618581907087 0.5886939571150097 0.1100244498777506 0.11500974658869395
0 0.7200488997555012 0.49122807017543857 0.038304808475957616 0.050682261208576995
0 0.2432762836185819 0.6681286549707602 0.061124694376528114 0.0341130604288499
0 0.6711491442542787 0.26169590643274854 0.036674816625916866 0.04775828460038986
0 0.9050529747351262 0.6944444444444444 0.11491442542787285 0.12378167641325535
0 0.9311328443357783 0.5726120857699805 0.07742461287693561 0.1101364522417154
0 0.4698451507742461 0.7183235867446394 0.1198044009779951 0.0935672514619883
0 0.7506112469437652 0.682261208576998 0.04563977180114099 0.04678362573099415
0 0.6161369193154034 0.5043859649122807 0.039119804400977995 0.07115009746588694
0 0.337000814995925 0.3084795321637427 0.04482477587612062 0.06140350877192982
0 0.7004889975550121 0.695906432748538 0.02526487367563162 0.025341130604288498
0 0.706601466992665 0.3611111111111111 0.08149959250203749 0.057504873294346975
0 0.5256723716381417 0.24171539961013644 0.04563977180114099 0.04873294346978557
0 0.6560717196414018 0.75 0.05704971475142624 0.04580896686159844
0 0.7559087204563977 0.5224171539961013 0.03341483292583537 0.042884990253411304
0 0.8105134474327628 0.48148148148148145 0.03993480032599837 0.04093567251461988
0 0.2701711491442543 0.7368421052631579 0.03341483292583537 0.03508771929824561
0 0.4115729421352893 0.40594541910331383 0.06030969845150774 0.06725146198830409
0 0.7819885900570497 0.3664717348927875 0.038304808475957616 0.03508771929824561
0 0.5399348003259984 0.32309941520467833 0.04156479217603912 0.0594541910331384
0 0.3084759576202119 0.6983430799220273 0.09046454767726161 0.036062378167641324
0 0.37449062754686224 0.2777777777777778 0.05297473512632436 0.07992202729044834
0 0.3781581092094539 0.3723196881091618 0.026079869600651995 0.031189083820662766
0 0.6939690301548492 0.3162768031189084 0.057864710676446614 0.036062378167641324
0 0.662999185004075 0.5784600389863548 0.02852485737571312 0.0341130604288499
0 0.7123064384678076 0.594541910331384 0.04563977180114099 0.03898635477582846
0 0.8064384678076609 0.5375243664717348 0.036674816625916866 0.03216374269005848
0 0.5228198859005705 0.8192007797270955 0.02689486552567237 0.036062378167641324
0 0.3989405052974735 0.5555555555555556 0.02689486552567237 0.04093567251461988
0 0.39445802770986144 0.7670565302144249 0.032599837000814993 0.07212475633528265
0 0.4180929095354523 0.29191033138401556 0.022819885900570495 0.0594541910331384
0 0.6320293398533007 0.8099415204678362 0.04319478402607987 0.08382066276803118
0 0.5578647106764466 0.8533138401559454 0.05460472697636511 0.038011695906432746
0 0.29013854930725347 0.526803118908382 0.04563977180114099 0.0341130604288499
0 0.7999185004074979 0.591130604288499 0.03178484107579462 0.030214424951267055
0 0.7665036674816625 0.4707602339181286 0.02689486552567237 0.037037037037037035
0 0.9258353708231458 0.49366471734892786 0.09779951100244498 0.13352826510721247
0 0.44824775876120615 0.33820662768031184 0.014669926650366748 0.029239766081871343
0 0.900162999185004 0.7334307992202729 0.057864710676446614 0.03996101364522417
0 0.3830480847595762 0.6237816764132553 0.027709861450692746 0.029239766081871343
0 0.7306438467807661 0.41569200779727095 0.02852485737571312 0.024366471734892786
0 0.8321108394458028 0.6934697855750487 0.032599837000814993 0.022417153996101363
0 0.7343113284433578 0.44883040935672514 0.024449877750611245 0.024366471734892786
0 0.7938060309698451 0.43615984405458086 0.021189894050529748 0.0341130604288499
0 0.8353708231458842 0.3961988304093567 0.024449877750611245 0.03216374269005848
0 0.49755501222493886 0.5428849902534113 0.018744906275468622 0.021442495126705652
0 0.9005704971475142 0.41130604288499023 0.09616951915240424 0.03898635477582846
0 0.7787286063569682 0.41569200779727095 0.020374898125509373 0.028265107212475632
0 0.8667481662591686 0.4498050682261208 0.07253463732681337 0.028265107212475632
0 0.7053789731051344 0.6379142300194931 0.02363488182559087 0.02631578947368421
0 0.45843520782396086 0.881578947368421 0.02852485737571312 0.04191033138401559
0 0.5077424612876935 0.8796296296296295 0.034229828850855744 0.03996101364522417
0 0.8370008149959249 0.6525341130604289 0.011409942950285247 0.02046783625730994
0 0.7514262428687856 0.6115984405458089 0.027709861450692746 0.030214424951267055
0 0.8027709861450693 0.07602339181286549 0.024449877750611245 0.021442495126705652
0 0.7379788101059495 0.08528265107212475 0.08068459657701711 0.05165692007797271
0 0.5093724531377343 0.9459064327485379 0.024449877750611245 0.030214424951267055
0 0.5362673186634067 0.9468810916179337 0.07823960880195599 0.0341130604288499
0 0.9820700896495517 0.27192982456140347 0.013039934800325998 0.03313840155945419
0 0.4629176854115729 0.41033138401559455 0.013039934800325998 0.017543859649122806
0 0.8382233088834555 0.6189083820662767 0.02363488182559087 0.01949317738791423
0 0.915240423797881 0.3333333333333333 0.11409942950285248 0.1111111111111111
0 0.9657701711491442 0.41861598440545805 0.027709861450692746 0.028265107212475632
0 0.8810105949470253 0.5950292397660818 0.026079869600651995 0.06920077972709551
0 0.9266503667481663 0.8153021442495126 0.05704971475142624 0.08089668615984405
0 0.6120619396903015 0.24951267056530213 0.09453952730236348 0.10136452241715399
0 0.5004074979625102 0.30116959064327486 0.032599837000814993 0.03898635477582846
0 0.6344743276283619 0.37816764132553604 0.06438467807660961 0.031189083820662766
0 0.5945395273023635 0.4098440545808967 0.03015484922575387 0.028265107212475632
