0 0.680780559646539 0.6744084136722174 0.05375552282768777 0.06222611744084137
0 0.8122238586156112 0.4934268185801928 0.045655375552282766 0.06660823838737949
0 0.5824742268041238 0.4864154250657318 0.05154639175257732 0.06134969325153374
0 0.609720176730486 0.5227870289219982 0.05743740795287187 0.06222611744084137
0 0.5828424153166422 0.8356704645048203 0.11561119293078055 0.08851884312007012
0 0.41936671575846834 0.6113058720420683 0.06701030927835051 0.03418054338299737
0 0.6759941089837997 0.8006134969325154 0.07952871870397643 0.08676599474145487
0 0.6940353460972017 0.6117440841367222 0.03608247422680412 0.0455740578439965
0 0.45618556701030927 0.3194566170026293 0.03608247422680412 0.05170902716914987
0 0.5515463917525774 0.6240140227870289 0.07216494845360824 0.063102541630149
0 0.4723858615611193 0.5705521472392638 0.06553755522827688 0.06485539000876424
0 0.8413107511045655 0.5780017528483786 0.08026509572901325 0.07449605609114812
0 0.611561119293078 0.29009640666082387 0.04786450662739322 0.05433829973707274
0 0.4057437407952872 0.6840490797546013 0.09131075110456553 0.08501314636283962
0 0.7606774668630338 0.4180543382997371 0.09867452135493372 0.09991235758106924
0 0.5592783505154639 0.6901840490797546 0.04344624447717231 0.04645048203330412
0 0.1608983799705449 0.71034180543383 0.06701030927835051 0.08851884312007012
0 0.5846833578792342 0.3869412795793164 0.050073637702503684 0.11481156879929887
0 0.48711340206185566 0.6906222611744084 0.0390279823269514 0.06660823838737949
0 0.39764359351988215 0.4084136722173532 0.09131075110456553 0.063102541630149
0 0.4889543446244477 0.45836985100788785 0.06332842415316642 0.091148115687993
0 0.7319587628865979 0.5096406660823839 0.05743740795287187 0.09027169149868537
0 0.4421944035346097 0.7795793163891324 0.03608247422680412 0.05872042068361087
0 0.6229749631811488 0.6126205083260298 0.048600883652430045 0.05258545135845749
0 0.6248159057437408 0.668273444347064 0.04050073637702504 0.04294478527607362
0 0.5235640648011782 0.42068361086765993 0.042709867452135494 0.07537248028045575
0 0.7728276877761414 0.6393514460999123 0.10824742268041238 0.11305872042068361
0 0.3379970544918999 0.45924627519719546 0.03829160530191458 0.049079754601226995
0 0.7809278350515464 0.7204206836108676 0.06111929307805596 0.033304119193689745
0 0.4160530191458026 0.24452234881682736 0.035346097201767304 0.04732690622261174
0 0.13033873343151695 0.6226993865030676 0.1134020618556701 0.12182296231375986
0 0.12076583210603829 0.49868536371603855 0.07658321060382917 0.10867659947414549
0 0.553019145802651 0.7265556529360211 0.11929307805596465 0.091148115687993
0 0.28276877761413843 0.6393514460999123 0.04418262150220913 0.04645048203330412
0 0.4385125184094256 0.49123575810692377 0.0390279823269514 0.07099035933391762
0 0.7367452135493372 0.3531989482909728 0.04491899852724595 0.0595968448729185
0 0.33026509572901325 0.661262050832603 0.024300441826215022 0.025416301489921123
0 0.3685567010309278 0.33479404031551274 0.08026509572901325 0.056091148115687994
0 0.561119293078056 0.2528483786152498 0.045655375552282766 0.04820333041191937
0 0.36671575846833576 0.7226117440841368 0.05596465390279823 0.04469763365468887
0 0.29860088365243004 0.48247151621384754 0.03313696612665685 0.04294478527607362
0 0.2507363770250368 0.4320771253286591 0.0390279823269514 0.040315512708150744
0 0.7459499263622975 0.7822085889570553 0.032400589101620025 0.03418054338299737
0 0.6513254786450663 0.43382997370727433 0.05964653902798232 0.06485539000876424
0 0.29418262150220914 0.32602979842243646 0.03755522827687776 0.035056967572304996
0 0.5364506627393225 0.32953549517966696 0.04050073637702504 0.057843996494303246
0 0.7135493372606775 0.7379491673970202 0.0898379970544919 0.035056967572304996
0 0.7043446244477172 0.3163891323400526 0.05228276877761414 0.07887817703768624
0 0.6881443298969072 0.40709903593339175 0.02577319587628866 0.03067484662576687
0 0.3865979381443299 0.29316389132340054 0.05743740795287187 0.03593339176161262
0 0.38217967599410896 0.5543382997370727 0.027982326951399114 0.03418054338299737
0 0.3317378497790869 0.5609114811568799 0.04491899852724595 0.03856266432953549
0 0.24779086892488955 0.48773006134969327 0.03608247422680412 0.03242769500438212
0 0.4878497790868925 0.815512708150745 0.027245949926362298 0.03593339176161262
0 0.6435935198821796 0.581945661700263 0.026509572901325478 0.040315512708150744
0 0.6200294550810015 0.7883435582822086 0.032400589101620025 0.07099035933391762
0 0.6594256259204713 0.3220858895705522 0.022827687776141383 0.05872042068361087
0 0.38217967599410896 0.7857142857142857 0.042709867452135494 0.08326029798422437
0 0.4491899852724595 0.8418054338299737 0.054491899852724596 0.037686240140227874
0 0.7544182621502209 0.5740578439964943 0.04491899852724595 0.033304119193689745
0 0.2463181148748159 0.5411919368974584 0.03166421207658321 0.03067484662576687
0 0.29528718703976436 0.4303242769500438 0.026509572901325478 0.03680981595092025
0 0.13622974963181148 0.4224364592462752 0.09720176730486009 0.13146362839614373
0 0.6237113402061856 0.36152497808939527 0.014727540500736377 0.028921998247151623
0 0.12997054491899854 0.6608238387379491 0.05670103092783505 0.040315512708150744
0 0.6505891016200295 0.6516213847502191 0.027245949926362298 0.028921998247151623
0 0.337260677466863 0.3834355828220859 0.027982326951399114 0.02366345311130587
0 0.20176730486008837 0.6349693251533742 0.032400589101620025 0.021910604732690624
0 0.32952871870397643 0.41498685363716037 0.024300441826215022 0.02366345311130587
0 0.27319587628865977 0.3913234005258545 0.020618556701030927 0.03242769500438212
0 0.23784977908689248 0.3448729184925504 0.025036818851251842 0.03067484662576687
0 0.5489690721649484 0.5508326029798423 0.018409425625920472 0.020157756354075372
0 0.1719440353460972 0.34750219106047325 0.09499263622974963 0.037686240140227874
0 0.29086892488954347 0.37467134092900967 0.020618556701030927 0.02716914986853637
0 0.20029455081001474 0.3913234005258545 0.07216494845360824 0.02716914986853637
0 0.3328424153166421 0.6047326906222612 0.023564064801178203 0.026292725679228746
0 0.542341678939617 0.8882559158632779 0.028718703976435934 0.04119193689745837
0 0.4944771723122238 0.8768624014022787 0.03313696612665685 0.03943908851884312
0 0.2025036818851252 0.5937773882559159 0.011782032400589101 0.020157756354075372
0 0.2919734904270987 0.57011393514461 0.027245949926362298 0.028921998247151623
0 0.3118556701030928 0.03856266432953549 0.024300441826215022 0.021034180543382998
0 0.374079528718704 0.060473269062226116 0.07952871870397643 0.05083260297984225
0 0.4845360824742268 0.9408413672217354 0.025036818851251842 0.03067484662576687
0 0.4580265095729013 0.9364592462751972 0.0780559646539028 0.03418054338299737
0 0.11082474226804123 0.19631901840490798 0.012518409425625921 0.033304119193689745
0 0.6001472754050073 0.42769500438212094 0.013254786450662739 0.017528483786152498
0 0.20544918998527245 0.5613496932515337 0.023564064801178203 0.020157756354075372
0 0.16789396170839468 0.26818580192813324 0.1134020618556701 0.10867659947414549
0 0.10751104565537555 0.3418054338299737 0.026509572901325478 0.028045574057843997
0 0.16678939617083946 0.5297984224364592 0.02577319587628866 0.06748466257668712
0 0.093519882179676 0.7353198948290973 0.05596465390279823 0.07887817703768624
0 0.47533136966126655 0.24364592462751972 0.093519882179676 0.09991235758106924
0 0.5776877761413843 0.31463628396143734 0.03166421207658321 0.03856266432953549
0 0.437039764359352 0.36503067484662577 0.06406480117820323 0.03067484662576687
0 0.47164948453608246 0.40359333917616125 0.030191458026509573 0.02716914986853637
