0 0.639763779527559 0.6665076335877862 0.05590551181102362 0.06583969465648855
0 0.7681102362204725 0.46803435114503816 0.048031496062992125 0.06965648854961831
0 0.5303149606299212 0.4751908396946565 0.05433070866141732 0.0648854961832061
0 0.5598425196850394 0.5109732824427481 0.05984251968503937 0.06583969465648855
0 0.5452755905511811 0.8425572519083969 0.12047244094488188 0.09351145038167939
0 0.3669291338582677 0.6159351145038168 0.06929133858267716 0.03530534351145038
0 0.639763779527559 0.7996183206106869 0.0826771653543307 0.0916030534351145
0 0.6507874015748032 0.6001908396946565 0.03700787401574803 0.047709923664122134
0 0.39291338582677166 0.3058206106870229 0.03779527559055118 0.05438931297709924
0 0.5039370078740157 0.6211832061068702 0.07559055118110236 0.06679389312977099
0 0.4200787401574803 0.5701335877862596 0.06850393700787402 0.06965648854961831
0 0.8015748031496063 0.5548664122137404 0.08346456692913386 0.07919847328244274
0 0.5523622047244094 0.26622137404580154 0.049606299212598425 0.05725190839694656
0 0.3559055118110236 0.6937022900763359 0.09606299212598425 0.08969465648854962
0 0.7114173228346456 0.3916984732824427 0.10157480314960629 0.10591603053435114
0 0.5149606299212598 0.6903625954198473 0.04566929133858268 0.04866412213740458
0 0.10393700787401575 0.7356870229007634 0.06929133858267716 0.09351145038167939
0 0.5283464566929134 0.36975190839694655 0.05196850393700787 0.12118320610687022
0 0.4401574803149606 0.6951335877862596 0.04094488188976378 0.0715648854961832
0 0.3354330708661417 0.40362595419847325 0.09448818897637795 0.06679389312977099
0 0.4322834645669291 0.4508587786259542 0.06614173228346457 0.09637404580152671
0 0.6858267716535433 0.49045801526717553 0.05984251968503937 0.09541984732824427
0 0.39763779527559057 0.7915076335877862 0.03779527559055118 0.06202290076335878
0 0.5779527559055118 0.6049618320610687 0.050393700787401574 0.055343511450381674
0 0.5818897637795275 0.6631679389312977 0.04251968503937008 0.04580152671755725
0 0.46653543307086615 0.4088740458015267 0.04330708661417323 0.07919847328244274
0 0.7334645669291339 0.6240458015267175 0.1125984251968504 0.11832061068702289
0 0.2763779527559055 0.4604007633587786 0.03937007874015748 0.05248091603053435
0 0.7452755905511811 0.7089694656488549 0.06377952755905511 0.03435114503816794
0 0.3480314960629921 0.22996183206106868 0.03779527559055118 0.04961832061068702
0 0.06811023622047244 0.6455152671755725 0.11732283464566928 0.12881679389312978
0 0.0531496062992126 0.5152671755725191 0.0795275590551181 0.11450381679389313
0 0.5098425196850394 0.7294847328244275 0.12362204724409448 0.09637404580152671
0 0.22716535433070867 0.6531488549618321 0.046456692913385826 0.04866412213740458
0 0.38149606299212596 0.48854961832061067 0.04015748031496063 0.07442748091603053
0 0.6838582677165355 0.32490458015267176 0.046456692913385826 0.06393129770992366
0 0.2767716535433071 0.674618320610687 0.025984251968503937 0.026717557251908396
0 0.30236220472440944 0.3282442748091603 0.08346456692913386 0.059160305343511445
0 0.4984251968503937 0.22948473282442747 0.047244094488188976 0.05057251908396947
0 0.3173228346456693 0.7366412213740458 0.05826771653543307 0.047709923664122134
0 0.23700787401574802 0.48759541984732824 0.03464566929133858 0.04580152671755725
0 0.18503937007874016 0.4375 0.04094488188976378 0.04293893129770992
0 0.7114173228346456 0.7762404580152672 0.03385826771653543 0.03721374045801527
0 0.5992125984251968 0.4150763358778626 0.06141732283464567 0.06870229007633588
0 0.2251968503937008 0.3234732824427481 0.03937007874015748 0.03625954198473282
0 0.4759842519685039 0.31202290076335876 0.04173228346456693 0.061068702290076333
0 0.6763779527559055 0.7313931297709924 0.09291338582677165 0.03721374045801527
0 0.6492125984251969 0.2881679389312977 0.05433070866141732 0.08396946564885496
0 0.6362204724409448 0.38501908396946566 0.026771653543307086 0.033396946564885496
0 0.31968503937007875 0.2833969465648855 0.05984251968503937 0.03816793893129771
0 0.32598425196850395 0.558206106870229 0.028346456692913385 0.03625954198473282
0 0.2744094488188976 0.5682251908396946 0.046456692913385826 0.04103053435114504
0 0.184251968503937 0.4961832061068702 0.03779527559055118 0.03435114503816794
0 0.44606299212598427 0.8268129770992366 0.027559055118110236 0.03721374045801527
0 0.5976377952755906 0.5710877862595419 0.026771653543307086 0.04293893129770992
0 0.581496062992126 0.7895992366412213 0.03385826771653543 0.07538167938931298
0 0.602755905511811 0.2967557251908397 0.02283464566929134 0.061068702290076333
0 0.3358267716535433 0.8015267175572519 0.04488188976377953 0.08778625954198473
0 0.40708661417322833 0.8568702290076335 0.05669291338582677 0.04007633587786259
0 0.7114173228346456 0.5558206106870229 0.046456692913385826 0.03530534351145038
0 0.18503937007874016 0.5529580152671756 0.03307086614173228 0.03148854961832061
0 0.23070866141732282 0.433206106870229 0.028346456692913385 0.03816793893129771
0 0.06614173228346457 0.43463740458015265 0.10078740157480315 0.1383587786259542
0 0.5677165354330709 0.34064885496183206 0.015748031496062992 0.030534351145038167
0 0.06968503937007874 0.6860687022900763 0.05905511811023622 0.04198473282442748
0 0.6074803149606299 0.6440839694656488 0.029133858267716535 0.030534351145038167
0 0.27283464566929133 0.38167938931297707 0.029133858267716535 0.02480916030534351
0 0.14291338582677166 0.6541030534351144 0.03385826771653543 0.023854961832061067
0 0.26574803149606296 0.4150763358778626 0.024409448818897637 0.02480916030534351
0 0.20669291338582677 0.39360687022900764 0.02125984251968504 0.03530534351145038
0 0.16811023622047244 0.3463740458015267 0.025984251968503937 0.03244274809160305
0 0.4984251968503937 0.5443702290076335 0.01889763779527559 0.02194656488549618
0 0.09960629921259842 0.3530534351145038 0.09842519685039369 0.04007633587786259
0 0.22401574803149607 0.37452290076335876 0.02125984251968504 0.029580152671755722
0 0.1311023622047244 0.39742366412213737 0.07480314960629922 0.029580152671755722
0 0.27755905511811024 0.6145038167938931 0.024409448818897637 0.026717557251908396
0 0.5062992125984251 0.8998091603053435 0.029921259842519685 0.04389312977099236
0 0.4559055118110236 0.8912213740458015 0.03464566929133858 0.04198473282442748
0 0.1421259842519685 0.6111641221374046 0.011811023622047244 0.02194656488549618
0 0.23307086614173228 0.5806297709923663 0.028346456692913385 0.03148854961832061
0 0.231496062992126 0.020038167938931296 0.025196850393700787 0.022900763358778626
0 0.29645669291338583 0.03864503816793893 0.0826771653543307 0.05438931297709924
0 0.44803149606299214 0.9589694656488549 0.025196850393700787 0.03244274809160305
0 0.4204724409448819 0.9556297709923663 0.08031496062992126 0.03530534351145038
0 0.03031496062992126 0.19799618320610687 0.013385826771653543 0.03530534351145038
0 0.5460629921259842 0.41221374045801523 0.013385826771653543 0.019083969465648856
0 0.1437007874015748 0.5763358778625954 0.024409448818897637 0.02099236641221374
0 0.09251968503937008 0.2705152671755725 0.11732283464566928 0.11545801526717557
0 0.03307086614173228 0.35162213740458015 0.028346456692913385 0.029580152671755722
0 0.10236220472440945 0.545324427480916 0.026771653543307086 0.0715648854961832
0 0.035039370078740154 0.7662213740458015 0.05905511811023622 0.08396946564885496
0 0.4094488188976378 0.2256679389312977 0.09763779527559055 0.10591603053435114
0 0.5181102362204725 0.2943702290076336 0.03307086614173228 0.04103053435114504
0 0.37480314960629924 0.3559160305343511 0.06614173228346457 0.03244274809160305
0 0.41220472440944883 0.3945610687022901 0.030708661417322834 0.029580152671755722
