0 0.6790625 0.33153846153846156 0.056875 0.06769230769230769
0 0.8046875 0.5453846153846154 0.048125 0.07230769230769231
0 0.56 0.5265384615384615 0.055 0.06692307692307692
0 0.591875 0.49 0.06125 0.06769230769230769
0 0.5871875 0.14307692307692307 0.123125 0.09692307692307692
0 0.39625 0.37115384615384617 0.07125000000000001 0.036153846153846154
0 0.6834375 0.19230769230769232 0.084375 0.09538461538461539
0 0.688125 0.4015384615384615 0.0375 0.04923076923076923
0 0.4128125 0.6965384615384616 0.038125 0.05615384615384615
0 0.5378125 0.3723076923076923 0.076875 0.06923076923076923
0 0.449375 0.4219230769230769 0.07 0.07153846153846154
0 0.8421875 0.45615384615384613 0.085625 0.08153846153846153
0 0.5759375 0.7457692307692307 0.050625 0.05923076923076923
0 0.3875 0.2896153846153846 0.0975 0.09307692307692307
0 0.7440625 0.6223076923076923 0.104375 0.10923076923076923
0 0.55125 0.30038461538461536 0.04625 0.05
0 0.129375 0.23307692307692307 0.07125000000000001 0.09692307692307692
0 0.5543750000000001 0.6365384615384615 0.0525 0.12538461538461537
0 0.474375 0.2919230769230769 0.04125 0.07307692307692308
0 0.3571875 0.5919230769230769 0.096875 0.06846153846153846
0 0.4584375 0.546923076923077 0.066875 0.1
0 0.720625 0.5180769230769231 0.06125 0.09923076923076923
0 0.43343750000000003 0.18884615384615386 0.038125 0.06384615384615384
0 0.613125 0.3930769230769231 0.051250000000000004 0.05692307692307692
0 0.6190625 0.33192307692307693 0.043125000000000004 0.04692307692307692
0 0.4921875 0.5926923076923077 0.044375 0.0823076923076923
0 0.7740625 0.3803846153846154 0.115625 0.12384615384615384
0 0.29812500000000003 0.5292307692307693 0.04 0.05384615384615385
0 0.7890625 0.2923076923076923 0.064375 0.03538461538461538
0 0.364375 0.7738461538461539 0.0375 0.05076923076923077
0 0.0896875 0.3261538461538461 0.120625 0.13384615384615384
0 0.07 0.46115384615384614 0.08125 0.11923076923076924
0 0.5471875 0.2592307692307692 0.12687500000000002 0.1
0 0.2534375 0.325 0.046875 0.05
0 0.40718750000000004 0.5053846153846154 0.040625 0.07692307692307693
0 0.7134375000000001 0.6911538461538461 0.046875 0.06538461538461539
0 0.3053125 0.3057692307692308 0.025625000000000002 0.026923076923076925
0 0.320625 0.6692307692307692 0.085 0.06153846153846154
0 0.5190625 0.7815384615384615 0.048125 0.052307692307692305
0 0.3490625 0.24269230769230768 0.059375000000000004 0.04846153846153846
0 0.258125 0.49923076923076926 0.035 0.046153846153846156
0 0.203125 0.5488461538461539 0.04125 0.04384615384615385
0 0.7565625 0.22038461538461537 0.034375 0.03769230769230769
0 0.6290625 0.5926923076923077 0.063125 0.07153846153846154
0 0.2409375 0.6703846153846154 0.039375 0.03769230769230769
0 0.49875 0.6946153846153846 0.0425 0.06307692307692307
0 0.71875 0.2653846153846154 0.095 0.038461538461538464
0 0.67625 0.7276923076923076 0.055 0.08615384615384615
0 0.6659375 0.6257692307692307 0.026875 0.03307692307692308
0 0.336875 0.7169230769230769 0.06125 0.038461538461538464
0 0.3525 0.42923076923076925 0.02875 0.03692307692307692
0 0.299375 0.4165384615384615 0.0475 0.04230769230769231
0 0.2040625 0.48730769230769233 0.038125 0.03461538461538462
0 0.4846875 0.15461538461538463 0.028125 0.038461538461538464
0 0.6325000000000001 0.4288461538461538 0.0275 0.04384615384615385
0 0.623125 0.1996153846153846 0.03375 0.07769230769230769
0 0.6290625 0.7165384615384616 0.023125 0.06384615384615384
0 0.3703125 0.1753846153846154 0.045625 0.09076923076923077
0 0.445625 0.12115384615384615 0.0575 0.040769230769230766
0 0.749375 0.4503846153846154 0.0475 0.036153846153846154
0 0.2071875 0.42846153846153845 0.033125 0.03230769230769231
0 0.2503125 0.5557692307692308 0.028125 0.03923076923076923
0 0.0809375 0.5461538461538461 0.10312500000000001 0.14461538461538462
0 0.594375 0.6692307692307692 0.015 0.03076923076923077
0 0.0925 0.28384615384615386 0.06 0.043076923076923075
0 0.645 0.35307692307692307 0.02875 0.03076923076923077
0 0.2915625 0.6119230769230769 0.029375000000000002 0.025384615384615384
0 0.166875 0.3203846153846154 0.03375 0.023846153846153847
0 0.285625 0.5765384615384616 0.025 0.025384615384615384
0 0.22375 0.5961538461538461 0.02125 0.03538461538461538
0 0.18281250000000002 0.6434615384615384 0.025625000000000002 0.03307692307692308
0 0.529375 0.4523076923076923 0.01875 0.021538461538461538
0 0.1128125 0.6330769230769231 0.100625 0.04153846153846154
0 0.24125 0.6169230769230769 0.02125 0.02923076923076923
0 0.14625 0.5884615384615385 0.07625 0.02923076923076923
0 0.3040625 0.36846153846153845 0.024375 0.027692307692307693
0 0.54875 0.08076923076923077 0.03 0.04461538461538461
0 0.496875 0.0876923076923077 0.035 0.043076923076923075
0 0.164375 0.36538461538461536 0.01125 0.021538461538461538
0 0.2575 0.40192307692307694 0.02875 0.031538461538461536
0 0.23750000000000002 0.9880769230769231 0.025 0.022307692307692306
0 0.3053125 0.9715384615384616 0.084375 0.055384615384615386
0 0.4909375 0.016153846153846154 0.025625000000000002 0.03230769230769231
0 0.4625 0.018076923076923077 0.0825 0.036153846153846154
0 0.035937500000000004 0.7923076923076923 0.013125 0.03538461538461538
0 0.5740625 0.5930769230769231 0.013125 0.01846153846153846
0 0.1653125 0.40192307692307694 0.024375 0.02076923076923077
0 0.1028125 0.72 0.120625 0.12
0 0.0440625 0.6319230769230769 0.028125 0.03
0 0.121875 0.4323076923076923 0.02625 0.07384615384615384
0 0.059687500000000004 0.19807692307692307 0.059375000000000004 0.08692307692307692
0 0.4278125 0.7819230769230769 0.099375 0.11
0 0.5421875 0.7153846153846154 0.033125 0.04153846153846154
0 0.39625 0.6442307692307693 0.0675 0.03307692307692308
0 0.43625 0.6057692307692307 0.03125 0.03
