0 0.35053235053235055 0.3338368580060423 0.05733005733005733 0.06747230614300101
0 0.22604422604422605 0.5473313192346425 0.049140049140049144 0.07351460221550855
0 0.4701064701064701 0.527190332326284 0.055692055692055695 0.06747230614300101
0 0.4381654381654382 0.4914400805639476 0.062244062244062245 0.06847935548841894
0 0.44185094185094187 0.14551863041289023 0.12366912366912368 0.09768378650553877
0 0.6326781326781327 0.37210473313192344 0.07125307125307126 0.03726082578046324
0 0.34602784602784603 0.19536757301107754 0.08435708435708436 0.09667673716012085
0 0.34193284193284196 0.4038267875125881 0.03849303849303849 0.050352467270896276
0 0.6171171171171171 0.6958710976837865 0.03849303849303849 0.05639476334340383
0 0.4914004914004914 0.37361530715005037 0.07698607698607698 0.07049345417925479
0 0.5798525798525799 0.4229607250755287 0.07043407043407043 0.07250755287009064
0 0.1887796887796888 0.45871097683786505 0.085995085995086 0.08157099697885196
0 0.4545454545454546 0.7457200402819738 0.05077805077805078 0.059415911379657606
0 0.6412776412776413 0.2905337361530715 0.09828009828009829 0.09365558912386707
0 0.2866502866502867 0.6238670694864048 0.10483210483210484 0.10976837865055387
0 0.4778869778869779 0.3021148036253776 0.04668304668304669 0.050352467270896276
0 0.8980343980343981 0.23313192346424974 0.07125307125307126 0.09768378650553877
0 0.4758394758394759 0.6369587109768379 0.05241605241605242 0.12588116817724068
0 0.5548730548730549 0.2935548841893253 0.041769041769041775 0.07351460221550855
0 0.6719901719901721 0.5916414904330313 0.09746109746109746 0.06948640483383686
0 0.5712530712530713 0.5468277945619335 0.06797706797706798 0.10070493454179255
0 0.30999180999181003 0.5201409869083585 0.06142506142506143 0.09969788519637462
0 0.595004095004095 0.1903323262839879 0.03849303849303849 0.06445115810674723
0 0.4164619164619165 0.3947633434038268 0.0515970515970516 0.05840886203423968
0 0.4103194103194103 0.3338368580060423 0.04422604422604423 0.0473313192346425
0 0.5376740376740378 0.5931520644511581 0.04504504504504505 0.08257804632426989
0 0.25634725634725636 0.3826787512588117 0.1162981162981163 0.12487411883182276
0 0.730958230958231 0.5287009063444109 0.04013104013104014 0.054380664652567974
0 0.24119574119574122 0.29506545820745217 0.06470106470106471 0.03625377643504532
0 0.6654381654381655 0.7729103726082578 0.03849303849303849 0.0513595166163142
0 0.9377559377559378 0.3257804632426989 0.12121212121212122 0.1339375629405841
0 0.9582309582309583 0.4602215508559919 0.08190008190008191 0.11883182275931521
0 0.481981981981982 0.26132930513595165 0.12694512694512694 0.09969788519637462
0 0.7747747747747749 0.3252769385699899 0.047502047502047506 0.050352467270896276
0 0.6220311220311221 0.5060422960725075 0.041769041769041775 0.07754279959718026
0 0.3177723177723178 0.6918429003021148 0.047502047502047506 0.06646525679758308
0 0.7231777231777232 0.3066465256797583 0.02620802620802621 0.027190332326283987
0 0.7088452088452089 0.6686807653575025 0.085995085995086 0.06243705941591138
0 0.5114660114660114 0.7809667673716012 0.048321048321048325 0.05337361530715005
0 0.6793611793611795 0.24420946626384693 0.05978705978705979 0.04934541792547835
0 0.7706797706797708 0.4989929506545821 0.036036036036036036 0.0473313192346425
0 0.8255528255528256 0.5478348439073515 0.04258804258804259 0.04431017119838872
0 0.27313677313677315 0.22356495468277945 0.03521703521703522 0.038267875125881166
0 0.40131040131040135 0.5936555891238671 0.06388206388206388 0.07150050352467271
0 0.7882882882882883 0.6691842900302115 0.04013104013104014 0.03927492447129909
0 0.5315315315315315 0.6943605236656596 0.04258804258804259 0.0634441087613293
0 0.31081081081081086 0.26837865055387716 0.09582309582309582 0.03927492447129909
0 0.3546273546273547 0.7280966767371602 0.055692055692055695 0.0866062437059416
0 0.36445536445536447 0.6263846928499497 0.027846027846027847 0.03423967774420947
0 0.6928746928746929 0.7155085599194361 0.062244062244062245 0.03927492447129909
0 0.6764946764946765 0.4295065458207452 0.029484029484029485 0.03726082578046324
0 0.7293202293202293 0.4164149043303122 0.048321048321048325 0.0433031218529708
0 0.8243243243243243 0.486908358509567 0.03849303849303849 0.035246727089627394
0 0.5438165438165439 0.15659617321248742 0.029484029484029485 0.03927492447129909
0 0.3972153972153972 0.43051359516616317 0.027846027846027847 0.045317220543806644
0 0.40622440622440625 0.20241691842900303 0.0343980343980344 0.07854984894259819
0 0.40171990171990174 0.7170191339375629 0.023751023751023753 0.06445115810674723
0 0.6580671580671581 0.17673716012084592 0.04668304668304669 0.09164149043303121
0 0.5827190827190828 0.12336354481369587 0.05814905814905815 0.041289023162134945
0 0.28132678132678135 0.4526686807653575 0.048321048321048325 0.03726082578046324
0 0.8210483210483212 0.4284994964753273 0.03357903357903358 0.03323262839879154
0 0.7784602784602785 0.5548841893252769 0.028665028665028666 0.04028197381671702
0 0.9471744471744472 0.5448136958710977 0.10401310401310401 0.14501510574018128
0 0.43611793611793614 0.6696878147029205 0.015561015561015561 0.032225579053373615
0 0.9352989352989354 0.283987915407855 0.06060606060606061 0.04431017119838872
0 0.38493038493038495 0.3549848942598187 0.029484029484029485 0.03121852970795569
0 0.7375102375102376 0.6112789526686808 0.030303030303030304 0.026183282980866064
0 0.8607698607698608 0.3207452165156093 0.0343980343980344 0.025176233635448138
0 0.7432432432432433 0.5760322255790534 0.02538902538902539 0.026183282980866064
0 0.8054873054873055 0.595166163141994 0.022113022113022116 0.03625377643504532
0 0.8460278460278461 0.6419939577039275 0.02620802620802621 0.03323262839879154
0 0.5004095004095005 0.45317220543806647 0.01965601965601966 0.02215508559919436
0 0.9156429156429157 0.6314199395770392 0.10155610155610156 0.04229607250755287
0 0.7874692874692876 0.6163141993957704 0.022113022113022116 0.030211480362537763
0 0.8820638820638821 0.5871097683786506 0.07698607698607698 0.030211480362537763
0 0.7244062244062245 0.3690835850956697 0.02538902538902539 0.02920443101711984
0 0.47993447993447996 0.08358509566968782 0.031122031122031123 0.04632426988922457
0 0.5315315315315315 0.09013091641490432 0.036036036036036036 0.0433031218529708
0 0.8636363636363636 0.36555891238670696 0.012285012285012286 0.02215508559919436
0 0.7706797706797708 0.40181268882175225 0.029484029484029485 0.032225579053373615
0 0.7923832923832924 0.9853977844914401 0.02538902538902539 0.023162134944612285
0 0.7248157248157249 0.9692849949647533 0.08517608517608519 0.0553877139979859
0 0.5372645372645373 0.01863041289023162 0.02620802620802621 0.03323262839879154
0 0.5655200655200655 0.020644511581067473 0.08271908271908272 0.03726082578046324
0 0.9930384930384931 0.7895266868076536 0.013923013923013924 0.03625377643504532
0 0.4557739557739558 0.5936555891238671 0.013923013923013924 0.019133937562940583
0 0.8628173628173629 0.40181268882175225 0.02538902538902539 0.02215508559919436
0 0.9262899262899263 0.7175226586102719 0.12121212121212122 0.11983887210473314
0 0.9848484848484849 0.6299093655589124 0.028665028665028666 0.03121852970795569
0 0.9062244062244063 0.4310171198388721 0.02702702702702703 0.07452165156092648
0 0.9676494676494677 0.19788519637462235 0.05978705978705979 0.08761329305135952
0 0.6027846027846028 0.7804632426988922 0.09991809991809993 0.1107754279959718
0 0.48853398853398855 0.7150050352467271 0.03357903357903358 0.04229607250755287
0 0.6334971334971335 0.6435045317220544 0.06797706797706798 0.03423967774420947
0 0.5933660933660934 0.6052366565961732 0.03194103194103194 0.030211480362537763
