0 0.6385298869143781 0.6666666666666666 0.05573505654281099 0.06451612903225806
0 0.7669628432956381 0.4696969696969697 0.04765751211631664 0.06940371456500488
0 0.5302907915993539 0.4750733137829912 0.05411954765751212 0.06451612903225806
0 0.5597738287560582 0.5117302052785924 0.05977382875605816 0.06549364613880743
0 0.5436187399030695 0.8411534701857283 0.11954765751211632 0.09286412512218964
0 0.3667205169628433 0.6148582600195504 0.06946688206785137 0.03519061583577712
0 0.6381260096930533 0.7991202346041055 0.08239095315024234 0.09090909090909091
0 0.6494345718901454 0.6006842619745846 0.037156704361873995 0.047898338220918865
0 0.3937802907915994 0.3064516129032258 0.03796445880452343 0.053763440860215055
0 0.5036348949919225 0.6207233626588465 0.07512116316639741 0.06647116324535679
0 0.4196284329563813 0.5694037145650049 0.06865912762520195 0.06940371456500488
0 0.800080775444265 0.5562072336265884 0.08319870759289176 0.07820136852394917
0 0.552907915993538 0.26832844574780057 0.04927302100161551 0.05767350928641251
0 0.3554119547657512 0.6915933528836755 0.09531502423263329 0.08895405669599218
0 0.7112277867528272 0.39345063538611924 0.10096930533117933 0.10459433040078202
0 0.5141357027463651 0.6896383186705768 0.04604200323101777 0.047898338220918865
0 0.10420032310177707 0.7326490713587488 0.06946688206785137 0.09286412512218964
0 0.5282714054927302 0.3709677419354839 0.051696284329563816 0.12023460410557185
0 0.43941841680129246 0.6940371456500489 0.04038772213247173 0.07038123167155425
0 0.33642972536348953 0.4032258064516129 0.09450726978998385 0.06549364613880743
0 0.43255250403877227 0.4506353861192571 0.0654281098546042 0.09579667644183773
0 0.6849757673667206 0.4916911045943304 0.05977382875605816 0.09579667644183773
0 0.3966074313408724 0.7893450635386119 0.037156704361873995 0.06158357771260997
0 0.5767366720516963 0.6050830889540567 0.050080775444264945 0.05474095796676442
0 0.5807754442649435 0.6632453567937439 0.0420032310177706 0.04594330400782014
0 0.4668820678513732 0.4090909090909091 0.04361873990306947 0.07917888563049853
0 0.7322294022617125 0.6251221896383187 0.11227786752827142 0.11827956989247312
0 0.2774636510500808 0.45992179863147603 0.0395799676898223 0.05180840664711633
0 0.7431340872374799 0.7091886608015641 0.0630048465266559 0.03421309872922776
0 0.34975767366720517 0.23069403714565004 0.037156704361873995 0.04887585532746823
0 0.06906300484652667 0.6417399804496579 0.11712439418416802 0.12805474095796676
0 0.05492730210016156 0.5127077223851417 0.0791599353796446 0.11436950146627566
0 0.5088852988691438 0.7282502443792767 0.12277867528271406 0.09579667644183773
0 0.22738287560581585 0.6515151515151515 0.04604200323101777 0.047898338220918865
0 0.38206785137318255 0.48778103616813295 0.04038772213247173 0.07429130009775171
0 0.6837641357027464 0.32697947214076245 0.04604200323101777 0.0635386119257087
0 0.27665589660743134 0.6720430107526881 0.025040387722132473 0.026392961876832845
0 0.3037156704361874 0.3279569892473118 0.08239095315024234 0.059628543499511244
0 0.4991922455573506 0.2316715542521994 0.04684975767366721 0.050830889540566956
0 0.3166397415185784 0.7341153470185728 0.05815831987075929 0.0469208211143695
0 0.2378836833602585 0.4858260019550342 0.034733441033925685 0.044965786901270774
0 0.18618739903069467 0.4364613880742913 0.04119547657512117 0.042033235581622676
0 0.7100161550888531 0.7761485826001955 0.033925686591276254 0.03714565004887586
0 0.5989499192245558 0.41593352883675466 0.062197092084006464 0.06940371456500488
0 0.22697899838449112 0.3225806451612903 0.038772213247172865 0.03714565004887586
0 0.4765751211631664 0.3128054740957967 0.0420032310177706 0.06060606060606061
0 0.6748788368336026 0.7311827956989247 0.09289176090468498 0.03714565004887586
0 0.6490306946688207 0.2903225806451613 0.05411954765751212 0.08211143695014662
0 0.6361066235864298 0.3866080156402737 0.026655896607431343 0.03225806451612903
0 0.3210823909531503 0.28347996089931576 0.06058158319870759 0.03714565004887586
0 0.3267366720516963 0.5576735092864125 0.02827140549273021 0.03616813294232649
0 0.2746365105008078 0.5669599217986315 0.04684975767366721 0.04105571847507331
0 0.18497576736672053 0.4951124144672532 0.037156704361873995 0.03421309872922776
0 0.44466882067851377 0.8250244379276638 0.02827140549273021 0.03714565004887586
0 0.5969305331179322 0.5718475073313783 0.02746365105008078 0.043010752688172046
0 0.5803715670436188 0.7888563049853372 0.03311793214862682 0.07429130009775171
0 0.6033925686591277 0.2986314760508309 0.02261712439418417 0.06158357771260997
0 0.3352180936995154 0.7991202346041055 0.04523424878836834 0.08699902248289346
0 0.4063004846526656 0.8548387096774194 0.05654281098546042 0.04007820136852395
0 0.7104200323101777 0.5571847507331378 0.04604200323101777 0.03519061583577712
0 0.18618739903069467 0.5508308895405669 0.03311793214862682 0.03225806451612903
0 0.23222940226171246 0.43255131964809385 0.02827140549273021 0.03812316715542522
0 0.06825525040387723 0.43255131964809385 0.10096930533117933 0.1378299120234604
0 0.5682552504038773 0.3416422287390029 0.015347334410339258 0.030303030303030304
0 0.07067851373182553 0.6827956989247311 0.05896607431340873 0.042033235581622676
0 0.6062197092084007 0.644672531769306 0.02827140549273021 0.030303030303030304
0 0.2738287560581583 0.3807429130009775 0.029079159935379646 0.024437927663734114
0 0.14337641357027464 0.6515151515151515 0.03311793214862682 0.024437927663734114
0 0.26696284329563813 0.4144672531769306 0.025040387722132473 0.025415444770283478
0 0.2075928917609047 0.3924731182795699 0.0210016155088853 0.03421309872922776
0 0.17003231017770598 0.3455522971652004 0.025040387722132473 0.03225806451612903
0 0.49798061389337644 0.544477028347996 0.018578352180936997 0.021505376344086023
0 0.10218093699515347 0.3519061583577713 0.09773828756058159 0.04105571847507331
0 0.22536348949919227 0.37390029325513197 0.0210016155088853 0.028347996089931573
0 0.1324717285945073 0.39589442815249265 0.07431340872374799 0.02932551319648094
0 0.2778675282714055 0.6129032258064516 0.024232633279483037 0.02737047898338221
0 0.504442649434572 0.8983382209188661 0.02988691437802908 0.043010752688172046
0 0.454361873990307 0.8890518084066471 0.034733441033925685 0.042033235581622676
0 0.1425686591276252 0.6089931573802542 0.012116316639741519 0.021505376344086023
0 0.23384491114701134 0.5786901270772239 0.02827140549273021 0.03128054740957967
0 0.23465266558966075 0.021016617790811338 0.025040387722132473 0.022482893450635387
0 0.2992730210016155 0.04007820136852395 0.0815831987075929 0.05278592375366569
0 0.44628432956381264 0.9565004887585533 0.025040387722132473 0.03225806451612903
0 0.41882067851373184 0.9530791788856305 0.07996768982229403 0.03519061583577712
0 0.03311793214862682 0.19696969696969696 0.012924071082390954 0.03421309872922776
0 0.5460420032310178 0.41300097751710657 0.012924071082390954 0.01857282502443793
0 0.14458804523424879 0.5742913000977518 0.024232633279483037 0.020527859237536656
0 0.09491114701130857 0.26930596285434993 0.11712439418416802 0.11436950146627566
0 0.035137318255250405 0.34995112414467255 0.02827140549273021 0.02932551319648094
0 0.10339256865912763 0.543010752688172 0.025848142164781908 0.07135874877810362
0 0.035541195476575124 0.7624633431085044 0.05815831987075929 0.08406647116324535
0 0.41114701130856224 0.22678396871945258 0.09693053311793215 0.10557184750733138
0 0.5189822294022618 0.2956989247311828 0.03311793214862682 0.04007820136852395
0 0.3756058158319871 0.35581622678396874 0.06623586429725364 0.033235581622678395
0 0.4131663974151858 0.3944281524926686 0.03150242326332795 0.030303030303030304
