0 0.3645833333333333 0.3352601156069364 0.05448717948717949 0.06358381502890173
0 0.23477564102564102 0.5255298651252408 0.046474358974358976 0.06840077071290944
0 0.469150641025641 0.5245664739884393 0.05368589743589743 0.0626204238921002
0 0.4407051282051282 0.4884393063583815 0.05929487179487179 0.06358381502890173
0 0.46073717948717946 0.16570327552986513 0.11858974358974358 0.0905587668593449
0 0.6322115384615384 0.3911368015414258 0.0689102564102564 0.03468208092485549
0 0.36658653846153844 0.20472061657032756 0.08092948717948718 0.08959537572254335
0 0.35256410256410253 0.3993256262042389 0.03685897435897436 0.04720616570327553
0 0.6017628205128205 0.6931599229287091 0.03685897435897436 0.052986512524084775
0 0.49719551282051283 0.38246628131021193 0.07451923076923077 0.06551059730250482
0 0.579326923076923 0.4344894026974952 0.0673076923076923 0.0674373795761079
0 0.203125 0.44026974951830444 0.08253205128205128 0.07707129094412331
0 0.4439102564102564 0.7278420038535646 0.049679487179487176 0.05684007707129094
0 0.6446314102564102 0.3155105973025048 0.09375 0.08766859344894026
0 0.2892628205128205 0.6016377649325626 0.10096153846153846 0.10308285163776493
0 0.4879807692307692 0.31454720616570325 0.04487179487179487 0.04720616570327553
0 0.8934294871794871 0.28082851637764933 0.0689102564102564 0.09152215799614644
0 0.46955128205128205 0.6276493256262042 0.05128205128205128 0.11849710982658959
0 0.561698717948718 0.31213872832369943 0.04006410256410256 0.06936416184971098
0 0.6594551282051282 0.5997109826589595 0.09294871794871795 0.06454720616570328
0 0.5649038461538461 0.5505780346820809 0.0641025641025641 0.09344894026974952
0 0.31650641025641024 0.50626204238921 0.05929487179487179 0.09344894026974952
0 0.6053685897435898 0.2186897880539499 0.03766025641025641 0.05973025048169557
0 0.42467948717948717 0.3969171483622351 0.049679487179487176 0.05394990366088632
0 0.421474358974359 0.33959537572254334 0.041666666666666664 0.04527938342967245
0 0.530448717948718 0.5910404624277457 0.04326923076923077 0.07803468208092486
0 0.27163461538461536 0.37427745664739887 0.11057692307692307 0.1165703275529865
0 0.71875 0.5447976878612717 0.038461538461538464 0.051059730250481696
0 0.26121794871794873 0.2909441233140655 0.0625 0.03468208092485549
0 0.6442307692307692 0.7683044315992292 0.03685897435897436 0.04913294797687861
0 0.9266826923076923 0.3699421965317919 0.11618589743589743 0.1252408477842004
0 0.9391025641025641 0.49710982658959535 0.07852564102564102 0.11175337186897881
0 0.49358974358974356 0.2764932562620424 0.12179487179487179 0.09441233140655106
0 0.7704326923076923 0.3578998073217726 0.04567307692307692 0.04720616570327553
0 0.6157852564102564 0.5154142581888247 0.03926282051282051 0.07321772639691715
0 0.31530448717948717 0.6676300578034682 0.04567307692307692 0.06165703275529865
0 0.7219551282051282 0.33670520231213874 0.02564102564102564 0.02601156069364162
0 0.6907051282051282 0.6738921001926782 0.08173076923076923 0.05876685934489403
0 0.4963942307692307 0.7649325626204239 0.047275641025641024 0.05009633911368015
0 0.6830929487179487 0.2745664739884393 0.05689102564102564 0.046242774566473986
0 0.7584134615384616 0.5197495183044316 0.0344551282051282 0.04335260115606936
0 0.8084935897435898 0.5698458574181118 0.04006410256410256 0.041425818882466284
0 0.2956730769230769 0.22639691714836224 0.03365384615384615 0.036608863198458574
0 0.4002403846153846 0.581888246628131 0.061698717948717945 0.0674373795761079
0 0.766826923076923 0.6801541425818882 0.038461538461538464 0.036608863198458574
0 0.5196314102564102 0.684971098265896 0.040865384615384616 0.05973025048169557
0 0.3293269230769231 0.27071290944123316 0.09134615384615384 0.036608863198458574
0 0.3489583333333333 0.7042389210019268 0.05368589743589743 0.08092485549132948
0 0.36338141025641024 0.6103082851637764 0.026442307692307692 0.031791907514450865
0 0.673076923076923 0.7172447013487476 0.05929487179487179 0.03757225433526012
0 0.6714743589743589 0.4484585741811175 0.028846153846153844 0.03564547206165703
0 0.7227564102564102 0.44026974951830444 0.046474358974358976 0.04046242774566474
0 0.8100961538461539 0.51252408477842 0.03685897435897436 0.03275529865125241
0 0.5580929487179487 0.18304431599229287 0.028044871794871792 0.036608863198458574
0 0.4046474358974359 0.42870905587668595 0.027243589743589744 0.04238921001926782
0 0.4238782051282051 0.21579961464354527 0.03365384615384615 0.07321772639691715
0 0.39463141025641024 0.6970134874759152 0.023237179487179488 0.06069364161849711
0 0.6662660256410257 0.2105009633911368 0.04407051282051282 0.08574181117533719
0 0.5965544871794871 0.15510597302504817 0.055288461538461536 0.038535645472061654
0 0.2920673076923077 0.441233140655106 0.04567307692307692 0.03468208092485549
0 0.8100961538461539 0.4576107899807322 0.03205128205128205 0.030828516377649325
0 0.7632211538461539 0.5727360308285163 0.028044871794871792 0.03757225433526012
0 0.9250801282051282 0.575626204238921 0.0985576923076923 0.13583815028901733
0 0.4298878205128205 0.655587668593449 0.015224358974358974 0.029865125240847785
0 0.9258814102564102 0.3304431599229287 0.058493589743589744 0.04046242774566474
0 0.39623397435897434 0.35741811175337185 0.028044871794871792 0.028901734104046242
0 0.7211538461538461 0.6223506743737958 0.028846153846153844 0.025048169556840076
0 0.8533653846153846 0.35934489402697495 0.03365384615384615 0.023121387283236993
0 0.7283653846153846 0.5900770712909441 0.024038461538461536 0.024084778420038536
0 0.7864583333333333 0.6122350674373795 0.021634615384615384 0.03371868978805395
0 0.8233173076923077 0.6594412331406551 0.024839743589743588 0.031791907514450865
0 0.5016025641025641 0.4576107899807322 0.019230769230769232 0.02119460500963391
0 0.890625 0.6546242774566474 0.09695512820512821 0.0394990366088632
0 0.7688301282051282 0.6305394990366089 0.021634615384615384 0.027938342967244702
0 0.860576923076923 0.6103082851637764 0.07371794871794872 0.027938342967244702
0 0.7203525641025641 0.394990366088632 0.024038461538461536 0.02697495183044316
0 0.500400641025641 0.1103082851637765 0.029647435897435896 0.04335260115606936
0 0.5492788461538461 0.1199421965317919 0.0344551282051282 0.041425818882466284
0 0.8537660256410257 0.40173410404624277 0.012019230769230768 0.02119460500963391
0 0.7632211538461539 0.4291907514450867 0.028044871794871792 0.029865125240847785
0 0.7552083333333333 0.9763969171483622 0.024839743589743588 0.022157996146435453
0 0.6915064102564102 0.9566473988439306 0.08173076923076923 0.05202312138728324
0 0.5584935897435898 0.05394990366088632 0.02564102564102564 0.030828516377649325
0 0.5853365384615384 0.057803468208092484 0.07932692307692307 0.03468208092485549
0 0.9567307692307692 0.8078034682080925 0.01282051282051282 0.03371868978805395
0 0.452724358974359 0.5857418111753372 0.01282051282051282 0.017341040462427744
0 0.8509615384615384 0.434971098265896 0.024038461538461536 0.02023121387283237
0 0.8966346153846153 0.7355491329479769 0.11538461538461538 0.11271676300578035
0 0.9567307692307692 0.6570327552986512 0.027243589743589744 0.028901734104046242
0 0.891426282051282 0.466281310211946 0.026442307692307692 0.06936416184971098
0 0.9615384615384615 0.2519267822736031 0.05769230769230769 0.08188824662813102
0 0.5837339743589743 0.7711946050096339 0.0953525641025641 0.10308285163776493
0 0.47756410256410253 0.7018304431599229 0.03205128205128205 0.0394990366088632
0 0.6201923076923077 0.644990366088632 0.06570512820512821 0.031791907514450865
0 0.5837339743589743 0.6069364161849711 0.03125 0.028901734104046242
