0 0.649375 0.6673076923076923 0.0575 0.06692307692307692
0 0.775 0.45346153846153847 0.0475 0.07307692307692308
0 0.530625 0.4723076923076923 0.055 0.06615384615384616
0 0.5621875000000001 0.5092307692307693 0.060625 0.06769230769230769
0 0.5575 0.8557692307692307 0.1225 0.09769230769230769
0 0.366875 0.6280769230769231 0.07125000000000001 0.036153846153846154
0 0.65375 0.806923076923077 0.085 0.09538461538461539
0 0.6584375 0.5973076923076923 0.038125 0.05
0 0.383125 0.30230769230769233 0.03875 0.05692307692307692
0 0.508125 0.6265384615384615 0.0775 0.07
0 0.4196875 0.5773076923076923 0.07062500000000001 0.07153846153846154
0 0.8121875000000001 0.5426923076923077 0.085625 0.08076923076923077
0 0.54625 0.2526923076923077 0.05 0.05923076923076923
0 0.35781250000000003 0.7092307692307692 0.098125 0.09230769230769231
0 0.7146875 0.3769230769230769 0.104375 0.10923076923076923
0 0.521875 0.698076923076923 0.04625 0.05
0 0.0996875 0.7657692307692308 0.07187500000000001 0.09615384615384616
0 0.5246875 0.36230769230769233 0.051875000000000004 0.12461538461538461
0 0.444375 0.7069230769230769 0.04125 0.07384615384615384
0 0.3271875 0.4065384615384615 0.096875 0.06846153846153846
0 0.42875 0.4519230769230769 0.0675 0.10076923076923076
0 0.6909375 0.4807692307692308 0.061875 0.09846153846153846
0 0.4034375 0.8096153846153846 0.038125 0.06384615384615384
0 0.58375 0.6057692307692307 0.051250000000000004 0.05615384615384615
0 0.589375 0.6673076923076923 0.0425 0.04692307692307692
0 0.4628125 0.40576923076923077 0.044375 0.0823076923076923
0 0.744375 0.6184615384615385 0.11625 0.12307692307692308
0 0.2684375 0.4696153846153846 0.039375 0.054615384615384614
0 0.7596875000000001 0.7065384615384616 0.064375 0.036153846153846154
0 0.33437500000000003 0.225 0.0375 0.05
0 0.06 0.6726923076923077 0.12 0.1346153846153846
0 0.0403125 0.5376923076923077 0.080625 0.12
0 0.5175 0.7396153846153846 0.1275 0.10076923076923076
0 0.2240625 0.6742307692307692 0.046875 0.05
0 0.3771875 0.4930769230769231 0.040625 0.07692307692307693
0 0.6834375 0.3076923076923077 0.046875 0.06615384615384616
0 0.275625 0.693076923076923 0.025 0.026153846153846153
0 0.29125 0.3296153846153846 0.085 0.06230769230769231
0 0.489375 0.2173076923076923 0.04875 0.05153846153846154
0 0.319375 0.7557692307692307 0.06 0.04846153846153846
0 0.22875 0.5 0.035 0.046153846153846156
0 0.1734375 0.45 0.040625 0.043076923076923075
0 0.7265625 0.7780769230769231 0.034375 0.03769230769230769
0 0.5996875 0.40615384615384614 0.063125 0.07076923076923076
0 0.21125 0.32884615384615384 0.04 0.03769230769230769
0 0.4690625 0.3038461538461538 0.041875 0.06307692307692307
0 0.6890625 0.7334615384615385 0.094375 0.03769230769230769
0 0.64625 0.27115384615384613 0.055 0.08692307692307692
0 0.63625 0.3726923076923077 0.02625 0.03307692307692308
0 0.306875 0.2823076923076923 0.06125 0.038461538461538464
0 0.323125 0.5696153846153846 0.02875 0.036153846153846154
0 0.2696875 0.5819230769230769 0.046875 0.04230769230769231
0 0.174375 0.5115384615384615 0.0375 0.03538461538461538
0 0.455 0.8446153846153847 0.02875 0.038461538461538464
0 0.6028125 0.57 0.026875 0.043076923076923075
0 0.5934375000000001 0.7992307692307692 0.034375 0.07692307692307693
0 0.5990625 0.2823076923076923 0.023125 0.06461538461538462
0 0.3409375 0.823076923076923 0.045625 0.09076923076923077
0 0.415625 0.8773076923076923 0.0575 0.040769230769230766
0 0.7196875 0.5484615384615384 0.046875 0.03692307692307692
0 0.1771875 0.57 0.033125 0.03230769230769231
0 0.2203125 0.4430769230769231 0.028125 0.038461538461538464
0 0.051250000000000004 0.4523076923076923 0.10250000000000001 0.14461538461538462
0 0.5646875 0.33 0.014375 0.03076923076923077
0 0.06281250000000001 0.7153846153846154 0.060625 0.043076923076923075
0 0.615 0.6461538461538462 0.02875 0.03076923076923077
0 0.261875 0.3869230769230769 0.02875 0.026153846153846153
0 0.1371875 0.6788461538461539 0.034375 0.023846153846153847
0 0.25625 0.4219230769230769 0.025 0.025384615384615384
0 0.1940625 0.40307692307692305 0.020625 0.03538461538461538
0 0.1534375 0.3553846153846154 0.025625000000000002 0.03230769230769231
0 0.499375 0.5465384615384615 0.01875 0.02076923076923077
0 0.083125 0.3657692307692308 0.10125 0.040769230769230766
0 0.21156250000000001 0.3819230769230769 0.020625 0.02846153846153846
0 0.1165625 0.41 0.076875 0.02923076923076923
0 0.274375 0.6307692307692307 0.025 0.027692307692307693
0 0.5190625 0.9184615384615384 0.030625 0.04461538461538461
0 0.46718750000000003 0.9107692307692308 0.035625000000000004 0.043076923076923075
0 0.13468750000000002 0.6334615384615384 0.011875 0.022307692307692306
0 0.228125 0.5969230769230769 0.02875 0.03230769230769231
0 0.2078125 0.010769230769230769 0.024375 0.021538461538461538
0 0.2759375 0.027307692307692307 0.084375 0.054615384615384614
0 0.46125 0.9823076923076923 0.02625 0.03230769230769231
0 0.4328125 0.9807692307692307 0.083125 0.03538461538461538
0 0.00625 0.20653846153846153 0.0125 0.03461538461538462
0 0.5440625 0.40576923076923077 0.013125 0.019230769230769232
0 0.135625 0.5965384615384616 0.02375 0.02076923076923077
0 0.0728125 0.2792307692307692 0.120625 0.12
0 0.0140625 0.36730769230769234 0.028125 0.03
0 0.091875 0.566923076923077 0.02625 0.07384615384615384
0 0.029687500000000002 0.8011538461538461 0.059375000000000004 0.08692307692307692
0 0.3978125 0.2173076923076923 0.099375 0.11
0 0.5121875 0.28384615384615386 0.033125 0.04153846153846154
0 0.36625 0.355 0.0675 0.03307692307692308
0 0.40625 0.3934615384615385 0.03125 0.03
