0 0.649792531120332 0.3459214501510574 0.056431535269709544 0.06545820745216516
0 0.7659751037344398 0.5558912386706949 0.04813278008298755 0.07049345417925479
0 0.5286307053941909 0.527693856998993 0.054771784232365145 0.06445115810674723
0 0.5605809128630705 0.49395770392749244 0.06058091286307054 0.06545820745216516
0 0.5655601659751037 0.16163141993957703 0.12033195020746888 0.09365558912386707
0 0.37385892116182573 0.37210473313192344 0.07053941908713693 0.035246727089627394
0 0.6580912863070539 0.21248741188318226 0.08298755186721991 0.09264853977844914
0 0.6568464730290456 0.41289023162134947 0.03734439834024896 0.04833836858006042
0 0.3809128630705394 0.6842900302114804 0.03817427385892116 0.0553877139979859
0 0.5116182572614107 0.37915407854984895 0.07551867219917012 0.06747230614300101
0 0.42448132780082987 0.42245720040281975 0.06887966804979254 0.06948640483383686
0 0.8049792531120332 0.47180261832829806 0.08464730290456432 0.07955689828801611
0 0.5381742738589211 0.7381671701913394 0.05062240663900415 0.05840886203423968
0 0.3680497925311203 0.2935548841893253 0.0954356846473029 0.08962739174219536
0 0.7049792531120331 0.6268882175226587 0.1020746887966805 0.10574018126888217
0 0.5265560165975104 0.31067472306143 0.04564315352697095 0.04934541792547835
0 0.11867219917012448 0.22860020140986909 0.06970954356846473 0.094662638469285
0 0.5203319502074689 0.6329305135951662 0.051452282157676346 0.12185297079556898
0 0.45186721991701245 0.2990936555891239 0.04066390041493776 0.07049345417925479
0 0.32987551867219916 0.5820745216515609 0.0954356846473029 0.06646525679758308
0 0.42946058091286304 0.5427995971802618 0.06556016597510374 0.09667673716012085
0 0.6850622406639004 0.526183282980866 0.06058091286307054 0.09566968781470292
0 0.41493775933609955 0.19889224572004027 0.03817427385892116 0.06143001007049345
0 0.5838174273858922 0.40231621349446123 0.05062240663900415 0.0553877139979859
0 0.591701244813278 0.3434038267875126 0.043153526970954356 0.04632426988922457
0 0.4609958506224066 0.5881168177240684 0.04398340248962655 0.08056394763343404
0 0.7410788381742739 0.39627391742195367 0.11286307053941909 0.11983887210473314
0 0.2742738589211618 0.5196374622356495 0.03900414937759336 0.05236656596173213
0 0.7576763485477178 0.31268882175226587 0.06307053941908713 0.035246727089627394
0 0.33153526970954356 0.756797583081571 0.03734439834024896 0.04934541792547835
0 0.07717842323651453 0.3162134944612286 0.11784232365145228 0.12890231621349446
0 0.054771784232365145 0.4446122860020141 0.07966804979253111 0.11581067472306143
0 0.5236514522821577 0.27089627391742194 0.12448132780082988 0.09667673716012085
0 0.23651452282157676 0.3217522658610272 0.046473029045643155 0.04934541792547835
0 0.3809128630705394 0.501007049345418 0.03983402489626556 0.0755287009063444
0 0.6730290456431535 0.6913393756294058 0.046473029045643155 0.0634441087613293
0 0.287551867219917 0.3056394763343404 0.025726141078838173 0.027190332326283987
0 0.2921161825726141 0.6545820745216515 0.08298755186721991 0.060422960725075525
0 0.4817427385892116 0.769889224572004 0.04730290456431535 0.0513595166163142
0 0.33153526970954356 0.2472306143001007 0.05892116182572614 0.0473313192346425
0 0.23651452282157676 0.48892245720040284 0.034854771784232366 0.045317220543806644
0 0.1813278008298755 0.5342396777442094 0.04066390041493776 0.0433031218529708
0 0.7282157676348547 0.24219536757301108 0.03402489626556016 0.03726082578046324
0 0.5937759336099585 0.5936555891238671 0.06224066390041494 0.06948640483383686
0 0.21452282157676347 0.6520644511581067 0.03900414937759336 0.03726082578046324
0 0.46431535269709545 0.6863041289023162 0.04232365145228216 0.06143001007049345
0 0.6904564315352697 0.283987915407855 0.09294605809128631 0.038267875125881166
0 0.6360995850622406 0.7255790533736153 0.05394190871369294 0.08358509566968782
0 0.629045643153527 0.6268882175226587 0.026556016597510373 0.03323262839879154
0 0.30663900414937756 0.7009063444108762 0.06058091286307054 0.038267875125881166
0 0.32987551867219916 0.4259818731117825 0.029045643153526972 0.03625377643504532
0 0.27842323651452283 0.41137965760322254 0.04730290456431535 0.041289023162134945
0 0.1842323651452282 0.47532729103726085 0.03817427385892116 0.03423967774420947
0 0.46556016597510375 0.16817724068479356 0.028215767634854772 0.038267875125881166
0 0.6020746887966805 0.43705941591137965 0.027385892116182572 0.04229607250755287
0 0.5991701244813278 0.21701913393756295 0.03319502074688797 0.0755287009063444
0 0.5908713692946058 0.7124874118831823 0.023236514522821577 0.06143001007049345
0 0.35435684647302906 0.18328298086606243 0.044813278008298756 0.08862034239677744
0 0.42904564315352695 0.13444108761329304 0.056431535269709544 0.03927492447129909
0 0.7149377593360996 0.46273917421953675 0.04730290456431535 0.035246727089627394
0 0.1883817427385892 0.418932527693857 0.03319502074688797 0.032225579053373615
0 0.22738589211618257 0.5427995971802618 0.028215767634854772 0.038267875125881166
0 0.06265560165975104 0.526686807653575 0.1004149377593361 0.13897280966767372
0 0.558091286307054 0.6656596173212488 0.015767634854771784 0.030211480362537763
0 0.08091286307053942 0.2759315206445116 0.05892116182572614 0.04229607250755287
0 0.6161825726141079 0.365055387713998 0.029045643153526972 0.03121852970795569
0 0.26556016597510373 0.5986908358509567 0.029875518672199168 0.025176233635448138
0 0.15228215767634853 0.31369587109768376 0.03402489626556016 0.023162134944612285
0 0.26058091286307056 0.5644511581067472 0.024896265560165973 0.025176233635448138
0 0.19999999999999998 0.580563947633434 0.021576763485477178 0.035246727089627394
0 0.15892116182572613 0.6238670694864048 0.025726141078838173 0.03323262839879154
0 0.5008298755186722 0.4551863041289023 0.01908713692946058 0.02215508559919436
0 0.0912863070539419 0.6112789526686808 0.0979253112033195 0.04028197381671702
0 0.216597510373444 0.6007049345417925 0.021576763485477178 0.02920443101711984
0 0.12489626556016598 0.5694864048338368 0.07551867219917012 0.02920443101711984
0 0.2846473029045643 0.36555891238670696 0.024896265560165973 0.028197381671701913
0 0.5302904564315353 0.10020140986908359 0.029875518672199168 0.0433031218529708
0 0.4796680497925311 0.10473313192346426 0.034854771784232366 0.04229607250755287
0 0.14854771784232365 0.35699899295065457 0.011618257261410789 0.021148036253776436
0 0.23817427385892115 0.39526686807653577 0.028215767634854772 0.03121852970795569
0 0.2024896265560166 0.9566968781470292 0.024896265560165973 0.02215508559919436
0 0.2688796680497925 0.9436052366565961 0.08298755186721991 0.054380664652567974
0 0.4759336099585062 0.03575025176233636 0.025726141078838173 0.03121852970795569
0 0.4481327800829875 0.03625377643504532 0.08132780082987552 0.03625377643504532
0 0.012033195020746887 0.7608257804632427 0.014107883817427386 0.035246727089627394
0 0.5406639004149377 0.5921450151057401 0.014107883817427386 0.01812688821752266
0 0.14854771784232365 0.391742195367573 0.024896265560165973 0.02014098690835851
0 0.07883817427385892 0.6933534743202416 0.11784232365145228 0.11581067472306143
0 0.024066390041493774 0.6067472306143001 0.028215767634854772 0.02920443101711984
0 0.1053941908713693 0.41842900302114805 0.026556016597510373 0.07150050352467271
0 0.051452282157676346 0.19184290030211482 0.058091286307053944 0.08358509566968782
0 0.3929460580912863 0.7663645518630413 0.0970954356846473 0.1067472306143001
0 0.5062240663900415 0.7074521651560927 0.03319502074688797 0.041289023162134945
0 0.3659751037344398 0.6334340382678751 0.06639004149377593 0.032225579053373615
0 0.4058091286307054 0.5981873111782477 0.03153526970954357 0.030211480362537763
