0 0.3651551312649165 0.06069364161849711 0.06364359586316627 0.06165703275529865
0 0.9443118536197296 0.04335260115606936 0.046141607000795545 0.08477842003853564
0 0.2728719172633254 0.1199421965317919 0.06523468575974543 0.09922928709055877
0 0.15393794749403342 0.7023121387283237 0.06762132060461416 0.15028901734104047
0 0.9570405727923628 0.15895953757225434 0.028639618138424822 0.046242774566473986
0 0.07319013524264122 0.9079961464354528 0.08750994431185362 0.17822736030828515
0 0.050119331742243436 0.7504816955684007 0.05250596658711217 0.08670520231213873
0 0.15910898965791567 0.9344894026974951 0.08591885441527447 0.11753371868978806
0 0.560461416070008 0.10211946050096339 0.2617342879872713 0.16377649325626203
0 0.8870326173428799 0.0197495183044316 0.04932378679395386 0.031791907514450865
0 0.16984884645982498 0.9176300578034682 0.021479713603818618 0.0838150289017341
0 0.30031821797931585 0.8106936416184971 0.14081145584725538 0.21483622350674372
0 0.18973747016706444 0.05250481695568401 0.10262529832935562 0.02601156069364162
0 0.6599045346062052 0.038053949903660886 0.061256961018297536 0.04527938342967245
0 0.7044550517104217 0.09248554913294797 0.1694510739856802 0.1579961464354528
0 0.2728719172633254 0.9730250481695568 0.06046141607000796 0.028901734104046242
0 0.24463007159904535 0.6883429672447013 0.03102625298329356 0.07418111753371869
0 0.883054892601432 0.08670520231213873 0.08432776451869531 0.08285163776493257
0 0.8611774065234686 0.24518304431599228 0.17899761336515513 0.16473988439306358
0 0.8846459824980112 0.1710019267822736 0.04136833731105807 0.0626204238921002
