0 0.38613013698630133 0.04022988505747127 0.06506849315068493 0.06374085684430512
0 0.9755993150684931 0.06687565308254964 0.047089041095890405 0.08777429467084641
0 0.2898116438356164 0.09352142110762801 0.06592465753424658 0.1013584117032393
0 0.13827054794520546 0.6797283176593522 0.06934931506849315 0.15360501567398122
0 0.9820205479452054 0.18652037617554862 0.02910958904109589 0.04911180773249739
0 0.045376712328767124 0.8845350052246604 0.08904109589041095 0.18286311389759669
0 0.029965753424657533 0.7215256008359457 0.053082191780821915 0.08881922675026124
0 0.1314212328767123 0.9179728317659354 0.08647260273972603 0.12016718913270638
0 0.5821917808219178 0.09770114942528736 0.26712328767123283 0.16823406478578895
0 0.9186643835616438 0.038140020898641595 0.05136986301369863 0.03239289446185998
0 0.1429794520547945 0.9012539184952979 0.02226027397260274 0.08672936259143156
0 0.2808219178082192 0.8025078369905957 0.14383561643835616 0.2215256008359457
0 0.2089041095890411 0.017763845350052248 0.10445205479452055 0.02716823406478579
0 0.6870719178082192 0.03970741901776385 0.0625 0.04597701149425288
0 0.7294520547945205 0.09874608150470221 0.17294520547945205 0.16196447230929992
0 0.24486301369863012 0.9665621734587253 0.06164383561643835 0.02925809822361547
0 0.23159246575342465 0.6724137931034483 0.031678082191780824 0.07628004179728319
0 0.9105308219178082 0.1065830721003135 0.08647260273972603 0.08568443051201673
0 0.8801369863013698 0.26750261233019856 0.1815068493150685 0.16927899686520378
0 0.9079623287671232 0.19278996865203762 0.04195205479452055 0.06374085684430512
