0 0.40733590733590735 0.9421296296296297 0.06254826254826255 0.06018518518518519
0 0.9745173745173745 0.8851851851851852 0.044787644787644784 0.08333333333333334
0 0.3115830115830116 0.8967592592592593 0.06409266409266409 0.09722222222222222
0 0.14401544401544403 0.34861111111111115 0.06718146718146718 0.14537037037037037
0 0.9768339768339769 0.7717592592592593 0.027799227799227798 0.04537037037037037
0 0.04749034749034749 0.15972222222222224 0.08571428571428572 0.17314814814814816
0 0.03861003861003861 0.31527777777777777 0.050965250965250966 0.08425925925925926
0 0.12895752895752896 0.12361111111111112 0.0833976833976834 0.11388888888888889
0 0.5942084942084942 0.8768518518518519 0.2571428571428571 0.15925925925925927
0 0.9208494208494209 0.9157407407407407 0.04864864864864865 0.031481481481481485
0 0.14054054054054055 0.13842592592592592 0.021621621621621623 0.08240740740740742
0 0.2776061776061776 0.225 0.13822393822393822 0.20925925925925926
0 0.23667953667953667 0.9726851851851852 0.10115830115830116 0.025
0 0.6972972972972973 0.9268518518518519 0.06023166023166023 0.044444444444444446
0 0.7362934362934362 0.8685185185185186 0.16602316602316602 0.1537037037037037
0 0.23667953667953667 0.0712962962962963 0.059459459459459456 0.02777777777777778
0 0.23436293436293437 0.3509259259259259 0.030115830115830116 0.07222222222222223
0 0.9108108108108108 0.850925925925926 0.08262548262548262 0.08148148148148149
0 0.8756756756756757 0.700462962962963 0.1745173745173745 0.16018518518518518
0 0.9046332046332046 0.7694444444444445 0.040926640926640924 0.061111111111111116
