0 0.3719665271966527 0.04447852760736197 0.06443514644351464 0.06441717791411043
0 0.9623430962343096 0.04396728016359919 0.04686192468619246 0.08793456032719837
0 0.27656903765690377 0.10224948875255625 0.06610878661087866 0.10224948875255625
0 0.14309623430962343 0.6968302658486708 0.06861924686192468 0.15439672801635992
0 0.9728033472803347 0.16308793456032722 0.02928870292887029 0.048057259713701436
0 0.05690376569037656 0.9069529652351739 0.08870292887029288 0.18404907975460125
0 0.03682008368200836 0.7438650306748467 0.05355648535564853 0.08895705521472394
0 0.14393305439330542 0.9366053169734152 0.08702928870292886 0.12065439672801637
0 0.5698744769874476 0.0925357873210634 0.26778242677824265 0.16871165644171782
0 0.905020920502092 0.017382413087934562 0.05104602510460251 0.032719836400818
0 0.15523012552301255 0.9187116564417179 0.022594142259414224 0.08691206543967281
0 0.2899581589958159 0.8133946830265849 0.14309623430962343 0.22188139059304707
0 0.19330543933054392 0.03016359918200409 0.10543933054393305 0.027607361963190188
0 0.6732217573221757 0.029652351738241312 0.06276150627615062 0.04703476482617587
0 0.7171548117154811 0.08640081799591003 0.1723849372384937 0.16257668711656442
0 0.2589958158995816 0.979038854805726 0.06108786610878661 0.029652351738241312
0 0.23598326359832636 0.6855828220858896 0.031799163179916316 0.07668711656441718
0 0.8991631799163179 0.08691206543967281 0.08619246861924686 0.08588957055214724
0 0.8736401673640167 0.24897750511247446 0.1824267782426778 0.16871165644171782
0 0.8987447698744769 0.17331288343558285 0.04184100418410042 0.06441717791411043
