0 0.3911960132890366 0.9555555555555556 0.06478405315614619 0.06262626262626263
0 0.9750830564784053 0.9217171717171717 0.046511627906976744 0.08585858585858586
0 0.29443521594684385 0.9040404040404041 0.06561461794019934 0.10101010101010101
0 0.13953488372093023 0.32676767676767676 0.0681063122923588 0.15252525252525254
0 0.9804817275747508 0.8035353535353535 0.029069767441860465 0.047474747474747475
0 0.04568106312292359 0.12575757575757576 0.08803986710963456 0.1808080808080808
0 0.032392026578073094 0.2873737373737374 0.053156146179401995 0.08787878787878788
0 0.1303986710963455 0.09191919191919191 0.08637873754152824 0.1191919191919192
0 0.5851328903654485 0.895959595959596 0.2649501661129568 0.16565656565656567
0 0.9186046511627907 0.9505050505050505 0.04983388704318937 0.03232323232323232
0 0.14244186046511628 0.10808080808080808 0.022425249169435217 0.08484848484848485
0 0.27990033222591365 0.20404040404040405 0.14285714285714285 0.21818181818181817
0 0.21553156146179403 0.9797979797979798 0.10382059800664452 0.026262626262626262
0 0.6893687707641196 0.9525252525252526 0.061461794019933555 0.046464646464646465
0 0.7308970099667774 0.8934343434343435 0.17109634551495018 0.1606060606060606
0 0.24294019933554817 0.04292929292929293 0.0606312292358804 0.029292929292929294
0 0.23172757475083058 0.3328282828282828 0.03156146179401993 0.07575757575757576
0 0.9102990033222591 0.8828282828282829 0.08471760797342193 0.08484848484848485
0 0.8787375415282392 0.7247474747474747 0.17940199335548174 0.16666666666666666
0 0.90656146179402 0.797979797979798 0.04235880398671096 0.06262626262626263
