0 0.4005799502899751 0.9475524475524475 0.06379453189726594 0.060939060939060936
0 0.9747307373653686 0.9000999000999002 0.04556752278376139 0.08391608391608392
0 0.3048881524440762 0.8996003996003996 0.06462303231151616 0.0989010989010989
0 0.14208782104391052 0.33966033966033965 0.06710853355426677 0.14785214785214784
0 0.9788732394366196 0.7847152847152847 0.02899751449875725 0.04695304695304695
0 0.0468102734051367 0.14535464535464535 0.08699254349627174 0.17682317682317683
0 0.03603976801988401 0.3036963036963037 0.05219552609776305 0.08591408591408592
0 0.1296603148301574 0.10989010989010989 0.08533554266777132 0.11588411588411589
0 0.5907207953603977 0.8851148851148851 0.260149130074565 0.16183816183816183
0 0.9204639602319801 0.9300699300699301 0.04971002485501243 0.03196803196803197
0 0.14167357083678542 0.1258741258741259 0.021541010770505385 0.08391608391608392
0 0.2787903893951947 0.2162837162837163 0.140016570008285 0.2127872127872128
0 0.22742336371168184 0.9755244755244755 0.10190555095277547 0.026973026973026972
0 0.6942833471416735 0.9375624375624375 0.061309030654515324 0.04495504495504495
0 0.7344656172328086 0.8791208791208791 0.16818558409279205 0.15584415584415584
0 0.23943661971830985 0.05944055944055944 0.05965202982601491 0.028971028971028972
0 0.2332228666114333 0.34315684315684314 0.030654515327257662 0.07292707292707293
0 0.9109362054681027 0.8646353646353646 0.08367854183927091 0.08291708291708291
0 0.8773819386909693 0.7107892107892108 0.17729908864954433 0.16283716283716285
0 0.9059652029826014 0.7812187812187812 0.04059652029826015 0.061938061938061936
