0 0.6186440677966102 0.9638971315529179 0.06537530266343826 0.06429277942631058
0 0.024616626311541566 0.9451038575667655 0.047619047619047616 0.08803165182987141
0 0.7158999192897497 0.9090009891196834 0.06618240516545601 0.10286844708209693
0 0.8635996771589991 0.3135509396636993 0.06941081517352704 0.1562809099901088
0 0.016545601291364002 0.8239366963402571 0.02986279257465698 0.04945598417408506
0 0.9552058111380145 0.10484668644906034 0.08958837772397094 0.18595450049455983
0 0.9717514124293785 0.27002967359050445 0.053268765133171914 0.08902077151335311
0 0.8680387409200968 0.07171117705242334 0.08797417271993543 0.12166172106824925
0 0.420500403551251 0.9085064292779426 0.26957223567393057 0.17111770524233433
0 0.08192090395480225 0.973293768545994 0.05084745762711864 0.033630069238377844
0 0.8563357546408393 0.08902077151335311 0.022598870056497175 0.08704253214638971
0 0.7187247780468119 0.19090009891196835 0.14447134786117835 0.22354104846686448
0 0.7978208232445521 0.9841740850642927 0.10573042776432606 0.027695351137487636
0 0.31557707828894266 0.9688427299703264 0.06295399515738498 0.04648862512363996
0 0.27239709443099275 0.9099901088031651 0.17352703793381757 0.1641938674579624
0 0.7530266343825666 0.02472799208704253 0.06133979015334947 0.029673590504451036
0 0.7695722356739305 0.3219584569732938 0.03147699757869249 0.076162215628091
0 0.08958837772397094 0.9040553907022749 0.08716707021791767 0.08704253214638971
0 0.11864406779661016 0.7413452027695351 0.1824051654560129 0.17111770524233433
0 0.09160613397901533 0.8165182987141444 0.04277643260694108 0.06429277942631058
