0 0.40290088638195004 0.930164888457808 0.06285253827558421 0.06013579049466537
0 0.9746172441579372 0.879243452958293 0.0459307010475423 0.08438409311348205
0 0.30701047542304594 0.8831231813773036 0.064464141821112 0.0979631425800194
0 0.14302981466559225 0.3273520853540252 0.06688154713940371 0.1483996120271581
0 0.9778404512489927 0.7643064985451018 0.0282030620467365 0.04655674102812803
0 0.047139403706688156 0.13530552861299708 0.0862207896857373 0.1755577109602328
0 0.0370668815471394 0.2924345295829292 0.0515713134568896 0.08438409311348205
0 0.12933118452860595 0.0994180407371484 0.0846091861402095 0.11542192046556742
0 0.5914585012087026 0.8666343355965083 0.2594681708299758 0.16197866149369544
0 0.9206285253827559 0.9093113482056256 0.0491539081385979 0.03200775945683802
0 0.14141821112006445 0.11493695441319107 0.021756647864625302 0.08244422890397672
0 0.27800161160354553 0.20368574199806014 0.1385979049153908 0.21144519883608148
0 0.2304593070104754 0.9587778855480117 0.1015310233682514 0.026188166828322017
0 0.6950040290088638 0.9175557710960233 0.060435132957292505 0.0446168768186227
0 0.7348912167606768 0.8593598448108632 0.16760676873489122 0.15518913676042678
0 0.2385173247381144 0.048011639185257034 0.0596293311845286 0.028128031037827354
0 0.233682514101531 0.33026188166828324 0.0306204673650282 0.07274490785645005
0 0.9105560032232071 0.8443258971871969 0.08380338436744561 0.08244422890397672
0 0.8763094278807413 0.6910766246362755 0.1764705882352941 0.16197866149369544
0 0.9053182917002417 0.7613967022308439 0.0410958904109589 0.06207565470417071
