0 0.376875 0.03192307692307692 0.065 0.06384615384615384
0 0.9753125 0.04423076923076923 0.046875 0.08846153846153847
0 0.279375 0.08846153846153847 0.06625 0.10307692307692308
0 0.1353125 0.6938461538461539 0.069375 0.15692307692307692
0 0.984375 0.16615384615384615 0.02875 0.047692307692307694
0 0.044375 0.9053846153846153 0.08875 0.18615384615384614
0 0.0265625 0.7384615384615385 0.053125 0.08923076923076922
0 0.131875 0.9376923076923077 0.08750000000000001 0.12153846153846154
0 0.576875 0.08538461538461538 0.27 0.17076923076923076
0 0.9175 0.015769230769230768 0.051250000000000004 0.031538461538461536
0 0.1440625 0.9207692307692308 0.021875000000000002 0.0876923076923077
0 0.281875 0.8153846153846154 0.145 0.22615384615384615
0 0.195625 0.013461538461538462 0.10625 0.026923076923076925
0 0.6825 0.02346153846153846 0.0625 0.04692307692307692
0 0.7262500000000001 0.08269230769230769 0.17500000000000002 0.16538461538461538
0 0.2484375 0.9842307692307692 0.060625 0.02846153846153846
0 0.23 0.683076923076923 0.03125 0.07692307692307693
0 0.9109375000000001 0.08576923076923076 0.08687500000000001 0.08692307692307692
0 0.8825000000000001 0.25153846153846154 0.18375 0.1723076923076923
0 0.9090625 0.17461538461538462 0.041875 0.06461538461538462
