0 0.6207165109034267 0.03301435406698565 0.06542056074766354 0.06411483253588517
0 0.023753894080996884 0.04832535885167464 0.04750778816199377 0.0889952153110048
0 0.7180685358255452 0.08947368421052632 0.06697819314641744 0.10430622009569378
0 0.8637071651090342 0.6909090909090909 0.07009345794392523 0.1569377990430622
0 0.015186915887850467 0.16985645933014354 0.02881619937694704 0.048803827751196176
0 0.9544392523364486 0.9014354066985646 0.0895638629283489 0.1875598086124402
0 0.9723520249221184 0.7354066985645933 0.053738317757009345 0.09090909090909091
0 0.8672118380062305 0.9339712918660288 0.08800623052959501 0.12248803827751197
0 0.4217289719626168 0.0875598086124402 0.2702492211838006 0.17129186602870813
0 0.08177570093457943 0.019617224880382776 0.0514018691588785 0.03349282296650718
0 0.8555295950155763 0.9167464114832536 0.022585669781931463 0.08803827751196172
0 0.7172897196261682 0.8129186602870814 0.14485981308411214 0.22488038277511962
0 0.8014018691588785 0.013875598086124402 0.1059190031152648 0.027751196172248804
0 0.31658878504672894 0.02583732057416268 0.0630841121495327 0.04784688995215311
0 0.27258566978193144 0.08564593301435407 0.17445482866043613 0.16555023923444975
0 0.7511682242990654 0.9808612440191388 0.061526479750778816 0.03062200956937799
0 0.7690809968847352 0.6818181818181819 0.031931464174454825 0.07751196172248805
0 0.08878504672897196 0.08995215311004785 0.08722741433021806 0.08803827751196172
0 0.117601246105919 0.2545454545454546 0.1838006230529595 0.1722488038277512
0 0.09073208722741433 0.1779904306220096 0.042834890965732085 0.06507177033492823
