0 0.6225 0.9673076923076923 0.065 0.06384615384615384
0 0.0234375 0.955 0.046875 0.08846153846153847
0 0.72 0.9103846153846153 0.06625 0.10384615384615385
0 0.8640625000000001 0.30538461538461537 0.069375 0.15692307692307692
0 0.014375 0.8326923076923077 0.02875 0.04846153846153846
0 0.9546875 0.09346153846153846 0.089375 0.18692307692307691
0 0.9728125 0.2603846153846154 0.053125 0.09
0 0.8668750000000001 0.061153846153846156 0.08750000000000001 0.12230769230769231
0 0.4221875 0.9134615384615384 0.270625 0.17153846153846153
0 0.0815625 0.9830769230769231 0.050625 0.03230769230769231
0 0.8553125 0.07846153846153846 0.021875000000000002 0.0876923076923077
0 0.716875 0.18346153846153845 0.145 0.22538461538461538
0 0.8034375 0.9857692307692307 0.105625 0.026923076923076925
0 0.316875 0.9757692307692307 0.0625 0.04692307692307692
0 0.2728125 0.9165384615384615 0.174375 0.16538461538461538
0 0.750625 0.014615384615384615 0.06125 0.02923076923076923
0 0.769375 0.3153846153846154 0.03125 0.07692307692307693
0 0.0884375 0.9126923076923077 0.08687500000000001 0.08692307692307692
0 0.116875 0.7476923076923077 0.18375 0.1723076923076923
0 0.0903125 0.8246153846153846 0.041875 0.06461538461538462
