0 0.6328699918233851 0.05704365079365079 0.06377759607522486 0.0625
0 0.050695012264922325 0.04365079365079365 0.04578904333605888 0.08531746031746032
0 0.7260834014717907 0.11557539682539682 0.06541291905151267 0.10019841269841269
0 0.848732624693377 0.7008928571428571 0.06868356500408831 0.15178571428571427
0 0.038430089942763694 0.16021825396825395 0.029435813573180702 0.04662698412698413
0 0.9309076042518397 0.9077380952380952 0.08748977923139821 0.18055555555555555
0 0.9533932951757973 0.7490079365079365 0.05233033524121014 0.0873015873015873
0 0.8450531479967294 0.9350198412698412 0.08585445625511039 0.11805555555555555
0 0.43704006541291907 0.10019841269841269 0.26410466067048244 0.16468253968253968
0 0.10834014717906787 0.018849206349206348 0.04987735077677841 0.031746031746031744
0 0.8336058871627147 0.9176587301587301 0.022076860179885527 0.08531746031746032
0 0.7023712183156173 0.8115079365079365 0.14227309893704007 0.21626984126984125
0 0.8094848732624693 0.04712301587301587 0.10302534750613246 0.026785714285714284
0 0.3364677023712183 0.03571428571428571 0.06132461161079313 0.04563492063492063
0 0.2919051512673753 0.09077380952380952 0.17007358953393295 0.1597222222222222
0 0.7301717089125103 0.9747023809523809 0.06050695012264923 0.028769841269841268
0 0.7571545380212592 0.6875 0.031071136549468522 0.07539682539682539
0 0.11283728536385937 0.08680555555555555 0.08503679476696648 0.08432539682539682
0 0.13532297628781684 0.24652777777777776 0.17906786590351595 0.16567460317460317
0 0.1116107931316435 0.17113095238095238 0.04170073589533933 0.0625
