0 0.364592094196804 0.06351626016260163 0.06307821698906645 0.06199186991869919
0 0.9423885618166526 0.04319105691056911 0.04625735912531539 0.08434959349593497
0 0.27249789739276703 0.12296747967479676 0.063919259882254 0.09959349593495936
0 0.15559293523969722 0.7027439024390245 0.0672834314550042 0.14939024390243905
0 0.9554247266610597 0.1585365853658537 0.028595458368376785 0.0467479674796748
0 0.07569386038687972 0.9080284552845529 0.08746846089150546 0.17784552845528456
0 0.05214465937762826 0.7515243902439025 0.05214465937762826 0.08638211382113822
0 0.16148023549201007 0.9344512195121952 0.08578637510513036 0.116869918699187
0 0.5597140454163162 0.10416666666666667 0.2615643397813288 0.1636178861788618
0 0.8851976450798991 0.01981707317073171 0.0496215306980656 0.03150406504065041
0 0.17241379310344826 0.9171747967479675 0.021867115222876366 0.08434959349593497
0 0.3015138772077376 0.8104674796747968 0.14045416316232126 0.2144308943089431
0 0.18923465096719932 0.05589430894308944 0.10260723296888141 0.026422764227642278
0 0.6589571068124475 0.039126016260162606 0.061396131202691336 0.04573170731707318
0 0.7035323801513876 0.0929878048780488 0.16904962153069805 0.15752032520325204
0 0.27544154751892347 0.9720528455284554 0.05971404541631623 0.02947154471544716
0 0.24642556770395288 0.6885162601626017 0.030277544154751892 0.0741869918699187
0 0.8809924306139613 0.08638211382113822 0.08494533221194281 0.08333333333333334
0 0.8599663582842725 0.24491869918699188 0.17746005046257357 0.16463414634146342
0 0.8826745164003363 0.1702235772357724 0.04121110176619008 0.06199186991869919
