0 0.3732517482517482 0.046424759871931696 0.06468531468531469 0.06296691568836714
0 0.9624125874125874 0.04375667022411953 0.0472027972027972 0.08751334044823907
0 0.27884615384615385 0.10458911419423693 0.06643356643356643 0.1024546424759872
0 0.1472902097902098 0.6979722518676628 0.06905594405594405 0.1536819637139808
0 0.9733391608391608 0.16275346851654215 0.028846153846153848 0.048025613660619
0 0.06118881118881119 0.9060832443970118 0.08916083916083917 0.18356456776947708
0 0.040646853146853144 0.7443970117395945 0.05332167832167832 0.08858057630736393
0 0.14816433566433568 0.9359658484525081 0.08653846153846154 0.11953041622198507
0 0.5712412587412588 0.09391675560298826 0.2666083916083916 0.16862326574172892
0 0.9047202797202797 0.0176093916755603 0.050699300699300696 0.033084311632870865
0 0.1590909090909091 0.9183564567769478 0.022727272727272728 0.0864461045891142
0 0.2937062937062937 0.812700106723586 0.14335664335664336 0.2209178228388474
0 0.19536713286713286 0.03255069370330843 0.10402097902097902 0.026680896478121666
0 0.673951048951049 0.030949839914621132 0.06293706293706294 0.04695837780149413
0 0.7180944055944056 0.08751334044823907 0.17220279720279721 0.16221985058697974
0 0.2631118881118881 0.9786552828175027 0.06118881118881119 0.029882604055496267
0 0.2395104895104895 0.6856990394877268 0.03146853146853147 0.07577374599786553
0 0.8994755244755245 0.0864461045891142 0.08566433566433566 0.08537886872998933
0 0.8745629370629371 0.24866595517609394 0.18094405594405594 0.16862326574172892
0 0.8994755244755245 0.1728922091782284 0.04195804195804196 0.064034151547492
