0 0.3762254901960784 0.032663316582914576 0.0661764705882353 0.06532663316582915
0 0.9746732026143791 0.044221105527638194 0.04738562091503268 0.08844221105527639
0 0.27941176470588236 0.08944723618090453 0.06699346405228758 0.10452261306532665
0 0.13562091503267976 0.6934673366834172 0.07026143790849673 0.15678391959798996
0 0.9836601307189543 0.1663316582914573 0.029411764705882353 0.0492462311557789
0 0.04534313725490196 0.9050251256281407 0.09068627450980392 0.18793969849246234
0 0.02696078431372549 0.7386934673366835 0.05392156862745098 0.09045226130653267
0 0.13316993464052287 0.9371859296482413 0.08823529411764706 0.12361809045226133
0 0.5767973856209151 0.08592964824120604 0.2712418300653595 0.17185929648241208
0 0.9166666666666667 0.016582914572864323 0.05065359477124183 0.033165829145728645
0 0.14460784313725492 0.9195979899497488 0.022875816993464054 0.08844221105527639
0 0.2826797385620915 0.8150753768844222 0.1454248366013072 0.22512562814070353
0 0.19566993464052287 0.01407035175879397 0.10702614379084968 0.02814070351758794
0 0.681781045751634 0.02361809045226131 0.06290849673202614 0.04723618090452262
0 0.7254901960784313 0.08291457286432162 0.17483660130718956 0.16582914572864324
0 0.24918300653594772 0.9839195979899499 0.06209150326797386 0.030150753768844223
0 0.22998366013071897 0.6834170854271358 0.031862745098039214 0.07839195979899498
0 0.9097222222222222 0.08643216080402011 0.08741830065359478 0.08844221105527639
0 0.8819444444444444 0.2512562814070352 0.18382352941176472 0.17286432160804022
0 0.9084967320261438 0.17437185929648244 0.042483660130718956 0.06532663316582915
