0 0.6297151655119322 0.07037037037037037 0.06312548113933796 0.061111111111111116
0 0.05658198614318706 0.04259259259259259 0.04541955350269438 0.08333333333333334
0 0.720554272517321 0.12962962962962962 0.06466512702078521 0.09814814814814815
0 0.831793687451886 0.7041666666666667 0.06697459584295612 0.14722222222222223
0 0.04272517321016166 0.1564814814814815 0.02848344880677444 0.0462962962962963
0 0.9091608929946112 0.9083333333333333 0.08622016936104696 0.17592592592592593
0 0.9334103156274056 0.7537037037037038 0.05157813702848345 0.08518518518518518
0 0.8237105465742879 0.9328703703703705 0.08468052347959969 0.11574074074074074
0 0.4361046959199384 0.10740740740740741 0.2594303310238645 0.16111111111111112
0 0.11354888375673594 0.020370370370370372 0.04849884526558891 0.031481481481481485
0 0.8133179368745188 0.9157407407407407 0.022324865280985373 0.08333333333333334
0 0.6855273287143957 0.8087962962962963 0.13933795227097767 0.21203703703703705
0 0.8036951501154734 0.06481481481481481 0.10161662817551963 0.02592592592592593
0 0.33833718244803695 0.04259259259259259 0.060816012317167045 0.044444444444444446
0 0.29330254041570436 0.09537037037037037 0.16782140107775212 0.15555555555555556
0 0.7101616628175519 0.9685185185185186 0.059276366435719784 0.02777777777777778
0 0.7413394919168591 0.6888888888888889 0.03079291762894534 0.07222222222222223
0 0.1170130869899923 0.08657407407407408 0.08314087759815242 0.08240740740740742
0 0.13664357197844496 0.24305555555555555 0.17628945342571206 0.16203703703703703
0 0.11431870669745958 0.16944444444444445 0.040800615858352575 0.061111111111111116
