0 0.60655090765588 0.04741379310344827 0.06393054459352802 0.06226053639846743
0 0.0244672454617206 0.08381226053639847 0.04577742699289661 0.08524904214559387
0 0.7024467245461721 0.09722222222222222 0.06471981057616416 0.10057471264367815
0 0.8591160220994475 0.671455938697318 0.06866614048934491 0.15134099616858238
0 0.01894238358326756 0.2011494252873563 0.028413575374901343 0.047892720306513405
0 0.9530386740331491 0.8706896551724137 0.08760852407261246 0.18007662835249041
0 0.9660615627466456 0.7102490421455938 0.05209155485398579 0.0871647509578544
0 0.8685872138910813 0.9051724137931034 0.08602999210734018 0.11877394636015325
0 0.4127861089187056 0.1068007662835249 0.26361483820047354 0.16570881226053638
0 0.08011049723756906 0.05411877394636015 0.049723756906077346 0.03160919540229885
0 0.8571428571428571 0.8893678160919539 0.022099447513812154 0.08524904214559387
0 0.7198105761641673 0.7940613026819923 0.1420678768745067 0.2164750957854406
0 0.7817679558011049 0.022030651340996167 0.10339384372533544 0.026819923371647507
0 0.30939226519337015 0.05172413793103448 0.06156274664561957 0.04597701149425287
0 0.26795580110497236 0.11015325670498084 0.1696921862667719 0.1590038314176245
0 0.7569060773480663 0.9549808429118773 0.05998421468034728 0.028735632183908046
0 0.7671665351223362 0.6657088122605364 0.03157063930544594 0.07471264367816091
0 0.08879242304656669 0.12164750957854406 0.08445146014206788 0.08429118773946359
0 0.1207576953433307 0.278735632183908 0.17995264404104183 0.16666666666666666
0 0.09273875295974743 0.20593869731800765 0.041831097079715863 0.0632183908045977
