0 0.389948006932409 0.043248945147679324 0.06412478336221837 0.06329113924050632
0 0.9748700173310225 0.07489451476793248 0.04679376083188908 0.08649789029535865
0 0.2933275563258232 0.09493670886075949 0.06499133448873483 0.10126582278481011
0 0.13908145580589254 0.6751054852320675 0.06845753899480068 0.15189873417721517
0 0.9809358752166377 0.19356540084388185 0.02946273830155979 0.04746835443037974
0 0.04592720970537261 0.8765822784810126 0.08838821490467937 0.18143459915611812
0 0.03162911611785095 0.7146624472573839 0.05285961871750433 0.08755274261603375
0 0.13084922010398614 0.9108649789029535 0.08665511265164644 0.11919831223628691
0 0.584055459272097 0.10232067510548522 0.2651646447140381 0.16666666666666666
0 0.9185441941074522 0.04588607594936708 0.05025996533795494 0.032700421940928266
0 0.1425476603119584 0.8945147679324894 0.02166377816291161 0.08649789029535865
0 0.279896013864818 0.7974683544303797 0.14211438474870017 0.21940928270042193
0 0.21317157712305024 0.01951476793248945 0.10398613518197573 0.026371308016877634
0 0.688474870017331 0.04535864978902953 0.06152512998266897 0.04641350210970464
0 0.7305025996533795 0.10390295358649788 0.17157712305025996 0.16139240506329114
0 0.24350086655112652 0.9599156118143459 0.06065857885615251 0.02953586497890295
0 0.23180242634315423 0.6682489451476793 0.032062391681109186 0.07489451476793248
0 0.9103119584055459 0.11392405063291139 0.08578856152512998 0.08438818565400844
0 0.8791161178509531 0.27267932489451474 0.18110918544194107 0.16772151898734175
0 0.90684575389948 0.19936708860759492 0.042461005199306755 0.06329113924050632
