0 0.635655737704918 0.06435643564356436 0.06311475409836066 0.061386138613861385
0 0.05819672131147541 0.04306930693069307 0.04590163934426229 0.08415841584158416
0 0.7274590163934426 0.12277227722772277 0.06475409836065574 0.09900990099009901
0 0.8442622950819673 0.7024752475247524 0.06721311475409836 0.1495049504950495
0 0.04549180327868853 0.15792079207920792 0.028688524590163935 0.046534653465346534
0 0.9237704918032786 0.907920792079208 0.08688524590163935 0.1782178217821782
0 0.9475409836065574 0.750990099009901 0.05245901639344262 0.08613861386138615
0 0.8381147540983607 0.9336633663366337 0.08442622950819673 0.11683168316831684
0 0.4413934426229508 0.10396039603960396 0.2614754098360656 0.16237623762376238
0 0.11557377049180328 0.019801980198019802 0.04918032786885246 0.031683168316831684
0 0.8274590163934427 0.9168316831683169 0.022131147540983605 0.08316831683168317
0 0.6979508196721311 0.80990099009901 0.14016393442622951 0.21386138613861386
0 0.8110655737704918 0.05643564356435644 0.10245901639344263 0.025742574257425745
0 0.3418032786885246 0.039603960396039604 0.060655737704918035 0.04554455445544554
0 0.2975409836065574 0.09257425742574257 0.16885245901639345 0.15742574257425743
0 0.7241803278688524 0.9717821782178218 0.05983606557377049 0.028712871287128714
0 0.7532786885245901 0.6881188118811882 0.03114754098360656 0.07326732673267326
0 0.11926229508196722 0.08663366336633664 0.08442622950819673 0.08217821782178218
0 0.14057377049180328 0.24455445544554455 0.1778688524590164 0.16435643564356436
0 0.1180327868852459 0.1702970297029703 0.040983606557377046 0.061386138613861385
