0 0.37107438016528926 0.9540867810292634 0.06446280991735537 0.06357214934409687
0 0.9603305785123967 0.9561049445005045 0.04628099173553719 0.08779011099899092
0 0.27603305785123966 0.8960645812310797 0.06611570247933884 0.1029263370332997
0 0.14421487603305785 0.3022199798183653 0.06859504132231405 0.15438950554994954
0 0.9714876033057851 0.8375378405650857 0.028925619834710745 0.04843592330978809
0 0.05826446280991735 0.09384460141271443 0.0884297520661157 0.18365287588294651
0 0.03801652892561983 0.25630676084762866 0.05289256198347107 0.08879919273461151
0 0.1450413223140496 0.06407669021190716 0.08677685950413223 0.12008072653884964
0 0.5690082644628099 0.9066599394550958 0.26694214876033057 0.16851664984863773
0 0.902892561983471 0.9823410696266398 0.050413223140495865 0.033299697275479316
0 0.15661157024793387 0.08173562058526741 0.02231404958677686 0.08678102926337034
0 0.2909090909090909 0.18718466195761857 0.14380165289256197 0.2209889001009082
0 0.19297520661157025 0.9677093844601413 0.10495867768595041 0.028254288597376387
0 0.671487603305785 0.9697275479313825 0.06198347107438017 0.04641775983854692
0 0.715702479338843 0.9127144298688193 0.171900826446281 0.16246215943491424
0 0.2603305785123967 0.021695257315842584 0.06115702479338843 0.029263370332996974
0 0.2371900826446281 0.31432896064581234 0.03140495867768595 0.07568113017154389
0 0.8971074380165289 0.91372351160444 0.08677685950413223 0.08577194752774975
0 0.871900826446281 0.7512613521695257 0.18181818181818182 0.16851664984863773
0 0.8971074380165289 0.8269424823410696 0.04214876033057851 0.06357214934409687
