0 0.3814935064935065 0.963717693836978 0.06493506493506494 0.06461232604373757
0 0.9756493506493508 0.9438369781312126 0.04707792207792208 0.08846918489065606
0 0.28490259740259744 0.9085487077534791 0.06655844155844157 0.1033797216699801
0 0.13676948051948054 0.3136182902584493 0.0689935064935065 0.15606361829025844
0 0.9837662337662338 0.823558648111332 0.029220779220779224 0.048707753479125246
0 0.0450487012987013 0.10586481113320079 0.0900974025974026 0.18588469184890655
0 0.02840909090909091 0.27087475149105367 0.053571428571428575 0.0904572564612326
0 0.13189935064935066 0.07306163021868786 0.08685064935064936 0.12226640159045725
0 0.5799512987012987 0.9080516898608348 0.26866883116883117 0.1699801192842942
0 0.9184253246753248 0.9726640159045724 0.05113636363636364 0.03280318091451292
0 0.14366883116883117 0.08946322067594432 0.022727272727272728 0.08747514910536779
0 0.28165584415584416 0.19184890656063616 0.1444805194805195 0.22266401590457255
0 0.20211038961038963 0.9840954274353876 0.10551948051948053 0.02783300198807157
0 0.6846590909090909 0.9681908548707753 0.0625 0.04771371769383698
0 0.7280844155844156 0.9090457256461232 0.17370129870129872 0.1640159045725646
0 0.24675324675324678 0.025844930417495027 0.061688311688311695 0.029821073558648107
0 0.2309253246753247 0.3225646123260437 0.03165584415584416 0.07654075546719681
0 0.9107142857142858 0.9030815109343936 0.08766233766233766 0.08648111332007952
0 0.8814935064935066 0.7405566600397614 0.18344155844155846 0.1709741550695825
0 0.9082792207792209 0.8156063618290258 0.04220779220779221 0.06461232604373757
