0 0.36378205128205127 0.05642023346303502 0.0641025641025641 0.0622568093385214
0 0.9463141025641025 0.04377431906614786 0.046474358974358976 0.08560311284046693
0 0.2704326923076923 0.11527237354085604 0.06490384615384615 0.10019455252918288
0 0.14783653846153846 0.700875486381323 0.06810897435897435 0.1507782101167315
0 0.9583333333333333 0.1600194552529183 0.028846153846153844 0.047665369649805445
0 0.06530448717948718 0.9080739299610895 0.08733974358974358 0.17996108949416342
0 0.04326923076923077 0.7485408560311284 0.052884615384615384 0.08657587548638132
0 0.1518429487179487 0.9353112840466926 0.08573717948717949 0.11770428015564202
0 0.5596955128205128 0.10019455252918288 0.2636217948717949 0.16536964980544747
0 0.8886217948717948 0.01896887159533074 0.049679487179487176 0.032101167315175094
0 0.16266025641025642 0.9178015564202334 0.022435897435897436 0.08463035019455253
0 0.29407051282051283 0.8117704280155642 0.14102564102564102 0.2169260700389105
0 0.1875 0.04669260700389105 0.10416666666666666 0.027237354085603113
0 0.6606570512820512 0.035505836575875485 0.061698717948717945 0.04571984435797666
0 0.7051282051282051 0.09046692607003891 0.16987179487179488 0.15953307392996108
0 0.266025641025641 0.9747081712062257 0.060897435897435896 0.029182879377431907
0 0.2391826923076923 0.6872568093385214 0.03125 0.07490272373540856
0 0.8842147435897436 0.08657587548638132 0.08573717948717949 0.08365758754863814
0 0.8613782051282051 0.24659533073929962 0.1794871794871795 0.16634241245136186
0 0.8850160256410257 0.17169260700389105 0.040865384615384616 0.0632295719844358
