0 0.41397849462365593 0.0641025641025641 0.06144393241167435 0.05860805860805861
0 0.9738863287250384 0.1304945054945055 0.0445468509984639 0.0815018315018315
0 0.3191244239631336 0.10622710622710622 0.06221198156682028 0.09523809523809523
0 0.14592933947772657 0.641941391941392 0.06605222734254992 0.14285714285714285
0 0.9746543778801844 0.24221611721611722 0.027649769585253454 0.04487179487179487
0 0.047619047619047616 0.826007326007326 0.08448540706605223 0.17032967032967034
0 0.041474654377880185 0.6726190476190477 0.05069124423963134 0.08333333333333333
0 0.12788018433179724 0.8635531135531136 0.08218125960061444 0.11172161172161173
0 0.597926267281106 0.13141025641025642 0.2542242703533026 0.1565934065934066
0 0.9212749615975423 0.09935897435897435 0.04838709677419355 0.03021978021978022
0 0.13978494623655913 0.8489010989010989 0.021505376344086023 0.08058608058608059
0 0.2761136712749616 0.7660256410256411 0.1359447004608295 0.20604395604395603
0 0.2457757296466974 0.03021978021978022 0.09984639016897082 0.02564102564102564
0 0.7008448540706606 0.08470695970695971 0.05913978494623656 0.04304029304029304
0 0.7380952380952381 0.1423992673992674 0.16436251920122888 0.1510989010989011
0 0.23387096774193547 0.9157509157509157 0.0576036866359447 0.027472527472527472
0 0.23540706605222733 0.6414835164835165 0.029953917050691243 0.07051282051282051
0 0.9105222734254992 0.16254578754578755 0.08218125960061444 0.07967032967032966
0 0.8736559139784946 0.31043956043956045 0.1728110599078341 0.1575091575091575
0 0.9032258064516129 0.24313186813186813 0.039938556067588324 0.05952380952380952
