0 0.376875 0.03192307692307692 0.065 0.06384615384615384
0 0.9759375 0.04423076923076923 0.046875 0.08846153846153847
0 0.279375 0.08884615384615385 0.06625 0.10384615384615385
0 0.1353125 0.6938461538461539 0.069375 0.15692307692307692
0 0.985 0.16653846153846155 0.02875 0.04846153846153846
0 0.0446875 0.9057692307692308 0.089375 0.18692307692307691
0 0.0265625 0.7388461538461538 0.053125 0.09
0 0.1325 0.938076923076923 0.08750000000000001 0.12230769230769231
0 0.5771875 0.08576923076923076 0.270625 0.17153846153846153
0 0.9178125 0.016153846153846154 0.050625 0.03230769230769231
0 0.1440625 0.9207692307692308 0.021875000000000002 0.0876923076923077
0 0.28250000000000003 0.8157692307692308 0.145 0.22538461538461538
0 0.19593750000000001 0.013461538461538462 0.105625 0.026923076923076925
0 0.6825 0.02346153846153846 0.0625 0.04692307692307692
0 0.7265625 0.08269230769230769 0.174375 0.16538461538461538
0 0.24875 0.9846153846153847 0.06125 0.02923076923076923
0 0.23 0.6838461538461539 0.03125 0.07692307692307693
0 0.9109375000000001 0.08653846153846154 0.08687500000000001 0.08692307692307692
0 0.8825000000000001 0.25153846153846154 0.18375 0.1723076923076923
0 0.9090625 0.17461538461538462 0.041875 0.06461538461538462
