0 0.35435435435435436 0.9123434704830053 0.06156156156156156 0.059033989266547404
0 0.9159159159159159 0.9575134168157424 0.04504504504504504 0.08139534883720931
0 0.2668918918918919 0.851520572450805 0.06231231231231231 0.09481216457960644
0 0.17117117117117117 0.2902504472271914 0.06606606606606606 0.14221824686940965
0 0.9320570570570571 0.8479427549194991 0.027777777777777776 0.044722719141323794
0 0.09984984984984985 0.08944543828264759 0.08408408408408408 0.16994633273703041
0 0.07244744744744745 0.23881932021466906 0.0503003003003003 0.08228980322003578
0 0.18393393393393392 0.0684257602862254 0.08258258258258258 0.11180679785330948
0 0.5454204204204204 0.8823792486583184 0.2545045045045045 0.15652951699463327
0 0.8596096096096096 0.9776386404293381 0.04804804804804805 0.03041144901610018
0 0.19369369369369369 0.08586762075134169 0.02102102102102102 0.08050089445438283
0 0.31681681681681684 0.193649373881932 0.13663663663663664 0.20483005366726298
0 0.1843093093093093 0.9123434704830053 0.09984984984984985 0.025044722719141325
0 0.640015015015015 0.9490161001788909 0.05930930930930931 0.042933810375670844
0 0.68506006006006 0.8993738819320215 0.1644144144144144 0.1511627906976744
0 0.29617117117117114 0.03756708407871199 0.05780780780780781 0.026833631484794274
0 0.25900900900900903 0.3081395348837209 0.03003003003003003 0.0706618962432916
0 0.8577327327327328 0.9136851520572451 0.08183183183183183 0.07960644007155634
0 0.8423423423423423 0.7607334525939177 0.17267267267267267 0.15652951699463327
0 0.8622372372372372 0.832737030411449 0.03978978978978979 0.059033989266547404
