0 0.37821080602302926 0.9657236126224157 0.06554472984942428 0.06420021762785637
0 0.975199291408326 0.9504896626768227 0.047829937998228524 0.088139281828074
0 0.2812223206377325 0.9096844396082698 0.06643046944198405 0.1044613710554951
0 0.13596102745792737 0.30794341675734493 0.06997342781222321 0.15669205658324264
0 0.9840566873339238 0.8286180631120784 0.030115146147032774 0.04896626768226333
0 0.04472984942426927 0.09793253536452666 0.08945969884853854 0.18715995647442873
0 0.027015057573073518 0.26387377584330796 0.054030115146147036 0.09031556039173014
0 0.13241806908768822 0.06528835690968444 0.08768821966341896 0.12187159956474429
0 0.5779450841452614 0.910772578890098 0.2701505757307352 0.1719260065288357
0 0.9176262178919398 0.9787812840043526 0.051372896368467674 0.03373231773667029
0 0.14393268379096547 0.08215451577801959 0.022143489813994686 0.088139281828074
0 0.2821080602302923 0.18661588683351468 0.14614703277236493 0.22524483133841133
0 0.19840566873339238 0.984766050054407 0.10628875110717449 0.028291621327529923
0 0.6829052258635961 0.9727965179542982 0.0637732506643047 0.04787812840043526
0 0.7267493356953056 0.9129488574537541 0.17449069973427814 0.16539717083786726
0 0.24800708591674048 0.018498367791077257 0.06200177147918512 0.030467899891186073
0 0.23029229406554474 0.3177366702937976 0.03188662533215235 0.07834602829162132
0 0.9105403011514615 0.9085963003264418 0.08680248007085917 0.08705114254624592
0 0.8821966341895483 0.7442872687704026 0.18423383525243578 0.1719260065288357
0 0.9087688219663419 0.8204570184983678 0.042515500442869794 0.06528835690968444
