0 0.3997472620050547 0.05182926829268293 0.06318449873631002 0.06097560975609757
0 0.974726200505476 0.09908536585365854 0.04549283909014321 0.08434959349593497
0 0.3041280539174389 0.10010162601626017 0.06402695871946082 0.09857723577235773
0 0.14237573715248525 0.660569105691057 0.06739679865206402 0.1483739837398374
0 0.9785172704296545 0.2144308943089431 0.02780117944397641 0.0467479674796748
0 0.04675652906486941 0.8546747967479675 0.08677337826453244 0.17682926829268295
0 0.03580454928390901 0.6966463414634148 0.05139005897219882 0.08638211382113822
0 0.12973883740522324 0.8902439024390245 0.08424599831508003 0.11585365853658537
0 0.5901432181971356 0.11483739837398375 0.2603201347935973 0.1626016260162602
0 0.9199663016006739 0.06859756097560976 0.048862679022746415 0.03150406504065041
0 0.14153327716933445 0.8750000000000001 0.02190395956192081 0.08333333333333334
0 0.2784330244313395 0.7840447154471546 0.14069081718618365 0.21239837398373987
0 0.22704296545914068 0.024390243902439025 0.10193765796124683 0.026422764227642278
0 0.693765796124684 0.06199186991869919 0.061499578770008424 0.04471544715447155
0 0.733782645324347 0.12042682926829269 0.16849199663016007 0.15752032520325204
0 0.2396798652064027 0.9410569105691058 0.05981465880370682 0.02845528455284553
0 0.2333614153327717 0.6570121951219513 0.030328559393428812 0.0741869918699187
0 0.9106992417860151 0.13465447154471546 0.08424599831508003 0.08231707317073171
0 0.8770008424599831 0.2886178861788618 0.17691659646166807 0.1626016260162602
0 0.9056444818871103 0.2179878048780488 0.040438079191238416 0.06199186991869919
