0 0.3964941569282137 0.05095862764883956 0.06343906510851419 0.0615539858728557
0 0.9753756260434057 0.09283551967709384 0.04590984974958264 0.08476286579212916
0 0.3005008347245409 0.10040363269424823 0.0651085141903172 0.09989909182643794
0 0.14106844741235391 0.6675075681130171 0.06844741235392321 0.15035317860746722
0 0.979966611018364 0.20938446014127143 0.028380634390651086 0.04742684157416751
0 0.04632721202003339 0.863773965691221 0.08764607679465776 0.17759838546922302
0 0.034641068447412354 0.7043390514631686 0.05258764607679466 0.08678102926337034
0 0.1302170283806344 0.8990918264379415 0.08514190317195326 0.1170534813319879
0 0.5884808013355592 0.11251261352169525 0.2621035058430718 0.1644803229061554
0 0.9198664440734557 0.06357214934409687 0.05008347245409015 0.03229061553985873
0 0.14190317195325544 0.8829465186680121 0.021702838063439065 0.08476286579212916
0 0.2792153589315526 0.7906155398587286 0.14106844741235391 0.21493440968718466
0 0.22245409015025042 0.02472250252270434 0.10267111853088481 0.027245206861755803
0 0.6924040066777963 0.05852674066599395 0.06093489148580968 0.04641775983854692
0 0.7328881469115193 0.1170534813319879 0.1686143572621035 0.1574167507568113
0 0.24081803005008348 0.9490413723511605 0.05926544240400668 0.029263370332996974
0 0.2328881469115192 0.6624621594349143 0.03171953255425709 0.07366296670030273
0 0.9106844741235393 0.1296670030272452 0.08514190317195326 0.08375378405650857
0 0.8781302170283807 0.28506559031281536 0.17863105175292154 0.1644803229061554
0 0.9065108514190318 0.21392532795156408 0.041736227045075125 0.06256306760847628
