0 0.6225 0.9676923076923077 0.065 0.06461538461538462
0 0.0240625 0.9553846153846154 0.046875 0.08923076923076922
0 0.7203125 0.9107692307692308 0.065625 0.10307692307692308
0 0.8640625000000001 0.30538461538461537 0.069375 0.15692307692307692
0 0.015 0.833076923076923 0.02875 0.047692307692307694
0 0.9553125 0.09384615384615384 0.089375 0.18615384615384614
0 0.973125 0.26076923076923075 0.05375 0.08923076923076922
0 0.8675 0.06153846153846154 0.08750000000000001 0.12153846153846154
0 0.4225 0.9142307692307692 0.27 0.17153846153846153
0 0.081875 0.9838461538461538 0.051250000000000004 0.03230769230769231
0 0.8553125 0.07846153846153846 0.021875000000000002 0.0876923076923077
0 0.7175 0.18384615384615385 0.145 0.22615384615384615
0 0.80375 0.9861538461538462 0.10625 0.027692307692307693
0 0.316875 0.9761538461538461 0.0625 0.047692307692307694
0 0.273125 0.916923076923077 0.17500000000000002 0.16615384615384615
0 0.7509375 0.015 0.060625 0.02846153846153846
0 0.769375 0.3161538461538462 0.03125 0.07692307692307693
0 0.0884375 0.9134615384615384 0.08687500000000001 0.08692307692307692
0 0.116875 0.7476923076923077 0.18375 0.1723076923076923
0 0.0903125 0.8246153846153846 0.041875 0.06461538461538462
