0 0.39038919777601266 0.042995169082125605 0.06433677521842732 0.06280193236714976
0 0.9749801429706115 0.07584541062801932 0.04686258935663225 0.08599033816425121
0 0.29388403494837173 0.09468599033816424 0.06513105639396347 0.10048309178743961
0 0.13899920571882446 0.6734299516908212 0.06830818109610802 0.15265700483091788
0 0.9809372517871325 0.19420289855072465 0.02859412231930103 0.04830917874396135
0 0.04567116759332804 0.8743961352657005 0.08816521048451151 0.18164251207729468
0 0.03177124702144559 0.7125603864734299 0.05242255758538522 0.08792270531400966
0 0.13065925337569498 0.908695652173913 0.08657664813343924 0.11884057971014493
0 0.5845909451945989 0.10193236714975845 0.2652899126290707 0.1671497584541063
0 0.9185861795075456 0.04685990338164251 0.0500397140587768 0.03188405797101449
0 0.14217633042096903 0.8922705314009661 0.022239872915011914 0.08599033816425121
0 0.27998411437648923 0.7961352657004831 0.14217633042096903 0.21835748792270532
0 0.21405877680698968 0.01884057971014493 0.10405083399523431 0.02608695652173913
0 0.6890389197776012 0.04541062801932367 0.06115965051628276 0.0463768115942029
0 0.7307386814932486 0.10434782608695652 0.17156473391580618 0.1603864734299517
0 0.24305003971405875 0.957487922705314 0.06036536934074662 0.028985507246376812
0 0.2319301032565528 0.6666666666666666 0.03177124702144559 0.07536231884057971
0 0.9102462271644162 0.1144927536231884 0.08578236695790309 0.08405797101449275
0 0.8792692613185067 0.27294685990338163 0.17950754567116758 0.1671497584541063
0 0.9070691024622716 0.19951690821256038 0.04130262112787927 0.06280193236714976
