0 0.3572593800978793 0.91943359375 0.06199021207177814 0.0595703125
0 0.9237357259380098 0.95654296875 0.044861337683523655 0.0830078125
0 0.2679445350734095 0.85888671875 0.06280587275693311 0.0966796875
0 0.16517128874388257 0.29150390625 0.06606851549755302 0.1455078125
0 0.9388254486133769 0.8447265625 0.02773246329526917 0.044921875
0 0.09135399673735727 0.08935546875 0.08482871125611746 0.1728515625
0 0.06484502446982056 0.2412109375 0.05138662316476346 0.083984375
0 0.17577487765089722 0.06640625 0.08401305057096248 0.11328125
0 0.549347471451876 0.8857421875 0.2569331158238173 0.158203125
0 0.867047308319739 0.9775390625 0.048939641109298535 0.03125
0 0.18597063621533444 0.08349609375 0.021207177814029365 0.0810546875
0 0.3111745513866232 0.19091796875 0.13784665579119088 0.2080078125
0 0.18515497553017946 0.921875 0.10114192495921696 0.025390625
0 0.6451876019575856 0.95166015625 0.060358890701468194 0.0439453125
0 0.6904567699836868 0.90087890625 0.16557911908646003 0.1533203125
0 0.2879282218597064 0.033203125 0.05872756933115824 0.02734375
0 0.25407830342577487 0.30810546875 0.030179445350734097 0.0712890625
0 0.8646003262642741 0.91259765625 0.08319738988580751 0.0810546875
0 0.8470636215334422 0.75830078125 0.1737357259380098 0.1591796875
0 0.867862969004894 0.8310546875 0.040783034257748776 0.060546875
