0 0.3982084690553746 0.05019685039370079 0.06351791530944625 0.0610236220472441
0 0.9751628664495114 0.09350393700787402 0.046416938110749185 0.08464566929133858
0 0.30171009771986973 0.09891732283464567 0.06433224755700326 0.09940944881889764
0 0.14128664495114007 0.6643700787401575 0.06758957654723127 0.14960629921259844
0 0.9792345276872965 0.20964566929133857 0.028501628664495116 0.047244094488188976
0 0.046416938110749185 0.859744094488189 0.08631921824104236 0.1781496062992126
0 0.03501628664495114 0.7012795275590551 0.05211726384364821 0.08562992125984252
0 0.12988599348534202 0.8951771653543307 0.08550488599348535 0.1171259842519685
0 0.5891693811074918 0.11171259842519685 0.26140065146579805 0.16437007874015747
0 0.9197882736156352 0.0639763779527559 0.0496742671009772 0.031496062992125984
0 0.14210097719869708 0.8794291338582677 0.021986970684039087 0.08366141732283465
0 0.27890879478827363 0.7874015748031495 0.14087947882736157 0.21456692913385828
0 0.2239413680781759 0.02312992125984252 0.10260586319218241 0.0265748031496063
0 0.6925895765472313 0.058070866141732284 0.061074918566775244 0.045275590551181105
0 0.7333061889250815 0.1171259842519685 0.1685667752442997 0.15748031496062992
0 0.24022801302931598 0.9453740157480315 0.06026058631921825 0.02854330708661417
0 0.23289902280130295 0.6599409448818897 0.030944625407166124 0.07381889763779527
0 0.9112377850162867 0.12992125984251968 0.08469055374592835 0.0826771653543307
0 0.8778501628664496 0.28494094488188976 0.1775244299674267 0.16437007874015747
0 0.9063517915309447 0.2140748031496063 0.04071661237785017 0.06200787401574803
