0 0.6269633507853404 0.0405982905982906 0.06544502617801047 0.06410256410256411
0 0.034031413612565446 0.04380341880341881 0.04712041884816754 0.08760683760683761
0 0.7225130890052356 0.09775641025641027 0.06631762652705062 0.10363247863247864
0 0.8595113438045375 0.6960470085470086 0.06980802792321117 0.15491452991452992
0 0.02356020942408377 0.16452991452991456 0.029668411867364748 0.04914529914529915
0 0.9467713787085515 0.9059829059829061 0.08900523560209424 0.1858974358974359
0 0.9664048865619547 0.7414529914529915 0.053228621291448515 0.08974358974358976
0 0.8595113438045375 0.936431623931624 0.08726003490401396 0.12072649572649574
0 0.42757417102966844 0.09027777777777779 0.268760907504363 0.16987179487179488
0 0.09162303664921466 0.017094017094017096 0.0506108202443281 0.032051282051282055
0 0.8481675392670157 0.9188034188034189 0.022687609075043632 0.08760683760683761
0 0.712478184991274 0.8135683760683762 0.14397905759162305 0.2232905982905983
0 0.805846422338569 0.025106837606837608 0.1055846422338569 0.02670940170940171
0 0.32460732984293195 0.02777777777777778 0.06282722513089005 0.047008547008547015
0 0.2801047120418848 0.08547008547008547 0.17277486910994766 0.16452991452991456
0 0.7443280977312391 0.9807692307692308 0.06108202443280977 0.02991452991452992
0 0.7657068062827225 0.68482905982906 0.03228621291448517 0.07692307692307693
0 0.09773123909249563 0.08653846153846155 0.08726003490401396 0.08760683760683761
0 0.12390924956369982 0.25 0.18324607329842932 0.17094017094017094
0 0.09816753926701571 0.17361111111111113 0.04275741710296684 0.06517094017094018
