0 0.3517488076311606 0.07265774378585085 0.06279809220985692 0.06118546845124283
0 0.9232909379968204 0.04254302103250478 0.0453100158982512 0.08317399617590822
0 0.2615262321144674 0.13193116634799235 0.06359300476947537 0.09751434034416825
0 0.15262321144674088 0.7055449330783938 0.06677265500794913 0.14722753346080306
0 0.9375993640699524 0.15583173996175909 0.027821939586645472 0.04588910133843212
0 0.07591414944356122 0.908699808795411 0.08664546899841018 0.17495219885277247
0 0.05087440381558029 0.7547801147227533 0.05087440381558029 0.08508604206500955
0 0.16136724960254373 0.9330783938814531 0.08426073131955486 0.1147227533460803
0 0.5453100158982512 0.10898661567877628 0.2591414944356121 0.16061185468451242
0 0.8664546899841018 0.020554493307839386 0.0492845786963434 0.03154875717017208
0 0.17130365659777425 0.9163479923518164 0.021462639109697933 0.08317399617590822
0 0.29848966613672495 0.8087954110898661 0.13910969793322736 0.21032504780114722
0 0.17845786963434024 0.06787762906309751 0.10095389507154214 0.026768642447418736
0 0.6422893481717011 0.043499043977055445 0.06041335453100159 0.04493307839388145
0 0.6875993640699524 0.09560229445506692 0.16693163751987283 0.1548757170172084
0 0.2742448330683625 0.9684512428298279 0.05882352941176471 0.028680688336520075
0 0.2420508744038156 0.6892925430210325 0.03100158982511924 0.07265774378585085
0 0.8628775834658188 0.08699808795411089 0.08346581875993642 0.08221797323135754
0 0.8441971383147854 0.24235181644359463 0.17647058823529413 0.16156787762906308
0 0.8660572337042926 0.16921606118546845 0.04054054054054054 0.06118546845124283
