0 0.4798325722983257 0.1781818181818182 0.04946727549467275 0.06909090909090909
0 0.5030441400304414 0.3109090909090909 0.0593607305936073 0.12545454545454546
0 0.7423896499238964 0.5036363636363637 0.07077625570776255 0.10181818181818182
0 0.3070776255707762 0.7522727272727273 0.12252663622526636 0.09181818181818181
0 0.6605783866057838 0.4259090909090909 0.0471841704718417 0.060909090909090906
0 0.8470319634703196 0.4531818181818182 0.0532724505327245 0.0809090909090909
0 0.6803652968036529 0.3145454545454546 0.0487062404870624 0.07818181818181819
0 0.724124809741248 0.23318181818181818 0.05707762557077625 0.11
0 0.6221461187214612 0.33636363636363636 0.04794520547945205 0.0890909090909091
0 0.5041856925418569 0.42772727272727273 0.07077625570776255 0.06272727272727273
0 0.9550989345509893 0.39045454545454544 0.0273972602739726 0.06272727272727273
0 0.15449010654490106 0.3472727272727273 0.0700152207001522 0.04
0 0.18531202435312022 0.4618181818181818 0.15753424657534246 0.09090909090909091
0 0.3995433789954338 0.47909090909090907 0.0350076103500761 0.04363636363636364
0 0.7952815829528158 0.5695454545454546 0.106544901065449 0.13363636363636364
0 0.38584474885844744 0.5386363636363637 0.0441400304414003 0.06818181818181818
0 0.5901826484018264 0.18454545454545454 0.15905631659056316 0.16727272727272727
0 0.14992389649923896 0.6845454545454546 0.0669710806697108 0.04727272727272727
0 0.5429984779299848 0.8113636363636364 0.03272450532724505 0.03363636363636364
0 0.9079147640791476 0.6354545454545455 0.0700152207001522 0.04909090909090909
0 0.7012937595129376 0.6168181818181818 0.03881278538812785 0.05545454545454546
0 0.4189497716894977 0.4077272727272727 0.07382039573820395 0.07363636363636364
0 0.5886605783866058 0.49318181818181817 0.08751902587519025 0.09
0 0.2724505327245053 0.5718181818181818 0.0350076103500761 0.07272727272727272
0 0.656773211567732 0.4954545454545455 0.0410958904109589 0.02727272727272727
0 0.7815829528158295 0.4218181818181818 0.0410958904109589 0.04727272727272727
0 0.0471841704718417 0.7190909090909091 0.0715372907153729 0.12545454545454546
0 0.7576103500761034 0.35409090909090907 0.06468797564687975 0.10272727272727272
0 0.917427701674277 0.4481818181818182 0.04033485540334855 0.02909090909090909
0 0.535007610350076 0.5263636363636364 0.1902587519025875 0.16727272727272727
0 0.12252663622526636 0.5381818181818182 0.0350076103500761 0.05454545454545454
0 0.3607305936073059 0.32727272727272727 0.0350076103500761 0.038181818181818185
0 0.2115677321156773 0.5259090909090909 0.0502283105022831 0.03363636363636364
0 0.2515220700152207 0.3118181818181818 0.05555555555555555 0.034545454545454546
0 0.0791476407914764 0.3936363636363636 0.0334855403348554 0.02727272727272727
0 0.4444444444444444 0.49954545454545457 0.0319634703196347 0.057272727272727274
0 0.05517503805175038 0.5372727272727272 0.06316590563165905 0.05272727272727273
0 0.9375951293759512 0.5077272727272727 0.0669710806697108 0.06818181818181818
0 0.41818873668188733 0.8359090909090909 0.11643835616438356 0.08636363636363636
0 0.582572298325723 0.1318181818181818 0.07382039573820395 0.06545454545454546
0 0.2644596651445966 0.6777272727272727 0.04946727549467275 0.03909090909090909
0 0.12214611872146118 0.09227272727272727 0.13926940639269406 0.12818181818181817
0 0.7667427701674276 0.6018181818181818 0.05403348554033485 0.06545454545454546
0 0.17313546423135462 0.3836363636363636 0.06468797564687975 0.034545454545454546
0 0.2271689497716895 0.6040909090909091 0.04337899543378995 0.03909090909090909
0 0.9315068493150684 0.7472727272727273 0.0487062404870624 0.056363636363636366
0 0.410958904109589 0.3181818181818182 0.0471841704718417 0.04181818181818182
0 0.6057838660578386 0.8522727272727273 0.0426179604261796 0.03727272727272727
0 0.2667427701674277 0.4022727272727273 0.03729071537290715 0.04454545454545455
0 0.2591324200913242 0.8068181818181818 0.02511415525114155 0.03363636363636364
0 0.5943683409436834 0.7104545454545454 0.0380517503805175 0.03909090909090909
0 0.20776255707762556 0.7672727272727272 0.0395738203957382 0.04909090909090909
0 0.1461187214611872 0.4918181818181818 0.0197869101978691 0.023636363636363636
0 0.4159056316590563 0.21409090909090908 0.09665144596651445 0.13545454545454547
0 0.6114916286149162 0.6586363636363637 0.08143074581430745 0.05
0 0.09627092846270928 0.16454545454545455 0.09665144596651445 0.06
0 0.5182648401826484 0.06863636363636363 0.0319634703196347 0.03
0 0.3367579908675799 0.24772727272727274 0.04185692541856925 0.057272727272727274
0 0.737062404870624 0.4354545454545454 0.01598173515981735 0.02909090909090909
0 0.6643835616438356 0.7286363636363636 0.1811263318112633 0.18636363636363637
0 0.9585235920852359 0.6168181818181818 0.01141552511415525 0.022727272727272728
0 0.0471841704718417 0.445 0.0350076103500761 0.03727272727272727
0 0.2747336377473364 0.3459090909090909 0.0532724505327245 0.031818181818181815
0 0.5410958904109588 0.25 0.0334855403348554 0.05090909090909091
0 0.07990867579908675 0.5813636363636364 0.1187214611872146 0.13727272727272727
0 0.08447488584474885 0.6277272727272727 0.0471841704718417 0.05
0 0.0928462709284627 0.24772727272727274 0.0821917808219178 0.09909090909090909
0 0.8729071537290715 0.7268181818181818 0.0334855403348554 0.031818181818181815
0 0.04756468797564688 0.48454545454545456 0.02968036529680365 0.02909090909090909
0 0.3378995433789954 0.5572727272727273 0.0410958904109589 0.05272727272727273
0 0.2960426179604262 0.27045454545454545 0.0563165905631659 0.057272727272727274
0 0.6373668188736682 0.26 0.01293759512937595 0.02909090909090909
0 0.3093607305936073 0.395 0.12404870624048706 0.07363636363636364
0 0.0639269406392694 0.028181818181818183 0.015220700152207 0.03272727272727273
0 0.9315068493150684 0.8177272727272727 0.0258751902587519 0.04454545454545455
0 0.51103500761035 0.6868181818181818 0.05403348554033485 0.09545454545454546
0 0.4996194824961948 0.9227272727272727 0.04033485540334855 0.04181818181818182
0 0.06430745814307458 0.3236363636363636 0.05403348554033485 0.045454545454545456
0 0.017884322678843226 0.815 0.02511415525114155 0.028181818181818183
0 0.648021308980213 0.1709090909090909 0.04794520547945205 0.13636363636363635
0 0.3409436834094368 0.2877272727272727 0.0121765601217656 0.01
0 0.3839421613394216 0.04909090909090909 0.06773211567732115 0.014545454545454545
0 0.23554033485540332 0.4122727272727273 0.02207001522070015 0.04818181818181818
0 0.45167427701674273 0.22636363636363635 0.02359208523592085 0.10545454545454545
0 0.295662100456621 0.5018181818181818 0.02815829528158295 0.03636363636363636
0 0.43455098934550984 0.05045454545454545 0.0289193302891933 0.008181818181818182
0 0.9710806697108066 0.3668181818181818 0.0197869101978691 0.019090909090909092
0 0.38318112633181123 0.26681818181818184 0.02511415525114155 0.013636363636363636
0 0.6035007610350076 0.7945454545454546 0.0258751902587519 0.05454545454545454
0 0.536910197869102 0.9077272727272727 0.02359208523592085 0.031818181818181815
0 0.07838660578386605 0.435 0.015220700152207 0.011818181818181818
0 0.4889649923896499 0.48727272727272725 0.03424657534246575 0.05090909090909091
0 0.6225266362252664 0.5877272727272728 0.0532724505327245 0.06272727272727273
0 0.4353120243531202 0.7436363636363637 0.0547945205479452 0.10363636363636364
0 0.35844748858447484 0.6672727272727272 0.0958904109589041 0.15636363636363637
0 0.1963470319634703 0.7245454545454545 0.0669710806697108 0.034545454545454546
