0 0.4571875 0.86 0.051875000000000004 0.07538461538461538
0 0.49125 0.7176923076923077 0.0625 0.13692307692307693
0 0.7578125 0.5323076923076923 0.074375 0.11076923076923077
0 0.3146875 0.2169230769230769 0.129375 0.1
0 0.6659375 0.6084615384615385 0.049375 0.06461538461538462
0 0.8646875 0.5973076923076923 0.055625 0.08692307692307692
0 0.6793750000000001 0.7319230769230769 0.051250000000000004 0.08538461538461538
0 0.7196875 0.825 0.060625 0.12076923076923077
0 0.6190625 0.7026923076923077 0.049375 0.09615384615384616
0 0.5009375 0.5903846153846154 0.074375 0.06692307692307692
0 0.9746875 0.6765384615384615 0.028125 0.06846153846153846
0 0.1259375 0.6434615384615384 0.073125 0.04230769230769231
0 0.165625 0.5215384615384615 0.16625 0.09846153846153846
0 0.3940625 0.5238461538461539 0.036875 0.046153846153846156
0 0.8184375 0.46615384615384614 0.111875 0.14461538461538462
0 0.3834375 0.4580769230769231 0.045625 0.07307692307692308
0 0.5750000000000001 0.8646153846153846 0.16875 0.18307692307692308
0 0.1434375 0.2753846153846154 0.07062500000000001 0.05076923076923077
0 0.568125 0.17692307692307693 0.03375 0.03692307692307692
0 0.9415625 0.405 0.073125 0.05307692307692308
0 0.7221875 0.4046153846153846 0.040625 0.05846153846153846
0 0.409375 0.6038461538461538 0.0775 0.08
0 0.5946875 0.5280769230769231 0.091875 0.09923076923076923
0 0.26625 0.4107692307692308 0.03625 0.08
0 0.6665625000000001 0.5323076923076923 0.043125000000000004 0.02923076923076923
0 0.793125 0.6253846153846154 0.0425 0.05076923076923077
0 0.038125 0.2273076923076923 0.075 0.13615384615384615
0 0.7634375 0.6965384615384616 0.068125 0.11153846153846154
0 0.9390625 0.61 0.041875 0.03076923076923077
0 0.54 0.48653846153846153 0.2025 0.1823076923076923
0 0.105 0.4319230769230769 0.03625 0.05923076923076923
0 0.34218750000000003 0.6853846153846154 0.036875 0.04153846153846154
0 0.19875 0.4542307692307692 0.0525 0.03461538461538462
0 0.2253125 0.6911538461538461 0.058125 0.036153846153846154
0 0.0490625 0.5853846153846154 0.034375 0.02923076923076923
0 0.4425 0.5069230769230769 0.03375 0.06153846153846154
0 0.0334375 0.42653846153846153 0.065625 0.05615384615384615
0 0.9646875 0.5476923076923077 0.07062500000000001 0.07384615384615384
0 0.438125 0.13807692307692307 0.12375 0.09461538461538462
0 0.5634375 0.9207692307692308 0.076875 0.07076923076923076
0 0.2640625 0.29423076923076924 0.051875000000000004 0.04230769230769231
0 0.0740625 0.9173076923076923 0.146875 0.13923076923076924
0 0.7903125 0.4276923076923077 0.055625 0.06923076923076923
0 0.148125 0.6057692307692307 0.06875 0.036153846153846154
0 0.22 0.37115384615384617 0.04625 0.04230769230769231
0 0.974375 0.2865384615384615 0.051250000000000004 0.06076923076923077
0 0.3946875 0.7007692307692308 0.049375 0.04461538461538461
0 0.6371875 0.13884615384615384 0.044375 0.03923076923076923
0 0.24781250000000002 0.5946153846153847 0.039375 0.047692307692307694
0 0.2671875 0.15307692307692308 0.025625000000000002 0.03538461538461538
0 0.615625 0.2919230769230769 0.04 0.040769230769230766
0 0.21125 0.19192307692307692 0.04125 0.05307692307692308
0 0.12625 0.485 0.02 0.025384615384615384
0 0.3928125 0.8146153846153846 0.10187500000000001 0.14615384615384616
0 0.63 0.3507692307692308 0.085 0.05384615384615385
0 0.051562500000000004 0.8361538461538461 0.10187500000000001 0.06461538461538462
0 0.4915625 0.9830769230769231 0.033125 0.03076923076923077
0 0.311875 0.77 0.043750000000000004 0.06307692307692307
0 0.7468750000000001 0.6057692307692307 0.01625 0.03
0 0.6903125 0.2792307692307692 0.19187500000000002 0.20307692307692307
0 0.9940625000000001 0.43038461538461537 0.011875 0.023846153846153847
0 0.0190625 0.5253846153846153 0.036875 0.04
0 0.2525 0.6561538461538462 0.055 0.033846153846153845
0 0.528125 0.7880769230769231 0.035 0.054615384615384614
0 0.063125 0.38 0.125 0.14923076923076922
0 0.07125000000000001 0.33 0.04875 0.05384615384615385
0 0.05375 0.7453846153846154 0.08625000000000001 0.10923076923076923
0 0.9109375000000001 0.3026923076923077 0.035625000000000004 0.03307692307692308
0 0.021875000000000002 0.48307692307692307 0.03125 0.03076923076923077
0 0.33375 0.43346153846153845 0.0425 0.05615384615384615
0 0.2703125 0.7415384615384616 0.059375000000000004 0.06153846153846154
0 0.6303125 0.7873076923076923 0.013125 0.03
0 0.29281250000000003 0.6065384615384616 0.130625 0.07923076923076923
0 0.0084375 0.9815384615384616 0.015625 0.033846153846153845
0 0.9790625000000001 0.20961538461538462 0.026875 0.04846153846153846
0 0.525625 0.3096153846153846 0.05625 0.10384615384615385
0 0.5296875 0.05153846153846154 0.043125000000000004 0.04461538461538461
0 0.0290625 0.6596153846153846 0.056875 0.04846153846153846
0 0.0134375 0.12038461538461538 0.025625000000000002 0.03
0 0.6353125000000001 0.885 0.050625 0.14846153846153845
0 0.31875000000000003 0.7265384615384616 0.01125 0.01
0 0.348125 0.9907692307692307 0.07125000000000001 0.015384615384615385
0 0.2159375 0.5811538461538461 0.023125 0.05153846153846154
0 0.4315625 0.8042307692307692 0.024375 0.11461538461538462
0 0.285625 0.48923076923076925 0.02875 0.04
0 0.4015625 0.995 0.030625 0.006923076923076923
0 0.99 0.7042307692307692 0.02 0.02076923076923077
0 0.3621875 0.7538461538461538 0.025625000000000002 0.013846153846153847
0 0.630625 0.20115384615384616 0.02625 0.05923076923076923
0 0.568125 0.07153846153846154 0.02375 0.033846153846153845
0 0.050937500000000004 0.54 0.015625 0.010769230769230769
0 0.4890625 0.5246153846153846 0.035625000000000004 0.055384615384615386
0 0.636875 0.42846153846153845 0.05625 0.06769230769230769
0 0.449375 0.24 0.0575 0.1123076923076923
0 0.36312500000000003 0.315 0.10125 0.17
0 0.195625 0.23615384615384616 0.07 0.03692307692307692
