0 0.4813895781637717 0.8183613030602171 0.04962779156327543 0.06910167818361303
0 0.5053763440860215 0.6860809476801579 0.05955334987593052 0.12438302073050345
0 0.7435897435897436 0.49308983218163865 0.07113316790736146 0.10167818361303059
0 0.30893300248138955 0.2462981243830207 0.12324234904880066 0.09180651530108588
0 0.6621174524400331 0.571076011846002 0.04714640198511166 0.06021717670286278
0 0.8482216708023159 0.5434353405725567 0.053763440860215055 0.07996051332675222
0 0.6819685690653433 0.6826258637709772 0.04880066170388751 0.07798617966436328
0 0.7258064516129032 0.763573543928924 0.05707196029776675 0.10957551826258637
0 0.6236559139784946 0.6604146100691016 0.04797353184449959 0.08884501480750247
0 0.5057899090157155 0.569101678183613 0.07030603804797353 0.06219151036525172
0 0.9561621174524401 0.6061204343534057 0.028122415219189414 0.0631786771964462
0 0.15715467328370555 0.6510365251727541 0.06947890818858561 0.040473840078973346
0 0.18775847808105872 0.5365251727541954 0.15715467328370555 0.08983218163869694
0 0.40157154673283707 0.5187561697926949 0.03556658395368073 0.04244817374136229
0 0.7965260545905707 0.42793682132280353 0.10587262200165426 0.13326752221125368
0 0.38751033912324234 0.45952615992102663 0.043837882547559964 0.06811451135241856
0 0.5922249793217536 0.8119447186574531 0.1588089330024814 0.16683119447186573
0 0.15177832919768403 0.313919052319842 0.06699751861042183 0.04738400789733464
0 0.5438378825475599 0.1870681145113524 0.03225806451612903 0.034550839091806514
0 0.9086021505376344 0.3613030602171767 0.07030603804797353 0.04935834155972359
0 0.7026468155500414 0.38055281342546887 0.03887510339123242 0.05429417571569595
0 0.4205955334987593 0.5893385982230996 0.07361455748552523 0.07305034550839092
0 0.5901571546732837 0.5044422507403751 0.08684863523573201 0.09081934846989141
0 0.2746071133167907 0.4264560710760118 0.034739454094292806 0.07305034550839092
0 0.6579818031430935 0.5019743336623889 0.04052936311000827 0.026653504442250738
0 0.78287841191067 0.5745310957551826 0.04052936311000827 0.04738400789733464
0 0.04962779156327543 0.28035538005923 0.07113316790736146 0.12438302073050345
0 0.7593052109181141 0.6426456071076011 0.06451612903225806 0.10266535044422506
0 0.9185277088502894 0.548371174728529 0.04052936311000827 0.02862783810463968
0 0.5368072787427626 0.4713721618953603 0.1902398676592225 0.16683119447186573
0 0.12489660876757651 0.4605133267522211 0.034739454094292806 0.05429417571569595
0 0.3631100082712986 0.6697926949654491 0.034739454094292806 0.0384995064165844
0 0.21381306865177832 0.4723593287265548 0.050454921422663356 0.03257650542941757
0 0.2535153019023987 0.6860809476801579 0.055417700578990904 0.03356367226061204
0 0.08147229114971051 0.6041461006910167 0.03391232423490488 0.02764067127344521
0 0.44623655913978494 0.49851924975320827 0.03225806451612903 0.05725567620927936
0 0.05707196029776675 0.46150049358341555 0.06286186931348221 0.052319842053307
0 0.9383788254755997 0.48914116485686077 0.06699751861042183 0.06811451135241856
0 0.4197684036393714 0.16288252714708784 0.11662531017369727 0.08687068114511352
0 0.5851943755169562 0.8647581441263573 0.07361455748552523 0.06515301085883514
0 0.2663358147229115 0.3208292201382033 0.04962779156327543 0.039486673247778874
0 0.12531017369727046 0.9052319842053307 0.13978494623655913 0.12833168805528133
0 0.7679900744416873 0.39536031589338594 0.053763440860215055 0.06416584402764067
0 0.17576509511993382 0.6140177690029615 0.065343258891646 0.03356367226061204
0 0.22911497105045492 0.3943731490621915 0.043010752688172046 0.0384995064165844
0 0.9321753515301903 0.2502467917077986 0.04797353184449959 0.05626850937808489
0 0.413151364764268 0.6791707798617966 0.04714640198511166 0.04146100691016782
0 0.6071133167907361 0.14610069101678183 0.043010752688172046 0.03751233958538993
0 0.2692307692307692 0.5952615992102664 0.03722084367245657 0.04343534057255676
0 0.26054590570719605 0.19200394866732476 0.024813895781637715 0.034550839091806514
0 0.5955334987593052 0.28775913129318853 0.0380479735318445 0.0384995064165844
0 0.21009098428453268 0.23198420533070088 0.03970223325062035 0.04935834155972359
0 0.14846980976013235 0.506416584402764 0.01902398676592225 0.02369200394866732
0 0.41811414392059554 0.7828232971372161 0.0967741935483871 0.13425468904244817
0 0.6129032258064516 0.3390918065153011 0.08105872622001654 0.05034550839091806
0 0.09884201819685691 0.8331688055281342 0.0967741935483871 0.05923000987166831
0 0.5206782464846981 0.9279368213228035 0.03225806451612903 0.029615004935834154
0 0.33953680727874275 0.7497532082922014 0.04218362282878412 0.058242843040473835
0 0.7382133995037221 0.5612043435340572 0.015715467328370553 0.02862783810463968
0 0.6654259718775848 0.2690029615004936 0.18114143920595532 0.18657453109575517
0 0.9590570719602978 0.38055281342546887 0.012406947890818858 0.022704837117472853
0 0.04962779156327543 0.5533070088845015 0.034739454094292806 0.03652517275419546
0 0.2770885028949545 0.6515301085883514 0.05293631100082713 0.0315893385982231
0 0.543424317617866 0.7472852912142152 0.033085194375516956 0.05133267522211253
0 0.08229942100909843 0.41707798617966435 0.11827956989247312 0.13721618953603157
0 0.08726220016542598 0.3706811451135242 0.04714640198511166 0.05034550839091806
0 0.09553349875930521 0.7497532082922014 0.08188585607940446 0.09970384995064165
0 0.8738626964433416 0.2709772951628825 0.03391232423490488 0.03257650542941757
0 0.04962779156327543 0.5138203356367226 0.02977667493796526 0.02862783810463968
0 0.3399503722084367 0.4407699901283317 0.0413564929693962 0.052319842053307
0 0.2985938792390405 0.7270483711747284 0.05624483043837883 0.05626850937808489
0 0.6393713813068652 0.7369200394866732 0.013234077750206782 0.02862783810463968
0 0.3118279569892473 0.6031589338598222 0.12406947890818859 0.07305034550839092
0 0.0674110835401158 0.968904244817374 0.015715467328370553 0.03257650542941757
0 0.9317617866004962 0.1801579466929911 0.02564102564102564 0.044422507403751234
0 0.5124069478908189 0.3119447186574531 0.053763440860215055 0.09476801579466929
0 0.5008271298593879 0.07601184600197433 0.04052936311000827 0.04146100691016782
0 0.06699751861042183 0.6742349457058242 0.05459057071960298 0.045409674234945706
0 0.019851116625310174 0.18410661401776898 0.024813895781637715 0.02862783810463968
0 0.6501240694789082 0.8257650542941757 0.04797353184449959 0.13524185587364262
0 0.34325889164598844 0.7097729516288253 0.011579818031430935 0.009871668311944718
0 0.3866832092638544 0.9476801579466929 0.06699751861042183 0.01579466929911155
0 0.23779983457402812 0.585883514313919 0.022332506203473945 0.048371174728529115
0 0.45368072787427627 0.7704837117472852 0.023986765922249794 0.10562685093780848
0 0.2977667493796526 0.49605133267522206 0.028122415219189414 0.03652517275419546
0 0.4371381306865178 0.9466929911154984 0.028949545078577336 0.007897334649555774
0 0.9718775847808105 0.6293188548864758 0.019851116625310174 0.018756169792694965
0 0.3854425144747725 0.7305034550839091 0.024813895781637715 0.013820335636722605
0 0.6046319272125724 0.20384995064165842 0.026468155500413565 0.05429417571569595
0 0.5380479735318445 0.09131293188548864 0.023986765922249794 0.03257650542941757
0 0.08105872622001654 0.5636722606120435 0.01488833746898263 0.01184600197433366
0 0.49090157154673286 0.5103652517275419 0.03391232423490488 0.05133267522211253
0 0.6240694789081885 0.4096742349457058 0.053763440860215055 0.0631786771964462
0 0.43672456575682383 0.2546890424481737 0.05459057071960298 0.10266535044422506
0 0.3598014888337469 0.33070088845014806 0.09594706368899918 0.15597235932872655
0 0.19809760132340778 0.27393879565646595 0.06699751861042183 0.034550839091806514
