0 0.5159235668789809 0.17061611374407584 0.04936305732484077 0.06824644549763033
0 0.49323248407643316 0.3028436018957346 0.059713375796178345 0.12417061611374408
0 0.2567675159235669 0.4957345971563981 0.07085987261146497 0.1004739336492891
0 0.6910828025477708 0.737914691943128 0.12261146496815287 0.09194312796208531
0 0.33757961783439494 0.41800947867298577 0.04617834394904459 0.06066350710900474
0 0.15246815286624205 0.44644549763033176 0.05334394904458599 0.07962085308056872
0 0.31727707006369427 0.3075829383886256 0.04856687898089172 0.07677725118483412
0 0.2730891719745223 0.22701421800947869 0.05732484076433121 0.10900473933649289
0 0.375 0.328436018957346 0.04777070063694268 0.08815165876777252
0 0.49283439490445863 0.4184834123222749 0.07006369426751592 0.06161137440758294
0 0.04418789808917198 0.38530805687203795 0.02786624203821656 0.06350710900473934
0 0.839968152866242 0.3345971563981043 0.06847133757961783 0.03981042654028436
0 0.8105095541401274 0.4488151658767773 0.15605095541401276 0.09004739336492891
0 0.5971337579617835 0.46777251184834123 0.03503184713375796 0.04265402843601896
0 0.20421974522292996 0.5611374407582939 0.10589171974522293 0.13270142180094788
0 0.6114649681528663 0.5270142180094787 0.04299363057324841 0.06824644549763033
0 0.4056528662420382 0.17772511848341233 0.1584394904458599 0.16587677725118483
0 0.8471337579617835 0.6696682464454976 0.06687898089171974 0.046445497630331754
0 0.4570063694267516 0.7985781990521327 0.03184713375796178 0.03317535545023697
0 0.0927547770700637 0.6274881516587678 0.06926751592356688 0.04928909952606635
0 0.2981687898089172 0.6075829383886256 0.03901273885350319 0.054976303317535544
0 0.5780254777070064 0.3976303317535545 0.0732484076433121 0.07298578199052133
0 0.4096337579617835 0.4838862559241706 0.08678343949044587 0.09004739336492891
0 0.7241242038216561 0.5587677725118484 0.03423566878980892 0.07298578199052133
0 0.34195859872611467 0.48672985781990524 0.04060509554140128 0.027488151658767772
0 0.21695859872611467 0.4151658767772512 0.04060509554140128 0.047393364928909956
0 0.9490445859872612 0.7023696682464455 0.07165605095541401 0.12322274881516589
0 0.24004777070063696 0.34786729857819904 0.06449044585987261 0.1023696682464455
0 0.0820063694267516 0.44218009478672987 0.039808917197452234 0.029383886255924172
0 0.46257961783439494 0.5161137440758294 0.18949044585987262 0.16587677725118483
0 0.8730095541401275 0.523696682464455 0.035828025477707005 0.05402843601895735
0 0.6349522292993631 0.3175355450236967 0.03423566878980892 0.037914691943127965
0 0.784235668789809 0.5127962085308057 0.04936305732484077 0.03222748815165877
0 0.7432324840764332 0.3009478672985782 0.05493630573248408 0.03317535545023697
0 0.9156050955414013 0.3805687203791469 0.03343949044585987 0.027488151658767772
0 0.552547770700637 0.4886255924170616 0.03184713375796178 0.055924170616113746
0 0.9402866242038217 0.5222748815165877 0.06210191082802548 0.05308056872037915
0 0.06210191082802548 0.5014218009478674 0.06687898089171974 0.06824644549763033
0 0.5812101910828026 0.8213270142180095 0.11624203821656051 0.08625592417061612
0 0.4124203821656051 0.12559241706161137 0.0732484076433121 0.06540284360189573
0 0.7332802547770702 0.6639810426540285 0.04936305732484077 0.03886255924170616
0 0.8702229299363058 0.08199052132701422 0.13853503184713375 0.12606635071090047
0 0.23288216560509556 0.5933649289099526 0.05334394904458599 0.06445497630331753
0 0.8212579617834396 0.37156398104265403 0.06449044585987261 0.034123222748815164
0 0.7695063694267517 0.590047393364929 0.043789808917197456 0.03886255924170616
0 0.07006369426751592 0.7388625592417062 0.04777070063694268 0.055924170616113746
0 0.5847929936305732 0.3090047393364929 0.046974522292993634 0.04170616113744076
0 0.3945063694267516 0.8393364928909953 0.04219745222929937 0.03696682464454976
0 0.7289012738853503 0.39052132701421804 0.037420382165605094 0.043601895734597156
0 0.7392515923566879 0.7914691943127963 0.024681528662420384 0.034123222748815164
0 0.4052547770700637 0.6990521327014219 0.038216560509554146 0.03886255924170616
0 0.7894108280254778 0.7516587677725118 0.03901273885350319 0.04928909952606635
0 0.8495222929936306 0.4781990521327014 0.019108280254777073 0.023696682464454978
0 0.5796178343949044 0.2052132701421801 0.09554140127388536 0.13364928909952606
0 0.3877388535031847 0.647867298578199 0.08121019108280256 0.05023696682464455
0 0.8968949044585988 0.15308056872037915 0.0963375796178344 0.05971563981042654
0 0.47611464968152867 0.06255924170616114 0.03184713375796178 0.03033175355450237
0 0.6580414012738853 0.23791469194312798 0.04219745222929937 0.05687203791469195
0 0.26154458598726116 0.4279620853080569 0.016719745222929936 0.029383886255924172
0 0.3355891719745223 0.7180094786729858 0.18073248407643314 0.1848341232227488
0 0.04259554140127389 0.609478672985782 0.01194267515923567 0.022748815165876776
0 0.9474522292993631 0.4308056872037915 0.03503184713375796 0.03696682464454976
0 0.7205414012738854 0.3350710900473934 0.052547770700636945 0.03127962085308057
0 0.4546178343949045 0.24265402843601896 0.03343949044585987 0.05118483412322275
0 0.9156050955414013 0.566824644549763 0.1178343949044586 0.13649289099526066
0 0.9112261146496816 0.6127962085308057 0.046974522292993634 0.05023696682464455
0 0.900875796178344 0.23601895734597156 0.0820063694267516 0.0985781990521327
0 0.12818471337579618 0.7175355450236967 0.03343949044585987 0.03222748815165877
0 0.9470541401273885 0.47014218009478675 0.02945859872611465 0.028436018957345974
0 0.659235668789809 0.5445497630331754 0.04140127388535032 0.05213270142180095
0 0.6986464968152867 0.26018957345971566 0.05652866242038217 0.055924170616113746
0 0.3590764331210191 0.25260663507109005 0.012738853503184714 0.029383886255924172
0 0.685907643312102 0.38388625592417064 0.12340764331210191 0.07203791469194314
0 0.9279458598726115 0.018009478672985784 0.015127388535031847 0.03222748815165877
0 0.07085987261146497 0.8080568720379148 0.025477707006369428 0.04454976303317536
0 0.48805732484076436 0.6744075829383887 0.054140127388535034 0.0938388625592417
0 0.5007961783439491 0.9085308056872038 0.039808917197452234 0.040758293838862564
0 0.9295382165605096 0.3109004739336493 0.05334394904458599 0.04549763033175355
0 0.9789012738853504 0.7971563981042654 0.024681528662420384 0.028436018957345974
0 0.3479299363057325 0.16492890995260664 0.04777070063694268 0.13459715639810427
0 0.6540605095541402 0.2777251184834123 0.01194267515923567 0.009478672985781991
0 0.6098726114649682 0.04170616113744076 0.06687898089171974 0.015165876777251185
0 0.7599522292993631 0.4 0.023089171974522295 0.047393364928909956
0 0.5437898089171975 0.21800947867298578 0.02388535031847134 0.1042654028436019
0 0.7010350318471338 0.4895734597156398 0.02786624203821656 0.03696682464454976
0 0.5593152866242038 0.04312796208530806 0.02945859872611465 0.008530805687203791
0 0.028662420382165606 0.36208530805687206 0.019108280254777073 0.018957345971563982
0 0.6118630573248408 0.25734597156398104 0.024681528662420384 0.014218009478672987
0 0.39689490445859876 0.7824644549763033 0.026273885350318472 0.05402843601895735
0 0.46337579617834396 0.8938388625592417 0.02388535031847134 0.03222748815165877
0 0.9160031847133758 0.4208530805687204 0.015127388535031847 0.011374407582938388
0 0.508359872611465 0.47677725118483416 0.03423566878980892 0.05118483412322275
0 0.3761942675159236 0.5777251184834123 0.05334394904458599 0.06161137440758294
0 0.5636942675159236 0.7303317535545024 0.054140127388535034 0.1033175355450237
0 0.6393312101910829 0.6545023696682465 0.09554140127388536 0.15450236966824646
0 0.8009554140127388 0.7099526066350711 0.06687898089171974 0.034123222748815164
