0 0.4570035460992908 0.8583877995642702 0.05230496453900709 0.07625272331154685
0 0.49157801418439717 0.7167755991285404 0.06294326241134751 0.13725490196078433
0 0.7575354609929078 0.5326797385620916 0.07535460992907801 0.11111111111111112
0 0.31604609929078015 0.2178649237472767 0.13031914893617022 0.10021786492374729
0 0.6657801418439716 0.6083877995642702 0.04964539007092199 0.0664488017429194
0 0.863918439716312 0.5985838779956427 0.057624113475177305 0.08823529411764706
0 0.6786347517730497 0.7314814814814815 0.05230496453900709 0.0860566448801743
0 0.7189716312056738 0.8240740740740742 0.06028368794326241 0.12091503267973858
0 0.6187943262411347 0.7020697167755992 0.051418439716312055 0.09694989106753814
0 0.500886524822695 0.5898692810457516 0.07446808510638298 0.06862745098039216
0 0.9734042553191489 0.6775599128540306 0.030141843971631204 0.06971677559912855
0 0.12677304964539007 0.6416122004357299 0.07446808510638298 0.04357298474945534
0 0.1675531914893617 0.5201525054466232 0.16666666666666666 0.0991285403050109
0 0.3945035460992908 0.5234204793028323 0.03723404255319149 0.04684095860566449
0 0.8178191489361702 0.46732026143790856 0.1125886524822695 0.1459694989106754
0 0.38386524822695034 0.45806100217864926 0.04609929078014184 0.07516339869281047
0 0.5744680851063829 0.863289760348584 0.16843971631205673 0.18191721132897606
0 0.14583333333333334 0.27450980392156865 0.07180851063829786 0.052287581699346414
0 0.5687056737588653 0.1786492374727669 0.034574468085106384 0.03703703703703704
0 0.9414893617021276 0.40740740740740744 0.07446808510638298 0.054466230936819175
0 0.7220744680851063 0.40577342047930287 0.041666666666666664 0.059912854030501096
0 0.4095744680851064 0.6029411764705883 0.07801418439716312 0.079520697167756
0 0.5944148936170213 0.5277777777777778 0.09308510638297872 0.0991285403050109
0 0.26728723404255317 0.4101307189542484 0.03634751773049645 0.079520697167756
0 0.6662234042553191 0.5332244008714597 0.04343971631205674 0.029411764705882356
0 0.7929964539007092 0.6252723311546842 0.04343971631205674 0.052287581699346414
0 0.04033687943262411 0.22712418300653597 0.07535460992907801 0.13616557734204796
0 0.7632978723404256 0.6966230936819173 0.06914893617021277 0.1122004357298475
0 0.9379432624113475 0.6116557734204794 0.0425531914893617 0.03159041394335512
0 0.5407801418439716 0.48692810457516345 0.20212765957446807 0.18300653594771243
0 0.10682624113475177 0.4308278867102397 0.038120567375886524 0.059912854030501096
0 0.3426418439716312 0.6840958605664489 0.03634751773049645 0.04139433551198257
0 0.19946808510638298 0.4537037037037037 0.05319148936170213 0.03594771241830066
0 0.22650709219858156 0.6895424836601308 0.05939716312056737 0.03703703703703704
0 0.05053191489361702 0.5827886710239651 0.035460992907801414 0.03050108932461874
0 0.4432624113475177 0.5059912854030502 0.03368794326241135 0.062091503267973865
0 0.035460992907801414 0.42538126361655776 0.0673758865248227 0.05773420479302833
0 0.9636524822695035 0.5484749455337691 0.07092198581560283 0.07516339869281047
0 0.43927304964539005 0.1394335511982571 0.125 0.09368191721132899
0 0.5629432624113475 0.9193899782135078 0.07801418439716312 0.07189542483660132
0 0.26595744680851063 0.29466230936819177 0.05319148936170213 0.042483660130718956
0 0.0749113475177305 0.914488017429194 0.14804964539007093 0.14052287581699346
0 0.7898936170212766 0.42864923747276695 0.05673758865248227 0.07080610021786493
0 0.14937943262411346 0.6034858387799565 0.06826241134751773 0.03703703703703704
0 0.22163120567375885 0.3709150326797386 0.04609929078014184 0.042483660130718956
0 0.9742907801418439 0.28867102396514166 0.051418439716312055 0.06100217864923748
0 0.3945035460992908 0.6993464052287582 0.04964539007092199 0.04575163398692811
0 0.6387411347517731 0.14052287581699346 0.045212765957446804 0.04139433551198257
0 0.24911347517730495 0.593681917211329 0.04078014184397163 0.04793028322440088
0 0.2695035460992908 0.15359477124183007 0.026595744680851064 0.03703703703703704
0 0.6161347517730497 0.29357298474945537 0.04078014184397163 0.042483660130718956
0 0.2127659574468085 0.1917211328976035 0.0425531914893617 0.054466230936819175
0 0.1281028368794326 0.4836601307189543 0.020390070921985814 0.026143790849673207
0 0.3927304964539007 0.8131808278867103 0.10283687943262411 0.14705882352941177
0 0.6307624113475178 0.35185185185185186 0.08599290780141844 0.054466230936819175
0 0.05230496453900709 0.8333333333333334 0.10283687943262411 0.06535947712418301
0 0.4906914893617021 0.9809368191721134 0.034574468085106384 0.03159041394335512
0 0.3120567375886525 0.7679738562091504 0.044326241134751775 0.06318082788671024
0 0.7468971631205673 0.6062091503267975 0.016843971631205674 0.03159041394335512
0 0.6910460992907801 0.28050108932461876 0.19237588652482268 0.20370370370370372
0 0.9929078014184397 0.43300653594771243 0.012411347517730497 0.025054466230936823
0 0.020390070921985814 0.5239651416122005 0.03723404255319149 0.04139433551198257
0 0.25310283687943264 0.6546840958605665 0.05585106382978723 0.034858387799564274
0 0.527482269503546 0.7870370370370371 0.035460992907801414 0.05555555555555556
0 0.06471631205673758 0.37962962962962965 0.12588652482269502 0.14923747276688454
0 0.07313829787234043 0.329520697167756 0.05053191489361702 0.05555555555555556
0 0.054521276595744676 0.7429193899782136 0.08776595744680851 0.10893246187363835
0 0.9109042553191489 0.3050108932461874 0.03634751773049645 0.034858387799564274
0 0.02349290780141844 0.48093681917211334 0.03102836879432624 0.03159041394335512
0 0.3346631205673759 0.43246187363834426 0.04343971631205674 0.056644880174291944
0 0.2703900709219858 0.7391067538126362 0.06028368794326241 0.062091503267973865
0 0.6294326241134751 0.786492374727669 0.014184397163120567 0.032679738562091505
0 0.29388297872340424 0.6056644880174292 0.1320921985815603 0.08061002178649239
0 0.008865248226950354 0.9776688453159043 0.015957446808510637 0.03594771241830066
0 0.9791666666666666 0.2124183006535948 0.027482269503546097 0.04793028322440088
0 0.5261524822695035 0.3104575163398693 0.057624113475177305 0.10457516339869283
0 0.5314716312056738 0.05337690631808279 0.04343971631205674 0.04575163398692811
0 0.029698581560283686 0.6568627450980393 0.057624113475177305 0.050108932461873645
0 0.015957446808510637 0.11982570806100219 0.026595744680851064 0.03050108932461874
0 0.6343085106382979 0.883442265795207 0.05053191489361702 0.14814814814814817
0 0.3191489361702128 0.7254901960784315 0.012411347517730497 0.010893246187363835
0 0.3475177304964539 0.988562091503268 0.0726950354609929 0.016339869281045753
0 0.21675531914893617 0.579520697167756 0.023936170212765957 0.052287581699346414
0 0.43129432624113473 0.8028322440087147 0.025709219858156027 0.11546840958605666
0 0.28634751773049644 0.488562091503268 0.030141843971631204 0.040305010893246195
0 0.400709219858156 0.9923747276688454 0.031914893617021274 0.008714596949891068
0 0.9884751773049645 0.7053376906318084 0.02127659574468085 0.020697167755991286
0 0.362145390070922 0.7521786492374728 0.025709219858156027 0.016339869281045753
0 0.6316489361702128 0.20315904139433552 0.027482269503546097 0.059912854030501096
0 0.5691489361702128 0.07352941176470588 0.024822695035460994 0.03594771241830066
0 0.05274822695035461 0.5381263616557734 0.016843971631205674 0.013071895424836603
0 0.48980496453900707 0.5245098039215687 0.03634751773049645 0.05555555555555556
0 0.6374113475177304 0.4291938997821351 0.05673758865248227 0.06753812636165578
0 0.450354609929078 0.24074074074074076 0.05851063829787234 0.11328976034858389
0 0.36436170212765956 0.31535947712418305 0.10106382978723404 0.17102396514161222
0 0.1976950354609929 0.23583877995642705 0.07092198581560283 0.038126361655773426
