0 0.5448057097541633 0.1563106796116505 0.052339413164155434 0.07378640776699029
0 0.5095162569389373 0.29563106796116506 0.0626486915146709 0.13495145631067962
0 0.24425059476605868 0.47378640776699027 0.07454401268834258 0.11067961165048543
0 0.6784298176050754 0.7902912621359223 0.12926249008723237 0.09902912621359222
0 0.3358445678033307 0.39999999999999997 0.04837430610626487 0.06601941747572815
0 0.13917525773195877 0.4072815533980582 0.056304520222045996 0.08640776699029126
0 0.323949246629659 0.27815533980582524 0.05154639175257732 0.08446601941747572
0 0.28509119746233147 0.18640776699029127 0.05947660586835844 0.11844660194174757
0 0.38342585249801747 0.3087378640776699 0.0499603489294211 0.09514563106796116
0 0.49881046788263284 0.4203883495145631 0.07454401268834258 0.06796116504854369
0 0.03132434575733545 0.3276699029126213 0.029341792228390166 0.06893203883495146
0 0.8699444885011896 0.37475728155339805 0.07295796986518636 0.04271844660194175
0 0.8287073750991277 0.49417475728155336 0.16494845360824742 0.0970873786407767
0 0.6038858049167327 0.487378640776699 0.03727200634417129 0.04660194174757282
0 0.18398096748612214 0.5373786407766991 0.11102299762093576 0.14466019417475728
0 0.6137985725614592 0.5524271844660193 0.045995241871530534 0.07378640776699029
0 0.42862807295796984 0.14951456310679612 0.16732751784298175 0.18058252427184465
0 0.8481363996827914 0.7364077669902912 0.07057890563045202 0.05145631067961165
0 0.42783505154639173 0.8257281553398058 0.03409992069785884 0.035922330097087375
0 0.061459159397303724 0.5951456310679611 0.07375099127676447 0.05242718446601941
0 0.27835051546391754 0.5995145631067961 0.041237113402061855 0.059223300970873784
0 0.5896114195083267 0.4092233009708738 0.07692307692307693 0.07864077669902912
0 0.4056304520222046 0.48009708737864076 0.09119746233148295 0.09805825242718447
0 0.7287866772402855 0.6014563106796116 0.03647898493259318 0.07864077669902912
0 0.3346550356859635 0.474757281553398 0.04282315622521808 0.029126213592233007
0 0.21015067406819984 0.3815533980582524 0.04282315622521808 0.05048543689320388
0 0.9524187153053132 0.7849514563106795 0.07454401268834258 0.13495145631067962
0 0.24028548770816813 0.312621359223301 0.06819984139571768 0.11067961165048543
0 0.0662172878667724 0.3932038834951456 0.04203013481363997 0.031067961165048542
0 0.4587628865979381 0.5213592233009708 0.2006344171292625 0.18058252427184465
0 0.887787470261697 0.5830097087378641 0.03727200634417129 0.059223300970873784
0 0.6566217287866772 0.33009708737864074 0.03647898493259318 0.040776699029126215
0 0.796193497224425 0.5597087378640776 0.052339413164155434 0.035922330097087375
0 0.7720063441712927 0.3257281553398058 0.05789056304520222 0.035922330097087375
0 0.9452815226011102 0.43349514563106795 0.034892942109436956 0.030097087378640777
0 0.5555114988104679 0.503883495145631 0.03409992069785884 0.062135922330097085
0 0.9587628865979382 0.5893203883495145 0.06661379857256146 0.05631067961165048
0 0.04004758128469469 0.4553398058252427 0.07057890563045202 0.07378640776699029
0 0.556304520222046 0.8660194174757281 0.12291831879460745 0.09320388349514563
0 0.44052339413164154 0.09466019417475728 0.07692307692307693 0.07087378640776698
0 0.7291831879460745 0.7160194174757282 0.05154639175257732 0.04174757281553398
0 0.9242664551942903 0.1058252427184466 0.14670896114195084 0.1378640776699029
0 0.2105471847739889 0.5757281553398058 0.056304520222045996 0.06990291262135923
0 0.8477398889770024 0.4116504854368932 0.06819984139571768 0.036893203883495145
0 0.7739888977002379 0.6407766990291262 0.045995241871530534 0.04271844660194175
0 0.02775574940523394 0.7116504854368931 0.05075337034099921 0.06019417475728155
0 0.6050753370340999 0.3145631067961165 0.04916732751784298 0.04466019417475728
0 0.3584456780333069 0.8621359223300971 0.04440919904837431 0.040776699029126215
0 0.7486122125297383 0.42087378640776696 0.03965107057890563 0.04757281553398058
0 0.7244250594766058 0.8543689320388349 0.026169706582077717 0.036893203883495145
0 0.38263283108643936 0.712135922330097 0.040444091990483745 0.04174757281553398
0 0.7807295796986519 0.8174757281553398 0.04203013481363997 0.05242718446601941
0 0.8675654242664552 0.5300970873786408 0.020618556701030927 0.02524271844660194
0 0.6082474226804123 0.20194174757281552 0.10150674068199841 0.14563106796116504
0 0.36835844567803333 0.654368932038835 0.08485329103885805 0.05436893203883495
0 0.9460745440126883 0.18640776699029127 0.10150674068199841 0.06407766990291262
0 0.5126883425852498 0.03446601941747573 0.03409992069785884 0.03203883495145631
0 0.6879460745440127 0.24757281553398058 0.04361617763679619 0.062135922330097085
0 0.2557494052339413 0.4009708737864078 0.016653449643140365 0.031067961165048542
0 0.3076923076923077 0.7233009708737864 0.19032513877874702 0.20194174757281552
0 0.009912767644726407 0.5694174757281553 0.011895321173671689 0.024271844660194174
0 0.9742268041237113 0.49223300970873785 0.03727200634417129 0.040776699029126215
0 0.7446471054718478 0.35970873786407764 0.05551149881046788 0.03398058252427184
0 0.4742268041237113 0.2257281553398058 0.034892942109436956 0.05533980582524271
0 0.929024583663759 0.6339805825242718 0.12450436161776368 0.14757281553398058
0 0.9203013481363996 0.683495145631068 0.0499603489294211 0.05436893203883495
0 0.9425059476605868 0.2757281553398058 0.08643933386201427 0.10679611650485436
0 0.09040444091990484 0.6966019417475728 0.034892942109436956 0.03398058252427184
0 0.9710547184773989 0.5344660194174757 0.030927835051546393 0.03203883495145631
0 0.662172878667724 0.5776699029126213 0.04282315622521808 0.05631067961165048
0 0.7283901665344964 0.2762135922330097 0.05947660586835844 0.061165048543689315
0 0.373116574147502 0.22524271844660193 0.013481363996827915 0.031067961165048542
0 0.7045995241871531 0.4077669902912621 0.1308485329103886 0.07961165048543689
0 0.9900872323552736 0.04466019417475728 0.016653449643140365 0.03495145631067961
0 0.022204599524187154 0.7868932038834952 0.02696272799365583 0.04757281553398058
0 0.4710547184773989 0.6961165048543689 0.057097541633624106 0.1029126213592233
0 0.4639175257731959 0.9504854368932039 0.04282315622521808 0.04466019417475728
0 0.9659000793021412 0.3606796116504854 0.057097541633624106 0.04951456310679611
0 0.9758128469468675 0.8912621359223301 0.026169706582077717 0.031067961165048542
0 0.36915146708961144 0.12864077669902912 0.0499603489294211 0.14660194174757282
0 0.6804123711340206 0.2898058252427184 0.012688342585249802 0.010679611650485437
0 0.6542426645519429 0.029126213592233007 0.07137192704203013 0.015533980582524271
0 0.7803330689928628 0.4344660194174757 0.023790642347343377 0.05145631067961165
0 0.5697858842188739 0.2111650485436893 0.02458366375892149 0.11359223300970873
0 0.7105471847739889 0.5237864077669903 0.028548770816812053 0.039805825242718446
0 0.6015067406819984 0.024757281553398056 0.030927835051546393 0.008737864077669903
0 0.016653449643140365 0.3004854368932039 0.020618556701030927 0.020388349514563107
0 0.6379857256145915 0.2621359223300971 0.026169706582077717 0.015533980582524271
0 0.36597938144329895 0.8004854368932038 0.02775574940523394 0.059223300970873784
0 0.4262490087232355 0.929126213592233 0.02458366375892149 0.03495145631067961
0 0.9425059476605868 0.47766990291262135 0.016653449643140365 0.011650485436893204
0 0.5095162569389373 0.4854368932038835 0.035685963521015066 0.05631067961165048
0 0.3628072957969865 0.5776699029126213 0.056304520222045996 0.06796116504854369
0 0.5455987311657414 0.7655339805825242 0.057097541633624106 0.1116504854368932
0 0.6316415543219667 0.6936893203883495 0.1007137192704203 0.1679611650485437
0 0.796193497224425 0.7737864077669903 0.06978588421887391 0.036893203883495145
