0 0.5354640980735552 0.848663101604278 0.05166374781085814 0.07379679144385026
0 0.5039404553415061 0.7085561497326204 0.06217162872154115 0.13368983957219252
0 0.24430823117338005 0.5213903743315508 0.07355516637478109 0.11016042780748664
0 0.6852014010507881 0.2229946524064171 0.1287215411558669 0.09946524064171124
0 0.3336252189141856 0.5983957219251337 0.04903677758318739 0.06524064171122995
0 0.13791593695271454 0.5834224598930482 0.056917688266199654 0.08663101604278076
0 0.3191768826619965 0.718716577540107 0.05166374781085814 0.08342245989304813
0 0.2775831873905429 0.8090909090909091 0.0595446584938704 0.11871657754010695
0 0.3787215411558669 0.6914438502673796 0.04991243432574431 0.09518716577540107
0 0.4969352014010508 0.5844919786096257 0.07443082311733801 0.06737967914438503
0 0.028458844133099827 0.6588235294117647 0.028896672504378284 0.06844919786096257
0 0.8655866900175131 0.6438502673796792 0.07267950963222417 0.04278074866310161
0 0.8274956217162872 0.5235294117647059 0.1646234676007005 0.09732620320855616
0 0.6028896672504378 0.5213903743315508 0.03765323992994746 0.045989304812834225
0 0.18520140105078808 0.4556149732620321 0.11120840630472854 0.14331550802139037
0 0.6142732049036778 0.4572192513368984 0.04640980735551664 0.07379679144385026
0 0.4194395796847636 0.8508021390374332 0.16637478108581435 0.1786096256684492
0 0.8528896672504378 0.28288770053475937 0.07005253940455342 0.05026737967914439
0 0.4365148861646235 0.1786096256684492 0.03415061295971979 0.03636363636363636
0 0.06479859894921192 0.3935828877005348 0.07355516637478109 0.053475935828877004
0 0.28152364273204905 0.39732620320855616 0.04115586690017513 0.058823529411764705
0 0.5866900175131349 0.5989304812834225 0.07705779334500876 0.07914438502673797
0 0.4054290718038529 0.5213903743315508 0.09106830122591944 0.09732620320855616
0 0.7302977232924693 0.41336898395721927 0.03677758318739054 0.07807486631016043
0 0.3340630472854641 0.5235294117647059 0.04290718038528897 0.028877005347593583
0 0.20796847635726795 0.611764705882353 0.04290718038528897 0.051336898395721926
0 0.957968476357268 0.23903743315508022 0.07530647985989491 0.13368983957219252
0 0.23598949211908932 0.6818181818181819 0.06742556917688267 0.11016042780748664
0 0.06479859894921192 0.5941176470588235 0.04203152364273205 0.031016042780748664
0 0.45928196147110334 0.4823529411764706 0.20052539404553416 0.17967914438502675
0 0.8887915936952715 0.4379679144385027 0.03677758318739054 0.058823529411764705
0 0.6514886164623468 0.6802139037433155 0.03677758318739054 0.040641711229946524
0 0.7968476357267951 0.4572192513368984 0.05253940455341506 0.03529411764705882
0 0.766199649737303 0.6887700534759359 0.05779334500875657 0.03636363636363636
0 0.941768826619965 0.5882352941176471 0.03590192644483363 0.029946524064171122
0 0.5551663747810858 0.5032085561497326 0.03327495621716287 0.06096256684491979
0 0.9597197898423818 0.43368983957219254 0.06654991243432574 0.05668449197860963
0 0.040280210157618214 0.5320855614973262 0.07005253940455342 0.07379679144385026
0 0.5647985989492119 0.14278074866310161 0.12259194395796848 0.09304812834224599
0 0.4299474605954466 0.9058823529411765 0.07705779334500876 0.07058823529411765
0 0.7338003502626971 0.2989304812834225 0.05253940455341506 0.04171122994652406
0 0.9128721541155866 0.9133689839572193 0.14623467600700527 0.13689839572192514
0 0.21366024518388793 0.41871657754010694 0.05604203152364273 0.06951871657754011
0 0.8441330998248686 0.6064171122994653 0.06830122591943957 0.03636363636363636
0 0.7762697022767076 0.37593582887700533 0.04640980735551664 0.04171122994652406
0 0.03415061295971979 0.27647058823529413 0.050788091068301226 0.06096256684491979
0 0.5998248686514887 0.6941176470588235 0.04903677758318739 0.044919786096256686
0 0.36821366024518387 0.139572192513369 0.0446584938704028 0.039572192513368985
0 0.7456217162872154 0.5935828877005348 0.0394045534150613 0.047058823529411764
0 0.7329246935201401 0.16149732620320856 0.02626970227670753 0.03636363636363636
0 0.38791593695271454 0.2893048128342246 0.040280210157618214 0.04171122994652406
0 0.7876532399299475 0.2 0.04115586690017513 0.053475935828877004
0 0.8669001751313485 0.48877005347593583 0.021015761821366025 0.025668449197860963
0 0.6002626970227671 0.8058823529411765 0.10070052539404553 0.1443850267379679
0 0.37259194395796846 0.346524064171123 0.08493870402802102 0.053475935828877004
0 0.936077057793345 0.8342245989304813 0.10157618213660245 0.06417112299465241
0 0.5004378283712785 0.9679144385026738 0.03415061295971979 0.03208556149732621
0 0.680385288966725 0.7636363636363637 0.043782837127845885 0.06203208556149733
0 0.2535026269702277 0.5941176470588235 0.016637478108581436 0.031016042780748664
0 0.313922942206655 0.27540106951871657 0.19001751313485113 0.2
0 0.013134851138353765 0.4176470588235294 0.012259194395796848 0.024598930481283424
0 0.9724168126094571 0.5310160427807487 0.03765323992994746 0.039572192513368985
0 0.740367775831874 0.653475935828877 0.05516637478108581 0.034224598930481284
0 0.4671628721541156 0.7770053475935829 0.03590192644483363 0.05454545454545455
0 0.931260945709282 0.3877005347593583 0.1234676007005254 0.146524064171123
0 0.9233800350262698 0.3390374331550802 0.04991243432574431 0.053475935828877004
0 0.9352014010507881 0.7449197860962568 0.08581436077057794 0.10802139037433155
0 0.09632224168126094 0.29411764705882354 0.03502626970227671 0.034224598930481284
0 0.9702276707530648 0.48877005347593583 0.03152364273204904 0.03208556149732621
0 0.6633099824868651 0.43368983957219254 0.04290718038528897 0.05668449197860963
0 0.7219789842381786 0.7363636363636363 0.05866900175131348 0.06096256684491979
0 0.36646234676007006 0.7737967914438503 0.013134851138353765 0.031016042780748664
0 0.7014010507880911 0.604812834224599 0.12959719789842383 0.07807486631016043
0 0.9767950963222417 0.9770053475935829 0.016637478108581436 0.03529411764705882
0 0.03064798598949212 0.2016042780748663 0.02626970227670753 0.0481283422459893
0 0.47591943957968474 0.30855614973262036 0.056917688266199654 0.10160427807486631
0 0.47591943957968474 0.05561497326203209 0.04290718038528897 0.044919786096256686
0 0.9610332749562172 0.6620320855614974 0.056917688266199654 0.04919786096256685
0 0.9838003502626971 0.13422459893048128 0.025394045534150613 0.031016042780748664
0 0.35989492119089317 0.8695187165775401 0.050788091068301226 0.14545454545454545
0 0.6742556917688266 0.7213903743315508 0.012259194395796848 0.011764705882352941
0 0.6418563922942206 0.979144385026738 0.07180385288966726 0.016042780748663103
0 0.7780210157618214 0.5807486631016043 0.023642732049036778 0.051336898395721926
0 0.5621716287215411 0.7946524064171123 0.024518388791593695 0.11336898395721925
0 0.7105954465849387 0.4893048128342246 0.028896672504378284 0.039572192513368985
0 0.5888791593695272 0.9818181818181818 0.03064798598949212 0.008556149732620321
0 0.013134851138353765 0.6850267379679145 0.021015761821366025 0.020320855614973262
0 0.6313485113835376 0.746524064171123 0.02626970227670753 0.014973262032085561
0 0.37390542907180385 0.20053475935828877 0.028021015761821366 0.058823529411764705
0 0.4373905429071804 0.07540106951871658 0.025394045534150613 0.03529411764705882
0 0.9404553415061296 0.544385026737968 0.01576182136602452 0.012834224598930482
0 0.5091943957968477 0.5197860962566845 0.03590192644483363 0.05561497326203209
0 0.36471103327495624 0.42299465240641715 0.056917688266199654 0.06737967914438503
0 0.5521015761821366 0.24224598930481284 0.056917688266199654 0.11016042780748664
0 0.6361646234676007 0.3176470588235294 0.10070052539404553 0.16684491978609625
0 0.8021015761821366 0.24385026737967916 0.07005253940455342 0.03636363636363636
