0 0.5578125 0.8298969072164949 0.05 0.07029053420805999
0 0.5183593750000001 0.7010309278350516 0.06015625 0.1274601686972821
0 0.256640625 0.5487347703842549 0.07109375 0.10402999062792878
0 0.661328125 0.22492970946579194 0.12421875 0.09372071227741331
0 0.34765625 0.612933458294283 0.046875 0.061855670103092786
0 0.158203125 0.6176194939081537 0.05390625 0.08059981255857544
0 0.34101562500000004 0.7282099343955014 0.049218750000000006 0.07872539831302718
0 0.30703125000000003 0.8172446110590441 0.0578125 0.11246485473289597
0 0.39687500000000003 0.6963448922211809 0.0484375 0.08997188378631678
0 0.503515625 0.5838800374882849 0.07109375 0.06373008434864105
0 0.0578125 0.6991565135895033 0.028125 0.06373008434864105
0 0.8625 0.604967197750703 0.0703125 0.04029990627928772
0 0.817578125 0.49531396438612935 0.15859375 0.09090909090909091
0 0.6015625 0.514526710402999 0.035937500000000004 0.04311152764761012
0 0.195703125 0.49250234301780693 0.10703125000000001 0.1358950328022493
0 0.60859375 0.4526710402999063 0.043750000000000004 0.06935332708528585
0 0.44648437500000004 0.8430178069353327 0.16015625 0.1696344892221181
0 0.826171875 0.26569821930646675 0.06796875000000001 0.04779756326148079
0 0.41875 0.2061855670103093 0.0328125 0.033739456419868794
0 0.075390625 0.4456419868791003 0.07109375 0.04967197750702906
0 0.283984375 0.42830365510777885 0.039843750000000004 0.056232427366447985
0 0.591015625 0.5895032802249297 0.07421875 0.07497656982193066
0 0.41132812500000004 0.5332708528584817 0.08828125 0.09184629803186505
0 0.7175781250000001 0.4001874414245548 0.03515625 0.07497656982193066
0 0.34296875000000004 0.542174320524836 0.040625 0.02717900656044986
0 0.22734375 0.6377694470477976 0.040625 0.04779756326148079
0 0.9246093750000001 0.21368322399250234 0.07265625 0.1274601686972821
0 0.258984375 0.7014995313964386 0.06484375 0.10402999062792878
0 0.08828125 0.6349578256794752 0.040625 0.029053420805998126
0 0.4609375 0.4906279287722587 0.1921875 0.1696344892221181
0 0.87109375 0.40815370196813494 0.035937500000000004 0.05529522024367385
0 0.6589843750000001 0.6602624179943768 0.03515625 0.038425492033739454
0 0.7835937500000001 0.4358013120899719 0.05 0.033739456419868794
0 0.76953125 0.6569821930646673 0.05625 0.033739456419868794
0 0.9320312500000001 0.5454545454545454 0.034375 0.028116213683223992
0 0.554296875 0.5018744142455482 0.032031250000000004 0.05716963448922212
0 0.938671875 0.3978444236176195 0.06328125 0.053420805998125584
0 0.061328125000000004 0.5782567947516402 0.06796875000000001 0.06935332708528585
0 0.540234375 0.16073102155576383 0.11796875000000001 0.08716026241799438
0 0.460546875 0.89456419868791 0.07421875 0.06654170571696345
0 0.712890625 0.29240862230552955 0.05078125 0.03936269915651359
0 0.925 0.8552014995313965 0.140625 0.1302717900656045
0 0.22031250000000002 0.45454545454545453 0.0546875 0.06560449859418932
0 0.8390625 0.5716963448922212 0.065625 0.033739456419868794
0 0.758984375 0.3598875351452671 0.04453125 0.03936269915651359
0 0.03828125 0.33786316776007497 0.0484375 0.05716963448922212
0 0.6097656250000001 0.6780693533270853 0.047656250000000004 0.04217432052483599
0 0.351171875 0.17619493908153702 0.04296875 0.03748828491096533
0 0.743359375 0.5688847235238988 0.03828125 0.04498594189315839
0 0.703125 0.16166822867853797 0.025 0.03467666354264293
0 0.3796875 0.3158388003748829 0.0390625 0.03936269915651359
0 0.7582031250000001 0.19353327085285849 0.039843750000000004 0.04967197750702906
0 0.853515625 0.4587628865979382 0.01953125 0.023430178069353328
0 0.6175781250000001 0.7835051546391752 0.09765625 0.13683223992502344
0 0.36835937500000004 0.3711340206185567 0.08203125 0.05060918462980319
0 0.942578125 0.7783505154639175 0.09765625 0.06091846298031865
0 0.532421875 0.9465791940018744 0.032031250000000004 0.02999062792877226
0 0.6921875000000001 0.7361761949390816 0.0421875 0.059044048734770385
0 0.2703125 0.6162136832239925 0.015625 0.029053420805998126
0 0.307421875 0.31021555763823805 0.18359375 0.1893158388003749
0 0.02734375 0.47282099343955014 0.0125 0.023430178069353328
0 0.9578125000000001 0.48828491096532334 0.035937500000000004 0.03748828491096533
0 0.7425781250000001 0.6265229615745079 0.05390625 0.03280224929709466
0 0.48750000000000004 0.7689784442361762 0.034375 0.051546391752577324
0 0.9085937500000001 0.3570759137769447 0.11875000000000001 0.1387066541705717
0 0.898046875 0.31115276476101217 0.047656250000000004 0.05060918462980319
0 0.9359375000000001 0.6944704779756327 0.08281250000000001 0.10121836925960638
0 0.099609375 0.34817244611059045 0.03359375 0.03280224929709466
0 0.95234375 0.4484536082474227 0.029687500000000002 0.029053420805998126
0 0.65390625 0.4259606373008435 0.0421875 0.053420805998125584
0 0.730078125 0.7061855670103093 0.057031250000000006 0.05716963448922212
0 0.390625 0.7755388940955952 0.0125 0.029053420805998126
0 0.7015625000000001 0.5834114339268979 0.125 0.07403936269915652
0 0.9906250000000001 0.9095595126522962 0.015625 0.03280224929709466
0 0.030078125 0.26710402999062793 0.025781250000000002 0.04498594189315839
0 0.465625 0.32567947516401125 0.0546875 0.09653233364573571
0 0.448828125 0.08669165885660732 0.041406250000000006 0.04217432052483599
0 0.9546875 0.612933458294283 0.0546875 0.046860356138706656
0 0.94296875 0.11246485473289597 0.025 0.028116213683223992
0 0.390625 0.866447985004686 0.0484375 0.13776944704779756
0 0.683203125 0.696813495782568 0.01171875 0.010309278350515464
0 0.6687500000000001 0.9432989690721649 0.06875 0.015932521087160263
0 0.7738281250000001 0.5538894095595127 0.022656250000000003 0.04873477038425492
0 0.580078125 0.7769447047797563 0.02421875 0.10684161199625117
0 0.703125 0.4742268041237114 0.028125 0.03748828491096533
0 0.6179687500000001 0.950796626054358 0.029687500000000002 0.008434864104967198
0 0.044921875 0.7258669165885661 0.01953125 0.019681349578256794
0 0.64375 0.7249297094657919 0.025 0.014058106841611996
0 0.36054687500000004 0.2338331771321462 0.025781250000000002 0.05529522024367385
0 0.41328125000000004 0.10871602624179943 0.0234375 0.033739456419868794
0 0.92734375 0.5037488284910966 0.015625 0.01218369259606373
0 0.5109375 0.5220243673851921 0.034375 0.05248359887535145
0 0.366015625 0.4442361761949391 0.05390625 0.06373008434864105
0 0.534765625 0.25585754451733833 0.055468750000000004 0.1049671977507029
0 0.6203125 0.3191190253045923 0.096875 0.1583880037488285
0 0.775 0.23336457357075915 0.0671875 0.03561387066541706
