0 0.5250417362270451 0.16030150753768846 0.05008347245409015 0.071356783919598
0 0.498330550918197 0.2954773869346734 0.06010016694490818 0.12864321608040202
0 0.251669449081803 0.48643216080402013 0.07262103505843072 0.10452261306532665
0 0.6886477462437396 0.7527638190954775 0.12520868113522537 0.09447236180904524
0 0.33597662771285475 0.4090452261306533 0.04757929883138565 0.06231155778894473
0 0.1464941569282137 0.43115577889447243 0.05425709515859766 0.08241206030150755
0 0.31803005008347246 0.2939698492462312 0.05008347245409015 0.07939698492462312
0 0.27545909849749584 0.20954773869346735 0.05843071786310518 0.11356783919597992
0 0.3768781302170284 0.31809045226130656 0.04924874791318865 0.09145728643216082
0 0.494991652754591 0.41507537688442214 0.07178631051752922 0.06432160804020101
0 0.037562604340567615 0.36432160804020103 0.028380634390651086 0.06532663316582915
0 0.8518363939899833 0.34221105527638196 0.07095158597662772 0.041206030150753775
0 0.8184474123539233 0.4582914572864322 0.15943238731218698 0.09246231155778896
0 0.6001669449081803 0.4703517587939699 0.03672787979966611 0.044221105527638194
0 0.19657762938230386 0.5517587939698493 0.10767946577629382 0.13668341708542714
0 0.6131051752921536 0.5316582914572865 0.044240400667779636 0.07035175879396986
0 0.41235392320534225 0.16331658291457288 0.16193656093489148 0.17185929648241208
0 0.8505843071786311 0.6884422110552765 0.06844741235392321 0.04824120603015076
0 0.4482470784641069 0.806532663316583 0.0333889816360601 0.03517587939698493
0 0.08096828046744574 0.6160804020100503 0.07178631051752922 0.05025125628140704
0 0.2913188647746244 0.6030150753768845 0.04006677796327212 0.05628140703517588
0 0.582220367278798 0.39698492462311563 0.07429048414023373 0.07437185929648242
0 0.40818030050083476 0.4798994974874372 0.08848080133555927 0.0934673366834171
0 0.7274624373956594 0.5683417085427136 0.03589315525876461 0.07537688442211056
0 0.33889816360601005 0.4798994974874372 0.041736227045075125 0.0271356783919598
0 0.21368948247078465 0.4010050251256282 0.041736227045075125 0.04824120603015076
0 0.9536727879799667 0.7256281407035177 0.07262103505843072 0.12864321608040202
0 0.23873121869782973 0.3331658291457287 0.0667779632721202 0.10552763819095479
0 0.07470784641068448 0.4241206030150754 0.040901502504173626 0.030150753768844223
0 0.4620200333889817 0.5150753768844222 0.19449081803005008 0.17185929648241208
0 0.8806343906510852 0.5386934673366834 0.03672787979966611 0.05628140703517588
0 0.6427378964941569 0.3160804020100503 0.035058430717863104 0.03919597989949749
0 0.7900667779632722 0.5236180904522614 0.05091819699499166 0.034170854271356785
0 0.7541736227045075 0.30301507537688444 0.055926544240400666 0.03517587939698493
0 0.9277963272120201 0.3919597989949749 0.034223706176961605 0.02814070351758794
0 0.5546744574290484 0.4904522613065327 0.0325542570951586 0.05829145728643217
0 0.9494991652754591 0.5396984924623116 0.0642737896494157 0.0542713567839196
0 0.05342237061769616 0.48492462311557794 0.06844741235392321 0.06934673366834171
0 0.5747078464106845 0.8346733668341709 0.11936560934891487 0.08944723618090453
0 0.4207011686143573 0.10904522613065327 0.07512520868113523 0.06733668341708543
0 0.7337228714524208 0.6773869346733669 0.05008347245409015 0.040201005025125636
0 0.8898163606010017 0.08190954773869348 0.14190317195325544 0.13165829145728644
0 0.22495826377295494 0.5859296482412061 0.05425709515859766 0.06633165829145729
0 0.8318030050083473 0.37889447236180906 0.0659432387312187 0.034170854271356785
0 0.7733722871452421 0.6030150753768845 0.044240400667779636 0.040201005025125636
0 0.05467445742904842 0.7301507537688443 0.04924874791318865 0.05728643216080403
0 0.592237061769616 0.3055276381909548 0.04757929883138565 0.042211055276381915
0 0.3831385642737897 0.8467336683417086 0.04340567612687813 0.03919597989949749
0 0.736644407345576 0.3954773869346734 0.03923205342237062 0.04522613065326633
0 0.7370617696160268 0.8100502512562815 0.025041736227045076 0.034170854271356785
0 0.39774624373956596 0.7020100502512564 0.03923205342237062 0.03919597989949749
0 0.7896494156928214 0.7703517587939699 0.04006677796327212 0.051256281407035184
0 0.8580968280467446 0.4904522613065327 0.02003338898163606 0.02412060301507538
0 0.5893155258764607 0.19849246231155782 0.0984974958263773 0.13768844221105528
0 0.3814691151919867 0.6482412060301508 0.08347245409015025 0.052261306532663324
0 0.9148580968280468 0.1562814070351759 0.0984974958263773 0.061306532663316586
0 0.4870617696160267 0.04723618090452262 0.0325542570951586 0.030150753768844223
0 0.6681969949916527 0.23517587939698495 0.04257095158597663 0.06030150753768845
0 0.25834724540901505 0.41658291457286434 0.015859766277128547 0.029145728643216084
0 0.32679465776293826 0.7190954773869348 0.18447412353923207 0.1919597989949749
0 0.03005008347245409 0.5954773869346734 0.011686143572621035 0.02311557788944724
0 0.9590984974958264 0.4452261306532664 0.03672787979966611 0.03819095477386935
0 0.7299666110183639 0.3376884422110553 0.05425709515859766 0.032160804020100506
0 0.4607679465776294 0.23165829145728645 0.035058430717863104 0.05326633165829146
0 0.9232053422370617 0.5839195979899499 0.12020033388981637 0.14070351758793972
0 0.9173622704507512 0.6316582914572865 0.048414023372287146 0.051256281407035184
0 0.9165275459098498 0.24221105527638193 0.08347245409015025 0.10251256281407037
0 0.1147746243739566 0.7105527638190956 0.034223706176961605 0.032160804020100506
0 0.9582637729549249 0.4859296482412061 0.03005008347245409 0.029145728643216084
0 0.6615191986644408 0.5522613065326634 0.04257095158597663 0.05326633165829146
0 0.7095158597662772 0.2592964824120603 0.05843071786310518 0.05829145728643217
0 0.3631051752921536 0.2391959798994975 0.01335559265442404 0.030150753768844223
0 0.6932387312186978 0.38643216080402015 0.12604340567612687 0.07537688442211056
0 0.9503338898163606 0.017587939698492466 0.015859766277128547 0.033165829145728645
0 0.05300500834724541 0.8020100502512564 0.02587646076794658 0.04623115577889448
0 0.48330550918196996 0.6798994974874373 0.05509181969949917 0.09748743718592966
0 0.489983305509182 0.9221105527638191 0.041736227045075125 0.043216080402010054
0 0.9440734557595993 0.321105527638191 0.05509181969949917 0.04723618090452262
0 0.981636060100167 0.8246231155778895 0.025041736227045076 0.029145728643216084
0 0.3539232053422371 0.1477386934673367 0.048414023372287146 0.13869346733668342
0 0.6636060100166945 0.27587939698492464 0.011686143572621035 0.011055276381909548
0 0.6243739565943239 0.030653266331658293 0.06844741235392321 0.015075376884422112
0 0.7683639398998331 0.40653266331658294 0.022537562604340568 0.0492462311557789
0 0.5521702838063439 0.21005025125628143 0.024207011686143573 0.1085427135678392
0 0.7053422370617697 0.4964824120603016 0.028380634390651086 0.03819095477386935
0 0.5730383973288815 0.030150753768844223 0.030884808013355594 0.008040201005025126
0 0.022120200333889818 0.3396984924623116 0.019198664440734557 0.020100502512562818
0 0.6210350584307179 0.25376884422110557 0.025041736227045076 0.015075376884422112
0 0.38731218697829717 0.7879396984924624 0.02671118530884808 0.05628140703517588
0 0.45283806343906513 0.9055276381909548 0.024207011686143573 0.034170854271356785
0 0.9277963272120201 0.4341708542713568 0.015859766277128547 0.01206030150753769
0 0.5091819699499165 0.47587939698492465 0.035058430717863104 0.05326633165829146
0 0.37145242070116863 0.5758793969849246 0.05509181969949917 0.06432160804020101
0 0.5588480801335559 0.7402010050251258 0.055926544240400666 0.10552763819095479
0 0.6381469115191987 0.664321608040201 0.09766277128547579 0.16080402010050254
0 0.8021702838063439 0.7276381909547739 0.06844741235392321 0.03618090452261307
