0 0.5421875 0.8519230769230769 0.051875000000000004 0.07461538461538461
0 0.508125 0.7096153846153846 0.0625 0.13615384615384615
0 0.2421875 0.5238461538461539 0.074375 0.11076923076923077
0 0.685 0.20923076923076922 0.13 0.1
0 0.33375 0.6003846153846154 0.04875 0.06538461538461539
0 0.135 0.5896153846153847 0.05625 0.08692307692307692
0 0.320625 0.7238461538461538 0.051250000000000004 0.08461538461538462
0 0.28 0.816923076923077 0.06 0.12
0 0.380625 0.6942307692307692 0.05 0.09615384615384616
0 0.4990625 0.5823076923076923 0.074375 0.06769230769230769
0 0.025 0.6688461538461539 0.02875 0.06846153846153846
0 0.8740625 0.6353846153846154 0.073125 0.043076923076923075
0 0.83375 0.5134615384615384 0.16625 0.09769230769230769
0 0.6059375 0.5161538461538462 0.036875 0.046153846153846156
0 0.18156250000000002 0.4580769230769231 0.111875 0.1453846153846154
0 0.6165625 0.45 0.045625 0.07384615384615384
0 0.4246875 0.8565384615384616 0.168125 0.1823076923076923
0 0.8559375 0.26692307692307693 0.07062500000000001 0.05076923076923077
0 0.431875 0.16884615384615384 0.03375 0.036153846153846154
0 0.058125 0.3973076923076923 0.07375 0.05307692307692308
0 0.2778125 0.39653846153846156 0.040625 0.05923076923076923
0 0.5906250000000001 0.5957692307692307 0.0775 0.07923076923076923
0 0.4053125 0.52 0.091875 0.09846153846153846
0 0.73375 0.4026923076923077 0.03625 0.07923076923076923
0 0.333125 0.5242307692307693 0.0425 0.02846153846153846
0 0.20625000000000002 0.6169230769230769 0.0425 0.05076923076923077
0 0.961875 0.21961538461538463 0.075 0.13615384615384615
0 0.2359375 0.688076923076923 0.068125 0.11153846153846154
0 0.0609375 0.6023076923076923 0.041875 0.03076923076923077
0 0.4596875 0.47884615384615387 0.201875 0.1823076923076923
0 0.8946875 0.42423076923076924 0.036875 0.05923076923076923
0 0.6575 0.6773076923076923 0.03625 0.040769230769230766
0 0.80125 0.4461538461538462 0.0525 0.03538461538461538
0 0.7740625 0.6834615384615385 0.058125 0.036153846153846154
0 0.950625 0.5769230769230769 0.035 0.02923076923076923
0 0.5571875000000001 0.49846153846153846 0.033125 0.06153846153846154
0 0.96625 0.41846153846153844 0.06625 0.05692307692307692
0 0.035312500000000004 0.5392307692307692 0.07062500000000001 0.07384615384615384
0 0.561875 0.13 0.12375 0.09384615384615384
0 0.43625 0.9130769230769231 0.0775 0.07076923076923076
0 0.7353125 0.28615384615384615 0.051875000000000004 0.04153846153846154
0 0.925625 0.9096153846153846 0.1475 0.13923076923076924
0 0.209375 0.4196153846153846 0.05625 0.07
0 0.8515625 0.5973076923076923 0.068125 0.036153846153846154
0 0.7796875 0.3630769230769231 0.045625 0.04153846153846154
0 0.0253125 0.27807692307692305 0.050625 0.06076923076923077
0 0.6053125 0.6923076923076923 0.049375 0.04461538461538461
0 0.3621875 0.13076923076923078 0.044375 0.04
0 0.7515625 0.5865384615384616 0.039375 0.04692307692307692
0 0.7321875 0.145 0.025625000000000002 0.036153846153846154
0 0.384375 0.28384615384615386 0.04 0.04153846153846154
0 0.7887500000000001 0.18346153846153845 0.04125 0.05307692307692308
0 0.873125 0.47692307692307695 0.02 0.024615384615384615
0 0.6071875 0.8065384615384615 0.10187500000000001 0.14692307692307693
0 0.3696875 0.3423076923076923 0.085625 0.05384615384615385
0 0.9484375 0.8284615384615385 0.10187500000000001 0.06461538461538462
0 0.5084375 0.975 0.033125 0.031538461538461536
0 0.688125 0.7619230769230769 0.043750000000000004 0.06230769230769231
0 0.2525 0.5976923076923077 0.01625 0.03076923076923077
0 0.3090625 0.27115384615384613 0.19187500000000002 0.20384615384615384
0 0.0059375 0.4226923076923077 0.011875 0.023846153846153847
0 0.9809375 0.5176923076923077 0.036875 0.04
0 0.7471875 0.6484615384615384 0.055625 0.033846153846153845
0 0.471875 0.78 0.035 0.055384615384615386
0 0.936875 0.3723076923076923 0.125 0.14923076923076922
0 0.9284375 0.3223076923076923 0.049375 0.05384615384615385
0 0.94625 0.7373076923076923 0.08625000000000001 0.10846153846153846
0 0.08875 0.2946153846153846 0.035 0.033846153846153845
0 0.9778125 0.4746153846153846 0.030625 0.03076923076923077
0 0.6659375 0.425 0.043125000000000004 0.05615384615384615
0 0.7296875 0.7330769230769231 0.059375000000000004 0.06153846153846154
0 0.3696875 0.7792307692307693 0.013125 0.03076923076923077
0 0.706875 0.5988461538461538 0.13125 0.07923076923076923
0 0.9915625 0.9734615384615385 0.015625 0.03461538461538462
0 0.020625 0.20153846153846153 0.02625 0.047692307692307694
0 0.4740625 0.30153846153846153 0.056875 0.10307692307692308
0 0.47000000000000003 0.043076923076923075 0.0425 0.04461538461538461
0 0.9709375 0.6515384615384615 0.056875 0.04923076923076923
0 0.9865625 0.11192307692307692 0.025625000000000002 0.03
0 0.364375 0.8769230769230769 0.05 0.14769230769230768
0 0.6809375 0.7188461538461538 0.011875 0.01
0 0.651875 0.9830769230769231 0.07125000000000001 0.015384615384615385
0 0.7840625 0.5726923076923077 0.023125 0.05153846153846154
0 0.5684375 0.7965384615384615 0.024375 0.11461538461538462
0 0.714375 0.48115384615384615 0.02875 0.03923076923076923
0 0.5984375000000001 0.9869230769230769 0.030625 0.007692307692307693
0 0.01 0.6961538461538461 0.02 0.02
0 0.6378125 0.7457692307692307 0.025625000000000002 0.014615384615384615
0 0.3690625 0.19346153846153846 0.026875 0.05923076923076923
0 0.4315625 0.06346153846153846 0.024375 0.03461538461538462
0 0.9484375 0.5319230769230769 0.015625 0.011538461538461539
0 0.5103125000000001 0.5161538461538462 0.035625000000000004 0.055384615384615386
0 0.3625 0.42 0.05625 0.06769230769230769
0 0.55 0.23153846153846153 0.0575 0.1123076923076923
0 0.63625 0.30653846153846154 0.10125 0.17
0 0.80375 0.2276923076923077 0.07 0.03692307692307692
