0 0.5297927461139896 0.15445026178010474 0.05094991364421416 0.07225130890052357
0 0.5012953367875648 0.2916230366492147 0.0613126079447323 0.13089005235602097
0 0.24870466321243523 0.48062827225130894 0.07253886010362694 0.1068062827225131
0 0.6878238341968912 0.7612565445026179 0.12694300518134716 0.09633507853403142
0 0.33506044905008636 0.4036649214659686 0.048359240069084625 0.06387434554973823
0 0.14335060449050085 0.4230366492146597 0.055267702936096716 0.08376963350785341
0 0.3186528497409326 0.28638743455497384 0.05008635578583765 0.08272251308900525
0 0.2763385146804836 0.19947643979057594 0.05872193436960276 0.1162303664921466
0 0.37780656303972365 0.31204188481675393 0.049222797927461134 0.09214659685863875
0 0.4961139896373057 0.41308900523560216 0.07340241796200345 0.06596858638743457
0 0.034110535405872194 0.3523560209424084 0.028497409326424868 0.06596858638743457
0 0.8579447322970639 0.3455497382198953 0.07167530224525043 0.041884816753926704
0 0.8225388601036269 0.4638743455497383 0.1614853195164076 0.0942408376963351
0 0.6014680483592401 0.4717277486910995 0.03713298791018998 0.04502617801047121
0 0.19214162348877373 0.5465968586387435 0.10967184801381692 0.14031413612565447
0 0.6139896373056994 0.5345549738219896 0.04490500863557858 0.07225130890052357
0 0.41537132987910186 0.1549738219895288 0.16407599309153711 0.17591623036649218
0 0.8514680483592401 0.6984293193717278 0.0690846286701209 0.05026178010471205
0 0.4434369602763385 0.81151832460733 0.03367875647668394 0.0356020942408377
0 0.07426597582037996 0.6099476439790577 0.07253886010362694 0.051308900523560214
0 0.28713298791019 0.6005235602094241 0.040587219343696024 0.05759162303664922
0 0.584628670120898 0.39633507853403144 0.07599309153713299 0.07643979057591624
0 0.4067357512953368 0.47696335078534036 0.08981001727115716 0.09528795811518326
0 0.7288428324697754 0.5743455497382199 0.03626943005181347 0.07643979057591624
0 0.33721934369602763 0.4759162303664922 0.04231433506044905 0.028272251308900525
0 0.211139896373057 0.39371727748691104 0.04231433506044905 0.05026178010471205
0 0.9555267702936097 0.7387434554973823 0.07340241796200345 0.13089005235602097
0 0.23791018998272884 0.3240837696335079 0.06649395509499136 0.10785340314136127
0 0.07081174438687392 0.4141361256544503 0.04145077720207253 0.03036649214659686
0 0.46113989637305697 0.5136125654450262 0.19689119170984454 0.17486910994764399
0 0.8842832469775475 0.5460732984293194 0.03626943005181347 0.05759162303664922
0 0.6468048359240068 0.31518324607329845 0.03626943005181347 0.03979057591623037
0 0.7927461139896372 0.5298429319371728 0.05181347150259067 0.0356020942408377
0 0.7594991364421416 0.30471204188481676 0.05785837651122625 0.0356020942408377
0 0.9335060449050085 0.3979057591623037 0.03454231433506045 0.029319371727748695
0 0.5548359240069084 0.49057591623036656 0.03367875647668394 0.05968586387434555
0 0.9537996545768566 0.5492146596858639 0.06476683937823834 0.05549738219895289
0 0.04792746113989637 0.4753926701570681 0.06994818652849741 0.0712041884816754
0 0.5708117443868739 0.8424083769633509 0.12089810017271156 0.09109947643979059
0 0.4248704663212435 0.1005235602094241 0.07599309153713299 0.06910994764397907
0 0.7335924006908463 0.6853403141361257 0.05094991364421416 0.04083769633507854
0 0.8993955094991364 0.08167539267015708 0.14421416234887738 0.13403141361256546
0 0.22020725388601034 0.5816753926701571 0.055267702936096716 0.06806282722513089
0 0.8372193436960276 0.38324607329842936 0.06649395509499136 0.0356020942408377
0 0.7746113989637305 0.6099476439790577 0.04490500863557858 0.04083769633507854
0 0.04620034542314335 0.7251308900523561 0.049222797927461134 0.05968586387434555
0 0.5958549222797928 0.30366492146596863 0.048359240069084625 0.043979057591623044
0 0.37694300518134716 0.8507853403141362 0.04404145077720207 0.0387434554973822
0 0.7405008635578584 0.3979057591623037 0.038860103626943004 0.04607329842931938
0 0.7348877374784111 0.8204188481675394 0.025906735751295335 0.034554973821989535
0 0.3937823834196891 0.7031413612565446 0.039723661485319514 0.04083769633507854
0 0.7888601036269429 0.781151832460733 0.040587219343696024 0.052356020942408384
0 0.8618307426597581 0.49685863874345554 0.020725388601036267 0.024083769633507855
0 0.5941278065630397 0.1942408376963351 0.1001727115716753 0.14136125654450263
0 0.37780656303972365 0.6481675392670158 0.08376511226252159 0.052356020942408384
0 0.9240069084628669 0.15811518324607332 0.1001727115716753 0.06282722513089006
0 0.49309153713298787 0.03769633507853404 0.03281519861830742 0.03141361256544503
0 0.6735751295336787 0.2335078534031414 0.04317789291882556 0.06073298429319372
0 0.2569084628670121 0.40994764397905764 0.01640759930915371 0.03036649214659686
0 0.32124352331606215 0.7188481675392671 0.18652849740932642 0.19581151832460736
0 0.022884283246977548 0.5879581151832461 0.012953367875647668 0.024083769633507855
0 0.9650259067357513 0.4534031413612566 0.03713298791018998 0.03979057591623037
0 0.7344559585492227 0.33926701570680634 0.054404145077720206 0.033507853403141365
0 0.4637305699481865 0.22565445026178013 0.03454231433506045 0.05340314136125655
0 0.9265975820379965 0.5942408376963352 0.1226252158894646 0.14345549738219895
0 0.9201208981001727 0.6418848167539267 0.049222797927461134 0.052356020942408384
0 0.9248704663212435 0.24502617801047122 0.0846286701208981 0.10471204188481677
0 0.1070811744386874 0.7068062827225131 0.03454231433506045 0.033507853403141365
0 0.9632987910189982 0.4947643979057592 0.03022452504317789 0.03036649214659686
0 0.6623488773747841 0.5560209424083771 0.04317789291882556 0.05445026178010472
0 0.7150259067357513 0.2591623036649215 0.05872193436960276 0.05968586387434555
0 0.3644214162348877 0.23089005235602097 0.013816925734024179 0.03036649214659686
0 0.6968911917098445 0.38795811518324613 0.12780656303972365 0.07643979057591624
0 0.9615716753022452 0.01780104712041885 0.01640759930915371 0.033507853403141365
0 0.04404145077720207 0.7984293193717278 0.025906735751295335 0.04712041884816755
0 0.4805699481865285 0.6821989528795812 0.056131260794473226 0.09947643979057592
0 0.4840241796200345 0.9298429319371728 0.04231433506044905 0.043979057591623044
0 0.951208981001727 0.32565445026178014 0.056131260794473226 0.04816753926701571
0 0.9827288428324698 0.8403141361256545 0.025906735751295335 0.03036649214659686
0 0.35621761658031087 0.13821989528795814 0.049222797927461134 0.1424083769633508
0 0.6683937823834196 0.274869109947644 0.012089810017271156 0.011518324607329844
0 0.6316925734024179 0.023560209424083774 0.06994818652849741 0.015706806282722516
0 0.7724525043177892 0.4094240837696336 0.023316062176165803 0.05026178010471205
0 0.5569948186528497 0.20575916230366495 0.024179620034542312 0.1099476439790576
0 0.7076856649395509 0.5 0.028497409326424868 0.0387434554973822
0 0.5798791018998273 0.02303664921465969 0.03022452504317789 0.008376963350785341
0 0.01856649395509499 0.3272251308900524 0.019861830742659757 0.019895287958115185
0 0.625215889464594 0.25130890052356025 0.025906735751295335 0.014659685863874347
0 0.3821243523316062 0.7900523560209425 0.02677029360967185 0.05759162303664922
0 0.44645941278065626 0.912041884816754 0.024179620034542312 0.033507853403141365
0 0.9330742659758203 0.44136125654450264 0.01640759930915371 0.011518324607329844
0 0.5090673575129533 0.4759162303664922 0.03540587219343696 0.05340314136125655
0 0.36873920552677025 0.5743455497382199 0.055267702936096716 0.06596858638743457
0 0.5561312607944732 0.7455497382198953 0.056994818652849735 0.10890052356020943
0 0.6377374784110535 0.6701570680628273 0.09930915371329879 0.16335078534031416
0 0.8022452504317789 0.7376963350785342 0.0690846286701209 0.03664921465968587
