0 0.47081712062256814 0.8331762488218661 0.05136186770428016 0.07163053722902922
0 0.49922178988326854 0.6960414703110274 0.06147859922178989 0.13100848256361922
0 0.751750972762646 0.5065975494816211 0.07315175097276265 0.10650329877474081
0 0.3132295719844358 0.22620169651272384 0.12684824902723738 0.09613572101790763
0 0.6653696498054475 0.5838831291234684 0.04824902723735409 0.06314797360980207
0 0.8579766536964981 0.5650329877474081 0.05525291828793775 0.08388312912346843
0 0.6821011673151751 0.7007540056550424 0.05058365758754864 0.08199811498586239
0 0.7237354085603114 0.7879359095193214 0.059143968871595336 0.11498586239396795
0 0.622568093385214 0.6753063147973609 0.049805447470817124 0.09330819981149858
0 0.5042801556420233 0.5739868049010367 0.07315175097276265 0.06597549481621112
0 0.9669260700389106 0.6352497643732328 0.02879377431906615 0.06597549481621112
0 0.14241245136186773 0.6413760603204524 0.07159533073929962 0.04241281809613572
0 0.17782101167315176 0.5230914231856739 0.16264591439688716 0.0942507068803016
0 0.39883268482490275 0.5155513666352497 0.036575875486381325 0.04524033930254477
0 0.8085603112840467 0.44109330819981146 0.10894941634241245 0.13949104618284636
0 0.3867704280155642 0.4528746465598492 0.04513618677042802 0.0706880301602262
0 0.5848249027237354 0.8322337417530631 0.1642023346303502 0.17530631479736097
0 0.1490272373540856 0.2888784165881244 0.06926070038910506 0.04995287464655985
0 0.5571984435797666 0.176248821866164 0.034241245136186774 0.03581526861451461
0 0.9264591439688716 0.3774740810556079 0.07237354085603113 0.05183788878416588
0 0.7136186770428016 0.3868991517436381 0.04046692607003891 0.057492931196983975
0 0.41595330739299613 0.590951932139491 0.07548638132295721 0.07728557964184732
0 0.5933852140077821 0.5103675777568332 0.08949416342412451 0.09519321394910461
0 0.27159533073929965 0.41328934967012254 0.03579766536964981 0.07634307257304429
0 0.6638132295719845 0.5108388312912346 0.04202334630350195 0.02827521206409048
0 0.7894941634241246 0.5937794533459001 0.041245136186770434 0.049010367577756835
0 0.04474708171206226 0.2483506126295947 0.07392996108949416 0.13100848256361922
0 0.7626459143968872 0.6635249764373232 0.0669260700389105 0.10744580584354382
0 0.9299610894941635 0.5730442978322338 0.04202334630350195 0.030160226201696512
0 0.5396887159533075 0.473138548539114 0.19688715953307395 0.17530631479736097
0 0.11634241245136187 0.44062205466541 0.036575875486381325 0.057492931196983975
0 0.35330739299610897 0.6720075400565504 0.03579766536964981 0.03958529688972667
0 0.20739299610894943 0.45758718190386427 0.052140077821011675 0.03487276154571159
0 0.24085603112840467 0.6828463713477851 0.056809338521400785 0.03487276154571159
0 0.06653696498054475 0.589066918001885 0.03501945525291829 0.02827521206409048
0 0.4455252918287938 0.49622997172478794 0.03346303501945525 0.05937794533459001
0 0.046303501945525294 0.43826578699340246 0.06459143968871596 0.054665409990574926
0 0.9529182879377432 0.5117813383600377 0.06926070038910506 0.07163053722902922
0 0.42996108949416345 0.14514608859566447 0.12062256809338522 0.09048067860508954
0 0.5750972762645915 0.8868991517436381 0.07626459143968872 0.06786050895381715
0 0.26653696498054474 0.30207351555136663 0.05058365758754864 0.04052780395852969
0 0.10077821011673152 0.9057492931196984 0.14396887159533076 0.13383600377002827
0 0.7805447470817121 0.4052780395852969 0.05603112840466926 0.06786050895381715
0 0.16303501945525292 0.6041470311027333 0.06614785992217899 0.03581526861451461
0 0.22568093385214008 0.3774740810556079 0.04513618677042802 0.04052780395852969
0 0.954863813229572 0.26248821866163996 0.049805447470817124 0.05937794533459001
0 0.4046692607003891 0.6833176248821866 0.04824902723735409 0.043355325164938736
0 0.6237354085603113 0.13666352497643733 0.0443579766536965 0.03958529688972667
0 0.25992217898832687 0.589066918001885 0.038910505836575876 0.04524033930254477
0 0.2649805447470817 0.16682375117813383 0.02568093385214008 0.03581526861451461
0 0.606614785992218 0.2841658812441093 0.0396887159533074 0.04052780395852969
0 0.2116731517509728 0.205937794533459 0.04046692607003891 0.05183788878416588
0 0.13852140077821012 0.4901036757775683 0.020233463035019456 0.024505183788878417
0 0.4062256809338522 0.7926484448633364 0.09961089494163425 0.1413760603204524
0 0.622568093385214 0.3393025447690858 0.0840466926070039 0.0527803958529689
0 0.07626459143968872 0.8289349670122526 0.09961089494163425 0.06314797360980207
0 0.5073929961089495 0.9495758718190386 0.03268482490272374 0.03110273327049953
0 0.3264591439688716 0.7540056550424128 0.042801556420233464 0.060320452403393024
0 0.7439688715953308 0.5777568331762488 0.017120622568093387 0.030160226201696512
0 0.6793774319066148 0.26861451460885954 0.1867704280155642 0.19604147031102734
0 0.9782101167315176 0.39915174363807726 0.012451361867704281 0.0235626767200754
0 0.035408560311284046 0.5339302544769086 0.036575875486381325 0.03864278982092366
0 0.26575875486381323 0.6479736098020735 0.05525291828793775 0.03298774740810556
0 0.5365758754863814 0.7610744580584354 0.03501945525291829 0.05372290292177191
0 0.07354085603112841 0.3930254476908577 0.12217898832684826 0.14326107445805844
0 0.08015564202334631 0.34495758718190384 0.04824902723735409 0.0527803958529689
0 0.07548638132295721 0.7422243166823751 0.0840466926070039 0.10461828463713478
0 0.8937743190661479 0.28086710650329877 0.03501945525291829 0.033930254476908575
0 0.03696498054474708 0.49293119698397736 0.030350194552529186 0.030160226201696512
0 0.3381322957198444 0.4311969839773798 0.042801556420233464 0.05372290292177191
0 0.2852140077821012 0.7280867106503298 0.058365758754863814 0.05937794533459001
0 0.6357976653696499 0.7558906691800188 0.014007782101167316 0.030160226201696512
0 0.30350194552529186 0.5989632422243166 0.1276264591439689 0.07634307257304429
0 0.03852140077821012 0.9688972667295005 0.01634241245136187 0.033930254476908575
0 0.9571984435797666 0.1889726672950047 0.0264591439688716 0.046182846371347785
0 0.5202334630350195 0.3049010367577757 0.05525291828793775 0.09896324222431668
0 0.5167315175097277 0.05796418473138548 0.04202334630350195 0.04429783223374175
0 0.04902723735408561 0.6611687087653157 0.05603112840466926 0.048067860508953814
0 0.017509727626459144 0.146559849198869 0.02568093385214008 0.029217719132893494
0 0.6439688715953308 0.8491988689915174 0.04902723735408561 0.1413760603204524
0 0.332295719844358 0.7120640904806785 0.012451361867704281 0.010367577756833175
0 0.3680933852140078 0.9632422243166824 0.07003891050583658 0.015080113100848256
0 0.22801556420233465 0.5772855796418473 0.023346303501945526 0.04995287464655985
0 0.443579766536965 0.7818096135721018 0.024902723735408562 0.11027332704995287
0 0.2926070038910506 0.4868049010367578 0.02801556420233463 0.03864278982092366
0 0.42023346303501946 0.9646559849198869 0.0311284046692607 0.008482563619227144
0 0.9821011673151752 0.6606974552309142 0.020233463035019456 0.02073515551366635
0 0.3747081712062257 0.7360980207351555 0.02568093385214008 0.015080113100848256
0 0.6186770428015564 0.19698397737983034 0.0264591439688716 0.05655042412818096
0 0.5544747081712063 0.07540056550424128 0.024124513618677044 0.033930254476908575
0 0.0669260700389105 0.5461828463713477 0.01556420233463035 0.012252591894439209
0 0.49143968871595334 0.5113100848256362 0.03501945525291829 0.05372290292177191
0 0.6315175097276265 0.41328934967012254 0.05525291828793775 0.06503298774740811
0 0.44396887159533077 0.2417530631479736 0.056809338521400785 0.10838831291234684
0 0.36303501945525296 0.31715362865221486 0.09883268482490273 0.16305372290292178
0 0.19805447470817122 0.24929311969839774 0.06926070038910506 0.036757775683317624
