0 0.5200617283950617 0.1722068328716528 0.04938271604938271 0.06925207756232686
0 0.4957561728395061 0.30563250230840255 0.05941358024691358 0.12557710064635272
0 0.2546296296296296 0.49815327793167125 0.07098765432098765 0.10249307479224376
0 0.6898148148148148 0.7511542012927054 0.12345679012345678 0.09325946445060018
0 0.3368055555555555 0.420129270544783 0.0470679012345679 0.060941828254847646
0 0.14969135802469136 0.445983379501385 0.05401234567901234 0.08125577100646353
0 0.3179012345679012 0.3079409048938135 0.04938271604938271 0.07848568790397045
0 0.2743055555555555 0.2253000923361034 0.057870370370370364 0.11080332409972299
0 0.3757716049382716 0.3301015697137581 0.047839506172839504 0.08956602031394274
0 0.49382716049382713 0.4233610341643583 0.07098765432098765 0.06371191135734072
0 0.04128086419753086 0.3818097876269621 0.02854938271604938 0.06371191135734072
0 0.8452932098765432 0.3444136657433056 0.07021604938271604 0.040627885503231764
0 0.8140432098765432 0.4598337950138504 0.15740740740740738 0.0904893813481071
0 0.5987654320987654 0.4759926131117267 0.035493827160493825 0.04339796860572483
0 0.2006172839506173 0.5632502308402585 0.10648148148148148 0.1348107109879963
0 0.6122685185185185 0.5355493998153278 0.04398148148148148 0.06832871652816251
0 0.40856481481481477 0.1772853185595568 0.1597222222222222 0.1680517082179132
0 0.8483796296296295 0.6842105263157895 0.06712962962962962 0.04801477377654663
0 0.45293209876543206 0.8084025854108956 0.032407407407407406 0.034164358264081256
0 0.08757716049382716 0.628808864265928 0.07021604938271604 0.04986149584487534
0 0.2951388888888889 0.6121883656509695 0.039351851851851846 0.055401662049861494
0 0.5794753086419753 0.40350877192982454 0.07407407407407407 0.07386888273314866
0 0.4089506172839506 0.48799630655586335 0.08796296296296297 0.09141274238227147
0 0.7256944444444444 0.569713758079409 0.034722222222222224 0.07386888273314866
0 0.34066358024691357 0.4903047091412742 0.04089506172839506 0.027700831024930747
0 0.21566358024691357 0.415050784856879 0.04089506172839506 0.04709141274238227
0 0.9510030864197531 0.7192982456140351 0.07175925925925926 0.12557710064635272
0 0.23958333333333331 0.34718374884579867 0.06558641975308642 0.10341643582640812
0 0.07870370370370369 0.44044321329639885 0.040123456790123455 0.029547553093259463
0 0.46219135802469136 0.5216989843028624 0.19135802469135801 0.1680517082179132
0 0.8765432098765431 0.5364727608494921 0.035493827160493825 0.055401662049861494
0 0.6385030864197531 0.32317636195752536 0.034722222222222224 0.038781163434903045
0 0.787037037037037 0.5244690674053555 0.05092592592592592 0.0332409972299169
0 0.7484567901234568 0.3079409048938135 0.05555555555555555 0.034164358264081256
0 0.9212962962962963 0.39196675900277006 0.033950617283950615 0.028624192059095104
0 0.5536265432098765 0.49584487534626037 0.031635802469135804 0.05724838411819021
0 0.9444444444444444 0.5364727608494921 0.06327160493827161 0.053554939981532775
0 0.05825617283950617 0.5004616805170822 0.06712962962962962 0.06832871652816251
0 0.5779320987654321 0.8337950138504154 0.11728395061728394 0.08679593721144967
0 0.41666666666666663 0.12465373961218836 0.07407407407407407 0.0664819944598338
0 0.7334104938271605 0.6763619575253924 0.05015432098765432 0.0397045244690674
0 0.8792438271604938 0.0881809787626962 0.13966049382716048 0.1283471837488458
0 0.22916666666666666 0.5960295475530932 0.05401234567901234 0.06555863342566944
0 0.8263888888888888 0.38088642659279776 0.06481481481481481 0.034164358264081256
0 0.7712191358024691 0.6020313942751616 0.04398148148148148 0.038781163434903045
0 0.0628858024691358 0.7409972299168974 0.048611111111111105 0.05632502308402585
0 0.5883487654320987 0.3139427516158818 0.0470679012345679 0.04247460757156048
0 0.38927469135802467 0.8490304709141274 0.042438271604938266 0.03785780240073869
0 0.7326388888888888 0.39889196675900274 0.03780864197530864 0.0443213296398892
0 0.7384259259259259 0.8065558633425669 0.024691358024691357 0.034164358264081256
0 0.4020061728395061 0.7068328716528163 0.038580246913580245 0.0397045244690674
0 0.7897376543209876 0.7663896583564174 0.039351851851851846 0.04986149584487534
0 0.853395061728395 0.4903047091412742 0.020061728395061727 0.024007386888273315
0 0.5841049382716049 0.20867959372114497 0.09722222222222221 0.13665743305632502
0 0.38503086419753085 0.6542012927054478 0.08179012345679013 0.050784856879039705
0 0.9050925925925926 0.1611265004616805 0.09722222222222221 0.06001846722068328
0 0.48148148148148145 0.061865189289012 0.032407407407407406 0.029547553093259463
0 0.6628086419753086 0.24330563250230838 0.041666666666666664 0.05817174515235457
0 0.26041666666666663 0.4293628808864266 0.016203703703703703 0.029547553093259463
0 0.3317901234567901 0.7248384118190212 0.18209876543209874 0.1883656509695291
0 0.03665123456790123 0.6098799630655586 0.011574074074074073 0.023084025854108955
0 0.9529320987654321 0.44367497691597413 0.035493827160493825 0.03785780240073869
0 0.7249228395061728 0.3425669436749769 0.05324074074074074 0.03139427516158818
0 0.4575617283950617 0.24376731301939059 0.033950617283950615 0.05170821791320406
0 0.9189814814814814 0.5812557710064635 0.11882716049382716 0.13758079409048937
0 0.913966049382716 0.6278855032317636 0.0470679012345679 0.04986149584487534
0 0.908179012345679 0.2451523545706371 0.08179012345679013 0.10064635272391505
0 0.12191358024691357 0.7206832871652816 0.033950617283950615 0.032317636195752536
0 0.9521604938271604 0.4838411819021237 0.029320987654320986 0.029547553093259463
0 0.6604938271604938 0.5544783010156972 0.041666666666666664 0.05263157894736842
0 0.7037037037037037 0.26638965835641737 0.05709876543209876 0.05817174515235457
0 0.3607253086419753 0.25300092336103414 0.013117283950617283 0.029547553093259463
0 0.689429012345679 0.3915050784856879 0.12422839506172839 0.07386888273314866
0 0.9382716049382716 0.024469067405355493 0.015432098765432098 0.032317636195752536
0 0.0628858024691358 0.8116343490304709 0.02546296296296296 0.0443213296398892
0 0.4857253086419753 0.6832871652816251 0.054783950617283944 0.09602954755309326
0 0.4957561728395061 0.9210526315789473 0.04089506172839506 0.04155124653739612
0 0.9363425925925926 0.322253000923361 0.054783950617283944 0.04616805170821791
0 0.9803240740740741 0.8167128347183749 0.02546296296296296 0.028624192059095104
0 0.35030864197530864 0.1634349030470914 0.047839506172839504 0.13665743305632502
0 0.658179012345679 0.28301015697137577 0.012345679012345678 0.010156971375807941
0 0.6165123456790124 0.04293628808864266 0.06790123456790123 0.01569713758079409
0 0.7638888888888888 0.4090489381348107 0.023148148148148147 0.04801477377654663
0 0.5478395061728395 0.2211449676823638 0.023148148148148147 0.1061865189289012
0 0.7029320987654321 0.4986149584487534 0.027777777777777776 0.03693444136657433
0 0.5655864197530864 0.043859649122807015 0.029320987654320986 0.008310249307479225
0 0.02546296296296296 0.35826408125577097 0.020061728395061727 0.018467220683287166
0 0.6161265432098765 0.26223453370267774 0.02546296296296296 0.014773776546629732
0 0.3927469135802469 0.791320406278855 0.026234567901234566 0.055401662049861494
0 0.4587191358024691 0.9053554939981533 0.023919753086419752 0.032317636195752536
0 0.9212962962962963 0.4335180055401662 0.015432098765432098 0.012003693444136657
0 0.5084876543209876 0.48291782086795937 0.033950617283950615 0.05170821791320406
0 0.3742283950617284 0.5831024930747922 0.05401234567901234 0.06371191135734072
0 0.5617283950617283 0.7409972299168974 0.05555555555555555 0.10433979686057249
0 0.6392746913580246 0.6657433056325023 0.09645061728395062 0.1569713758079409
0 0.8013117283950617 0.724376731301939 0.06712962962962962 0.034164358264081256
