0 0.4679166666666667 0.842929292929293 0.050833333333333335 0.07171717171717172
0 0.4970833333333334 0.705050505050505 0.060833333333333336 0.13131313131313133
0 0.75 0.5161616161616162 0.07333333333333333 0.10707070707070707
0 0.31083333333333335 0.23434343434343435 0.12666666666666668 0.09696969696969697
0 0.6633333333333333 0.5934343434343434 0.04833333333333334 0.06363636363636363
0 0.8558333333333333 0.5742424242424242 0.055 0.08383838383838384
0 0.6795833333333334 0.7106060606060606 0.050833333333333335 0.08181818181818182
0 0.7212500000000001 0.797979797979798 0.05916666666666667 0.11515151515151516
0 0.6204166666666667 0.6848484848484848 0.04916666666666667 0.09292929292929293
0 0.5020833333333333 0.5833333333333334 0.07250000000000001 0.06565656565656566
0 0.9645833333333333 0.6454545454545455 0.029166666666666667 0.06666666666666667
0 0.14 0.65 0.07166666666666667 0.04141414141414142
0 0.17541666666666667 0.5318181818181819 0.1625 0.09393939393939393
0 0.39666666666666667 0.5247474747474747 0.03666666666666667 0.045454545454545456
0 0.8066666666666668 0.451010101010101 0.11 0.1404040404040404
0 0.3841666666666667 0.4621212121212121 0.045000000000000005 0.07171717171717172
0 0.5820833333333334 0.841919191919192 0.16416666666666668 0.17474747474747473
0 0.14666666666666667 0.29747474747474745 0.07 0.049494949494949494
0 0.5554166666666667 0.18535353535353535 0.03416666666666667 0.03535353535353535
0 0.9245833333333334 0.38737373737373737 0.07250000000000001 0.051515151515151514
0 0.7116666666666667 0.39646464646464646 0.04 0.05757575757575758
0 0.41375 0.6 0.07583333333333334 0.07676767676767676
0 0.5916666666666667 0.5191919191919192 0.09000000000000001 0.09494949494949495
0 0.26916666666666667 0.4212121212121212 0.03666666666666667 0.07676767676767676
0 0.6616666666666667 0.5202020202020202 0.04166666666666667 0.028282828282828285
0 0.7875000000000001 0.6035353535353535 0.04166666666666667 0.049494949494949494
0 0.0425 0.25656565656565655 0.07333333333333333 0.13131313131313133
0 0.7608333333333334 0.6727272727272727 0.06666666666666667 0.10707070707070707
0 0.9279166666666667 0.5838383838383838 0.04083333333333333 0.030303030303030304
0 0.5375000000000001 0.48282828282828283 0.19666666666666668 0.17575757575757575
0 0.11333333333333334 0.448989898989899 0.03666666666666667 0.05757575757575758
0 0.35125 0.6808080808080809 0.035833333333333335 0.0404040404040404
0 0.20500000000000002 0.46616161616161617 0.05166666666666667 0.03535353535353535
0 0.2379166666666667 0.6914141414141414 0.0575 0.03535353535353535
0 0.06375 0.5974747474747475 0.03416666666666667 0.029292929292929294
0 0.44333333333333336 0.5055555555555555 0.03333333333333333 0.0595959595959596
0 0.04416666666666667 0.44696969696969696 0.065 0.05555555555555555
0 0.95125 0.5217171717171717 0.06916666666666667 0.07171717171717172
0 0.42791666666666667 0.15353535353535352 0.12083333333333333 0.09090909090909091
0 0.5729166666666667 0.896969696969697 0.07583333333333334 0.06868686868686869
0 0.26416666666666666 0.3101010101010101 0.05166666666666667 0.0404040404040404
0 0.09791666666666668 0.9146464646464646 0.14416666666666667 0.13434343434343435
0 0.77875 0.41515151515151516 0.05583333333333334 0.06868686868686869
0 0.16041666666666668 0.6126262626262626 0.0675 0.03535353535353535
0 0.22333333333333336 0.38585858585858585 0.045000000000000005 0.0404040404040404
0 0.9533333333333334 0.2717171717171717 0.05 0.05858585858585859
0 0.40208333333333335 0.692929292929293 0.04916666666666667 0.044444444444444446
0 0.6220833333333333 0.14595959595959596 0.04416666666666667 0.03939393939393939
0 0.25708333333333333 0.597979797979798 0.03916666666666667 0.046464646464646465
0 0.2629166666666667 0.17525252525252524 0.025833333333333337 0.03535353535353535
0 0.6050000000000001 0.29292929292929293 0.04 0.0404040404040404
0 0.20958333333333334 0.21464646464646464 0.04083333333333333 0.051515151515151514
0 0.13583333333333333 0.4984848484848485 0.02 0.025252525252525252
0 0.40375000000000005 0.802020202020202 0.09916666666666667 0.1414141414141414
0 0.6208333333333333 0.3484848484848485 0.08333333333333334 0.052525252525252523
0 0.07333333333333333 0.8378787878787879 0.1 0.06363636363636363
0 0.5041666666666667 0.9590909090909091 0.03333333333333333 0.031313131313131314
0 0.3241666666666667 0.7626262626262627 0.043333333333333335 0.06060606060606061
0 0.7416666666666667 0.5868686868686869 0.016666666666666666 0.030303030303030304
0 0.6775 0.2777777777777778 0.18666666666666668 0.19595959595959597
0 0.9762500000000001 0.4090909090909091 0.0125 0.024242424242424242
0 0.0325 0.5419191919191919 0.03666666666666667 0.03939393939393939
0 0.26333333333333336 0.657070707070707 0.055 0.03333333333333333
0 0.5341666666666667 0.7712121212121212 0.035 0.05353535353535353
0 0.07125000000000001 0.401010101010101 0.12250000000000001 0.14343434343434344
0 0.07791666666666668 0.35353535353535354 0.04916666666666667 0.052525252525252523
0 0.07250000000000001 0.7505050505050505 0.085 0.10505050505050505
0 0.8920833333333333 0.2904040404040404 0.03416666666666667 0.03333333333333333
0 0.034583333333333334 0.501010101010101 0.030833333333333334 0.030303030303030304
0 0.3354166666666667 0.4404040404040404 0.0425 0.05454545454545454
0 0.28250000000000003 0.7373737373737373 0.058333333333333334 0.06060606060606061
0 0.6333333333333334 0.7656565656565657 0.013333333333333334 0.030303030303030304
0 0.30083333333333334 0.6080808080808081 0.12833333333333335 0.07676767676767676
0 0.035416666666666666 0.9782828282828283 0.015833333333333335 0.03333333333333333
0 0.9554166666666667 0.198989898989899 0.025833333333333337 0.046464646464646465
0 0.5183333333333333 0.31363636363636366 0.05666666666666667 0.1
0 0.5145833333333334 0.06616161616161616 0.0425 0.043434343434343436
0 0.046250000000000006 0.6696969696969697 0.05583333333333334 0.048484848484848485
0 0.015416666666666667 0.15454545454545454 0.025833333333333337 0.030303030303030304
0 0.64125 0.8590909090909091 0.04916666666666667 0.14242424242424243
0 0.32958333333333334 0.7217171717171718 0.0125 0.011111111111111112
0 0.36541666666666667 0.9727272727272728 0.06916666666666667 0.01616161616161616
0 0.225 0.5863636363636363 0.023333333333333334 0.049494949494949494
0 0.44125000000000003 0.7909090909090909 0.02416666666666667 0.1111111111111111
0 0.2904166666666667 0.49595959595959593 0.029166666666666667 0.03838383838383838
0 0.41750000000000004 0.9742424242424242 0.030000000000000002 0.00909090909090909
0 0.9800000000000001 0.6707070707070707 0.02 0.0202020202020202
0 0.3720833333333334 0.7454545454545455 0.025833333333333337 0.014141414141414142
0 0.6170833333333334 0.20555555555555555 0.0275 0.05757575757575758
0 0.5525 0.08434343434343435 0.025 0.03333333333333333
0 0.06458333333333334 0.5545454545454546 0.015833333333333335 0.012121212121212121
0 0.4891666666666667 0.5207070707070707 0.035 0.05353535353535353
0 0.6295833333333334 0.42272727272727273 0.05583333333333334 0.06565656565656566
0 0.4425 0.2505050505050505 0.05666666666666667 0.10909090909090909
0 0.36041666666666666 0.32626262626262625 0.09916666666666667 0.16363636363636364
0 0.19583333333333336 0.25757575757575757 0.06833333333333334 0.03636363636363636
