0 0.5232172470978441 0.1635 0.05140961857379768 0.07100000000000001
0 0.49585406301824214 0.2995 0.06135986733001658 0.129
0 0.24751243781094528 0.4895 0.07213930348258707 0.105
0 0.6853233830845771 0.7605000000000001 0.1252072968490879 0.095
0 0.33250414593698174 0.41250000000000003 0.04809286898839138 0.063
0 0.1417910447761194 0.434 0.05472636815920398 0.082
0 0.3150912106135987 0.297 0.04975124378109453 0.08
0 0.27238805970149255 0.212 0.05887230514096186 0.114
0 0.3743781094527363 0.3215 0.04892205638474295 0.091
0 0.49212271973466004 0.42 0.07213930348258707 0.064
0 0.03316749585406302 0.3655 0.028192371475953566 0.065
0 0.8507462686567164 0.34850000000000003 0.0713101160862355 0.041
0 0.8167495854063018 0.4655 0.16086235489220566 0.093
0 0.5974295190713101 0.47600000000000003 0.03565505804311775 0.044
0 0.19195688225538973 0.555 0.10862354892205639 0.138
0 0.6102819237147595 0.538 0.04477611940298508 0.07
0 0.41044776119402987 0.166 0.1625207296849088 0.17200000000000001
0 0.8474295190713101 0.6965 0.06799336650082918 0.049
0 0.4436152570480929 0.8135 0.03316749585406302 0.035
0 0.07545605306799337 0.6195 0.0713101160862355 0.051000000000000004
0 0.28689883913764513 0.6075 0.03980099502487562 0.057
0 0.5800165837479271 0.402 0.07545605306799337 0.076
0 0.4046434494195688 0.484 0.08955223880597016 0.094
0 0.724709784411277 0.5760000000000001 0.03648424543946932 0.076
0 0.3349917081260365 0.484 0.04145936981757877 0.028
0 0.20936981757877282 0.4045 0.04228855721393035 0.049
0 0.9510779436152571 0.735 0.07296849087893864 0.13
0 0.23548922056384744 0.335 0.06633499170812604 0.106
0 0.07048092868988391 0.426 0.04145936981757877 0.03
0 0.45812603648424544 0.5195 0.19485903814262023 0.17300000000000001
0 0.8785240464344942 0.5465 0.03565505804311775 0.057
0 0.6405472636815921 0.3215 0.03565505804311775 0.039
0 0.7877280265339967 0.531 0.05140961857379768 0.034
0 0.7524875621890548 0.3085 0.05721393034825871 0.035
0 0.9266169154228856 0.399 0.03399668325041459 0.028
0 0.5514096185737977 0.4955 0.03316749585406302 0.059000000000000004
0 0.9477611940298508 0.5475 0.06467661691542288 0.055
0 0.04809286898839138 0.487 0.06799336650082918 0.07
0 0.5700663349917081 0.8425 0.12023217247097845 0.089
0 0.4191542288557214 0.112 0.07545605306799337 0.068
0 0.7309286898839138 0.685 0.0505804311774461 0.04
0 0.8897180762852405 0.08700000000000001 0.142620232172471 0.132
0 0.2197346600331675 0.5895 0.05472636815920398 0.067
0 0.8308457711442786 0.3855 0.06633499170812604 0.035
0 0.7703150912106136 0.61 0.04477611940298508 0.04
0 0.048507462686567165 0.734 0.04892205638474295 0.058
0 0.5903814262023217 0.3105 0.04809286898839138 0.043000000000000003
0 0.3781094527363184 0.853 0.04311774461028192 0.038
0 0.7346600331674958 0.4015 0.03814262023217247 0.045
0 0.7334162520729685 0.8185 0.02570480928689884 0.035
0 0.39344941956882257 0.708 0.03897180762852405 0.04
0 0.7860696517412935 0.7795 0.03980099502487562 0.051000000000000004
0 0.8557213930348259 0.498 0.01990049751243781 0.024
0 0.5874792703150912 0.2025 0.09867330016583749 0.139
0 0.37728026533996684 0.6535 0.08291873963515754 0.051000000000000004
0 0.9150082918739635 0.162 0.09867330016583749 0.062
0 0.4859038142620232 0.0495 0.03316749585406302 0.031
0 0.6670812603648425 0.24 0.04228855721393035 0.06
0 0.25456053067993367 0.42 0.01658374792703151 0.03
0 0.3217247097844113 0.7235 0.18573797678275292 0.193
0 0.024461028192371476 0.5985 0.012437810945273632 0.023
0 0.9577114427860697 0.4535 0.03648424543946932 0.039
0 0.7280265339966833 0.3435 0.05472636815920398 0.033
0 0.45854063018242125 0.23550000000000001 0.03482587064676617 0.053
0 0.9212271973466003 0.5925 0.12106135986733002 0.14100000000000001
0 0.9150082918739635 0.64 0.04892205638474295 0.052000000000000005
0 0.9158374792703151 0.2485 0.08374792703150913 0.10300000000000001
0 0.10903814262023218 0.7145 0.03399668325041459 0.033
0 0.9564676616915423 0.494 0.03067993366500829 0.03
0 0.6587893864013267 0.559 0.04228855721393035 0.054
0 0.7081260364842454 0.2645 0.05804311774461028 0.059000000000000004
0 0.36028192371475953 0.242 0.014096185737976783 0.03
0 0.6911276948590381 0.3925 0.12686567164179105 0.075
0 0.9506633499170812 0.0235 0.015754560530679935 0.033
0 0.046849087893864015 0.806 0.02570480928689884 0.046
0 0.47885572139303484 0.686 0.05555555555555556 0.098
0 0.48507462686567165 0.9295 0.04145936981757877 0.043000000000000003
0 0.9432006633499171 0.3275 0.05555555555555556 0.047
0 0.9788557213930349 0.835 0.02570480928689884 0.03
0 0.3511608623548922 0.15 0.04892205638474295 0.14
0 0.6616915422885572 0.281 0.011608623548922057 0.01
0 0.6235489220563848 0.0335 0.06965174129353234 0.015
0 0.7665837479270315 0.41250000000000003 0.02238805970149254 0.049
0 0.5505804311774462 0.2145 0.024875621890547265 0.109
0 0.703150912106136 0.503 0.028192371475953566 0.038
0 0.5721393034825871 0.033 0.029850746268656716 0.008
0 0.017412935323383085 0.341 0.01990049751243781 0.02
0 0.6189883913764511 0.258 0.02570480928689884 0.014
0 0.3822553897180763 0.7935 0.026533996683250415 0.057
0 0.44734660033167495 0.9125 0.02404643449419569 0.033
0 0.925787728026534 0.442 0.015754560530679935 0.012
0 0.5058043117744611 0.4815 0.03482587064676617 0.053
0 0.3673300165837479 0.5805 0.05472636815920398 0.065
0 0.554726368159204 0.747 0.05638474295190713 0.106
0 0.6351575456053068 0.6715 0.0978441127694859 0.161
0 0.7993366500829188 0.736 0.06799336650082918 0.036000000000000004
