0 0.5421875 0.8565384615384616 0.051875000000000004 0.07461538461538461
0 0.508125 0.7142307692307692 0.0625 0.13615384615384615
0 0.2421875 0.5284615384615384 0.074375 0.11076923076923077
0 0.685 0.21384615384615385 0.13 0.1
0 0.33375 0.605 0.04875 0.06538461538461539
0 0.135 0.5942307692307692 0.05625 0.08692307692307692
0 0.320625 0.7284615384615385 0.051250000000000004 0.08461538461538462
0 0.28 0.8215384615384616 0.06 0.12
0 0.380625 0.6988461538461539 0.05 0.09615384615384616
0 0.4990625 0.5869230769230769 0.074375 0.06769230769230769
0 0.025 0.6734615384615384 0.02875 0.06846153846153846
0 0.8740625 0.64 0.073125 0.043076923076923075
0 0.83375 0.5180769230769231 0.16625 0.09769230769230769
0 0.6059375 0.5207692307692308 0.036875 0.046153846153846156
0 0.18156250000000002 0.4626923076923077 0.111875 0.1453846153846154
0 0.6165625 0.4546153846153846 0.045625 0.07384615384615384
0 0.4246875 0.8611538461538462 0.168125 0.1823076923076923
0 0.8559375 0.27153846153846156 0.07062500000000001 0.05076923076923077
0 0.431875 0.17346153846153847 0.03375 0.036153846153846154
0 0.058125 0.40192307692307694 0.07375 0.05307692307692308
0 0.2778125 0.40115384615384614 0.040625 0.05923076923076923
0 0.5906250000000001 0.6003846153846154 0.0775 0.07923076923076923
0 0.4053125 0.5246153846153846 0.091875 0.09846153846153846
0 0.73375 0.4073076923076923 0.03625 0.07923076923076923
0 0.333125 0.5288461538461539 0.0425 0.02846153846153846
0 0.20625000000000002 0.6215384615384615 0.0425 0.05076923076923077
0 0.961875 0.22423076923076923 0.075 0.13615384615384615
0 0.2359375 0.6926923076923077 0.068125 0.11153846153846154
0 0.0609375 0.6069230769230769 0.041875 0.03076923076923077
0 0.4596875 0.48346153846153844 0.201875 0.1823076923076923
0 0.8946875 0.4288461538461538 0.036875 0.05923076923076923
0 0.6575 0.681923076923077 0.03625 0.040769230769230766
0 0.80125 0.45076923076923076 0.0525 0.03538461538461538
0 0.7740625 0.688076923076923 0.058125 0.036153846153846154
0 0.950625 0.5815384615384616 0.035 0.02923076923076923
0 0.5571875000000001 0.5030769230769231 0.033125 0.06153846153846154
0 0.96625 0.4230769230769231 0.06625 0.05692307692307692
0 0.035312500000000004 0.5438461538461539 0.07062500000000001 0.07384615384615384
0 0.561875 0.1346153846153846 0.12375 0.09384615384615384
0 0.43625 0.9176923076923077 0.0775 0.07076923076923076
0 0.7353125 0.2907692307692308 0.051875000000000004 0.04153846153846154
0 0.925625 0.9142307692307692 0.1475 0.13923076923076924
0 0.209375 0.42423076923076924 0.05625 0.07
0 0.8515625 0.6019230769230769 0.068125 0.036153846153846154
0 0.7796875 0.3676923076923077 0.045625 0.04153846153846154
0 0.0253125 0.2826923076923077 0.050625 0.06076923076923077
0 0.6053125 0.6969230769230769 0.049375 0.04461538461538461
0 0.3621875 0.13538461538461538 0.044375 0.04
0 0.7515625 0.5911538461538461 0.039375 0.04692307692307692
0 0.7321875 0.14961538461538462 0.025625000000000002 0.036153846153846154
0 0.384375 0.28846153846153844 0.04 0.04153846153846154
0 0.7887500000000001 0.18807692307692309 0.04125 0.05307692307692308
0 0.873125 0.4815384615384615 0.02 0.024615384615384615
0 0.6071875 0.8111538461538461 0.10187500000000001 0.14692307692307693
0 0.3696875 0.34692307692307695 0.085625 0.05384615384615385
0 0.9484375 0.833076923076923 0.10187500000000001 0.06461538461538462
0 0.5084375 0.9796153846153847 0.033125 0.031538461538461536
0 0.688125 0.7665384615384615 0.043750000000000004 0.06230769230769231
0 0.2525 0.6023076923076923 0.01625 0.03076923076923077
0 0.3090625 0.27576923076923077 0.19187500000000002 0.20384615384615384
0 0.0059375 0.42730769230769233 0.011875 0.023846153846153847
0 0.9809375 0.5223076923076924 0.036875 0.04
0 0.7471875 0.6530769230769231 0.055625 0.033846153846153845
0 0.471875 0.7846153846153846 0.035 0.055384615384615386
0 0.936875 0.3769230769230769 0.125 0.14923076923076922
0 0.9284375 0.3269230769230769 0.049375 0.05384615384615385
0 0.94625 0.7419230769230769 0.08625000000000001 0.10846153846153846
0 0.08875 0.29923076923076924 0.035 0.033846153846153845
0 0.9778125 0.47923076923076924 0.030625 0.03076923076923077
0 0.6659375 0.4296153846153846 0.043125000000000004 0.05615384615384615
0 0.7296875 0.7376923076923076 0.059375000000000004 0.06153846153846154
0 0.3696875 0.7838461538461539 0.013125 0.03076923076923077
0 0.706875 0.6034615384615385 0.13125 0.07923076923076923
0 0.9915625 0.9780769230769231 0.015625 0.03461538461538462
0 0.020625 0.20615384615384616 0.02625 0.047692307692307694
0 0.4740625 0.30615384615384617 0.056875 0.10307692307692308
0 0.47000000000000003 0.047692307692307694 0.0425 0.04461538461538461
0 0.9709375 0.6561538461538462 0.056875 0.04923076923076923
0 0.9865625 0.11653846153846154 0.025625000000000002 0.03
0 0.364375 0.8815384615384615 0.05 0.14769230769230768
0 0.6809375 0.7234615384615385 0.011875 0.01
0 0.651875 0.9876923076923076 0.07125000000000001 0.015384615384615385
0 0.7840625 0.5773076923076923 0.023125 0.05153846153846154
0 0.5684375 0.8011538461538461 0.024375 0.11461538461538462
0 0.714375 0.4857692307692308 0.02875 0.03923076923076923
0 0.5984375000000001 0.9915384615384616 0.030625 0.007692307692307693
0 0.01 0.7007692307692308 0.02 0.02
0 0.6378125 0.7503846153846154 0.025625000000000002 0.014615384615384615
0 0.3690625 0.19807692307692307 0.026875 0.05923076923076923
0 0.4315625 0.06807692307692308 0.024375 0.03461538461538462
0 0.9484375 0.5365384615384615 0.015625 0.011538461538461539
0 0.5103125000000001 0.5207692307692308 0.035625000000000004 0.055384615384615386
0 0.3625 0.4246153846153846 0.05625 0.06769230769230769
0 0.55 0.23615384615384616 0.0575 0.1123076923076923
0 0.63625 0.31115384615384617 0.10125 0.17
0 0.80375 0.2323076923076923 0.07 0.03692307692307692
