0 0.47557840616966585 0.7243186582809225 0.05655526992287918 0.12997903563941302
0 0.12382176520994002 0.6614255765199162 0.07455012853470437 0.041928721174004195
0 0.7365038560411311 0.5372117400419287 0.07455012853470437 0.1079664570230608
0 0.842330762639246 0.5953878406708596 0.05655526992287918 0.07966457023060797
0 0.6619537275064268 0.7316561844863732 0.05227077977720652 0.08176100628930819
0 0.2969151670951157 0.24318658280922434 0.12596401028277635 0.09853249475890986
0 0.705655526992288 0.8207547169811321 0.06255355612682091 0.11740041928721175
0 0.7952013710368466 0.4706498951781971 0.11482433590402742 0.14255765199161427
0 0.44858611825192807 0.8626834381551363 0.05055698371893745 0.07127882599580714
0 0.6465295629820051 0.6142557651991615 0.048843187660668384 0.06498951781970651
0 0.5749785775492716 0.5419287211740043 0.08740359897172237 0.09853249475890986
0 0.2544987146529563 0.4365828092243187 0.03598971722365039 0.07651991614255765
0 0.06212510711225364 0.38731656184486374 0.11739502999143103 0.11006289308176101
0 0.5951156812339332 0.30817610062893086 0.04027420736932305 0.041928721174004195
0 0.14652956298200515 0.5445492662473795 0.13710368466152528 0.09538784067085955
0 0.9400171379605827 0.5419287211740043 0.07197943444730077 0.07127882599580714
0 0.5428449014567267 0.2017819706498952 0.03513281919451586 0.04088050314465409
0 0.6023993144815767 0.689727463312369 0.04627249357326478 0.060796645702306085
0 0.13710368466152528 0.3039832285115304 0.06683804627249358 0.050314465408805034
0 0.9177377892030849 0.6037735849056605 0.042844901456726654 0.031446540880503145
0 0.3800342759211654 0.539308176100629 0.03684661525278492 0.04507337526205451
0 0.03427592116538132 0.4454926624737946 0.059982862039417315 0.03773584905660378
0 0.9550128534704371 0.6656184486373166 0.029991431019708657 0.07127882599580714
0 0.22236503856041132 0.7038784067085955 0.053984575835475584 0.03459119496855346
0 0.04798628963153385 0.6063941299790356 0.032562125107112254 0.030398322851153042
0 0.19151670951156813 0.4748427672955975 0.05055698371893745 0.033542976939203356
0 0.1011139674378749 0.45492662473794554 0.03941730934018852 0.060796645702306085
0 0.6962296486718081 0.41509433962264153 0.038560411311053984 0.060796645702306085
0 0.020137103684661525 0.5083857442348009 0.029991431019708657 0.031446540880503145
0 0.5072836332476436 0.09958071278825996 0.04798628963153385 0.08385744234800839
0 0.1435304198800343 0.6236897274633124 0.06426735218508997 0.03563941299790357
0 0.25107112253641817 0.31918238993710696 0.05312767780634105 0.04507337526205451
0 0.3346186803770351 0.6981132075471699 0.03684661525278492 0.03773584905660378
0 0.35347043701799485 0.6189727463312369 0.16023993144815768 0.07861635220125787
0 0.9173093401885176 0.4061844863731656 0.07283633247643531 0.05345911949685535
0 0.6143958868894602 0.15461215932914046 0.04627249357326478 0.04507337526205451
0 0.5659811482433591 0.8611111111111112 0.16709511568123395 0.18134171907756813
0 0.1970865467009426 0.21960167714884699 0.03941730934018852 0.051362683438155136
0 0.7763496143958869 0.6242138364779874 0.049700085689802914 0.051362683438155136
0 0.4271636675235647 0.5220125786163522 0.03341902313624679 0.05870020964360587
0 0.3868894601542417 0.709643605870021 0.04541559554413025 0.04612159329140461
0 0.517566409597258 0.7835429769392034 0.03941730934018852 0.04507337526205451
0 0.7677806341045416 0.43448637316561844 0.059982862039417315 0.07023060796645703
0 0.5544130248500428 0.9182389937106918 0.07712082262210797 0.06918238993710692
0 0.239502999143102 0.6105870020964361 0.03513281919451586 0.0429769392033543
0 0.48671808054841476 0.59958071278826 0.07026563838903171 0.06918238993710692
0 0.24678663239074553 0.6692872117400419 0.05655526992287918 0.030398322851153042
0 0.03598971722365039 0.2557651991614256 0.06855184233076264 0.1320754716981132
0 0.4747215081405313 0.5419287211740043 0.03427592116538132 0.04821802935010482
0 0.9708654670094259 0.42714884696016775 0.01713796058269066 0.02410901467505241
0 0.06383890317052271 0.3569182389937107 0.048843187660668384 0.05345911949685535
0 0.9841473864610112 0.459643605870021 0.01970865467009426 0.03668763102725367
0 0.38346186803770355 0.819182389937107 0.10025706940874037 0.13941299790356396
0 0.4143101970865467 0.16876310272536688 0.12082262210796915 0.08176100628930819
0 0.2099400171379606 0.5959119496855346 0.023993144815766924 0.04926624737945493
0 0.0805484147386461 0.9219077568134172 0.14224507283633248 0.1268343815513627
0 0.9832904884318766 0.17662473794549266 0.014567266495287062 0.0639412997903564
0 0.9562982005141388 0.2447589098532495 0.07026563838903171 0.14570230607966458
0 0.6688089117395031 0.28459119496855345 0.194515852613539 0.1960167714884696
0 0.6452442159383034 0.540356394129979 0.04113110539845759 0.02830188679245283
0 0.2519280205655527 0.18658280922431866 0.029134532990574124 0.029350104821802937
0 0.9888603256212511 0.559748427672956 0.011996572407883462 0.016771488469601678
0 0.5034275921165382 0.4638364779874214 0.16195372750642675 0.10587002096436059
0 0.2789203084832905 0.7437106918238994 0.03341902313624679 0.04507337526205451
0 0.9845758354755785 0.35744234800838576 0.01713796058269066 0.050314465408805034
0 0.7519280205655527 0.6740041928721174 0.0831191088260497 0.15094339622641512
0 0.3646101113967438 0.31236897274633124 0.18766066838046275 0.2389937106918239
0 0.604541559554413 0.36320754716981135 0.0934018851756641 0.04926624737945493
0 0.7270779777206513 0.6079664570230608 0.014567266495287062 0.031446540880503145
0 0.3688946015424165 0.47641509433962265 0.04541559554413025 0.07232704402515723
0 0.9785775492716368 0.6818658280922433 0.03598971722365039 0.03878406708595388
0 0.032562125107112254 0.6766247379454927 0.05141388174807198 0.04716981132075472
0 0.8611825192802057 0.29035639412997905 0.07712082262210797 0.06498951781970651
0 0.12253641816623823 0.5073375262054508 0.020565552699228794 0.025157232704402517
0 0.6246786632390746 0.8820754716981133 0.049700085689802914 0.13941299790356396
0 0.020137103684661525 0.5471698113207547 0.029991431019708657 0.04402515723270441
0 0.4494430162810626 0.04979035639412998 0.01970865467009426 0.030398322851153042
0 0.5252784918594687 0.5131027253668763 0.020565552699228794 0.02410901467505241
0 0.5034275921165382 0.3307127882599581 0.053984575835475584 0.1079664570230608
0 0.05698371893744645 0.7625786163522013 0.08654670094258783 0.09329140461215933
0 0.2934875749785776 0.7641509433962265 0.0676949443016281 0.08385744234800839
0 0.6191088260497001 0.4407756813417191 0.04712939160239932 0.0660377358490566
0 0.4850042844901457 0.9706498951781971 0.029134532990574124 0.016771488469601678
0 0.16838046272493573 0.6818658280922433 0.01970865467009426 0.015723270440251572
0 0.6169665809768637 0.7845911949685535 0.013710368466152529 0.030398322851153042
0 0.09040274207369324 0.709643605870021 0.026563838903170524 0.04402515723270441
0 0.9914310197086548 0.6174004192872118 0.00856898029134533 0.016771488469601678
0 0.6053984575835476 0.21802935010482183 0.02827763496143959 0.05450733752620546
0 0.9490145672664954 0.2127882599580713 0.02313624678663239 0.04612159329140461
0 0.35518423307626396 0.7636268343815514 0.024850042844901457 0.015723270440251572
0 0.9914310197086548 0.579664570230608 0.006855184233076264 0.012578616352201259
0 0.13453299057412169 0.40723270440251574 0.02227934875749786 0.011530398322851153
0 0.21036846615252786 0.39412997903563946 0.04541559554413025 0.041928721174004195
0 0.1868037703513282 0.24056603773584906 0.06169665809768638 0.08909853249475891
0 0.5676949443016281 0.11635220125786164 0.05227077977720652 0.06918238993710692
