0 0.47695652173913045 0.7258235919234856 0.05652173913043478 0.1296493092454835
0 0.12565217391304348 0.6641870350690754 0.07391304347826087 0.04250797024442082
0 0.7360869565217392 0.5377258235919234 0.07391304347826087 0.1083953241232731
0 0.8417391304347827 0.5956429330499469 0.05565217391304348 0.07970244420828905
0 0.662608695652174 0.7321997874601487 0.052173913043478265 0.08076514346439957
0 0.29695652173913045 0.2465462274176408 0.12608695652173912 0.0977683315621679
0 0.7060869565217391 0.8198724760892667 0.06260869565217392 0.11583421891604676
0 0.7943478260869565 0.4713071200850159 0.11391304347826087 0.14133900106269925
0 0.4504347826086957 0.8634431455897981 0.050434782608695654 0.07120085015940489
0 0.6465217391304348 0.6147715196599361 0.04956521739130435 0.06482465462274176
0 0.5756521739130435 0.5430393198724761 0.08695652173913043 0.0977683315621679
0 0.2556521739130435 0.43995749202975554 0.036521739130434785 0.07651434643995748
0 0.06347826086956522 0.3921360255047821 0.11652173913043479 0.11052072263549415
0 0.5943478260869566 0.310308182784272 0.0408695652173913 0.04250797024442082
0 0.1482608695652174 0.5483528161530287 0.13652173913043478 0.09564293304994687
0 0.9391304347826087 0.5414452709883103 0.07130434782608695 0.07120085015940489
0 0.5417391304347826 0.20456960680127523 0.034782608695652174 0.04144527098831031
0 0.6026086956521739 0.6902231668437832 0.04695652173913044 0.060573857598299675
0 0.1382608695652174 0.30871413390010627 0.06608695652173913 0.04994686503719447
0 0.9169565217391304 0.6030818278427205 0.042608695652173914 0.0308182784272051
0 0.3808695652173913 0.5409139213602551 0.036521739130434785 0.04463336875664187
0 0.036086956521739134 0.44952178533475023 0.060000000000000005 0.03825717321997874
0 0.9543478260869566 0.6647183846971306 0.030434782608695653 0.07120085015940489
0 0.22434782608695653 0.7061636556854409 0.05391304347826087 0.03506907545164718
0 0.050434782608695654 0.6094580233793836 0.03304347826086956 0.0308182784272051
0 0.19260869565217392 0.47874601487778956 0.051304347826086956 0.03294367693942614
0 0.10304347826086957 0.45855472901168964 0.0391304347826087 0.060573857598299675
0 0.6956521739130435 0.4165781083953241 0.03826086956521739 0.05951115834218916
0 0.021739130434782608 0.5127523910733263 0.029565217391304348 0.0308182784272051
0 0.5065217391304349 0.1030818278427205 0.04782608695652174 0.08289054197662062
0 0.14521739130434783 0.6269925611052072 0.06434782608695652 0.036131774707757705
0 0.25173913043478263 0.3230605738575983 0.05304347826086957 0.04463336875664187
0 0.33608695652173914 0.6997874601487779 0.03739130434782609 0.03719447396386822
0 0.3547826086956522 0.6211477151965993 0.16 0.077577045696068
0 0.9156521739130435 0.4064824654622742 0.07304347826086957 0.05419766206163655
0 0.6134782608695653 0.15727948990435706 0.04608695652173913 0.04463336875664187
0 0.5673913043478261 0.861317747077577 0.16608695652173913 0.179596174282678
0 0.19782608695652174 0.22422954303931986 0.0391304347826087 0.05100956429330499
0 0.7760869565217392 0.6243358129649309 0.04956521739130435 0.052072263549415514
0 0.42739130434782613 0.5239107332624867 0.03391304347826087 0.05951115834218916
0 0.3882608695652174 0.7109458023379384 0.04608695652173913 0.04463336875664187
0 0.5186956521739131 0.7842720510095642 0.0391304347826087 0.04463336875664187
0 0.7665217391304349 0.43570669500531345 0.060000000000000005 0.07013815090329437
0 0.5556521739130434 0.9176408076514346 0.07652173913043478 0.06907545164718384
0 0.24130434782608698 0.6131774707757705 0.035652173913043476 0.04250797024442082
0 0.4873913043478261 0.6009564293304994 0.07043478260869565 0.06907545164718384
0 0.24869565217391304 0.6716259298618491 0.05565217391304348 0.02975557917109458
0 0.03739130434782609 0.26142401700318807 0.06782608695652174 0.13177470775770456
0 0.47521739130434787 0.5435706695005313 0.03391304347826087 0.04782146652497343
0 0.9691304347826087 0.42720510095642933 0.01652173913043478 0.023379383634431455
0 0.06521739130434782 0.361317747077577 0.04869565217391304 0.053134962805526036
0 0.9826086956521739 0.45961742826780017 0.019130434782608695 0.03719447396386822
0 0.3847826086956522 0.820403825717322 0.1 0.1381509032943677
0 0.4139130434782609 0.1726886291179596 0.12173913043478261 0.0818278427205101
0 0.21130434782608695 0.5988310308182784 0.02434782608695652 0.04994686503719447
0 0.08391304347826087 0.9240170031880978 0.14173913043478262 0.12646121147715195
0 0.9808695652173913 0.1780021253985122 0.01565217391304348 0.06269925611052071
0 0.9543478260869566 0.24548352816153027 0.07043478260869565 0.14452709883103082
0 0.6678260869565218 0.2869287991498406 0.19304347826086957 0.1955366631243358
0 0.6456521739130435 0.5414452709883103 0.0408695652173913 0.028692879914984058
0 0.25173913043478263 0.19128586609989373 0.028695652173913046 0.02975557917109458
0 0.9873913043478261 0.5589798087141339 0.013043478260869566 0.01700318809776833
0 0.5030434782608696 0.4659936238044633 0.16086956521739132 0.10520722635494155
0 0.2808695652173913 0.7454835281615303 0.03304347826086956 0.04569606801275239
0 0.9821739130434783 0.3575982996811902 0.01652173913043478 0.04994686503719447
0 0.7517391304347827 0.6737513283740701 0.08260869565217392 0.14877789585547288
0 0.3647826086956522 0.31562167906482463 0.18695652173913044 0.23804463336875664
0 0.6039130434782609 0.3650371944739638 0.09304347826086957 0.04994686503719447
0 0.7273913043478261 0.6078639744952178 0.014782608695652174 0.03188097768331562
0 0.3695652173913044 0.4792773645058448 0.04521739130434783 0.07226354941551541
0 0.9773913043478262 0.6806588735387885 0.036521739130434785 0.039319872476089264
0 0.035217391304347825 0.6801275239107332 0.051304347826086956 0.04675876726886291
0 0.8595652173913044 0.2917109458023379 0.0773913043478261 0.06482465462274176
0 0.12391304347826088 0.5111583421891605 0.02 0.025504782146652496
0 0.6256521739130435 0.8815090329436769 0.04956521739130435 0.1392136025504782
0 0.022608695652173914 0.5515409139213602 0.029565217391304348 0.04463336875664187
0 0.44826086956521743 0.05419766206163655 0.02 0.02975557917109458
0 0.5256521739130435 0.5148777895855473 0.02 0.024442082890541974
0 0.5034782608695653 0.3331562167906482 0.05391304347826087 0.1073326248671626
0 0.05956521739130435 0.7651434643995749 0.08608695652173913 0.09351753453772582
0 0.2956521739130435 0.7656748140276302 0.06782608695652174 0.08395324123273114
0 0.6182608695652174 0.4420828905419766 0.04695652173913044 0.06588735387885228
0 0.4865217391304348 0.9702444208289054 0.028695652173913046 0.01700318809776833
0 0.17043478260869566 0.6849096705632306 0.019130434782608695 0.01594048884165781
0 0.6178260869565217 0.7848034006376196 0.013043478260869566 0.028692879914984058
0 0.09260869565217392 0.7125398512221041 0.026956521739130435 0.043570669500531345
0 0.9904347826086957 0.616365568544102 0.008695652173913044 0.01700318809776833
0 0.6043478260869566 0.22051009564293303 0.02782608695652174 0.05419766206163655
0 0.9469565217391305 0.21360255047821466 0.022608695652173914 0.04675876726886291
0 0.35695652173913045 0.7651434643995749 0.025217391304347827 0.01487778958554729
0 0.9904347826086957 0.5791710945802337 0.006956521739130435 0.012752391073326248
0 0.1356521739130435 0.4107332624867162 0.022608695652173914 0.011689691817215728
0 0.21130434782608695 0.39798087141339 0.04521739130434783 0.04144527098831031
0 0.18739130434782608 0.24548352816153027 0.06173913043478261 0.08926673751328373
0 0.5665217391304348 0.11955366631243357 0.05304347826086957 0.06907545164718384
