0 0.5202177293934681 0.7352941176470589 0.05598755832037325 0.12903225806451613
0 0.8705287713841369 0.6755218216318786 0.07387247278382582 0.04174573055028463
0 0.2620528771384137 0.5469639468690702 0.07309486780715396 0.10721062618595825
0 0.15629860031104198 0.6043643263757116 0.05598755832037325 0.07969639468690702
0 0.3347589424572317 0.7409867172675522 0.052099533437014 0.07969639468690702
0 0.7010108864696734 0.25948766603415563 0.12519440124416797 0.09772296015180267
0 0.29082426127527217 0.8287476280834914 0.06220839813374805 0.11480075901328274
0 0.2041213063763608 0.48055028462998106 0.11430793157076205 0.1413662239089184
0 0.5458786936236392 0.872865275142315 0.049766718506998445 0.07020872865275142
0 0.3510886469673406 0.6247628083491461 0.048989113530326596 0.06546489563567362
0 0.42223950233281493 0.5531309297912713 0.08709175738724728 0.0967741935483871
0 0.7418351477449455 0.45161290322580644 0.03576982892690513 0.07590132827324478
0 0.9335147744945568 0.40464895635673626 0.11586314152410575 0.10910815939278938
0 0.40435458786936235 0.3216318785578748 0.04043545878693624 0.04174573055028463
0 0.8483670295489891 0.5597722960151803 0.13530326594090203 0.09487666034155598
0 0.05909797822706065 0.5498102466793169 0.07153965785381027 0.07115749525616698
0 0.4568429237947123 0.21584440227703985 0.034992223950233284 0.04079696394686907
0 0.39463452566096424 0.6997153700189753 0.045878693623639194 0.05977229601518027
0 0.8588646967340591 0.321157495256167 0.0660964230171073 0.05028462998102467
0 0.0812597200622084 0.6114800759013282 0.042768273716951785 0.031309297912713474
0 0.6170295489891136 0.5521821631878558 0.03654743390357698 0.043643263757115754
0 0.9607309486780715 0.4620493358633776 0.059875583203732506 0.03795066413662239
0 0.04354587869362364 0.6726755218216319 0.029548989113530325 0.07020872865275142
0 0.7721617418351477 0.7167931688804554 0.05287713841368585 0.03510436432637571
0 0.9463452566096423 0.6214421252371917 0.03265940902021773 0.030360531309297913
0 0.8044323483670296 0.4905123339658444 0.05054432348367029 0.03225806451612903
0 0.8942457231726283 0.47106261859582543 0.038880248833592534 0.05977229601518027
0 0.3024883359253499 0.4264705882352941 0.038880248833592534 0.05977229601518027
0 0.9747278382581649 0.5251423149905123 0.030326594090202177 0.031309297912713474
0 0.4926127527216174 0.11527514231499052 0.04743390357698289 0.0825426944971537
0 0.8510886469673405 0.638045540796964 0.0645412130637636 0.03510436432637571
0 0.7461119751166407 0.3353889943074004 0.053654743390357695 0.04459203036053131
0 0.6605754276827371 0.7101518026565465 0.03654743390357698 0.03700189753320683
0 0.6426905132192846 0.6318785578747628 0.1594090202177294 0.0777988614800759
0 0.08320373250388803 0.4155597722960152 0.07309486780715396 0.05313092979127135
0 0.38530326594090203 0.16935483870967744 0.045878693623639194 0.04459203036053131
0 0.4296267496111975 0.8704933586337761 0.1656298600311042 0.1793168880455408
0 0.8001555209953344 0.23719165085388993 0.038880248833592534 0.051233396584440226
0 0.22161741835147744 0.6337760910815939 0.049766718506998445 0.051233396584440226
0 0.5699844479004665 0.5351043643263758 0.03265940902021773 0.058823529411764705
0 0.6084758942457231 0.7210626185958254 0.045878693623639194 0.04554079696394687
0 0.4786158631415241 0.7936432637571158 0.03965785381026438 0.04459203036053131
0 0.2317262830482115 0.4454459203036053 0.05909797822706065 0.06925996204933586
0 0.44090202177293936 0.926944971537002 0.07620528771384137 0.0683111954459203
0 0.755443234836703 0.6242884250474383 0.034992223950233284 0.04174573055028463
0 0.5101088646967341 0.6110056925996205 0.06998444790046657 0.0683111954459203
0 0.7484447900466563 0.6826375711574952 0.0552099533437014 0.029411764705882353
0 0.9599533437013997 0.27419354838709675 0.06765163297045101 0.13092979127134724
0 0.5225505443234837 0.5540796963946869 0.03421461897356143 0.04743833017077799
0 0.029548989113530325 0.43595825426944973 0.017107309486780714 0.023719165085388995
0 0.9319595645412131 0.3742884250474383 0.048989113530326596 0.05218216318785579
0 0.01594090202177294 0.46821631878557873 0.019440124416796267 0.03700189753320683
0 0.6119751166407466 0.8301707779886148 0.09953343701399689 0.13851992409867173
0 0.5843701399688958 0.18500948766603417 0.12052877138413685 0.08159392789373814
0 0.7857698289269052 0.610056925996205 0.02410575427682737 0.04933586337760911
0 0.9121306376360808 0.9345351043643264 0.14152410575427682 0.1252371916508539
0 0.019051321928460343 0.18785578747628084 0.014774494556765163 0.06261859582542695
0 0.04510108864696734 0.2552182163187856 0.06998444790046657 0.1442125237191651
0 0.3308709175738725 0.297438330170778 0.19206842923794712 0.19449715370018975
0 0.3526438569206843 0.5512333965844403 0.04121306376360809 0.028462998102466795
0 0.7457231726283048 0.20351043643263758 0.027993779160186624 0.029411764705882353
0 0.01088646967340591 0.5673624288425048 0.012441679626749611 0.017077798861480076
0 0.49455676516329705 0.47628083491461104 0.16018662519440124 0.10436432637571158
0 0.7161741835147745 0.7561669829222012 0.03265940902021773 0.04554079696394687
0 0.01671850699844479 0.36669829222011385 0.016329704510108865 0.04838709677419355
0 0.24572317262830481 0.6826375711574952 0.08242612752721618 0.14895635673624288
0 0.6329704510108864 0.3277988614800759 0.18662519440124417 0.23624288425047438
0 0.39463452566096424 0.3757115749525617 0.09253499222395023 0.04933586337760911
0 0.27060653188180406 0.6171726755218216 0.013996889580093312 0.031309297912713474
0 0.6279160186625194 0.49003795066413663 0.04432348367029549 0.07115749525616698
0 0.020995334370139968 0.6888045540796964 0.03576982892690513 0.03795066413662239
0 0.9611197511664075 0.6916508538899431 0.05132192846034215 0.04743833017077799
0 0.1395800933125972 0.301707779886148 0.07698289269051321 0.06451612903225806
0 0.8732503888024883 0.5232447817836813 0.02021772939346812 0.025616698292220113
0 0.3713063763608087 0.8899430740037951 0.05054432348367029 0.13851992409867173
0 0.9743390357698289 0.5635673624288425 0.029548989113530325 0.043643263757115754
0 0.5501555209953344 0.06688804554079697 0.019440124416796267 0.029411764705882353
0 0.47200622083981336 0.5251423149905123 0.02021772939346812 0.023719165085388995
0 0.49494556765163294 0.3444022770398482 0.053654743390357695 0.10815939278937381
0 0.9362363919129082 0.7765654648956357 0.08553654743390357 0.09392789373814042
0 0.7006220839813375 0.7760910815939279 0.06687402799377916 0.08349146110056926
0 0.37947122861586313 0.45208728652751423 0.04665629860031104 0.06546489563567362
0 0.5097200622083982 0.9791271347248577 0.028771384136858476 0.017077798861480076
0 0.8262052877138414 0.6954459203036053 0.019440124416796267 0.015180265654648957
0 0.3798600311041991 0.7936432637571158 0.013219284603421462 0.029411764705882353
0 0.9035769828926905 0.7239089184060721 0.026438569206842923 0.043643263757115754
0 0.008164852255054433 0.6247628083491461 0.008553654743390357 0.018026565464895637
0 0.3942457231726283 0.23197343453510436 0.027993779160186624 0.054079696394686905
0 0.05248833592534992 0.2239089184060721 0.02255054432348367 0.04554079696394687
0 0.6399688958009331 0.7751423149905123 0.024883359253499222 0.015180265654648957
0 0.008164852255054433 0.5877609108159393 0.006998444790046656 0.012333965844402278
0 0.8611975116640747 0.42314990512333966 0.02255054432348367 0.011385199240986717
0 0.7857698289269052 0.4098671726755218 0.04432348367029549 0.04174573055028463
0 0.8102643856920684 0.25806451612903225 0.060653188180404355 0.08918406072106262
0 0.432348367029549 0.1318785578747628 0.05287713841368585 0.0683111954459203
