0 0.525625 0.7411538461538462 0.05625 0.13153846153846155
0 0.88125 0.67 0.07375 0.04153846153846154
0 0.2603125 0.5542307692307692 0.074375 0.10846153846153846
0 0.1540625 0.6161538461538462 0.056875 0.08
0 0.3375 0.7511538461538462 0.0525 0.08076923076923077
0 0.7015625 0.2473076923076923 0.12562500000000001 0.09923076923076923
0 0.294375 0.8423076923076923 0.0625 0.11846153846153847
0 0.2003125 0.4880769230769231 0.115625 0.14384615384615385
0 0.5543750000000001 0.8807692307692307 0.05 0.07230769230769231
0 0.3525 0.6315384615384615 0.04875 0.06615384615384616
0 0.4234375 0.5565384615384615 0.088125 0.09769230769230769
0 0.7459375 0.44461538461538463 0.035625000000000004 0.07692307692307693
0 0.9400000000000001 0.39076923076923076 0.11750000000000001 0.1123076923076923
0 0.400625 0.3192307692307692 0.04 0.043076923076923075
0 0.8565625 0.551923076923077 0.138125 0.09615384615384616
0 0.0546875 0.561923076923077 0.07187500000000001 0.07153846153846154
0 0.4521875 0.21 0.034375 0.04153846153846154
0 0.3978125 0.7069230769230769 0.045625 0.06
0 0.8634375 0.3073076923076923 0.066875 0.05153846153846154
0 0.078125 0.6253846153846154 0.0425 0.03076923076923077
0 0.620625 0.55 0.03625 0.04461538461538461
0 0.96875 0.44961538461538464 0.06 0.03769230769230769
0 0.0403125 0.6888461538461539 0.029375000000000002 0.07153846153846154
0 0.781875 0.7153846153846154 0.0525 0.03538461538461538
0 0.9571875 0.6130769230769231 0.031875 0.03076923076923077
0 0.810625 0.4826923076923077 0.051250000000000004 0.03307692307692308
0 0.90125 0.4603846153846154 0.03875 0.06076923076923077
0 0.2990625 0.43 0.038125 0.06
0 0.984375 0.5138461538461538 0.02875 0.03076923076923077
0 0.4875 0.10576923076923077 0.0475 0.08384615384615385
0 0.860625 0.6330769230769231 0.06375 0.03538461538461538
0 0.74875 0.325 0.0525 0.045384615384615384
0 0.668125 0.7111538461538461 0.03625 0.03769230769230769
0 0.64875 0.6307692307692307 0.16125 0.07846153846153846
0 0.0759375 0.42423076923076924 0.073125 0.054615384615384614
0 0.3796875 0.16307692307692306 0.045625 0.04461538461538461
0 0.43593750000000003 0.8815384615384615 0.168125 0.18307692307692308
0 0.801875 0.2226923076923077 0.03875 0.05153846153846154
0 0.2209375 0.6442307692307693 0.049375 0.05153846153846154
0 0.5728125000000001 0.5338461538461539 0.033125 0.06
0 0.615625 0.7238461538461538 0.04625 0.046153846153846156
0 0.484375 0.8015384615384615 0.03875 0.04461538461538461
0 0.228125 0.45076923076923076 0.06 0.06923076923076923
0 0.44906250000000003 0.9388461538461539 0.076875 0.06846153846153846
0 0.7634375 0.6211538461538462 0.035625000000000004 0.04230769230769231
0 0.513125 0.6134615384615385 0.07 0.06846153846153846
0 0.7571875 0.6807692307692308 0.055625 0.02923076923076923
0 0.9646875 0.25653846153846155 0.068125 0.1346153846153846
0 0.525625 0.5553846153846154 0.03375 0.047692307692307694
0 0.0225 0.44653846153846155 0.01625 0.023846153846153847
0 0.9384375 0.3596153846153846 0.048125 0.05307692307692308
0 0.009375 0.48 0.01875 0.03692307692307692
0 0.620625 0.835 0.1 0.14076923076923076
0 0.581875 0.17423076923076922 0.12125 0.0823076923076923
0 0.7937500000000001 0.6057692307692307 0.02375 0.05
0 0.9271875 0.9346153846153846 0.143125 0.1276923076923077
0 0.0071875 0.19192307692307692 0.014375 0.06384615384615384
0 0.035 0.26076923076923075 0.07 0.14615384615384616
0 0.32625 0.29615384615384616 0.195 0.19846153846153847
0 0.3525 0.5561538461538461 0.04 0.02923076923076923
0 0.7465625 0.18923076923076923 0.028125 0.02923076923076923
0 0.005625 0.5815384615384616 0.01125 0.015384615384615385
0 0.4953125 0.47615384615384615 0.161875 0.10615384615384615
0 0.7253125 0.7569230769230769 0.031875 0.04461538461538461
0 0.0078125 0.37576923076923074 0.015625 0.05
0 0.24625 0.6938461538461539 0.08375 0.15076923076923077
0 0.63375 0.31961538461538463 0.18875 0.24076923076923076
0 0.39187500000000003 0.375 0.0925 0.05
0 0.2703125 0.6261538461538462 0.014375 0.03230769230769231
0 0.6315625 0.4869230769230769 0.044375 0.07230769230769231
0 0.0175 0.7057692307692308 0.035 0.03769230769230769
0 0.9734375000000001 0.6846153846153846 0.050625 0.046153846153846156
0 0.131875 0.30538461538461537 0.0775 0.06615384615384616
0 0.8809375 0.5134615384615384 0.020625 0.025384615384615384
0 0.3771875 0.9026923076923077 0.050625 0.14076923076923076
0 0.984375 0.5534615384615384 0.02875 0.04384615384615385
0 0.545 0.05423076923076923 0.02 0.03
0 0.4734375 0.5261538461538462 0.019375 0.024615384615384615
0 0.49312500000000004 0.3403846153846154 0.05375 0.10846153846153846
0 0.9500000000000001 0.7719230769230769 0.08625000000000001 0.09461538461538462
0 0.71 0.7780769230769231 0.0675 0.08538461538461538
0 0.3778125 0.4542307692307692 0.046875 0.06538461538461539
0 0.519375 0.9907692307692307 0.0275 0.015384615384615385
0 0.8359375 0.6923076923076923 0.019375 0.013846153846153847
0 0.384375 0.8046153846153846 0.0125 0.02923076923076923
0 0.915 0.7196153846153847 0.02625 0.04384615384615385
0 0.00375 0.6407692307692308 0.0075 0.016923076923076923
0 0.38906250000000003 0.2276923076923077 0.026875 0.055384615384615386
0 0.041875 0.2276923076923077 0.0225 0.046153846153846156
0 0.6481250000000001 0.7784615384615384 0.02375 0.015384615384615385
0 0.003125 0.6023076923076923 0.00625 0.012307692307692308
0 0.8678125 0.41192307692307695 0.021875000000000002 0.01
0 0.7909375000000001 0.4003846153846154 0.044375 0.04230769230769231
0 0.813125 0.24384615384615385 0.06125 0.08923076923076922
0 0.42625 0.12384615384615384 0.0525 0.06923076923076923
