0 0.5268006700167505 0.2602880658436214 0.05695142378559464 0.13168724279835392
0 0.88107202680067 0.33179012345679015 0.07537688442211056 0.04218106995884774
0 0.2617252931323283 0.44495884773662553 0.0745393634840871 0.11008230452674898
0 0.15577889447236182 0.38323045267489714 0.05695142378559464 0.08127572016460906
0 0.3387772194304858 0.2489711934156379 0.052763819095477386 0.08230452674897121
0 0.7005862646566164 0.7515432098765433 0.12646566164154105 0.09979423868312758
0 0.2964824120603015 0.1579218106995885 0.06365159128978225 0.11831275720164611
0 0.20142378559463986 0.5108024691358025 0.11474036850921274 0.14506172839506173
0 0.5556951423785594 0.12139917695473253 0.05108877721943049 0.0720164609053498
0 0.3530150753768844 0.36831275720164613 0.049413735343383586 0.06584362139917696
0 0.4242043551088777 0.44341563786008237 0.08793969849246232 0.09876543209876544
0 0.7458123953098827 0.5565843621399177 0.036013400335008376 0.07818930041152264
0 0.9392797319932998 0.61059670781893 0.11809045226130653 0.11213991769547325
0 0.4007537688442211 0.6790123456790124 0.04103852596314908 0.04320987654320988
0 0.8559463986599665 0.4495884773662552 0.1373534338358459 0.09670781893004116
0 0.05611390284757119 0.43621399176954734 0.07202680067001675 0.0720164609053498
0 0.45226130653266333 0.7880658436213992 0.035175879396984924 0.041152263374485604
0 0.39865996649916247 0.29269547325102885 0.04690117252931324 0.06069958847736626
0 0.8618090452261307 0.6934156378600823 0.06700167504187604 0.051440329218107
0 0.07956448911222781 0.3739711934156379 0.04355108877721943 0.03189300411522634
0 0.6210217755443886 0.45061728395061734 0.03768844221105528 0.04526748971193416
0 0.9677554438860971 0.5524691358024691 0.06113902847571189 0.03909465020576132
0 0.04271356783919598 0.3106995884773663 0.03015075376884422 0.0720164609053498
0 0.7822445561139029 0.286522633744856 0.05360134003350084 0.0360082304526749
0 0.9564489112227805 0.3888888888888889 0.03350083752093802 0.0308641975308642
0 0.8098827470686767 0.5190329218106996 0.051926298157453935 0.03395061728395062
0 0.9007537688442211 0.5411522633744856 0.03936348408710218 0.0617283950617284
0 0.2998324958123953 0.5694444444444445 0.038525963149078725 0.06069958847736626
0 0.983249581239531 0.48816872427983543 0.03015075376884422 0.03189300411522634
0 0.4865996649916248 0.8930041152263375 0.048576214405360134 0.08436213991769548
0 0.8601340033500837 0.36934156378600824 0.06532663316582915 0.03703703703703704
0 0.7479061976549414 0.6748971193415638 0.05360134003350084 0.04526748971193416
0 0.669179229480737 0.2906378600823046 0.03685092127303183 0.03806584362139918
0 0.6486599664991625 0.36985596707818935 0.16164154103852596 0.07921810699588477
0 0.07788944723618091 0.5735596707818931 0.07370184254606366 0.05452674897119342
0 0.3789782244556114 0.8343621399176956 0.046063651591289785 0.04526748971193416
0 0.43760469011725295 0.12037037037037038 0.16834170854271358 0.18312757201646093
0 0.8010887772194305 0.7767489711934157 0.03936348408710218 0.051440329218107
0 0.2219430485762144 0.35545267489711935 0.05025125628140704 0.05246913580246914
0 0.5732830820770519 0.4665637860082305 0.03433835845896147 0.06069958847736626
0 0.6159966499162479 0.27726337448559674 0.046063651591289785 0.0462962962962963
0 0.4861809045226131 0.20010288065843623 0.03936348408710218 0.0462962962962963
0 0.228643216080402 0.5478395061728396 0.06030150753768844 0.07098765432098766
0 0.45058626465661644 0.06275720164609054 0.07705192629815745 0.06995884773662552
0 0.7634003350083752 0.3806584362139918 0.036013400335008376 0.04320987654320988
0 0.5142378559463987 0.3868312757201646 0.07035175879396985 0.06995884773662552
0 0.7567001675041877 0.3209876543209877 0.05611390284757119 0.0308641975308642
0 0.9631490787269682 0.7443415637860082 0.06867671691792294 0.13477366255144035
0 0.5255443886097152 0.44495884773662553 0.03433835845896147 0.04835390946502058
0 0.02345058626465662 0.5509259259259259 0.01675041876046901 0.02366255144032922
0 0.9367671691792295 0.6409465020576133 0.049413735343383586 0.05349794238683128
0 0.010469011725293133 0.5180041152263375 0.019262981574539362 0.03806584362139918
0 0.6214405360134003 0.16666666666666669 0.10050251256281408 0.14197530864197533
0 0.5812395309882747 0.8240740740740742 0.12227805695142378 0.08230452674897121
0 0.7931323283082077 0.3960905349794239 0.02512562814070352 0.051440329218107
0 0.9279731993299832 0.06893004115226338 0.1440536013400335 0.12757201646090535
0 0.007537688442211055 0.8040123456790124 0.01507537688442211 0.06481481481481483
0 0.035594639865996654 0.7361111111111112 0.07118927973199331 0.14711934156378603
0 0.326214405360134 0.7011316872427984 0.19514237855946398 0.19855967078189302
0 0.35343383584589616 0.44341563786008237 0.04187604690117253 0.02880658436213992
0 0.7449748743718593 0.8101851851851852 0.02931323283082077 0.02983539094650206
0 0.007537688442211055 0.4166666666666667 0.01340033500837521 0.01646090534979424
0 0.495393634840871 0.5236625514403292 0.16331658291457288 0.10699588477366256
0 0.72571189279732 0.24537037037037038 0.032663316582914576 0.0462962962962963
0 0.009212730318257957 0.6213991769547326 0.01675041876046901 0.04938271604938272
0 0.24790619765494137 0.30606995884773663 0.08375209380234507 0.15123456790123457
0 0.6331658291457286 0.6800411522633746 0.18927973199329984 0.24074074074074076
0 0.3919597989949749 0.6239711934156379 0.09380234505862647 0.05041152263374486
0 0.27177554438860974 0.37345679012345684 0.01423785594639866 0.03292181069958848
0 0.63107202680067 0.513888888888889 0.04438860971524288 0.07304526748971193
0 0.01968174204355109 0.2932098765432099 0.036013400335008376 0.03909465020576132
0 0.9731993299832497 0.31790123456790126 0.051926298157453935 0.04732510288065844
0 0.1323283082077052 0.6923868312757202 0.07872696817420435 0.06584362139917696
0 0.8802345058626466 0.4876543209876544 0.020100502512562814 0.02674897119341564
0 0.3789782244556114 0.09825102880658437 0.05108877721943049 0.1409465020576132
0 0.983249581239531 0.4490740740740741 0.03015075376884422 0.04423868312757202
0 0.5435510887772195 0.9439300411522634 0.020100502512562814 0.02983539094650206
0 0.47361809045226133 0.4737654320987655 0.020938023450586266 0.0257201646090535
0 0.4937185929648241 0.6589506172839507 0.05443886097152429 0.11008230452674898
0 0.949748743718593 0.23096707818930043 0.08710217755443886 0.09567901234567902
0 0.7106365159128978 0.22376543209876545 0.0678391959798995 0.08539094650205763
0 0.3789782244556114 0.5447530864197532 0.04773869346733668 0.0668724279835391
0 0.5209380234505863 0.01183127572016461 0.02847571189279732 0.01748971193415638
0 0.8358458961474037 0.31018518518518523 0.020100502512562814 0.0154320987654321
0 0.3852596314907873 0.19650205761316875 0.01340033500837521 0.0308641975308642
0 0.9149916247906198 0.28343621399176955 0.02763819095477387 0.04423868312757202
0 0.005862646566164155 0.3580246913580247 0.008375209380234505 0.01851851851851852
0 0.38860971524288107 0.7705761316872428 0.02847571189279732 0.05555555555555556
0 0.04271356783919598 0.7685185185185186 0.02345058626465662 0.04732510288065844
0 0.6490787269681743 0.22376543209876545 0.02512562814070352 0.0154320987654321
0 0.005025125628140704 0.3960905349794239 0.006700167504187605 0.01234567901234568
0 0.8664154103852596 0.5889917695473251 0.022613065326633167 0.01131687242798354
0 0.7897822445561139 0.6003086419753086 0.04522613065326633 0.04218106995884774
0 0.8115577889447236 0.7561728395061729 0.06197654941373534 0.09053497942386832
0 0.4258793969849246 0.8734567901234569 0.052763819095477386 0.06995884773662552
