0 0.4666931007137193 0.2720729366602687 0.05471847739888977 0.1257197696737044
0 0.12569389373513085 0.3570057581573896 0.07216494845360824 0.04030710172744722
0 0.7299762093576526 0.43618042226487524 0.07216494845360824 0.10460652591170826
0 0.830293417922284 0.3723608445297505 0.05551149881046788 0.07677543186180422
0 0.6486915146708961 0.2533589251439539 0.05075337034099921 0.07869481765834932
0 0.31363996827914353 0.7495201535508637 0.12291831879460745 0.09596928982725528
0 0.6871530531324346 0.1645873320537428 0.06106264869151467 0.11228406909788867
0 0.7902458366375892 0.496641074856046 0.11181601903251388 0.13723608445297505
0 0.4345757335448057 0.14107485604606526 0.04916732751784298 0.0690978886756238
0 0.6383822363203806 0.3675623800383877 0.047581284694686754 0.06333973128598848
0 0.5717684377478192 0.44241842610364684 0.08564631245043616 0.09404990403071017
0 0.26367961934972245 0.5647792706333973 0.035685963521015066 0.07389635316698656
0 0.07771609833465504 0.6252399232245681 0.11419508326724821 0.10652591170825336
0 0.6019032513877874 0.6665067178502879 0.03965107057890563 0.04126679462571977
0 0.1534496431403648 0.4673704414587332 0.13402061855670103 0.09213051823416507
0 0.9286280729579699 0.418426103646833 0.06978588421887391 0.0690978886756238
0 0.5555114988104679 0.7730326295585412 0.03409992069785884 0.03934740882917466
0 0.5919904837430611 0.29750479846449135 0.04520222045995242 0.05758157389635316
0 0.15503568596352102 0.7010556621880998 0.06423473433782712 0.04894433781190019
0 0.9036478984932593 0.3603646833013436 0.04203013481363997 0.029750479846449136
0 0.3810467882632831 0.45825335892514396 0.035685963521015066 0.04318618042226487
0 0.04837430610626487 0.5710172744721689 0.05868358445678033 0.036468330134357005
0 0.9377478191911182 0.29798464491362764 0.029341792228390166 0.06813819577735125
0 0.2204599524187153 0.30902111324376197 0.052339413164155434 0.0345489443378119
0 0.054321966693100715 0.41506717850287905 0.03251387787470262 0.029750479846449136
0 0.20023790642347344 0.5316698656429942 0.0499603489294211 0.03262955854126679
0 0.1134020618556701 0.5580614203454894 0.03806502775574941 0.05854126679462572
0 0.6962727993655828 0.5566218809980806 0.03806502775574941 0.05758157389635316
0 0.03132434575733545 0.5110364683301344 0.029341792228390166 0.029750479846449136
0 0.5253766851704996 0.8742802303262955 0.046788263283108644 0.08061420345489444
0 0.1471054718477399 0.3915547024952015 0.0626486915146709 0.0345489443378119
0 0.26526566217287867 0.6780230326295585 0.05154639175257732 0.04318618042226487
0 0.3302934179222839 0.30758157389635316 0.035685963521015066 0.03550863723608445
0 0.352101506740682 0.3824376199616123 0.1570182394924663 0.07581573896353166
0 0.9119746233148295 0.5508637236084453 0.07137192704203013 0.051823416506717845
0 0.6276764472640761 0.8133397312859885 0.04520222045995242 0.04318618042226487
0 0.548770816812054 0.13435700575815737 0.1633624107850912 0.1746641074856046
0 0.21728786677240286 0.7783109404990403 0.03806502775574941 0.04990403071017274
0 0.7648691514670896 0.3493282149712092 0.04837430610626487 0.04990403071017274
0 0.4282315622521808 0.4712092130518234 0.03330689928628073 0.05758157389635316
0 0.38065027755749403 0.29270633397312856 0.04440919904837431 0.044145873320537425
0 0.5047581284694687 0.21209213051823417 0.03885804916732752 0.044145873320537425
0 0.7644726407613005 0.533109404990403 0.05868358445678033 0.06813819577735125
0 0.5348929421094369 0.08013435700575816 0.0753370340999207 0.06621880998080613
0 0.24107850911974624 0.3977927063339731 0.034892942109436956 0.04126679462571977
0 0.4829500396510706 0.39251439539347405 0.06819984139571768 0.06717850287907869
0 0.24544012688342584 0.3406909788867562 0.05471847739888977 0.02879078694817658
0 0.05868358445678033 0.7543186180422264 0.06661379857256146 0.12859884836852206
0 0.4734337827121332 0.4491362763915547 0.03330689928628073 0.046065259117082535
0 0.9631245043616178 0.5268714011516314 0.016653449643140365 0.023032629558541268
0 0.08088818398096749 0.654510556621881 0.047581284694686754 0.051823416506717845
0 0.9750198255352894 0.4947216890595009 0.01823949246629659 0.03550863723608445
0 0.3723235527359239 0.1871401151631478 0.09754163362410785 0.13435700575815737
0 0.4314036478984933 0.8128598848368522 0.11895321173671689 0.07869481765834932
0 0.21252973830293417 0.41410748560460653 0.023790642347343377 0.04894433781190019
0 0.07216494845360824 0.10748560460652591 0.13957176843774782 0.12284069097888675
0 0.9865186360031721 0.7677543186180422 0.014274385408406027 0.061420345489443376
0 0.957573354480571 0.7039347408829174 0.0689928628072958 0.14107485604606526
0 0.6748612212529739 0.6847408829174664 0.1887390959555908 0.1890595009596929
0 0.640761300555115 0.43905950095969287 0.03965107057890563 0.02783109404990403
0 0.27240285487708166 0.8071017274472169 0.02775574940523394 0.02879078694817658
0 0.9750198255352894 0.3977927063339731 0.011895321173671689 0.016314779270633396
0 0.5055511498810468 0.5230326295585412 0.1578112609040444 0.10172744721689059
0 0.2735923869944489 0.26679462571976964 0.0317208564631245 0.044145873320537425
0 0.9797779540047581 0.5935700575815739 0.016653449643140365 0.04702495201535509
0 0.7386994448850119 0.30278310940499037 0.0816812053925456 0.14491362763915547
0 0.3766851704996035 0.6775431861804222 0.18398096748612214 0.23032629558541265
0 0.6086439333862014 0.6132437619961612 0.09119746233148295 0.04798464491362764
0 0.7176843774781919 0.3685220729366603 0.014274385408406027 0.030710172744721688
0 0.37351308485329104 0.519193857965451 0.04440919904837431 0.0690978886756238
0 0.9595559080095163 0.28071017274472165 0.034892942109436956 0.03742802303262956
0 0.03608247422680412 0.3478886756238004 0.0499603489294211 0.04510556621880998
0 0.8624107850911975 0.6665067178502879 0.0753370340999207 0.06238003838771593
0 0.13124504361617764 0.5057581573896353 0.019825535289452814 0.02495201535508637
0 0.6050753370340999 0.11084452975047984 0.04916732751784298 0.13531669865642995
0 0.02973830293417922 0.4731285988483685 0.029341792228390166 0.04222648752399232
0 0.4710547184773989 0.9256238003838771 0.019032513877874704 0.02783109404990403
0 0.5245836637589215 0.4736084452975048 0.019825535289452814 0.02399232245681382
0 0.5114988104678826 0.6511516314779271 0.052339413164155434 0.10460652591170826
0 0.056304520222045996 0.2634357005758157 0.08406026962727994 0.0911708253358925
0 0.2874702616970658 0.2461612284069098 0.06582077716098335 0.08157389635316699
0 0.619349722442506 0.5374280230326295 0.045995241871530534 0.06333973128598848
0 0.46510705789056306 0.034069097888675626 0.02775574940523394 0.016314779270633396
0 0.16851704996034894 0.3334932821497121 0.019825535289452814 0.01439539347408829
0 0.6019032513877874 0.20537428023032628 0.012688342585249802 0.02879078694817658
0 0.091593973037272 0.31190019193857965 0.026169706582077717 0.04222648752399232
0 0.9750198255352894 0.3416506717850288 0.008723235527359239 0.01727447216890595
0 0.6161776367961935 0.7528790786948176 0.02696272799365583 0.052783109404990404
0 0.9520222045995241 0.7356046065259116 0.022997620935765267 0.04510556621880998
0 0.34773988897700236 0.24232245681381956 0.02458366375892149 0.01439539347408829
0 0.9770023790642347 0.3781190019193858 0.006344171292624901 0.011516314779270634
0 0.14750198255352895 0.6017274472168905 0.022204599524187154 0.011516314779270634
0 0.22244250594766057 0.6084452975047985 0.04361617763679619 0.04030710172744722
0 0.20618556701030927 0.758637236084453 0.06026962727993656 0.0873320537428023
0 0.5832672482157019 0.8536468330134357 0.05154639175257732 0.06621880998080613
