0 0.531896551724138 0.7296025104602509 0.05517241379310345 0.12656903765690375
0 0.8754310344827586 0.6469665271966527 0.07327586206896551 0.0407949790794979
0 0.2685344827586207 0.561715481171548 0.07327586206896551 0.10669456066945605
0 0.1668103448275862 0.625 0.05603448275862069 0.07845188284518828
0 0.34913793103448276 0.7468619246861924 0.05172413793103448 0.0794979079497908
0 0.6887931034482758 0.24999999999999997 0.12413793103448276 0.09623430962343095
0 0.3099137931034483 0.8362970711297071 0.061206896551724135 0.11401673640167363
0 0.20818965517241378 0.5005230125523012 0.11293103448275862 0.13912133891213388
0 0.5633620689655172 0.8624476987447698 0.04913793103448276 0.07008368200836819
0 0.3599137931034483 0.6323221757322175 0.04741379310344827 0.06380753138075314
0 0.4271551724137931 0.5570083682008368 0.0853448275862069 0.09518828451882845
0 0.7375 0.4361924686192468 0.0353448275862069 0.07531380753138074
0 0.9245689655172413 0.377092050209205 0.1146551724137931 0.10774058577405857
0 0.39870689655172414 0.3305439330543933 0.04051724137931034 0.04184100418410042
0 0.8478448275862069 0.5350418410041841 0.1336206896551724 0.09309623430962342
0 0.06896551724137931 0.577928870292887 0.0706896551724138 0.07008368200836819
0 0.44568965517241377 0.2238493723849372 0.034482758620689655 0.0397489539748954
0 0.4064655172413793 0.702928870292887 0.045689655172413794 0.05857740585774058
0 0.8478448275862069 0.30020920502092047 0.06465517241379311 0.050209205020920494
0 0.09310344827586206 0.6370292887029289 0.041379310344827586 0.03138075313807531
0 0.6189655172413793 0.5428870292887029 0.03620689655172414 0.043933054393305436
0 0.9543103448275861 0.43200836820083677 0.05862068965517241 0.03765690376569037
0 0.05862068965517241 0.6992677824267782 0.029310344827586206 0.07008368200836819
0 0.7797413793103448 0.6945606694560669 0.052586206896551725 0.03347280334728033
0 0.9474137931034483 0.5894351464435146 0.03275862068965517 0.0303347280334728
0 0.8012931034482759 0.47018828451882844 0.05086206896551724 0.03242677824267782
0 0.8892241379310345 0.4450836820083682 0.03879310344827586 0.05962343096234309
0 0.30344827586206896 0.4403765690376569 0.03793103448275862 0.05857740585774058
0 0.9706896551724138 0.49320083682008364 0.029310344827586206 0.0303347280334728
0 0.47672413793103446 0.12238493723849371 0.04655172413793103 0.0815899581589958
0 0.8538793103448276 0.6124476987447698 0.06293103448275862 0.034518828451882845
0 0.7366379310344827 0.3221757322175732 0.052586206896551725 0.043933054393305436
0 0.6693965517241379 0.6950836820083681 0.0353448275862069 0.036610878661087864
0 0.6478448275862069 0.6197698744769874 0.15775862068965518 0.07635983263598325
0 0.08620689655172414 0.4445606694560669 0.07241379310344828 0.05230125523012552
0 0.3732758620689655 0.18253138075313807 0.04482758620689655 0.04288702928870292
0 0.44870689655172413 0.8676778242677824 0.1646551724137931 0.17677824267782424
0 0.7857758620689655 0.22175732217573219 0.03879310344827586 0.050209205020920494
0 0.23232758620689656 0.649581589958159 0.04913793103448276 0.050209205020920494
0 0.5719827586206897 0.5292887029288702 0.03362068965517241 0.05857740585774058
0 0.6185344827586207 0.7097280334728033 0.045689655172413794 0.04497907949790795
0 0.49353448275862066 0.7892259414225941 0.03879310344827586 0.04497907949790795
0 0.23405172413793104 0.46391213389121333 0.059482758620689656 0.06799163179916318
0 0.46206896551724136 0.9225941422594142 0.07586206896551724 0.06694560669456066
0 0.7594827586206896 0.604602510460251 0.034482758620689655 0.04184100418410042
0 0.5163793103448275 0.6082635983263598 0.06896551724137931 0.06799163179916318
0 0.7543103448275862 0.6626569037656903 0.05517241379310345 0.0303347280334728
0 0.9448275862068966 0.2473849372384937 0.06724137931034482 0.12866108786610878
0 0.5262931034482758 0.5517782426778243 0.03362068965517241 0.04707112970711297
0 0.03405172413793103 0.46861924686192463 0.016379310344827584 0.023012552301255228
0 0.9224137931034483 0.3478033472803347 0.04827586206896552 0.05125523012552301
0 0.022413793103448276 0.5005230125523012 0.01896551724137931 0.036610878661087864
0 0.6262931034482758 0.8158995815899581 0.09913793103448276 0.13598326359832635
0 0.5706896551724138 0.18514644351464435 0.11896551724137931 0.0794979079497908
0 0.7879310344827586 0.5883891213389121 0.02413793103448276 0.04916317991631799
0 0.9275862068965517 0.8990585774058577 0.1396551724137931 0.12238493723849371
0 0.0125 0.225418410041841 0.014655172413793103 0.06171548117154811
0 0.041379310344827586 0.28974895397489536 0.06896551724137931 0.1422594142259414
0 0.3254310344827586 0.3122384937238493 0.19051724137931034 0.1914225941422594
0 0.3581896551724138 0.5601464435146443 0.04051724137931034 0.02824267782426778
0 0.7306034482758621 0.1924686192468619 0.028448275862068967 0.02928870292887029
0 0.021551724137931036 0.5983263598326359 0.01206896551724138 0.016736401673640166
0 0.49482758620689654 0.47698744769874474 0.1586206896551724 0.10251046025104602
0 0.7258620689655172 0.7369246861924685 0.03275862068965517 0.04497907949790795
0 0.01853448275862069 0.4011506276150627 0.016379310344827584 0.04916317991631799
0 0.25862068965517243 0.6961297071129706 0.08103448275862069 0.14539748953974893
0 0.625 0.3216527196652719 0.18448275862068966 0.23326359832635982
0 0.3913793103448276 0.3849372384937238 0.09137931034482759 0.048117154811715475
0 0.2801724137931034 0.6302301255230125 0.013793103448275862 0.0303347280334728
0 0.6271551724137931 0.48169456066945604 0.04396551724137931 0.07008368200836819
0 0.036637931034482756 0.7165271966527196 0.0353448275862069 0.03765690376569037
0 0.9650862068965517 0.6569037656903766 0.05086206896551724 0.046025104602510455
0 0.13663793103448277 0.32897489539748953 0.07672413793103448 0.06380753138075314
0 0.8706896551724138 0.4973849372384937 0.020689655172413793 0.02615062761506276
0 0.3918103448275862 0.8912133891213389 0.04913793103448276 0.13598326359832635
0 0.9724137931034482 0.5308577405857741 0.029310344827586206 0.04288702928870292
0 0.5314655172413792 0.0711297071129707 0.01982758620689655 0.02928870292887029
0 0.475 0.5256276150627615 0.020689655172413793 0.024058577405857737
0 0.4892241379310345 0.34728033472803344 0.052586206896551725 0.10669456066945605
0 0.944396551724138 0.7421548117154811 0.0853448275862069 0.0910041841004184
0 0.7116379310344827 0.7578451882845187 0.06637931034482758 0.08263598326359832
0 0.38017241379310346 0.4612970711297071 0.04655172413793103 0.06485355648535564
0 0.5323275862068966 0.9696652719665271 0.028448275862068967 0.016736401673640166
0 0.8323275862068965 0.6705020920502092 0.01982758620689655 0.014644351464435145
0 0.3956896551724138 0.7960251046025104 0.013793103448275862 0.02928870292887029
0 0.9094827586206896 0.6929916317991631 0.02586206896551724 0.04288702928870292
0 0.021551724137931036 0.6548117154811715 0.008620689655172414 0.016736401673640166
0 0.38448275862068965 0.24320083682008367 0.027586206896551724 0.05334728033472803
0 0.04698275862068965 0.25836820083682005 0.023275862068965515 0.046025104602510455
0 0.6517241379310345 0.760460251046025 0.02413793103448276 0.014644351464435145
0 0.01982758620689655 0.6182008368200836 0.006896551724137931 0.012552301255230124
0 0.8547413793103448 0.4001046025104602 0.021551724137931036 0.011506276150627614
0 0.7797413793103448 0.39278242677824265 0.04396551724137931 0.0407949790794979
0 0.7965517241379311 0.2416317991631799 0.06034482758620689 0.08786610878661087
0 0.41810344827586204 0.14278242677824265 0.05172413793103448 0.06799163179916318
