0 0.525625 0.2580769230769231 0.05625 0.13153846153846155
0 0.88125 0.3292307692307692 0.07375 0.04153846153846154
0 0.2603125 0.4453846153846154 0.074375 0.10923076923076923
0 0.1540625 0.3830769230769231 0.056875 0.08
0 0.3375 0.24807692307692308 0.0525 0.08076923076923077
0 0.7015625 0.7519230769230769 0.12562500000000001 0.09923076923076923
0 0.294375 0.15692307692307692 0.0625 0.11846153846153847
0 0.2003125 0.5111538461538462 0.115625 0.14384615384615385
0 0.5543750000000001 0.11846153846153847 0.05 0.07230769230769231
0 0.3525 0.3676923076923077 0.04875 0.06615384615384616
0 0.4234375 0.4426923076923077 0.088125 0.09769230769230769
0 0.7459375 0.5546153846153846 0.035625000000000004 0.07692307692307693
0 0.9400000000000001 0.6084615384615385 0.11750000000000001 0.1123076923076923
0 0.400625 0.68 0.04 0.043076923076923075
0 0.8565625 0.4473076923076923 0.138125 0.09615384615384616
0 0.0546875 0.4373076923076923 0.07187500000000001 0.07153846153846154
0 0.4521875 0.7892307692307692 0.034375 0.04153846153846154
0 0.3978125 0.2923076923076923 0.045625 0.06
0 0.8634375 0.691923076923077 0.066875 0.05153846153846154
0 0.078125 0.37384615384615383 0.0425 0.03076923076923077
0 0.620625 0.4492307692307692 0.03625 0.04461538461538461
0 0.96875 0.5496153846153846 0.06 0.03769230769230769
0 0.0403125 0.31038461538461537 0.029375000000000002 0.07153846153846154
0 0.781875 0.28384615384615386 0.0525 0.03538461538461538
0 0.9571875 0.3861538461538462 0.031875 0.03076923076923077
0 0.810625 0.5165384615384615 0.051250000000000004 0.03307692307692308
0 0.90125 0.5388461538461539 0.03875 0.06076923076923077
0 0.2990625 0.5692307692307692 0.038125 0.06
0 0.984375 0.48538461538461536 0.02875 0.03076923076923077
0 0.4875 0.8934615384615384 0.0475 0.08384615384615385
0 0.860625 0.36615384615384616 0.06375 0.03538461538461538
0 0.74875 0.6742307692307692 0.0525 0.045384615384615384
0 0.668125 0.28807692307692306 0.03625 0.03769230769230769
0 0.64875 0.36846153846153845 0.16125 0.07846153846153846
0 0.0759375 0.575 0.073125 0.054615384615384614
0 0.3796875 0.8361538461538461 0.045625 0.04461538461538461
0 0.43593750000000003 0.1176923076923077 0.168125 0.18307692307692308
0 0.801875 0.7765384615384615 0.03875 0.05153846153846154
0 0.2209375 0.355 0.049375 0.05153846153846154
0 0.5728125000000001 0.4653846153846154 0.033125 0.06
0 0.615625 0.2753846153846154 0.04625 0.046153846153846156
0 0.484375 0.1976923076923077 0.03875 0.04461538461538461
0 0.228125 0.5484615384615384 0.06 0.06923076923076923
0 0.44906250000000003 0.060384615384615384 0.076875 0.06846153846153846
0 0.7634375 0.3780769230769231 0.035625000000000004 0.04230769230769231
0 0.513125 0.38576923076923075 0.07 0.06846153846153846
0 0.7571875 0.31846153846153846 0.055625 0.02923076923076923
0 0.9646875 0.7426923076923077 0.068125 0.1346153846153846
0 0.525625 0.44384615384615383 0.03375 0.047692307692307694
0 0.0225 0.5526923076923077 0.01625 0.023846153846153847
0 0.9384375 0.6396153846153846 0.048125 0.05307692307692308
0 0.009375 0.5192307692307693 0.01875 0.03692307692307692
0 0.620625 0.16423076923076924 0.1 0.14076923076923076
0 0.581875 0.825 0.12125 0.0823076923076923
0 0.7937500000000001 0.3934615384615385 0.02375 0.05
0 0.9271875 0.06461538461538462 0.143125 0.1276923076923077
0 0.0071875 0.8073076923076923 0.014375 0.06384615384615384
0 0.035 0.7384615384615385 0.07 0.14615384615384616
0 0.32625 0.703076923076923 0.195 0.19846153846153847
0 0.3525 0.4430769230769231 0.04 0.02923076923076923
0 0.7465625 0.81 0.028125 0.02923076923076923
0 0.005625 0.4176923076923077 0.01125 0.015384615384615385
0 0.4953125 0.5230769230769231 0.161875 0.10615384615384615
0 0.7253125 0.2423076923076923 0.031875 0.04461538461538461
0 0.0078125 0.6234615384615385 0.015625 0.05
0 0.24625 0.30538461538461537 0.08375 0.15076923076923077
0 0.63375 0.6796153846153846 0.18875 0.24076923076923076
0 0.39187500000000003 0.6242307692307693 0.0925 0.05
0 0.2703125 0.3730769230769231 0.014375 0.03230769230769231
0 0.6315625 0.5123076923076924 0.044375 0.07230769230769231
0 0.0175 0.29346153846153844 0.035 0.03769230769230769
0 0.9734375000000001 0.31461538461538463 0.050625 0.046153846153846156
0 0.131875 0.6938461538461539 0.0775 0.06615384615384616
0 0.8809375 0.4857692307692308 0.020625 0.025384615384615384
0 0.3771875 0.09653846153846155 0.050625 0.14076923076923076
0 0.984375 0.44576923076923075 0.02875 0.04384615384615385
0 0.545 0.945 0.02 0.03
0 0.4734375 0.47307692307692306 0.019375 0.024615384615384615
0 0.49312500000000004 0.6588461538461539 0.05375 0.10846153846153846
0 0.9500000000000001 0.2273076923076923 0.08625000000000001 0.09461538461538462
0 0.71 0.22115384615384615 0.0675 0.08538461538461538
0 0.3778125 0.545 0.046875 0.06538461538461539
0 0.519375 0.008461538461538461 0.0275 0.015384615384615385
0 0.8359375 0.3069230769230769 0.019375 0.013846153846153847
0 0.384375 0.1946153846153846 0.0125 0.02923076923076923
0 0.915 0.2796153846153846 0.02625 0.04384615384615385
0 0.00375 0.35846153846153844 0.0075 0.016923076923076923
0 0.38906250000000003 0.7715384615384615 0.026875 0.055384615384615386
0 0.041875 0.7715384615384615 0.0225 0.046153846153846156
0 0.6481250000000001 0.22076923076923077 0.02375 0.015384615384615385
0 0.003125 0.39692307692307693 0.00625 0.012307692307692308
0 0.8678125 0.5873076923076923 0.021875000000000002 0.01
0 0.7909375000000001 0.5988461538461538 0.044375 0.04230769230769231
0 0.813125 0.7553846153846154 0.06125 0.08923076923076922
0 0.42625 0.8753846153846154 0.0525 0.06923076923076923
