0 0.5153019023986766 0.7169811320754716 0.05459057071960298 0.12313803376365441
0 0.8573200992555832 0.676266137040715 0.07196029776674938 0.039721946375372394
0 0.27129859387923905 0.5248262164846077 0.07113316790736146 0.10228401191658391
0 0.16708023159636062 0.5744786494538232 0.05459057071960298 0.07447864945382324
0 0.33540115798180314 0.7130089374379345 0.050454921422663356 0.07745779543197616
0 0.705955334987593 0.2701092353525323 0.12158808933002481 0.09334657398212512
0 0.28990901571546734 0.79493545183714 0.060380479735318446 0.11022840119165839
0 0.21712158808933002 0.4587884806355511 0.11000827129859388 0.13505461767626614
0 0.5359801488833746 0.8490566037735848 0.04797353184449959 0.06752730883813307
0 0.3548387096774194 0.602780536246276 0.04797353184449959 0.061569016881827206
0 0.42597187758478083 0.5382323733862959 0.08436724565756824 0.09334657398212512
0 0.739454094292804 0.45630585898709036 0.034739454094292806 0.07249255213505462
0 0.9263854425144747 0.420059582919563 0.11248966087675766 0.10526315789473684
0 0.4160463192721257 0.31628599801390267 0.03970223325062035 0.0407149950347567
0 0.8391232423490488 0.5645481628599801 0.1315136476426799 0.0903674280039722
0 0.07444168734491315 0.5178748758689176 0.06947890818858561 0.06653426017874876
0 0.47022332506203474 0.217974180734856 0.03391232423490488 0.03872889771598808
0 0.3945409429280397 0.6767626613704071 0.04466501240694789 0.05660377358490566
0 0.8573200992555832 0.3371400198609732 0.06368899917287014 0.04865938430983118
0 0.0934656741108354 0.5779543197616683 0.0413564929693962 0.029791459781529295
0 0.6149710504549214 0.5461767626613704 0.03556658395368073 0.04170804369414101
0 0.9511993382961125 0.4766633565044687 0.05789909015715467 0.03574975173783515
0 0.05500413564929694 0.634558093346574 0.028949545078577336 0.06752730883813307
0 0.760132340777502 0.7105263157894737 0.05128205128205128 0.03277060575968222
0 0.9321753515301903 0.628103277060576 0.03143093465674111 0.028798411122144985
0 0.7985938792390406 0.4965243296921549 0.04880066170388751 0.031777557100297914
0 0.8862696443341604 0.4816285998013903 0.03722084367245657 0.05759682224428997
0 0.31389578163771714 0.4116186693147964 0.03722084367245657 0.05660377358490566
0 0.9627791563275434 0.5372393247269116 0.028122415219189414 0.029791459781529295
0 0.5082712985938792 0.12313803376365441 0.045492142266335814 0.07944389275074479
0 0.8391232423490488 0.6395233366434955 0.062034739454094295 0.033763654419066536
0 0.7468982630272953 0.3455809334657398 0.05128205128205128 0.04170804369414101
0 0.652191894127378 0.6991062562065541 0.03556658395368073 0.03574975173783515
0 0.6373035566583953 0.6231380337636544 0.15467328370554176 0.07447864945382324
0 0.10173697270471464 0.39126117179741804 0.07113316790736146 0.05163853028798411
0 0.40281224152191897 0.16981132075471697 0.04466501240694789 0.04170804369414101
0 0.4230769230769231 0.8411122144985104 0.16129032258064516 0.1708043694141013
0 0.8031430934656741 0.2542204568023833 0.0380479735318445 0.04766633565044687
0 0.22911497105045492 0.6052631578947368 0.04797353184449959 0.04865938430983118
0 0.5703060380479735 0.5273088381330685 0.03225806451612903 0.05561072492552135
0 0.6013234077750207 0.7070506454816285 0.04466501240694789 0.04369414101290963
0 0.4731182795698925 0.7701092353525323 0.0380479735318445 0.04270109235352532
0 0.24483043837882548 0.42651439920556106 0.05789909015715467 0.06653426017874876
0 0.4325889164598842 0.8952333664349553 0.07444168734491315 0.06454816285998013
0 0.7473118279569892 0.6216484607745779 0.03391232423490488 0.039721946375372394
0 0.5095119933829612 0.5973187686196624 0.06782464846980976 0.06454816285998013
0 0.7382133995037221 0.6767626613704071 0.053763440860215055 0.028798411122144985
0 0.956575682382134 0.2969215491559086 0.065343258891646 0.12512413108242304
0 0.5235732009925558 0.5436941410129096 0.033085194375516956 0.04468718967229394
0 0.04921422663358147 0.40814299900695133 0.015715467328370553 0.021847070506454815
0 0.9259718775847808 0.39126117179741804 0.04714640198511166 0.04965243296921549
0 0.035153019023986765 0.43793445878848064 0.01902398676592225 0.03574975173783515
0 0.6009098428453267 0.8108242303872889 0.0967741935483871 0.1320754716981132
0 0.5951199338296113 0.19463753723932473 0.11662531017369727 0.07745779543197616
0 0.7766749379652605 0.6097318768619662 0.02315963606286187 0.04766633565044687
0 0.8887510339123242 0.9250248262164846 0.13647642679900746 0.12015888778550149
0 0.04631927212572374 0.17030784508440913 0.01488833746898263 0.0605759682224429
0 0.06989247311827956 0.23634558093346572 0.06699751861042183 0.13704071499503476
0 0.3457402812241522 0.2894736842105263 0.1869313482216708 0.18570009930486595
0 0.358974358974359 0.5327706057596822 0.03970223325062035 0.026812313803376366
0 0.7510339123242349 0.21946375372393245 0.028122415219189414 0.027805362462760674
0 0.026881720430107527 0.5322740814299901 0.012406947890818858 0.015888778550148957
0 0.4987593052109181 0.46822244289970205 0.1555004135649297 0.10029791459781529
0 0.7047146401985112 0.7452830188679245 0.03143093465674111 0.04270109235352532
0 0.03887510339123242 0.3411122144985104 0.016542597187758478 0.04667328699106256
0 0.2510339123242349 0.6534260178748759 0.08023159636062861 0.141012909632572
0 0.6381306865177833 0.33217477656405164 0.18114143920595532 0.22542204568023833
0 0.4044665012406948 0.3669314796425025 0.08933002481389578 0.04667328699106256
0 0.2770885028949545 0.5923535253227408 0.013234077750206782 0.030784508440913603
0 0.6277915632754343 0.4875868917576961 0.043010752688172046 0.06752730883813307
0 0.03225806451612903 0.6489572989076464 0.034739454094292806 0.036742800397219465
0 0.9445822994210091 0.695630585898709 0.04962779156327543 0.04468718967229394
0 0.1600496277915633 0.2845084409136048 0.07526881720430108 0.06256206554121152
0 0.8643507030603805 0.5302879841112215 0.019851116625310174 0.023833167825223434
0 0.36600496277915634 0.8570009930486594 0.04880066170388751 0.13108242303872888
0 0.9607113316790736 0.573982125124131 0.028949545078577336 0.04170804369414101
0 0.56575682382134 0.07994041708043693 0.019851116625310174 0.028798411122144985
0 0.47559966914805624 0.5134061569016881 0.019851116625310174 0.023833167825223434
0 0.5033085194375517 0.34210526315789475 0.052109181141439205 0.10228401191658391
0 0.9177005789909015 0.7755710029791459 0.08354011579818031 0.08937437934458788
0 0.6894127377998346 0.7641509433962264 0.065343258891646 0.0804369414101291
0 0.3883374689826303 0.4399205561072492 0.045492142266335814 0.061569016881827206
0 0.49710504549214224 0.9483614697120158 0.028122415219189414 0.015888778550148957
0 0.8134822167080231 0.6931479642502483 0.01902398676592225 0.013902681231380337
0 0.3771712158808933 0.7656405163853028 0.013234077750206782 0.027805362462760674
0 0.8870967741935484 0.7239324726911619 0.02564102564102564 0.04170804369414101
0 0.022332506203473945 0.5868917576961271 0.008271298593879239 0.015888778550148957
0 0.40901571546732834 0.23038728897715988 0.02729528535980149 0.05163853028798411
0 0.07816377171215881 0.20655412115193644 0.022332506203473945 0.04369414101290963
0 0.6298593879239041 0.7601787487586892 0.023986765922249794 0.014895729890764648
0 0.02315963606286187 0.551142005958292 0.006617038875103391 0.011916583912611717
0 0.8560794044665012 0.4344587884806355 0.021505376344086023 0.010923535253227408
0 0.7832919768403639 0.4185700099304866 0.043010752688172046 0.03872889771598808
0 0.8122415219189413 0.2745779543197617 0.05955334987593052 0.08440913604766634
0 0.44954507857733667 0.13604766633565044 0.050454921422663356 0.06554121151936444
