0 0.47375 0.2580769230769231 0.05625 0.13153846153846155
0 0.11812500000000001 0.3292307692307692 0.07375 0.04153846153846154
0 0.7390625000000001 0.4453846153846154 0.074375 0.10923076923076923
0 0.8453125 0.3830769230769231 0.056875 0.08
0 0.661875 0.24807692307692308 0.0525 0.08076923076923077
0 0.2978125 0.7519230769230769 0.12562500000000001 0.09923076923076923
0 0.705 0.15692307692307692 0.0625 0.11846153846153847
0 0.7990625 0.5111538461538462 0.115625 0.14384615384615385
0 0.445 0.11846153846153847 0.05 0.07230769230769231
0 0.6471875 0.3676923076923077 0.049375 0.06615384615384616
0 0.5759375 0.4426923076923077 0.088125 0.09769230769230769
0 0.2534375 0.5546153846153846 0.035625000000000004 0.07692307692307693
0 0.059375000000000004 0.6084615384615385 0.11750000000000001 0.1123076923076923
0 0.59875 0.68 0.04 0.043076923076923075
0 0.1428125 0.4473076923076923 0.138125 0.09615384615384616
0 0.9446875 0.4373076923076923 0.07187500000000001 0.07153846153846154
0 0.5471875 0.7892307692307692 0.034375 0.04153846153846154
0 0.601875 0.2923076923076923 0.04625 0.06
0 0.13593750000000002 0.691923076923077 0.066875 0.05153846153846154
0 0.92125 0.37384615384615383 0.0425 0.03076923076923077
0 0.37875000000000003 0.4492307692307692 0.03625 0.04461538461538461
0 0.030625 0.5496153846153846 0.06 0.03769230769230769
0 0.9590625 0.31038461538461537 0.029375000000000002 0.07153846153846154
0 0.2175 0.28384615384615386 0.0525 0.03538461538461538
0 0.0421875 0.3861538461538462 0.031875 0.03076923076923077
0 0.18875 0.5165384615384615 0.051250000000000004 0.03307692307692308
0 0.098125 0.5388461538461539 0.03875 0.06076923076923077
0 0.7003125 0.5692307692307692 0.038125 0.06
0 0.015 0.48538461538461536 0.02875 0.03076923076923077
0 0.511875 0.8934615384615384 0.0475 0.08384615384615385
0 0.13875 0.36615384615384616 0.06375 0.03538461538461538
0 0.250625 0.6742307692307692 0.0525 0.045384615384615384
0 0.33125 0.28807692307692306 0.03625 0.03769230769230769
0 0.350625 0.36846153846153845 0.16125 0.07846153846153846
0 0.9234375 0.575 0.073125 0.054615384615384614
0 0.6196875000000001 0.8361538461538461 0.045625 0.04461538461538461
0 0.5634375 0.1176923076923077 0.168125 0.18307692307692308
0 0.1975 0.7765384615384615 0.03875 0.05153846153846154
0 0.7784375 0.355 0.049375 0.05153846153846154
0 0.4265625 0.4653846153846154 0.033125 0.06
0 0.38375000000000004 0.2753846153846154 0.04625 0.046153846153846156
0 0.515 0.1976923076923077 0.03875 0.04461538461538461
0 0.77125 0.5484615384615384 0.06 0.06923076923076923
0 0.5503125 0.060384615384615384 0.076875 0.06846153846153846
0 0.23625000000000002 0.3780769230769231 0.035 0.04230769230769231
0 0.48625 0.38576923076923075 0.07 0.06846153846153846
0 0.2421875 0.31846153846153846 0.055625 0.02923076923076923
0 0.0346875 0.7426923076923077 0.068125 0.1346153846153846
0 0.47375 0.44384615384615383 0.03375 0.047692307692307694
0 0.976875 0.5526923076923077 0.01625 0.023846153846153847
0 0.0609375 0.6396153846153846 0.048125 0.05307692307692308
0 0.9903125 0.5192307692307693 0.019375 0.03692307692307692
0 0.37875000000000003 0.16423076923076924 0.1 0.14076923076923076
0 0.4175 0.825 0.12125 0.0823076923076923
0 0.205625 0.3934615384615385 0.02375 0.05
0 0.0721875 0.06461538461538462 0.143125 0.1276923076923077
0 0.9925 0.8073076923076923 0.015 0.06384615384615384
0 0.9646875 0.7384615384615385 0.07062500000000001 0.14615384615384616
0 0.673125 0.703076923076923 0.195 0.19846153846153847
0 0.646875 0.4430769230769231 0.04 0.02923076923076923
0 0.2528125 0.81 0.028125 0.02923076923076923
0 0.9940625000000001 0.4176923076923077 0.011875 0.015384615384615385
0 0.5040625 0.5230769230769231 0.161875 0.10615384615384615
0 0.2740625 0.2423076923076923 0.031875 0.04461538461538461
0 0.9918750000000001 0.6234615384615385 0.01625 0.05
0 0.753125 0.30538461538461537 0.08375 0.15076923076923077
0 0.36562500000000003 0.6796153846153846 0.18875 0.24076923076923076
0 0.6075 0.6242307692307693 0.0925 0.05
0 0.7290625000000001 0.3730769230769231 0.014375 0.03230769230769231
0 0.368125 0.5123076923076924 0.045 0.07230769230769231
0 0.9821875 0.29346153846153844 0.035625000000000004 0.03769230769230769
0 0.025937500000000002 0.31461538461538463 0.050625 0.046153846153846156
0 0.8675 0.6938461538461539 0.0775 0.06615384615384616
0 0.1184375 0.4857692307692308 0.020625 0.025384615384615384
0 0.6221875 0.09653846153846155 0.050625 0.14076923076923076
0 0.015 0.44576923076923075 0.02875 0.04384615384615385
0 0.45437500000000003 0.945 0.02 0.03
0 0.5259375000000001 0.47307692307692306 0.019375 0.024615384615384615
0 0.50625 0.6588461538461539 0.05375 0.10846153846153846
0 0.049375 0.2273076923076923 0.08625000000000001 0.09461538461538462
0 0.289375 0.22115384615384615 0.0675 0.08538461538461538
0 0.6215625 0.545 0.046875 0.06538461538461539
0 0.48 0.008461538461538461 0.0275 0.015384615384615385
0 0.1634375 0.3069230769230769 0.019375 0.013846153846153847
0 0.6153125 0.1946153846153846 0.011875 0.02923076923076923
0 0.084375 0.2796153846153846 0.02625 0.04384615384615385
0 0.9959375 0.35846153846153844 0.008125 0.016923076923076923
0 0.6103125 0.7715384615384615 0.026875 0.055384615384615386
0 0.9575 0.7715384615384615 0.0225 0.046153846153846156
0 0.35125 0.22076923076923077 0.02375 0.015384615384615385
0 0.9965625 0.39692307692307693 0.006875 0.012307692307692308
0 0.1315625 0.5873076923076923 0.021875000000000002 0.01
0 0.2084375 0.5988461538461538 0.044375 0.04230769230769231
0 0.1865625 0.7553846153846154 0.060625 0.08923076923076922
0 0.573125 0.8753846153846154 0.0525 0.06923076923076923
