0 0.52625 0.7365384615384616 0.05625 0.13153846153846155
0 0.8815625 0.6661538461538462 0.074375 0.04153846153846154
0 0.260625 0.55 0.07375 0.10923076923076923
0 0.154375 0.6115384615384616 0.05625 0.08
0 0.3378125 0.7469230769230769 0.051875000000000004 0.08153846153846153
0 0.701875 0.24346153846153845 0.12625 0.09923076923076923
0 0.295 0.838076923076923 0.0625 0.1176923076923077
0 0.200625 0.48346153846153844 0.115 0.14384615384615385
0 0.555 0.8765384615384615 0.05 0.07153846153846154
0 0.3525 0.6273076923076923 0.04875 0.06538461538461539
0 0.42375 0.5523076923076923 0.08750000000000001 0.09846153846153846
0 0.7465625 0.44 0.035625000000000004 0.07692307692307693
0 0.940625 0.38653846153846155 0.11750000000000001 0.11153846153846154
0 0.40125 0.315 0.04 0.04230769230769231
0 0.856875 0.5480769230769231 0.1375 0.09615384615384616
0 0.0546875 0.558076923076923 0.07187500000000001 0.07153846153846154
0 0.4528125 0.20576923076923076 0.034375 0.040769230769230766
0 0.398125 0.703076923076923 0.04625 0.06
0 0.86375 0.3030769230769231 0.06625 0.05076923076923077
0 0.078125 0.6207692307692307 0.0425 0.03076923076923077
0 0.62125 0.5461538461538461 0.03625 0.04461538461538461
0 0.969375 0.445 0.06 0.03769230769230769
0 0.0409375 0.6842307692307692 0.029375000000000002 0.07153846153846154
0 0.7821875 0.7111538461538461 0.053125 0.03461538461538462
0 0.9575 0.6088461538461538 0.0325 0.03
0 0.8109375 0.47807692307692307 0.050625 0.03307692307692308
0 0.901875 0.45576923076923076 0.03875 0.06076923076923077
0 0.2996875 0.42538461538461536 0.038125 0.06
0 0.9846875 0.5092307692307693 0.029375000000000002 0.03076923076923077
0 0.4875 0.10115384615384615 0.0475 0.08384615384615385
0 0.8609375 0.6284615384615385 0.064375 0.03538461538461538
0 0.7490625 0.32076923076923075 0.053125 0.04461538461538461
0 0.6687500000000001 0.7069230769230769 0.03625 0.03692307692307692
0 0.64875 0.6269230769230769 0.16125 0.07846153846153846
0 0.0765625 0.42 0.073125 0.05384615384615385
0 0.3796875 0.15923076923076923 0.045625 0.04461538461538461
0 0.4365625 0.8769230769230769 0.168125 0.18307692307692308
0 0.8025 0.21846153846153846 0.03875 0.05076923076923077
0 0.2209375 0.6396153846153846 0.049375 0.05153846153846154
0 0.5734375 0.5296153846153846 0.033125 0.05923076923076923
0 0.6159375 0.7196153846153847 0.045625 0.045384615384615384
0 0.485 0.7973076923076923 0.03875 0.045384615384615384
0 0.228125 0.44653846153846155 0.06 0.07
0 0.44906250000000003 0.9346153846153846 0.076875 0.06923076923076923
0 0.76375 0.6165384615384616 0.035 0.04230769230769231
0 0.51375 0.6092307692307692 0.07 0.06923076923076923
0 0.7571875 0.6765384615384615 0.055625 0.03
0 0.9653125 0.2523076923076923 0.068125 0.13384615384615384
0 0.525625 0.5507692307692308 0.03375 0.047692307692307694
0 0.0225 0.4423076923076923 0.01625 0.023076923076923078
0 0.93875 0.3557692307692308 0.04875 0.05307692307692308
0 0.009375 0.4753846153846154 0.01875 0.03692307692307692
0 0.6209375 0.8311538461538461 0.100625 0.14076923076923076
0 0.5821875 0.17038461538461538 0.121875 0.0823076923076923
0 0.7937500000000001 0.6011538461538461 0.02375 0.05
0 0.9278125 0.9307692307692308 0.143125 0.1276923076923077
0 0.0071875 0.18807692307692309 0.014375 0.06384615384615384
0 0.035 0.25653846153846155 0.07 0.14692307692307693
0 0.32625 0.2923076923076923 0.195 0.19846153846153847
0 0.35281250000000003 0.551923076923077 0.040625 0.02846153846153846
0 0.7465625 0.1853846153846154 0.028125 0.02923076923076923
0 0.0059375 0.5773076923076923 0.011875 0.016153846153846154
0 0.49562500000000004 0.4715384615384615 0.1625 0.10615384615384615
0 0.725625 0.7526923076923077 0.0325 0.045384615384615384
0 0.008125 0.37153846153846154 0.01625 0.04923076923076923
0 0.24656250000000002 0.6896153846153846 0.083125 0.15153846153846154
0 0.6340625 0.3153846153846154 0.18937500000000002 0.24153846153846154
0 0.3921875 0.3707692307692308 0.093125 0.04923076923076923
0 0.270625 0.6219230769230769 0.01375 0.031538461538461536
0 0.6315625 0.4823076923076923 0.044375 0.07230769230769231
0 0.017812500000000002 0.7015384615384616 0.035625000000000004 0.038461538461538464
0 0.97375 0.6803846153846154 0.051250000000000004 0.04692307692307692
0 0.131875 0.30115384615384616 0.0775 0.06538461538461539
0 0.88125 0.5096153846153846 0.02 0.025384615384615384
0 0.3775 0.8988461538461539 0.05 0.14076923076923076
0 0.9846875 0.5488461538461539 0.029375000000000002 0.04384615384615385
0 0.5453125 0.05 0.019375 0.02923076923076923
0 0.47375 0.5219230769230769 0.02 0.023846153846153847
0 0.49375 0.33615384615384614 0.05375 0.10923076923076923
0 0.9500000000000001 0.7680769230769231 0.08625000000000001 0.09461538461538462
0 0.7106250000000001 0.7738461538461539 0.0675 0.08461538461538462
0 0.3784375 0.45 0.046875 0.06615384615384616
0 0.5196875 0.9865384615384616 0.028125 0.016153846153846154
0 0.8365625 0.688076923076923 0.019375 0.014615384615384615
0 0.384375 0.8 0.0125 0.02923076923076923
0 0.915625 0.715 0.02625 0.04384615384615385
0 0.0040625 0.6361538461538462 0.008125 0.016923076923076923
0 0.389375 0.22346153846153846 0.0275 0.054615384615384614
0 0.041875 0.22384615384615383 0.0225 0.046153846153846156
0 0.6484375 0.7742307692307693 0.024375 0.014615384615384615
0 0.003125 0.5980769230769231 0.00625 0.011538461538461539
0 0.8678125 0.4076923076923077 0.021875000000000002 0.010769230769230769
0 0.7909375000000001 0.39615384615384613 0.044375 0.04153846153846154
0 0.813125 0.23961538461538462 0.06125 0.09
0 0.42625 0.11923076923076924 0.0525 0.06923076923076923
