0 0.5369075369075369 0.7208760484622553 0.05439005439005439 0.12208760484622554
0 0.871017871017871 0.6295433364398881 0.07148407148407149 0.04007455731593663
0 0.2754467754467754 0.5680335507921714 0.0707070707070707 0.1015843429636533
0 0.17715617715617715 0.6328052190121155 0.05439005439005439 0.07455731593662628
0 0.3581973581973582 0.744641192917055 0.04972804972804973 0.07642124883504194
0 0.6787101787101787 0.2516309412861137 0.12043512043512043 0.09319664492078285
0 0.3220668220668221 0.8322460391425909 0.05982905982905983 0.10997204100652376
0 0.21484071484071485 0.51071761416589 0.10955710955710955 0.1342031686859273
0 0.5710955710955711 0.848089468779124 0.048174048174048176 0.06710158434296365
0 0.36635586635586637 0.6328052190121155 0.0473970473970474 0.06150978564771668
0 0.43045843045843046 0.5577819198508853 0.08391608391608392 0.09226467847157502
0 0.7311577311577312 0.4301025163094129 0.03418803418803419 0.0717614165890028
0 0.9125874125874126 0.3662628145386766 0.11266511266511267 0.1043802423112768
0 0.39704739704739705 0.33970177073625346 0.03885003885003885 0.04007455731593663
0 0.8411033411033411 0.5219012115563839 0.13131313131313133 0.08946877912395154
0 0.08003108003108003 0.5908667287977633 0.06837606837606838 0.06710158434296365
0 0.44017094017094016 0.23485554520037277 0.03341103341103341 0.0391425908667288
0 0.4133644133644134 0.6994408201304753 0.045066045066045064 0.05684995340167754
0 0.8352758352758353 0.29496738117427773 0.06371406371406371 0.047530288909599254
0 0.10528360528360528 0.646784715750233 0.041181041181041184 0.02982292637465051
0 0.6173271173271173 0.537744641192917 0.03496503496503497 0.04287045666356011
0 0.9428904428904429 0.41845293569431496 0.05827505827505827 0.035414725069897485
0 0.07342657342657342 0.7082945013979497 0.028749028749028748 0.06710158434296365
0 0.7785547785547785 0.6784715750232991 0.05128205128205128 0.033550792171481825
0 0.9397824397824398 0.5708294501397949 0.031857031857031856 0.02889095992544268
0 0.7944832944832945 0.4603914259086673 0.04895104895104895 0.03168685927306617
0 0.8795648795648796 0.43336439888164024 0.037296037296037296 0.05778191985088536
0 0.3061383061383061 0.44967381174277726 0.037296037296037296 0.05684995340167754
0 0.9607614607614607 0.4767008387698043 0.028749028749028748 0.02889095992544268
0 0.46814296814296813 0.13560111835973904 0.04584304584304584 0.07921714818266543
0 0.8492618492618492 0.5964585274930102 0.06216006216006216 0.033550792171481825
0 0.7272727272727273 0.3196644920782852 0.05128205128205128 0.04287045666356011
0 0.6705516705516705 0.6831314072693383 0.035742035742035744 0.035414725069897485
0 0.6476301476301476 0.6099720410065237 0.15462315462315462 0.07362534948741845
0 0.09401709401709402 0.4613233923578751 0.06993006993006994 0.05032618825722274
0 0.3686868686868687 0.19711090400745573 0.04428904428904429 0.04193849021435228
0 0.45843045843045843 0.8574091332712022 0.16006216006216006 0.16961789375582478
0 0.7731157731157731 0.22087604846225536 0.037296037296037296 0.048462255358807084
0 0.24203574203574205 0.6533084808946877 0.0473970473970474 0.048462255358807084
0 0.5710955710955711 0.5256290773532153 0.03263403263403263 0.05591798695246971
0 0.6212121212121212 0.6989748369058714 0.04428904428904429 0.04287045666356011
0 0.5007770007770008 0.7800559179869524 0.03807303807303807 0.04287045666356011
0 0.23931623931623933 0.4743709226467847 0.057498057498057496 0.06523765144454799
0 0.47358197358197357 0.9095992544268406 0.07381507381507381 0.06523765144454799
0 0.756021756021756 0.592264678471575 0.03418803418803419 0.04007455731593663
0 0.5186480186480187 0.6039142590866728 0.0675990675990676 0.06523765144454799
0 0.7533022533022533 0.6481826654240447 0.053613053613053616 0.02889095992544268
0 0.9292929292929293 0.24044734389561975 0.06526806526806526 0.12488350419384901
0 0.5268065268065268 0.548928238583411 0.03263403263403263 0.04473438956197577
0 0.043900543900543904 0.48555452003727867 0.016317016317016316 0.022367194780987885
0 0.9094794094794095 0.3383038210624417 0.0473970473970474 0.05032618825722274
0 0.03263403263403263 0.5172413793103449 0.018648018648018648 0.035414725069897485
0 0.6317016317016317 0.8014911463187325 0.09634809634809635 0.13047530288909598
0 0.5617715617715617 0.19245107176141657 0.11655011655011654 0.07735321528424977
0 0.7839937839937839 0.575955265610438 0.023310023310023312 0.046598322460391424
0 0.9277389277389277 0.8709226467847158 0.13675213675213677 0.11835973904939422
0 0.016317016317016316 0.2516309412861137 0.013986013986013986 0.05964585274930102
0 0.04623154623154623 0.31267474370922643 0.0675990675990676 0.13699906803355077
0 0.3243978243978244 0.3243243243243243 0.1857031857031857 0.18452935694315004
0 0.3628593628593629 0.5629077353215284 0.03885003885003885 0.027958993476234855
0 0.7183372183372183 0.19478098788443615 0.027195027195027196 0.027958993476234855
0 0.034576534576534576 0.6118359739049394 0.011655011655011656 0.015843429636533086
0 0.49456099456099456 0.47809878844361603 0.15462315462315462 0.09878844361602981
0 0.7268842268842269 0.7213420316868593 0.031857031857031856 0.04287045666356011
0 0.026806526806526808 0.4212488350419385 0.016317016317016316 0.046598322460391424
0 0.26884226884226886 0.6980428704566636 0.07925407925407925 0.14165890027958994
0 0.6181041181041181 0.32292637465051255 0.18104118104118105 0.22460391425908666
0 0.3912198912198912 0.3923578751164958 0.08935508935508936 0.046598322460391424
0 0.28826728826728826 0.6337371854613234 0.013986013986013986 0.02982292637465051
0 0.6243201243201243 0.4776328052190121 0.042735042735042736 0.06803355079217148
0 0.052059052059052056 0.7260018639328983 0.03418803418803419 0.03727865796831314
0 0.9588189588189588 0.635601118359739 0.04972804972804973 0.04473438956197577
0 0.14063714063714064 0.3466915191053122 0.07459207459207459 0.06150978564771668
0 0.8624708624708625 0.4846225535880708 0.0202020202020202 0.024231127679403542
0 0.4036519036519037 0.8821062441752097 0.04895104895104895 0.13140726933830382
0 0.9630924630924631 0.5135135135135135 0.028749028749028748 0.04100652376514445
0 0.5205905205905206 0.08387698042870456 0.018648018648018648 0.027958993476234855
0 0.4763014763014763 0.5260950605778192 0.0202020202020202 0.023299161230195712
0 0.486013986013986 0.3527493010251631 0.052059052059052056 0.1015843429636533
0 0.940947940947941 0.7190121155638397 0.08236208236208237 0.08853681267474371
0 0.7136752136752137 0.7413793103448275 0.0644910644910645 0.07921714818266543
0 0.3822843822843823 0.4664492078285182 0.045066045066045064 0.062441752096924506
0 0.5431235431235432 0.9529356943150046 0.027972027972027972 0.015843429636533086
0 0.8290598290598291 0.6533084808946877 0.018648018648018648 0.014911463187325256
0 0.4052059052059052 0.7903075489282385 0.013209013209013208 0.027958993476234855
0 0.9055944055944056 0.6724137931034483 0.02564102564102564 0.04193849021435228
0 0.03613053613053613 0.6663560111835973 0.008547008547008548 0.016775396085740912
0 0.3811188811188811 0.2558247903075489 0.027195027195027196 0.05125815470643057
0 0.05128205128205128 0.28191985088536814 0.021756021756021756 0.04380242311276794
0 0.6546231546231546 0.7465051258154706 0.024087024087024088 0.014911463187325256
0 0.033022533022533024 0.6314072693383038 0.006993006993006993 0.012115563839701771
0 0.8445998445998446 0.391425908667288 0.021756021756021756 0.011183597390493943
0 0.7711732711732712 0.38630009319664493 0.042735042735042736 0.04007455731593663
0 0.7843822843822844 0.23998136067101583 0.05827505827505827 0.08480894687791239
0 0.4114219114219114 0.157502329916123 0.050505050505050504 0.06523765144454799
