0 0.4608294930875576 0.30458715596330277 0.053763440860215055 0.12110091743119267
0 0.13018433179723501 0.3990825688073395 0.07142857142857142 0.03853211009174312
0 0.7215821812596006 0.4518348623853211 0.06989247311827956 0.1
0 0.8179723502304147 0.38669724770642205 0.053763440860215055 0.07431192660550459
0 0.6374807987711214 0.27889908256880735 0.04915514592933948 0.07522935779816514
0 0.3241167434715822 0.7697247706422019 0.11981566820276497 0.09174311926605505
0 0.6724270353302612 0.19174311926605506 0.05913978494623656 0.10825688073394496
0 0.7818740399385561 0.5073394495412844 0.10906298003072197 0.13211009174311927
0 0.4254992319508449 0.17889908256880735 0.047619047619047616 0.06605504587155964
0 0.630568356374808 0.3889908256880734 0.04608294930875576 0.060550458715596334
0 0.5675883256528418 0.4637614678899083 0.08294930875576037 0.0908256880733945
0 0.27035330261136714 0.5940366972477065 0.03379416282642089 0.07064220183486239
0 0.09101382488479262 0.6596330275229358 0.11136712749615975 0.10275229357798166
0 0.6029185867895546 0.6784403669724771 0.03840245775729647 0.03944954128440367
0 0.16013824884792627 0.5050458715596331 0.12980030721966207 0.0889908256880734
0 0.9151305683563749 0.42660550458715596 0.06835637480798772 0.06605504587155964
0 0.5606758832565284 0.7830275229357798 0.03379416282642089 0.03761467889908257
0 0.5829493087557603 0.3238532110091743 0.0445468509984639 0.05504587155963303
0 0.16820276497695852 0.7293577981651377 0.0629800307219662 0.047706422018348627
0 0.8890168970814132 0.37155963302752293 0.040706605222734255 0.029357798165137616
0 0.38210445468509985 0.48623853211009177 0.03456221198156682 0.04220183486238532
0 0.06029185867895545 0.6087155963302753 0.0576036866359447 0.03577981651376147
0 0.9205069124423964 0.3100917431192661 0.028417818740399385 0.06605504587155964
0 0.22119815668202764 0.3495412844036697 0.05069124423963134 0.03302752293577982
0 0.06182795698924731 0.458256880733945 0.0314900153609831 0.028440366972477066
0 0.20775729646697388 0.5651376146788991 0.04838709677419355 0.031192660550458717
0 0.12327188940092165 0.593119266055046 0.03763440860215054 0.05596330275229358
0 0.6920122887864824 0.5692660550458716 0.03686635944700461 0.05596330275229358
0 0.04262672811059908 0.5513761467889908 0.028417818740399385 0.029357798165137616
0 0.5341781874039938 0.8811926605504588 0.04531490015360983 0.0779816513761468
0 0.15207373271889402 0.431651376146789 0.06144393241167435 0.03394495412844037
0 0.2749615975422427 0.703211009174312 0.05069124423963134 0.04128440366972477
0 0.3283410138248848 0.34357798165137615 0.03456221198156682 0.03394495412844037
0 0.35176651305683565 0.4151376146788991 0.15207373271889402 0.07247706422018349
0 0.9024577572964669 0.5545871559633028 0.06912442396313365 0.05045871559633028
0 0.6324884792626728 0.8192660550458716 0.04377880184331797 0.04220183486238532
0 0.5364823348694316 0.16834862385321103 0.15898617511520738 0.16788990825688074
0 0.23079877112135178 0.8013761467889908 0.03763440860215054 0.046788990825688076
0 0.7534562211981567 0.36651376146788994 0.047619047619047616 0.04862385321100918
0 0.42818740399385563 0.4972477064220184 0.0314900153609831 0.05504587155963303
0 0.3771121351766513 0.3275229357798165 0.043010752688172046 0.04220183486238532
0 0.49577572964669736 0.24495412844036699 0.03763440860215054 0.04220183486238532
0 0.7580645161290323 0.5435779816513762 0.05683563748079877 0.06513761467889909
0 0.521889400921659 0.11651376146788991 0.07296466973886329 0.06422018348623854
0 0.24423963133640553 0.4344036697247707 0.03379416282642089 0.03944954128440367
0 0.47964669738863286 0.41926605504587156 0.06682027649769585 0.06422018348623854
0 0.24692780337941628 0.37844036697247707 0.052995391705069124 0.028440366972477066
0 0.07565284178187404 0.7844036697247707 0.065284178187404 0.12293577981651377
0 0.4719662058371736 0.4738532110091743 0.03302611367127496 0.044954128440366975
0 0.9519969278033794 0.5302752293577981 0.016129032258064516 0.022018348623853212
0 0.0944700460829493 0.6871559633027523 0.04608294930875576 0.04954128440366973
0 0.9623655913978495 0.49816513761467895 0.018433179723502304 0.03486238532110092
0 0.36597542242703535 0.2261467889908257 0.09600614439324116 0.12935779816513762
0 0.44086021505376344 0.8261467889908257 0.1152073732718894 0.07614678899082569
0 0.21658986175115208 0.4509174311926606 0.02304147465437788 0.046788990825688076
0 0.07104454685099847 0.1614678899082569 0.1359447004608295 0.11743119266055047
0 0.9811827956989247 0.7610091743119266 0.014592933947772658 0.05963302752293578
0 0.9512288786482335 0.7004587155963303 0.06682027649769585 0.13486238532110092
0 0.6751152073732719 0.6931192660550459 0.18433179723502305 0.18256880733944955
0 0.6347926267281107 0.458256880733945 0.03917050691244239 0.026605504587155965
0 0.2853302611367127 0.826605504587156 0.026881720430107527 0.027522935779816515
0 0.9596774193548387 0.40504587155963306 0.01152073732718894 0.015596330275229359
0 0.5046082949308756 0.5435779816513762 0.15360983102918588 0.0981651376146789
0 0.271889400921659 0.30642201834862387 0.030721966205837174 0.04220183486238532
0 0.9696620583717358 0.5935779816513762 0.016129032258064516 0.045871559633027525
0 0.7265745007680492 0.3229357798165138 0.07834101382488479 0.13944954128440368
0 0.3836405529953917 0.6981651376146789 0.17895545314900155 0.22201834862385322
0 0.607910906298003 0.626605504587156 0.08832565284178187 0.045871559633027525
0 0.7081413210445469 0.3871559633027523 0.013824884792626727 0.029357798165137616
0 0.3763440860215054 0.5454128440366973 0.043010752688172046 0.06697247706422019
0 0.9412442396313364 0.29266055045871564 0.03456221198156682 0.03669724770642202
0 0.04262672811059908 0.39357798165137614 0.04838709677419355 0.044036697247706424
0 0.8571428571428571 0.6678899082568808 0.07373271889400922 0.060550458715596334
0 0.13978494623655913 0.5422018348623854 0.019969278033794162 0.023853211009174313
0 0.5913978494623656 0.14311926605504588 0.047619047619047616 0.13027522935779817
0 0.039938556067588324 0.5151376146788991 0.029185867895545316 0.04128440366972477
0 0.4827188940092166 0.9330275229357798 0.019201228878648235 0.027522935779816515
0 0.5226574500768049 0.49587155963302754 0.019201228878648235 0.022935779816513763
0 0.5142089093701997 0.6669724770642202 0.05145929339477726 0.10091743119266056
0 0.059907834101382486 0.3114678899082569 0.08141321044546851 0.0871559633027523
0 0.2849462365591398 0.2857798165137615 0.06451612903225806 0.0779816513761468
0 0.6163594470046083 0.5536697247706422 0.04531490015360983 0.061467889908256884
0 0.4519969278033794 0.07522935779816514 0.026881720430107527 0.01651376146788991
0 0.17127496159754224 0.37522935779816513 0.018433179723502304 0.014678899082568808
0 0.5906298003072197 0.23394495412844038 0.01228878648233487 0.027522935779816515
0 0.09523809523809523 0.35733944954128444 0.026113671274961597 0.04128440366972477
0 0.9581413210445469 0.3513761467889909 0.008448540706605223 0.01651376146788991
0 0.619431643625192 0.7610091743119266 0.026881720430107527 0.05045871559633028
0 0.9466205837173579 0.7307339449541285 0.02227342549923195 0.043119266055045874
0 0.3433179723502304 0.2802752293577982 0.02304147465437788 0.013761467889908258
0 0.9612135176651305 0.3857798165137615 0.006912442396313364 0.011926605504587157
0 0.15821812596006143 0.6339449541284404 0.021505376344086023 0.011009174311926606
0 0.23118279569892472 0.6380733944954129 0.043010752688172046 0.03944954128440367
0 0.2196620583717358 0.7830275229357798 0.05837173579109063 0.0834862385321101
0 0.5902457757296466 0.8596330275229358 0.04992319508448541 0.06422018348623854
