0 0.675 0.41846153846153844 0.1 0.10307692307692308
0 0.3725 0.5534615384615384 0.08875 0.07461538461538461
0 0.44375000000000003 0.3180769230769231 0.09 0.12846153846153846
0 0.2171875 0.525 0.108125 0.07307692307692308
0 0.43 0.6180769230769231 0.055 0.07461538461538461
0 0.4353125 0.2073076923076923 0.073125 0.08538461538461538
0 0.709375 0.1853846153846154 0.0775 0.08923076923076922
0 0.6221875 0.33076923076923076 0.085625 0.09230769230769231
0 0.6950000000000001 0.5846153846153846 0.075 0.06769230769230769
0 0.4209375 0.8715384615384615 0.039375 0.055384615384615386
0 0.5490625 0.19153846153846155 0.069375 0.16615384615384615
0 0.48812500000000003 0.1226923076923077 0.0925 0.11153846153846154
0 0.24406250000000002 0.40884615384615386 0.064375 0.10076923076923076
0 0.619375 0.525 0.02375 0.03
0 0.8078125 0.3719230769230769 0.094375 0.07153846153846154
0 0.7837500000000001 0.5069230769230769 0.09 0.10923076923076923
0 0.8359375 0.33192307692307693 0.033125 0.03923076923076923
0 0.6134375 0.09961538461538462 0.035625000000000004 0.08846153846153847
0 0.39875 0.41807692307692307 0.02625 0.03769230769230769
0 0.45937500000000003 0.9026923076923077 0.02 0.026923076923076925
0 0.5865625 0.7484615384615385 0.035625000000000004 0.046153846153846156
0 0.265 0.3192307692307692 0.07 0.07538461538461538
0 0.7034375 0.30038461538461536 0.090625 0.06846153846153846
0 0.5253125 0.6180769230769231 0.039375 0.04230769230769231
0 0.1178125 0.27 0.073125 0.04923076923076923
0 0.150625 0.4584615384615385 0.0375 0.07384615384615384
0 0.7884375 0.3126923076923077 0.029375000000000002 0.03923076923076923
0 0.5140625 0.9096153846153846 0.040625 0.04692307692307692
0 0.3175 0.46615384615384614 0.05625 0.055384615384615386
0 0.6012500000000001 0.8496153846153847 0.04 0.05
0 0.3596875 0.4096153846153846 0.028125 0.023846153846153847
0 0.51625 0.6992307692307692 0.0425 0.04923076923076923
0 0.7965625000000001 0.41846153846153844 0.023125 0.033846153846153845
0 0.519375 0.755 0.02125 0.025384615384615384
0 0.3796875 0.855 0.07187500000000001 0.09923076923076923
0 0.3415625 0.8084615384615385 0.041875 0.04153846153846154
0 0.184375 0.37961538461538463 0.03125 0.022307692307692306
0 0.1184375 0.37615384615384617 0.044375 0.043076923076923075
0 0.1840625 0.23192307692307693 0.030625 0.03769230769230769
0 0.46 0.5230769230769231 0.02375 0.05846153846153846
0 0.275 0.5665384615384615 0.03125 0.03923076923076923
0 0.3140625 0.676923076923077 0.083125 0.08615384615384615
0 0.4346875 0.7688461538461538 0.040625 0.05
0 0.3896875 0.6680769230769231 0.036875 0.10076923076923076
0 0.5078125 0.8673076923076923 0.049375 0.045384615384615384
0 0.5971875 0.6511538461538462 0.076875 0.06384615384615384
0 0.6671875 0.12615384615384614 0.041875 0.09384615384615384
0 0.155 0.6057692307692307 0.0325 0.04692307692307692
0 0.5446875 0.4826923076923077 0.104375 0.12538461538461537
0 0.2559375 0.21115384615384616 0.025625000000000002 0.03769230769230769
0 0.34875 0.04692307692307692 0.0275 0.09230769230769231
0 0.838125 0.23653846153846153 0.03375 0.03769230769230769
0 0.7312500000000001 0.6834615384615385 0.04875 0.05153846153846154
0 0.6259375 0.5915384615384616 0.025625000000000002 0.03230769230769231
0 0.6440625 0.7426923076923077 0.041875 0.09769230769230769
0 0.2459375 0.25576923076923075 0.019375 0.026923076923076925
0 0.543125 0.8061538461538461 0.01625 0.04461538461538461
0 0.905625 0.9407692307692308 0.0125 0.026153846153846153
0 0.108125 0.3403846153846154 0.02625 0.022307692307692306
0 0.56125 0.05923076923076923 0.03125 0.07384615384615384
0 0.2778125 0.6484615384615384 0.049375 0.07538461538461538
0 0.511875 0.8273076923076923 0.02375 0.026923076923076925
0 0.7809375000000001 0.24961538461538463 0.018125 0.04230769230769231
0 0.469375 0.7934615384615384 0.07375 0.054615384615384614
0 0.7590625 0.6173076923076923 0.020625 0.023846153846153847
0 0.46375 0.4573076923076923 0.03875 0.05153846153846154
0 0.5709375 0.5942307692307692 0.009375 0.01769230769230769
0 0.3428125 0.32384615384615384 0.051875000000000004 0.07538461538461538
0 0.5803125 0.7992307692307692 0.024375 0.02923076923076923
0 0.8203125 0.5542307692307692 0.023125 0.036153846153846154
0 0.1940625 0.4230769230769231 0.018125 0.013846153846153847
0 0.458125 0.7119230769230769 0.0275 0.03923076923076923
0 0.6846875 0.008461538461538461 0.019375 0.015384615384615385
0 0.8346875 0.2915384615384615 0.020625 0.016923076923076923
0 0.004375 0.5534615384615384 0.00875 0.04692307692307692
0 0.1834375 0.6592307692307692 0.114375 0.13538461538461538
0 0.6321875 0.6680769230769231 0.033125 0.016153846153846154
0 0.304375 0.38846153846153847 0.0225 0.01846153846153846
