0 0.6759375 0.4219230769230769 0.100625 0.10230769230769231
0 0.373125 0.5573076923076923 0.08875 0.07461538461538461
0 0.4446875 0.32153846153846155 0.090625 0.12923076923076923
0 0.2184375 0.5288461538461539 0.108125 0.07307692307692308
0 0.43093750000000003 0.6211538461538462 0.054375 0.07461538461538461
0 0.43625 0.2103846153846154 0.0725 0.08538461538461538
0 0.7106250000000001 0.18846153846153846 0.0775 0.08923076923076922
0 0.6234375 0.3346153846153846 0.085625 0.09230769230769231
0 0.6959375 0.5876923076923077 0.075625 0.06769230769230769
0 0.421875 0.8746153846153846 0.03875 0.055384615384615386
0 0.55 0.195 0.06875 0.16538461538461538
0 0.48875 0.12615384615384614 0.0925 0.11076923076923077
0 0.245 0.4126923076923077 0.065 0.10076923076923076
0 0.62 0.5288461538461539 0.02375 0.03
0 0.8084375 0.37538461538461537 0.094375 0.07230769230769231
0 0.7846875 0.5103846153846154 0.089375 0.11
0 0.836875 0.33576923076923076 0.0325 0.03923076923076923
0 0.6146875 0.10307692307692308 0.035625000000000004 0.0876923076923077
0 0.39937500000000004 0.42153846153846153 0.02625 0.038461538461538464
0 0.46 0.9061538461538462 0.02 0.027692307692307693
0 0.5875 0.7515384615384615 0.035 0.046153846153846156
0 0.265625 0.32269230769230767 0.07 0.07461538461538461
0 0.7046875 0.3038461538461538 0.090625 0.06769230769230769
0 0.52625 0.6215384615384615 0.04 0.043076923076923075
0 0.11875000000000001 0.2734615384615385 0.0725 0.04846153846153846
0 0.15156250000000002 0.4623076923076923 0.036875 0.07384615384615384
0 0.789375 0.31653846153846155 0.03 0.03923076923076923
0 0.515 0.9130769230769231 0.04 0.046153846153846156
0 0.3184375 0.46923076923076923 0.056875 0.055384615384615386
0 0.6021875 0.8530769230769231 0.040625 0.05076923076923077
0 0.3603125 0.41346153846153844 0.028125 0.023846153846153847
0 0.516875 0.7026923076923077 0.0425 0.04846153846153846
0 0.7978125 0.42230769230769233 0.023125 0.033846153846153845
0 0.5203125 0.7584615384615384 0.021875000000000002 0.024615384615384615
0 0.3803125 0.8584615384615385 0.07187500000000001 0.1
0 0.3428125 0.8123076923076923 0.041875 0.04153846153846154
0 0.185 0.3830769230769231 0.03125 0.023076923076923078
0 0.1196875 0.37961538461538463 0.044375 0.04384615384615385
0 0.1846875 0.23576923076923076 0.030625 0.03769230769230769
0 0.4609375 0.5269230769230769 0.023125 0.05846153846153846
0 0.2759375 0.5703846153846154 0.031875 0.03923076923076923
0 0.3153125 0.6803846153846154 0.083125 0.08692307692307692
0 0.4353125 0.7723076923076924 0.040625 0.04923076923076923
0 0.3909375 0.6711538461538461 0.036875 0.10076923076923076
0 0.5090625 0.8707692307692307 0.049375 0.04461538461538461
0 0.598125 0.6546153846153846 0.07625 0.06461538461538462
0 0.6678125 0.13 0.041875 0.09384615384615384
0 0.155625 0.6092307692307692 0.0325 0.047692307692307694
0 0.5453125 0.48615384615384616 0.104375 0.12461538461538461
0 0.2565625 0.21461538461538462 0.025625000000000002 0.03692307692307692
0 0.3496875 0.05 0.026875 0.09230769230769231
0 0.8390625 0.24 0.033125 0.03692307692307692
0 0.731875 0.6865384615384615 0.04875 0.05153846153846154
0 0.6265625 0.5953846153846154 0.025625000000000002 0.03230769230769231
0 0.645 0.7457692307692307 0.0425 0.09769230769230769
0 0.2471875 0.2592307692307692 0.019375 0.026153846153846153
0 0.544375 0.8092307692307692 0.01625 0.04461538461538461
0 0.90625 0.9446153846153846 0.0125 0.026153846153846153
0 0.1090625 0.34384615384615386 0.025625000000000002 0.021538461538461538
0 0.5625 0.06269230769230769 0.03125 0.07461538461538461
0 0.27875 0.6515384615384615 0.04875 0.07538461538461538
0 0.5125 0.8307692307692308 0.02375 0.026153846153846153
0 0.781875 0.25346153846153846 0.0175 0.04230769230769231
0 0.470625 0.796923076923077 0.07375 0.05384615384615385
0 0.7603125000000001 0.6207692307692307 0.020625 0.024615384615384615
0 0.464375 0.4603846153846154 0.03875 0.05153846153846154
0 0.5715625 0.5976923076923077 0.009375 0.016923076923076923
0 0.3440625 0.3269230769230769 0.051875000000000004 0.07538461538461538
0 0.58125 0.8026923076923077 0.025 0.02846153846153846
0 0.8215625 0.5573076923076923 0.023125 0.036153846153846154
0 0.1946875 0.42615384615384616 0.018125 0.013846153846153847
0 0.4590625 0.7153846153846154 0.026875 0.038461538461538464
0 0.685625 0.011538461538461539 0.02 0.015384615384615385
0 0.8356250000000001 0.295 0.02 0.01769230769230769
0 0.005 0.5573076923076923 0.00875 0.04692307692307692
0 0.1846875 0.6630769230769231 0.114375 0.13538461538461538
0 0.633125 0.671923076923077 0.0325 0.016153846153846154
0 0.3053125 0.39153846153846156 0.021875000000000002 0.01846153846153846
