0 0.3352534562211982 0.4138090824837813 0.09754224270353302 0.09731232622798888
0 0.620583717357911 0.5583873957367933 0.08602150537634409 0.07136237256719184
0 0.5614439324116743 0.33271547729379053 0.08755760368663594 0.12233549582947173
0 0.7703533026113671 0.540778498609824 0.10445468509984639 0.06950880444856349
0 0.5625960061443932 0.6153846153846154 0.052995391705069124 0.07043558850787766
0 0.5737327188940092 0.22845227062094534 0.0706605222734255 0.08063021316033364
0 0.31105990783410137 0.19184430027803523 0.07526881720430108 0.08526413345690455
0 0.38940092165898615 0.3341056533827618 0.08294930875576037 0.08804448563484708
0 0.30952380952380953 0.5681186283595923 0.07373271889400922 0.06487488415199259
0 0.5614439324116743 0.8544949026876738 0.03840245775729647 0.05375347544022243
0 0.4650537634408602 0.20713623725671917 0.06682027649769585 0.1566265060240964
0 0.5264976958525346 0.1459684893419833 0.08986175115207373 0.10472659870250232
0 0.749231950844854 0.43002780352177944 0.06374807987711213 0.0963855421686747
0 0.3847926267281106 0.5176088971269694 0.02304147465437788 0.028730305838739575
0 0.21006144393241166 0.36190917516218724 0.0913978494623656 0.06950880444856349
0 0.22734254992319508 0.4907321594068582 0.08602150537634409 0.10472659870250232
0 0.18433179723502305 0.3229842446709917 0.03225806451612903 0.037998146431881374
0 0.4066820276497696 0.11677479147358666 0.03456221198156682 0.08341056533827618
0 0.6006144393241167 0.42910101946246526 0.026113671274961597 0.037071362372567196
0 0.5238095238095238 0.8818350324374421 0.019969278033794162 0.026876737720111215
0 0.40706605222734255 0.7289156626506024 0.03379416282642089 0.04355885078776645
0 0.7331029185867896 0.3443002780352178 0.06835637480798772 0.07136237256719184
0 0.3122119815668203 0.30074142724745134 0.08832565284178187 0.0639481000926784
0 0.47119815668202764 0.6102873030583874 0.03917050691244239 0.04170528266913809
0 0.8759600614439325 0.3063021316033364 0.06989247311827956 0.04726598702502317
0 0.8367895545314901 0.4819277108433735 0.03609831029185868 0.07043558850787766
0 0.2304147465437788 0.3076923076923077 0.029185867895545316 0.037071362372567196
0 0.47043010752688175 0.8850787766450418 0.03917050691244239 0.04448563484708063
0 0.6766513056835638 0.4786839666357739 0.05529953917050691 0.05282669138090825
0 0.38901689708141324 0.8234476367006488 0.03917050691244239 0.04911955514365153
0 0.6382488479262672 0.42400370713623725 0.027649769585253454 0.023169601482854494
0 0.4769585253456221 0.6867469879518072 0.041474654377880185 0.04633920296570899
0 0.21812596006144394 0.4068582020389249 0.02304147465437788 0.033364226135310475
0 0.4715821812596006 0.7395736793327155 0.021505376344086023 0.024096385542168676
0 0.6017665130568356 0.8415199258572753 0.06989247311827956 0.09453197405004635
0 0.6394009216589862 0.8002780352177943 0.040706605222734255 0.03985171455050973
0 0.8079877112135176 0.40593141797961074 0.030721966205837174 0.022242817423540315
0 0.8709677419354839 0.40639481000926786 0.043010752688172046 0.04170528266913809
0 0.8141321044546851 0.26737720111214086 0.030721966205837174 0.03614457831325301
0 0.5376344086021505 0.5250231696014829 0.02304147465437788 0.056533827618164965
0 0.7131336405529954 0.576923076923077 0.0314900153609831 0.037998146431881374
0 0.6712749615975423 0.6779425393883225 0.07987711213517665 0.082483781278962
0 0.5522273425499232 0.757645968489342 0.039938556067588324 0.04726598702502317
0 0.5986943164362519 0.664967562557924 0.03609831029185868 0.09545875810936053
0 0.47772657450076805 0.8456904541241891 0.047619047619047616 0.04355885078776645
0 0.4009216589861751 0.6371640407784986 0.07373271889400922 0.06209453197405005
0 0.3544546850998464 0.13901760889712697 0.040706605222734255 0.08897126969416126
0 0.8271889400921659 0.6204819277108434 0.03225806451612903 0.04541241890639481
0 0.45814132104454686 0.48146431881371643 0.10061443932411675 0.11770157553290084
0 0.7461597542242704 0.2428174235403151 0.02534562211981567 0.03521779425393883
0 0.6632104454685099 0.082483781278962 0.026881720430107527 0.0871177015755329
0 0.1858678955453149 0.23262279888785914 0.03225806451612903 0.03521779425393883
0 0.27112135176651303 0.6594068582020389 0.047619047619047616 0.04911955514365153
0 0.3759600614439324 0.5797034291010195 0.02534562211981567 0.030583873957367932
0 0.3521505376344086 0.7201112140871178 0.042242703533026116 0.09267840593141798
0 0.7530721966205837 0.28544949026876737 0.019201228878648235 0.025949953660797033
0 0.44623655913978494 0.7859128822984245 0.016897081413210446 0.042632066728452274
0 0.09331797235023041 0.8920296570898981 0.013056835637480798 0.025023169601482854
0 0.8824884792626728 0.3730305838739574 0.026113671274961597 0.021316033364226137
0 0.45852534562211983 0.08202038924930491 0.030721966205837174 0.07136237256719184
0 0.7073732718894009 0.6529193697868397 0.047619047619047616 0.07136237256719184
0 0.47580645161290325 0.8076923076923077 0.023809523809523808 0.025023169601482854
0 0.24001536098310292 0.2483781278962002 0.017665130568356373 0.04077849860982391
0 0.5172811059907834 0.7784986098239111 0.07142857142857142 0.051899907321594066
0 0.24615975422427036 0.5959221501390176 0.020737327188940093 0.024096385542168676
0 0.5368663594470046 0.4620018535681186 0.03840245775729647 0.04911955514365153
0 0.42857142857142855 0.5848007414272475 0.009216589861751152 0.016682113067655237
0 0.6574500768049155 0.3433734939759036 0.05069124423963134 0.07136237256719184
0 0.4109062980030722 0.7775718257645968 0.02457757296466974 0.027803521779425393
0 0.19009216589861752 0.5324374420759963 0.02227342549923195 0.03429101019462465
0 0.7972350230414746 0.4453197405004634 0.018433179723502304 0.013901760889712697
0 0.5318740399385561 0.7025023169601483 0.026881720430107527 0.037071362372567196
0 0.34178187403993854 0.026876737720111215 0.019969278033794162 0.014828544949026877
0 0.18663594470046083 0.2849860982391103 0.019969278033794162 0.017608897126969416
0 0.9738863287250384 0.5801668211306765 0.009216589861751152 0.04448563484708063
0 0.7972350230414746 0.6691380908248378 0.11059907834101382 0.1278962001853568
0 0.3663594470046083 0.6510658016682113 0.03225806451612903 0.015755329008341055
0 0.6920122887864824 0.4068582020389249 0.021505376344086023 0.018535681186283598
