0 0.6816019032513878 0.5823699421965318 0.09912767644726407 0.09922928709055877
0 0.3901665344964314 0.4407514450867052 0.08723235527359238 0.07225433526011561
0 0.45400475812846947 0.6705202312138728 0.08961141950832673 0.1252408477842004
0 0.23909595559080096 0.4624277456647399 0.10547184773988898 0.07129094412331406
0 0.44805709754163364 0.3815028901734104 0.05392545598731166 0.07321772639691715
0 0.44329896907216493 0.7764932562620424 0.07137192704203013 0.08285163776493257
0 0.7097541633624108 0.8082851637764933 0.07613005551149882 0.08670520231213873
0 0.6280729579698652 0.6642581888246628 0.08406026962727994 0.08959537572254335
0 0.7057890563045203 0.4238921001926782 0.07454401268834258 0.06551059730250482
0 0.44607454401268837 0.13776493256262043 0.03885804916732752 0.05394990366088632
0 0.5531324345757336 0.7957610789980732 0.06740681998413957 0.15992292870905586
0 0.4920697858842189 0.8598265895953757 0.09119746233148295 0.1069364161849711
0 0.26209357652656623 0.5746628131021194 0.06423473433782712 0.09730250481695568
0 0.6300555114988104 0.4773603082851638 0.02458366375892149 0.029865125240847785
0 0.8092783505154639 0.632466281310212 0.09278350515463918 0.07032755298651253
0 0.7898493259318001 0.5014450867052023 0.08723235527359238 0.1069364161849711
0 0.8362410785091198 0.6714836223506744 0.03251387787470262 0.038535645472061654
0 0.6141950832672483 0.8868015414258189 0.035685963521015066 0.08574181117533719
0 0.4127676447264076 0.5722543352601156 0.026169706582077717 0.038535645472061654
0 0.4837430610626487 0.10886319845857417 0.020618556701030927 0.02697495183044316
0 0.6042823156225218 0.26252408477842004 0.034892942109436956 0.04527938342967245
0 0.2795400475812847 0.6623314065510597 0.0689928628072958 0.07225433526011561
0 0.7065820777160984 0.6970134874759152 0.08881839809674862 0.06647398843930635
0 0.5408406026962728 0.3853564547206166 0.03965107057890563 0.04238921001926782
0 0.13560666137985725 0.703757225433526 0.07137192704203013 0.04720616570327553
0 0.17208564631245044 0.5236030828516378 0.03647898493259318 0.07225433526011561
0 0.7894528152260111 0.6878612716763006 0.029341792228390166 0.038535645472061654
0 0.5376685170499603 0.10452793834296724 0.03965107057890563 0.04527938342967245
0 0.33505154639175255 0.523121387283237 0.056304520222045996 0.05394990366088632
0 0.6213322759714512 0.16522157996146436 0.040444091990483745 0.04913294797687861
0 0.37430610626486915 0.5785163776493256 0.028548770816812053 0.024084778420038536
0 0.5340999206978588 0.30684007707129096 0.04203013481363997 0.04720616570327553
0 0.8005551149881047 0.5871868978805395 0.022997620935765267 0.03371868978805395
0 0.5388580491673275 0.25337186897880537 0.02141157811260904 0.025048169556840076
0 0.40523394131641555 0.15173410404624277 0.07137192704203013 0.09730250481695568
0 0.3675654242664552 0.19460500963391136 0.04203013481363997 0.04046242774566474
0 0.20261697065820777 0.6011560693641619 0.030927835051546393 0.023121387283236993
0 0.13917525773195877 0.6016377649325626 0.04361617763679619 0.04335260115606936
0 0.1986518636003172 0.7422928709055877 0.030927835051546393 0.03757225433526012
0 0.47501982553528943 0.4735067437379576 0.023790642347343377 0.05684007707129094
0 0.295796986518636 0.42485549132947975 0.0317208564631245 0.038535645472061654
0 0.33743061062648694 0.3203275529865125 0.0816812053925456 0.0838150289017341
0 0.4563838223632038 0.2365125240847784 0.040444091990483745 0.04913294797687861
0 0.4107850911974623 0.331888246628131 0.03647898493259318 0.09730250481695568
0 0.5309278350515464 0.14499036608863197 0.04837430610626487 0.04335260115606936
0 0.6118160190325139 0.3559730250481696 0.0753370340999207 0.0626204238921002
0 0.6661379857256146 0.8627167630057804 0.041237113402061855 0.09152215799614644
0 0.1796193497224425 0.38246628131021193 0.03251387787470262 0.046242774566473986
0 0.556304520222046 0.5158959537572254 0.10229976209357652 0.12042389210019268
0 0.26804123711340205 0.7658959537572254 0.025376685170499604 0.036608863198458574
0 0.35448057097541635 0.9272639691714836 0.02696272799365583 0.08959537572254335
0 0.8358445678033307 0.7639691714836223 0.03330689928628073 0.036608863198458574
0 0.7430610626486915 0.3304431599229287 0.047581284694686754 0.05009633911368015
0 0.6379857256145915 0.41377649325626203 0.026169706582077717 0.031791907514450865
0 0.6601903251387787 0.2702312138728324 0.04203013481363997 0.0953757225433526
0 0.26011102299762096 0.7220616570327553 0.019032513877874704 0.02601156069364162
0 0.563441712926249 0.20520231213872833 0.016653449643140365 0.04431599229287091
0 0.9195083267248215 0.08911368015414257 0.013481363996827915 0.02601156069364162
0 0.12767644726407612 0.6358381502890174 0.025376685170499604 0.02119460500963391
0 0.5618556701030928 0.9234104046242775 0.030927835051546393 0.07225433526011561
0 0.3009516256938937 0.3468208092485549 0.04837430610626487 0.07321772639691715
0 0.5329103885804917 0.18352601156069365 0.023790642347343377 0.02601156069364162
0 0.7807295796986519 0.7485549132947977 0.01823949246629659 0.04238921001926782
0 0.4916732751784298 0.21435452793834298 0.07295796986518636 0.052986512524084775
0 0.7692307692307693 0.3945086705202312 0.020618556701030927 0.024084778420038536
0 0.4766058683584457 0.5375722543352601 0.03806502775574941 0.05009633911368015
0 0.5848532910388581 0.4094412331406551 0.010309278350515464 0.017341040462427744
0 0.35646312450436163 0.6608863198458574 0.05154639175257732 0.07321772639691715
0 0.5995241871530531 0.21290944123314065 0.025376685170499604 0.028901734104046242
0 0.8271213322759714 0.45809248554913296 0.023790642347343377 0.03564547206165703
0 0.21332275971451228 0.5602119460500964 0.019032513877874704 0.014450867052023121
0 0.4781919111816019 0.2923892100192678 0.02696272799365583 0.03757225433526012
0 0.6808088818398097 0.9773603082851637 0.019825535289452814 0.016377649325626204
0 0.8338620142743854 0.7105009633911368 0.019825535289452814 0.018304431599229287
0 0.0317208564631245 0.42678227360308285 0.009516256938937352 0.046242774566473986
0 0.2097541633624108 0.331888246628131 0.11181601903251388 0.13198458574181118
0 0.6467089611419509 0.3405587668593449 0.03251387787470262 0.016377649325626204
0 0.3203806502775575 0.5973025048169557 0.022204599524187154 0.019267822736030827
