0 0.6648000000000001 0.5863066538090647 0.0976 0.09643201542912247
0 0.3796 0.4411764705882353 0.08560000000000001 0.0703953712632594
0 0.43920000000000003 0.6668273866923818 0.08800000000000001 0.12246865959498554
0 0.23 0.45901639344262296 0.1048 0.06943105110896818
0 0.43760000000000004 0.38476374156219867 0.0528 0.07135969141755064
0 0.4264 0.7709739633558341 0.0704 0.0819672131147541
0 0.6888000000000001 0.8081002892960463 0.0752 0.08486017357762778
0 0.6112000000000001 0.6648987463837994 0.08320000000000001 0.08775313404050145
0 0.6908000000000001 0.4315332690453231 0.0728 0.06460945033751206
0 0.43920000000000003 0.14609450337512053 0.038400000000000004 0.05303760848601736
0 0.5348 0.7921890067502411 0.0664 0.15718418514946964
0 0.4736 0.8529411764705883 0.0896 0.1051108968177435
0 0.2508 0.5694310511089682 0.0632 0.09546769527483125
0 0.6156 0.48264223722275795 0.023200000000000002 0.029893924783027968
0 0.7904 0.6378977820636451 0.0912 0.06846673095467695
0 0.7728 0.5096432015429123 0.0864 0.1051108968177435
0 0.8160000000000001 0.6769527483124398 0.032 0.03857280617164899
0 0.5936 0.8823529411764706 0.0352 0.08293153326904533
0 0.3996 0.5703953712632595 0.0264 0.037608486017357765
0 0.4772 0.11861137897782063 0.02 0.02700096432015429
0 0.5932000000000001 0.2709739633558341 0.0344 0.044358727097396335
0 0.26680000000000004 0.6552555448408872 0.068 0.0703953712632594
0 0.6880000000000001 0.6986499517839924 0.08800000000000001 0.06460945033751206
0 0.5292 0.3900675024108004 0.0392 0.041465766634522665
0 0.124 0.692864030858245 0.0704 0.04725168756027001
0 0.1632 0.5173577627772421 0.0368 0.0703953712632594
0 0.7692 0.6918997107039537 0.0296 0.037608486017357765
0 0.53 0.11475409836065574 0.0392 0.044358727097396335
0 0.3236 0.5202507232401158 0.055200000000000006 0.05303760848601736
0 0.6112000000000001 0.17647058823529413 0.04 0.048216007714561235
0 0.36160000000000003 0.5756991321118612 0.027200000000000002 0.023143683702989394
0 0.5232 0.31292189006750243 0.041600000000000005 0.04725168756027001
0 0.782 0.5930568948891032 0.023200000000000002 0.03278688524590164
0 0.5292 0.2608486017357763 0.0216 0.024108003857280617
0 0.39880000000000004 0.15863066538090648 0.06960000000000001 0.09546769527483125
0 0.3608 0.19961427193828352 0.041600000000000005 0.04050144648023144
0 0.192 0.5935390549662488 0.0304 0.022179363548698167
0 0.1296 0.5930568948891032 0.0432 0.04243008678881389
0 0.186 0.7319189971070396 0.0296 0.03664416586306654
0 0.46280000000000004 0.47444551591128253 0.023200000000000002 0.055930568948891035
0 0.2868 0.422854387656702 0.031200000000000002 0.037608486017357765
0 0.3292 0.32208293153326906 0.08080000000000001 0.08293153326904533
0 0.448 0.24252651880424303 0.04 0.04725168756027001
0 0.4012 0.3351012536162006 0.036000000000000004 0.09546769527483125
0 0.5224 0.15429122468659595 0.048 0.04243008678881389
0 0.5996 0.3625843780135005 0.07440000000000001 0.06171648987463838
0 0.6452 0.8601735776277725 0.0408 0.08871745419479267
0 0.1728 0.37945998071359693 0.032 0.045323047251687565
0 0.5424 0.5183220829315333 0.1008 0.11861137897782063
0 0.2544 0.7565091610414658 0.0256 0.03567984570877532
0 0.3372 0.9165863066538091 0.0264 0.08775313404050145
0 0.8140000000000001 0.7671166827386693 0.0328 0.03567984570877532
0 0.7292000000000001 0.34088717454194795 0.0472 0.04918032786885246
0 0.6244000000000001 0.420443587270974 0.024800000000000003 0.03085824493731919
0 0.648 0.2801350048216008 0.041600000000000005 0.0935390549662488
0 0.24680000000000002 0.7140790742526519 0.02 0.026036644165863067
0 0.554 0.2145612343297975 0.016800000000000002 0.04339440694310511
0 0.9072 0.10848601735776278 0.0128 0.026036644165863067
0 0.11760000000000001 0.6258437801350049 0.0256 0.021215043394406944
0 0.5416000000000001 0.9170684667309547 0.0304 0.07135969141755064
0 0.2928 0.3471552555448409 0.048 0.07135969141755064
0 0.5244 0.19238187078109933 0.023200000000000002 0.026036644165863067
0 0.76 0.7512054001928641 0.0176 0.04050144648023144
0 0.4828 0.2217936354869817 0.0712 0.052073288331726135
0 0.7536 0.40453230472516877 0.020800000000000003 0.024108003857280617
0 0.4632 0.5376084860173578 0.038400000000000004 0.04918032786885246
0 0.5720000000000001 0.41513982642237224 0.009600000000000001 0.01639344262295082
0 0.3428 0.6557377049180328 0.0504 0.07135969141755064
0 0.5892000000000001 0.2227579556412729 0.024800000000000003 0.02700096432015429
0 0.81 0.467695274831244 0.023200000000000002 0.03471552555448409
0 0.20320000000000002 0.5540019286403086 0.0176 0.01446480231436837
0 0.46840000000000004 0.2974927675988428 0.0264 0.037608486017357765
0 0.658 0.9729990356798457 0.02 0.015429122468659595
0 0.8132 0.7150433944069431 0.02 0.01832208293153327
0 0.0264 0.41899710703953713 0.009600000000000001 0.045323047251687565
0 0.20320000000000002 0.3302796528447445 0.11040000000000001 0.12825458052073288
0 0.6336 0.34860173577627773 0.032 0.01639344262295082
0 0.308 0.5925747348119575 0.0224 0.01832208293153327
