0 0.33067896060352053 0.41632653061224495 0.0997485331098072 0.1
0 0.624056999161777 0.5571428571428572 0.08801341156747695 0.07346938775510205
0 0.5586756077116513 0.326530612244898 0.08968985750209556 0.12653061224489798
0 0.7757753562447611 0.5341836734693878 0.10645431684828165 0.07244897959183674
0 0.5658005029337804 0.6168367346938776 0.053646269907795474 0.07244897959183674
0 0.5695725062866722 0.21938775510204084 0.07124895222129086 0.0836734693877551
0 0.30176026823134955 0.1892857142857143 0.07711651299245599 0.08673469387755103
0 0.3834870075440067 0.3336734693877551 0.08466051969823973 0.08979591836734695
0 0.30720871751886003 0.5760204081632654 0.07460184409052809 0.0663265306122449
0 0.5691533948030176 0.8622448979591838 0.038558256496227995 0.05510204081632654
0 0.4585079631181894 0.20102040816326533 0.06873428331936295 0.16122448979591839
0 0.5201173512154234 0.13571428571428573 0.09136630343671416 0.10816326530612246
0 0.7523051131601006 0.4209183673469388 0.06454316848281642 0.0989795918367347
0 0.3830678960603521 0.5214285714285715 0.02347024308466052 0.030612244897959186
0 0.20201173512154233 0.36683673469387756 0.09388097233864208 0.07040816326530613
0 0.2225481978206203 0.4984693877551021 0.08801341156747695 0.10714285714285715
0 0.17476948868398995 0.3275510204081633 0.03269069572506287 0.03877551020408164
0 0.39731768650461025 0.10969387755102042 0.03520536462699078 0.08673469387755103
0 0.6010058675607711 0.4244897959183674 0.026823134953897737 0.03877551020408164
0 0.5314333612740989 0.891326530612245 0.020117351215423303 0.02755102040816327
0 0.4098910310142498 0.738265306122449 0.03520536462699078 0.04591836734693878
0 0.7338642078792958 0.3336734693877551 0.06957250628667226 0.07346938775510205
0 0.3046940486169321 0.3010204081632653 0.08968985750209556 0.0673469387755102
0 0.4727577535624476 0.6142857142857143 0.040234702430846606 0.04285714285714286
0 0.8784576697401509 0.29030612244897963 0.07208717518860017 0.047959183673469394
0 0.8424140821458508 0.47193877551020413 0.036881810561609385 0.07244897959183674
0 0.22212908633696563 0.3107142857142857 0.030176026823134954 0.039795918367346944
0 0.47778709136630343 0.8964285714285715 0.040234702430846606 0.04591836734693878
0 0.6793797150041911 0.47346938775510206 0.056160938809723386 0.05510204081632654
0 0.39354568315171834 0.8357142857142857 0.04107292539815591 0.05102040816326531
0 0.6395641240569991 0.41836734693877553 0.028499580888516347 0.02448979591836735
0 0.48030176026823135 0.6933673469387756 0.041911148365465216 0.047959183673469394
0 0.2112321877619447 0.4127551020408164 0.02347024308466052 0.0336734693877551
0 0.47569153394803015 0.7469387755102042 0.022632020117351215 0.02448979591836735
0 0.6106454316848282 0.8479591836734695 0.07124895222129086 0.0979591836734694
0 0.6479463537300922 0.8045918367346939 0.041911148365465216 0.04183673469387755
0 0.8113998323554066 0.3943877551020408 0.03185247275775356 0.023469387755102045
0 0.8755238893545684 0.3928571428571429 0.04442581726739313 0.04285714285714286
0 0.8151718357082984 0.251530612244898 0.03101424979044426 0.03775510204081633
0 0.5389773679798826 0.5244897959183674 0.02347024308466052 0.05714285714285715
0 0.7183570829840737 0.5724489795918368 0.03185247275775356 0.03877551020408164
0 0.6781223805532272 0.678061224489796 0.08214585079631181 0.08469387755102041
0 0.5582564962279967 0.7627551020408164 0.040234702430846606 0.047959183673469394
0 0.6043587594300084 0.666326530612245 0.036881810561609385 0.0979591836734694
0 0.4840737636211232 0.8556122448979593 0.04945515507124895 0.04387755102040817
0 0.40150880134115674 0.6438775510204082 0.07544006705783739 0.06326530612244899
0 0.34450963956412406 0.13367346938775512 0.041911148365465216 0.09183673469387756
0 0.8352891869237217 0.6142857142857143 0.03269069572506287 0.04693877551020409
0 0.4572506286672255 0.4821428571428572 0.10310142497904443 0.12142857142857144
0 0.7451802179379715 0.2285714285714286 0.025146689019279127 0.036734693877551024
0 0.6575859178541492 0.06683673469387756 0.027661357921207042 0.09081632653061225
0 0.17476948868398995 0.23469387755102042 0.03269069572506287 0.036734693877551024
0 0.269907795473596 0.6704081632653062 0.04861693210393965 0.05102040816326531
0 0.3751047778709137 0.5857142857142857 0.025984911986588432 0.0326530612244898
0 0.35414920368818104 0.7306122448979593 0.04274937133277452 0.09591836734693879
0 0.7535624476110645 0.2724489795918368 0.020117351215423303 0.02653061224489796
0 0.4509639564124057 0.7954081632653062 0.016764459346186086 0.04387755102040817
0 0.09430008382229674 0.9142857142857144 0.012573344509639563 0.02653061224489796
0 0.8864207879295892 0.35867346938775513 0.025984911986588432 0.02142857142857143
0 0.4492875104777871 0.07244897959183674 0.03185247275775356 0.07346938775510205
0 0.7141659681475272 0.6510204081632653 0.04861693210393965 0.07346938775510205
0 0.48155909471919534 0.8173469387755102 0.024308466051969825 0.02653061224489796
0 0.23051131601005867 0.24948979591836737 0.018440905280804692 0.04183673469387755
0 0.5234702430846605 0.7857142857142858 0.07292539815590947 0.05306122448979592
0 0.24350377200335288 0.6061224489795919 0.020955574182732608 0.02448979591836735
0 0.5364626990779547 0.4602040816326531 0.038558256496227995 0.05102040816326531
0 0.4291701592623638 0.5892857142857143 0.010058675607711651 0.017346938775510204
0 0.6571668063704945 0.3346938775510204 0.051969823973176864 0.07346938775510205
0 0.4149203688181056 0.7877551020408164 0.025146689019279127 0.028571428571428574
0 0.18524727577535624 0.5423469387755102 0.02347024308466052 0.03571428571428572
0 0.8013411567476949 0.4357142857142858 0.018440905280804692 0.014285714285714287
0 0.5364626990779547 0.7071428571428572 0.026823134953897737 0.03877551020408164
0 0.32984073763621125 0.018877551020408164 0.020955574182732608 0.015306122448979593
0 0.1768650461022632 0.288265306122449 0.020117351215423303 0.017346938775510204
0 0.9836546521374686 0.5683673469387756 0.009220452640402346 0.04693877551020409
0 0.805951383067896 0.6653061224489797 0.11316010058675607 0.1326530612244898
0 0.3671416596814753 0.6591836734693878 0.03185247275775356 0.0163265306122449
0 0.6936295054484493 0.3984693877551021 0.022632020117351215 0.01938775510204082
