0 0.3258964143426295 0.57763671875 0.100398406374502 0.1025390625
0 0.6270916334661355 0.44775390625 0.08924302788844622 0.0751953125
0 0.5541832669322709 0.6796875 0.0900398406374502 0.12890625
0 0.7800796812749005 0.47802734375 0.10836653386454184 0.0732421875
0 0.5701195219123506 0.3837890625 0.054980079681274906 0.07421875
0 0.5613545816733068 0.78955078125 0.07250996015936255 0.0849609375
0 0.2896414342629482 0.8076171875 0.07729083665338646 0.08984375
0 0.3772908366533865 0.66455078125 0.08525896414342629 0.0927734375
0 0.3071713147410359 0.41357421875 0.07569721115537849 0.0673828125
0 0.5812749003984063 0.13427734375 0.03904382470119522 0.0556640625
0 0.44860557768924303 0.80322265625 0.06852589641434263 0.1650390625
0 0.5091633466135458 0.87158203125 0.09243027888446216 0.1103515625
0 0.7529880478087649 0.59228515625 0.0653386454183267 0.1005859375
0 0.3820717131474104 0.47314453125 0.024701195219123506 0.0302734375
0 0.19402390438247014 0.6220703125 0.09482071713147411 0.072265625
0 0.21872509960159364 0.4892578125 0.0900398406374502 0.109375
0 0.1657370517928287 0.66064453125 0.03346613545816733 0.0400390625
0 0.38366533864541835 0.89306640625 0.035856573705179286 0.0869140625
0 0.6 0.58154296875 0.02709163346613546 0.0380859375
0 0.5438247011952192 0.10205078125 0.0199203187250996 0.0283203125
0 0.4163346613545817 0.25341796875 0.035856573705179286 0.0458984375
0 0.7314741035856573 0.6806640625 0.0701195219123506 0.07421875
0 0.2964143426294821 0.69384765625 0.09083665338645419 0.0673828125
0 0.4760956175298805 0.38232421875 0.04063745019920319 0.0439453125
0 0.8768924302788845 0.7314453125 0.07250996015936255 0.048828125
0 0.8458167330677291 0.54443359375 0.037450199203187255 0.0732421875
0 0.21274900398406374 0.68017578125 0.030278884462151396 0.0400390625
0 0.4896414342629482 0.0947265625 0.04063745019920319 0.046875
0 0.6804780876494024 0.53564453125 0.05737051792828685 0.0556640625
0 0.402390438247012 0.1533203125 0.04143426294820717 0.05078125
0 0.6382470119521912 0.59033203125 0.028685258964143426 0.0244140625
0 0.4860557768924303 0.302734375 0.04302788844621514 0.048828125
0 0.2047808764940239 0.57568359375 0.02390438247011952 0.0341796875
0 0.4828685258964144 0.2470703125 0.022310756972111555 0.025390625
0 0.6223107569721116 0.150390625 0.07171314741035857 0.099609375
0 0.6593625498007968 0.19677734375 0.04223107569721116 0.0419921875
0 0.8119521912350598 0.6220703125 0.03187250996015936 0.0234375
0 0.8768924302788845 0.62646484375 0.045418326693227096 0.0439453125
0 0.8115537848605578 0.76708984375 0.03107569721115538 0.0380859375
0 0.5398406374501992 0.4765625 0.02310756972111554 0.05859375
0 0.7235059760956175 0.43603515625 0.03187250996015936 0.0400390625
0 0.6852589641434264 0.32666015625 0.08286852589641434 0.0869140625
0 0.5673306772908366 0.23486328125 0.04143426294820717 0.0498046875
0 0.6103585657370518 0.33544921875 0.03665338645418327 0.1005859375
0 0.49482071713147413 0.13671875 0.04940239043824701 0.044921875
0 0.40478087649402394 0.3486328125 0.07649402390438248 0.064453125
0 0.3314741035856574 0.8662109375 0.04302788844621514 0.09375
0 0.8430278884462151 0.39892578125 0.03346613545816733 0.0478515625
0 0.4557768924302789 0.51611328125 0.10358565737051793 0.1240234375
0 0.7398406374501992 0.78759765625 0.026294820717131476 0.0380859375
0 0.6462151394422311 0.94873046875 0.02709163346613546 0.0927734375
0 0.16254980079681275 0.75537109375 0.03346613545816733 0.0380859375
0 0.2725099601593626 0.31591796875 0.04940239043824701 0.0517578125
0 0.37649402390438247 0.4072265625 0.026294820717131476 0.033203125
0 0.35936254980079685 0.25830078125 0.04302788844621514 0.0966796875
0 0.7494023904382471 0.74365234375 0.0199203187250996 0.0263671875
0 0.4593625498007968 0.197265625 0.016733067729083666 0.044921875
0 0.10199203187250996 0.05908203125 0.012749003984063745 0.0263671875
0 0.8872509960159363 0.66162109375 0.026294820717131476 0.0224609375
0 0.4350597609561753 0.93359375 0.03187250996015936 0.07421875
0 0.7215139442231076 0.35595703125 0.04860557768924303 0.0751953125
0 0.4912350597609562 0.17626953125 0.024701195219123506 0.0263671875
0 0.21952191235059762 0.74267578125 0.018326693227091635 0.0419921875
0 0.5326693227091633 0.2099609375 0.07410358565737052 0.0546875
0 0.24382470119521912 0.38037109375 0.020717131474103586 0.0244140625
0 0.5358565737051793 0.54248046875 0.03904382470119522 0.0517578125
0 0.4306772908366534 0.4052734375 0.010358565737051793 0.017578125
0 0.6541832669322709 0.67529296875 0.05258964143426295 0.0751953125
0 0.4231075697211156 0.203125 0.02549800796812749 0.029296875
0 0.18247011952191236 0.4423828125 0.02390438247011952 0.037109375
0 0.802788844621514 0.57958984375 0.018326693227091635 0.0146484375
0 0.5434262948207171 0.291015625 0.02709163346613546 0.0390625
0 0.31314741035856575 0.982421875 0.020717131474103586 0.015625
0 0.16653386454183267 0.70068359375 0.020717131474103586 0.0185546875
0 0.9920318725099602 0.4521484375 0.00956175298804781 0.046875
0 0.8147410358565738 0.345703125 0.11394422310756973 0.134765625
0 0.3701195219123506 0.33154296875 0.03266932270916335 0.0166015625
0 0.6932270916334662 0.6123046875 0.022310756972111555 0.01953125
