0 0.3246875 0.5807692307692308 0.100625 0.10307692307692308
0 0.6271875 0.44576923076923075 0.089375 0.07461538461538461
0 0.555625 0.6811538461538461 0.09 0.12846153846153846
0 0.7821875 0.47423076923076923 0.108125 0.07307692307692308
0 0.569375 0.3811538461538462 0.055 0.07461538461538461
0 0.5640625 0.7923076923076923 0.073125 0.08461538461538462
0 0.29 0.8138461538461539 0.0775 0.08923076923076922
0 0.3771875 0.6684615384615384 0.085625 0.09230769230769231
0 0.304375 0.4146153846153846 0.075 0.06769230769230769
0 0.5784375 0.1276923076923077 0.039375 0.055384615384615386
0 0.4503125 0.8076923076923077 0.069375 0.16615384615384615
0 0.51125 0.8765384615384615 0.0925 0.11153846153846154
0 0.7553125 0.5903846153846154 0.064375 0.10076923076923076
0 0.38 0.47423076923076923 0.02375 0.03
0 0.1915625 0.6273076923076923 0.094375 0.07153846153846154
0 0.215625 0.49230769230769234 0.09 0.10923076923076923
0 0.1634375 0.6673076923076923 0.033125 0.03923076923076923
0 0.3859375 0.8996153846153846 0.035625000000000004 0.08846153846153847
0 0.600625 0.5811538461538461 0.02625 0.03769230769230769
0 0.54 0.09653846153846155 0.02 0.026923076923076925
0 0.4128125 0.25076923076923074 0.035625000000000004 0.046153846153846156
0 0.734375 0.68 0.07 0.07538461538461538
0 0.2959375 0.6988461538461539 0.090625 0.06846153846153846
0 0.4740625 0.3811538461538462 0.039375 0.04230769230769231
0 0.8815625 0.7292307692307692 0.073125 0.04923076923076923
0 0.84875 0.5407692307692308 0.0375 0.07384615384615384
0 0.2109375 0.6865384615384615 0.029375000000000002 0.03923076923076923
0 0.48531250000000004 0.08961538461538461 0.040625 0.04692307692307692
0 0.681875 0.5330769230769231 0.05625 0.055384615384615386
0 0.398125 0.14961538461538462 0.04 0.05
0 0.6396875 0.5896153846153847 0.028125 0.023846153846153847
0 0.483125 0.3 0.0425 0.04923076923076923
0 0.2028125 0.5807692307692308 0.023125 0.033846153846153845
0 0.48 0.24423076923076922 0.02125 0.025384615384615384
0 0.62 0.14423076923076922 0.0725 0.09923076923076923
0 0.6578125 0.19076923076923077 0.041875 0.04153846153846154
0 0.8150000000000001 0.6196153846153846 0.03125 0.022307692307692306
0 0.8809375 0.6230769230769231 0.044375 0.043076923076923075
0 0.8153125 0.7673076923076924 0.030625 0.03769230769230769
0 0.539375 0.47615384615384615 0.02375 0.05846153846153846
0 0.724375 0.4326923076923077 0.03125 0.03923076923076923
0 0.6853125 0.3223076923076923 0.083125 0.08615384615384615
0 0.5646875 0.23038461538461538 0.040625 0.05
0 0.6096875 0.33115384615384613 0.036875 0.10076923076923076
0 0.4915625 0.13192307692307692 0.049375 0.045384615384615384
0 0.40218750000000003 0.34807692307692306 0.076875 0.06384615384615384
0 0.3321875 0.8730769230769231 0.041875 0.09384615384615384
0 0.844375 0.3934615384615385 0.0325 0.04692307692307692
0 0.4546875 0.5165384615384615 0.104375 0.12538461538461537
0 0.7434375 0.7880769230769231 0.025625000000000002 0.03769230769230769
0 0.650625 0.9523076923076923 0.0275 0.09230769230769231
0 0.16125 0.7626923076923077 0.03375 0.03769230769230769
0 0.268125 0.31576923076923075 0.04875 0.05153846153846154
0 0.37343750000000003 0.4076923076923077 0.025625000000000002 0.03230769230769231
0 0.35531250000000003 0.25653846153846155 0.041875 0.09769230769230769
0 0.7534375 0.7434615384615385 0.019375 0.026923076923076925
0 0.45625 0.1930769230769231 0.01625 0.04461538461538461
0 0.09375 0.05846153846153846 0.0125 0.026153846153846153
0 0.89125 0.6588461538461539 0.02625 0.022307692307692306
0 0.438125 0.94 0.03125 0.07384615384615384
0 0.7215625 0.3507692307692308 0.049375 0.07538461538461538
0 0.48781250000000004 0.17192307692307693 0.024375 0.026923076923076925
0 0.2184375 0.7496153846153846 0.018125 0.04230769230769231
0 0.53 0.20576923076923076 0.07375 0.054615384615384614
0 0.2403125 0.3819230769230769 0.020625 0.023846153846153847
0 0.535625 0.541923076923077 0.03875 0.05153846153846154
0 0.4284375 0.405 0.009375 0.01769230769230769
0 0.6565625 0.6753846153846154 0.051875000000000004 0.07538461538461538
0 0.4190625 0.2 0.024375 0.02923076923076923
0 0.1790625 0.445 0.023125 0.036153846153846154
0 0.805625 0.5761538461538461 0.0175 0.013846153846153847
0 0.54125 0.2873076923076923 0.0275 0.03923076923076923
0 0.3146875 0.9907692307692307 0.019375 0.015384615384615385
0 0.16468750000000001 0.7076923076923077 0.020625 0.016923076923076923
0 0.9953125 0.44576923076923075 0.009375 0.04692307692307692
0 0.8159375 0.34 0.114375 0.13538461538461538
0 0.3671875 0.33115384615384613 0.033125 0.016153846153846154
0 0.6950000000000001 0.6107692307692307 0.0225 0.01846153846153846
