0 0.6655202063628547 0.5860995850622407 0.09802235597592433 0.0975103734439834
0 0.3791917454858126 0.4413900414937759 0.08598452278589853 0.07157676348547717
0 0.43938091143594155 0.6675311203319502 0.08770421324161651 0.12344398340248963
0 0.2295786758383491 0.45954356846473027 0.10490111779879623 0.07053941908713693
0 0.4376612209802236 0.38433609958506226 0.05331040412725709 0.07157676348547717
0 0.4273430782459157 0.7723029045643154 0.0705073086844368 0.08195020746887967
0 0.6904557179707653 0.808091286307054 0.07566638005159071 0.08506224066390042
0 0.6117798796216681 0.6654564315352697 0.08340498710232158 0.08817427385892117
0 0.6913155631986243 0.43049792531120334 0.07394668959587275 0.06431535269709543
0 0.4380911435941531 0.14470954356846474 0.03869303525365434 0.052904564315352696
0 0.5356835769561479 0.7930497925311203 0.06706792777300086 0.1566390041493776
0 0.47420464316423044 0.8547717842323651 0.09028374892519346 0.10580912863070539
0 0.25064488392089423 0.5705394190871369 0.06276870163370593 0.0954356846473029
0 0.6156491831470335 0.48184647302904565 0.02407566638005159 0.03008298755186722
0 0.7914875322441961 0.6374481327800829 0.09200343938091143 0.06950207468879668
0 0.7734307824591574 0.5088174273858921 0.08684436801375753 0.10477178423236515
0 0.8172828890799656 0.6763485477178424 0.03181427343078246 0.03734439834024896
0 0.5945829750644884 0.883298755186722 0.0352536543422184 0.08402489626556017
0 0.3993981083404987 0.5705394190871369 0.026655202063628546 0.03734439834024896
0 0.4759243336199484 0.11721991701244813 0.019776440240756664 0.026970954356846474
0 0.5928632846087705 0.27022821576763484 0.0352536543422184 0.044605809128630707
0 0.26698194325021496 0.6566390041493776 0.06792777300085985 0.07053941908713693
0 0.6887360275150473 0.6986514522821576 0.08770421324161651 0.06535269709543569
0 0.528804815133276 0.38900414937759337 0.03955288048151333 0.04149377593360996
0 0.1238177128116939 0.6945020746887967 0.0705073086844368 0.046680497925311204
0 0.16251074806534824 0.5186721991701245 0.03611349957007739 0.07053941908713693
0 0.7708512467755804 0.6913900414937759 0.03009458297506449 0.038381742738589214
0 0.5292347377472055 0.11358921161825726 0.03869303525365434 0.044605809128630707
0 0.3233018056749785 0.5212655601659751 0.055030094582975066 0.052904564315352696
0 0.6109200343938092 0.17479253112033194 0.040412725709372314 0.0487551867219917
0 0.3615649183147034 0.5762448132780082 0.02837489251934652 0.023858921161825725
0 0.5232158211521926 0.31224066390041494 0.04213241616509029 0.04771784232365145
0 0.7828890799656062 0.5923236514522822 0.023215821152192607 0.03319502074688797
0 0.5283748925193466 0.2598547717842324 0.021496130696474634 0.023858921161825725
0 0.39767841788478075 0.15767634854771784 0.06964746345657782 0.0954356846473029
0 0.3594153052450559 0.19917012448132781 0.0412725709372313 0.03941908713692946
0 0.19174548581255374 0.5954356846473029 0.030954428202923476 0.022821576763485476
0 0.12854686156491832 0.5949170124481328 0.043852106620808254 0.04253112033195021
0 0.18615649183147034 0.7339211618257261 0.03009458297506449 0.03630705394190872
0 0.46302665520206365 0.475103734439834 0.023215821152192607 0.056016597510373446
0 0.2863284608770421 0.4237551867219917 0.030954428202923476 0.038381742738589214
0 0.32846087704213245 0.3215767634854772 0.08082545141874463 0.08298755186721991
0 0.4471195184866724 0.241701244813278 0.03955288048151333 0.04771784232365145
0 0.4006878761822872 0.3350622406639004 0.03611349957007739 0.0954356846473029
0 0.5219260533104041 0.15352697095435686 0.04815133276010318 0.043568464730290454
0 0.5993121238177128 0.3620331950207469 0.07394668959587275 0.06224066390041494
0 0.646603611349957 0.8609958506224067 0.0412725709372313 0.08921161825726141
0 0.17196904557179707 0.3801867219917012 0.03267411865864144 0.046680497925311204
0 0.5425623387790198 0.5181535269709544 0.10146173688736028 0.11929460580912864
0 0.2545141874462597 0.7577800829875518 0.025795356835769563 0.03630705394190872
0 0.3374892519346518 0.9185684647302904 0.026655202063628546 0.08817427385892117
0 0.8159931212381771 0.766597510373444 0.03267411865864144 0.035269709543568464
0 0.7295786758383491 0.3392116182572614 0.0472914875322442 0.049792531120331954
0 0.6246775580395529 0.4196058091286307 0.024935511607910577 0.032157676348547715
0 0.6478933791917455 0.279045643153527 0.04213241616509029 0.09336099585062241
0 0.2467755803955288 0.7152489626556017 0.018916595012897677 0.025933609958506226
0 0.5533104041272571 0.21317427385892115 0.01633705932932072 0.04253112033195021
0 0.9067067927773002 0.10580912863070539 0.012897678417884782 0.024896265560165977
0 0.11693895098882201 0.6281120331950207 0.025795356835769563 0.021784232365145227
0 0.5425623387790198 0.9185684647302904 0.030954428202923476 0.07157676348547717
0 0.29191745485812554 0.34699170124481327 0.0472914875322442 0.07157676348547717
0 0.5236457437661222 0.19139004149377595 0.02407566638005159 0.025933609958506226
0 0.7613929492691316 0.7505186721991701 0.018056749785038694 0.04045643153526971
0 0.4823731728288908 0.22095435684647302 0.07222699914015478 0.05186721991701245
0 0.7540842648323302 0.40300829875518673 0.02063628546861565 0.023858921161825725
0 0.46345657781599314 0.5378630705394191 0.037833190025795355 0.0487551867219917
0 0.5717970765262252 0.4144190871369295 0.010318142734307825 0.017634854771784232
0 0.34264832330180567 0.6571576763485477 0.05073086844368014 0.07157676348547717
0 0.5885640584694755 0.22147302904564314 0.024935511607910577 0.028008298755186723
0 0.8108340498710233 0.46680497925311204 0.02235597592433362 0.035269709543568464
0 0.20249355116079107 0.5549792531120332 0.018056749785038694 0.014522821576763486
0 0.46818572656921753 0.2966804979253112 0.026655202063628546 0.03734439834024896
0 0.6595012897678418 0.9735477178423236 0.02063628546861565 0.015560165975103735
0 0.8147033533963887 0.7142116182572614 0.019776440240756664 0.017634854771784232
0 0.02536543422184007 0.42064315352697096 0.009458297506448839 0.044605809128630707
0 0.2016337059329321 0.3309128630705394 0.11092003439380911 0.12863070539419086
0 0.6337059329320722 0.3475103734439834 0.03267411865864144 0.016597510373443983
0 0.30782459157351677 0.5938796680497925 0.02235597592433362 0.017634854771784232
