0 0.32950191570881227 0.43692449355432783 0.09655172413793103 0.09668508287292818
0 0.6241379310344828 0.5418968692449355 0.08505747126436781 0.070902394106814
0 0.5448275862068965 0.32734806629834257 0.08735632183908046 0.12062615101289136
0 0.7701149425287357 0.5041436464088398 0.10421455938697319 0.06906077348066299
0 0.5720306513409962 0.6049723756906078 0.052873563218390804 0.06998158379373849
0 0.5475095785440613 0.22329650092081033 0.06973180076628353 0.08011049723756906
0 0.28544061302681994 0.22237569060773482 0.07432950191570882 0.0837937384898711
0 0.37509578544061306 0.35174953959484345 0.08199233716475096 0.0865561694290976
0 0.31839080459770114 0.5925414364640884 0.07279693486590039 0.06353591160220995
0 0.59272030651341 0.8402394106813996 0.037547892720306515 0.05248618784530387
0 0.4386973180076629 0.21731123388581952 0.06666666666666667 0.15469613259668508
0 0.4934865900383142 0.1487108655616943 0.08888888888888889 0.10405156537753223
0 0.7394636015325671 0.39825046040515655 0.0628352490421456 0.09484346224677717
0 0.38773946360153255 0.5326887661141805 0.022988505747126436 0.0285451197053407
0 0.20076628352490422 0.40239410681399634 0.09042145593869733 0.06813996316758748
0 0.22988505747126436 0.5267034990791897 0.08582375478927204 0.10313075506445672
0 0.17203065134099618 0.36786372007366486 0.0314176245210728 0.037753222836095765
0 0.3727969348659004 0.13627992633517497 0.034482758620689655 0.08287292817679558
0 0.59272030651341 0.4171270718232044 0.02528735632183908 0.03683241252302026
0 0.5578544061302683 0.8724677716390424 0.01992337164750958 0.026703499079189688
0 0.42911877394636017 0.7375690607734807 0.033716475095785445 0.04419889502762431
0 0.7157088122605364 0.31583793738489874 0.06743295019157089 0.06998158379373849
0 0.29655172413793107 0.3291896869244936 0.08735632183908046 0.06353591160220995
0 0.4812260536398468 0.6123388581952118 0.03831417624521073 0.040515653775322284
0 0.8532567049808429 0.2596685082872928 0.06973180076628353 0.04604051565377532
0 0.8310344827586207 0.43784530386740333 0.03601532567049809 0.06906077348066299
0 0.2160919540229885 0.3466850828729282 0.029118773946360154 0.037753222836095765
0 0.5057471264367817 0.8825966850828729 0.03831417624521073 0.0432780847145488
0 0.6720306513409962 0.4562615101289135 0.05517241379310345 0.05248618784530387
0 0.4199233716475096 0.8328729281767956 0.03984674329501916 0.04880294659300184
0 0.6298850574712644 0.40745856353591164 0.027586206896551724 0.02302025782688766
0 0.4942528735632184 0.6869244935543278 0.041379310344827586 0.04604051565377532
0 0.21302681992337166 0.44567219152854515 0.022988505747126436 0.03314917127071823
0 0.4934865900383142 0.7394106813996317 0.02145593869731801 0.02394106813996317
0 0.6314176245210729 0.8222836095764273 0.06896551724137931 0.09392265193370167
0 0.6647509578544062 0.7767034990791897 0.040613026819923376 0.03959484346224678
0 0.7954022988505748 0.3664825046040516 0.030651340996168584 0.022099447513812154
0 0.8574712643678161 0.35865561694290976 0.04291187739463602 0.04143646408839779
0 0.7888888888888889 0.22974217311233885 0.029885057471264367 0.03591160220994475
0 0.539080459770115 0.5193370165745856 0.022222222222222223 0.05524861878453039
0 0.7172413793103448 0.5474217311233887 0.030651340996168584 0.037753222836095765
0 0.6850574712643679 0.6523941068139963 0.07969348659003832 0.08195211786372007
0 0.575095785440613 0.746316758747698 0.03908045977011494 0.046961325966850834
0 0.6126436781609196 0.6487108655616943 0.03601532567049809 0.09484346224677717
0 0.5095785440613027 0.8425414364640884 0.04750957854406131 0.0423572744014733
0 0.41455938697318007 0.6477900552486188 0.0735632183908046 0.061694290976058934
0 0.32337164750957853 0.16482504604051565 0.041379310344827586 0.08839779005524862
0 0.8337164750957855 0.5750460405156538 0.03218390804597701 0.04511970534069982
0 0.457088122605364 0.48756906077348067 0.10038314176245211 0.11694290976058933
0 0.7191570881226054 0.21500920810313076 0.02528735632183908 0.03591160220994475
0 0.6226053639846744 0.06813996316758748 0.02681992337164751 0.0865561694290976
0 0.16551724137931034 0.27900552486187846 0.03218390804597701 0.034990791896869246
0 0.2885057471264368 0.68646408839779 0.04674329501915709 0.04880294659300184
0 0.38429118773946364 0.5948434622467772 0.02528735632183908 0.03130755064456722
0 0.3739463601532567 0.7357274401473297 0.041379310344827586 0.09208103130755065
0 0.7298850574712644 0.255524861878453 0.019157088122605366 0.024861878453038676
0 0.4731800766283525 0.7882136279926335 0.016091954022988506 0.0423572744014733
0 0.13448275862068965 0.9392265193370166 0.013026819923371648 0.02578268876611418
0 0.8655172413793104 0.32458563535911605 0.02528735632183908 0.02117863720073665
0 0.4206896551724138 0.09484346224677717 0.030651340996168584 0.06998158379373849
0 0.7183908045977012 0.6229281767955801 0.04674329501915709 0.070902394106814
0 0.5042145593869732 0.8057090239410681 0.022988505747126436 0.02578268876611418
0 0.22030651340996169 0.287292817679558 0.017624521072796936 0.040515653775322284
0 0.542528735632184 0.7711786372007366 0.07049808429118774 0.05064456721915286
0 0.2582375478927203 0.6279926335174955 0.01992337164750958 0.02394106813996317
0 0.5329501915708812 0.4581031307550645 0.037547892720306515 0.04880294659300184
0 0.4371647509578544 0.5930018416206262 0.00996168582375479 0.016574585635359115
0 0.6409961685823755 0.32550644567219156 0.04980842911877395 0.070902394106814
0 0.43754789272030653 0.7845303867403315 0.024521072796934867 0.027624309392265196
0 0.19693486590038314 0.572744014732965 0.022988505747126436 0.034990791896869246
0 0.7881226053639847 0.40745856353591164 0.017624521072796936 0.013812154696132598
0 0.5498084291187739 0.6947513812154696 0.02681992337164751 0.03591160220994475
0 0.3007662835249042 0.05570902394106814 0.019157088122605366 0.01565377532228361
0 0.17126436781609197 0.3301104972375691 0.019157088122605366 0.017495395948434623
0 0.9747126436781609 0.5161141804788214 0.009195402298850575 0.04511970534069982
0 0.8088122605363985 0.6270718232044199 0.10957854406130269 0.1270718232044199
0 0.38199233716475095 0.666206261510129 0.0314176245210728 0.01565377532228361
0 0.6812260536398468 0.3830570902394107 0.02145593869731801 0.01841620626151013
