0 0.3270799347471452 0.5713577799801783 0.09951060358890702 0.10009910802775024
0 0.6260195758564437 0.45242814667988107 0.08727569331158239 0.07234886025768086
0 0.550163132137031 0.6764122893954411 0.08890701468189234 0.12586719524281467
0 0.7756933115823818 0.48562933597621405 0.10603588907014683 0.07135777998017839
0 0.5709624796084829 0.38850346878097125 0.05383360522022839 0.07333994053518335
0 0.5554649265905384 0.7839444995044599 0.07177814029363785 0.08325074331020813
0 0.2875203915171289 0.7948463825569871 0.07585644371941273 0.08721506442021804
0 0.3764274061990212 0.6575817641228939 0.08401305057096248 0.09018830525272548
0 0.31158238172920066 0.410802775024777 0.07504078303425775 0.06640237859266601
0 0.5860522022838499 0.14519326065411298 0.03833605220228385 0.05450941526263627
0 0.44412724306688417 0.7948463825569871 0.06769983686786298 0.16055500495540137
0 0.5024469820554649 0.8632309217046581 0.09135399673735727 0.10703666997026759
0 0.7471451876019576 0.5961347869177404 0.0636215334420881 0.0981169474727453
0 0.3841761827079935 0.4707631318136769 0.024469820554649267 0.02973240832507433
0 0.19657422512234912 0.6114965312190287 0.09298531810766722 0.07135777998017839
0 0.2234910277324633 0.4826560951437066 0.08809135399673736 0.10703666997026759
0 0.16802610114192496 0.6486620416253717 0.032626427406199025 0.03865213082259663
0 0.3792822185970636 0.8810703666997026 0.03588907014681893 0.08523290386521308
0 0.5970636215334422 0.5817641228939544 0.026101141924959218 0.03766105054509415
0 0.549347471451876 0.11298315163528246 0.020391517128874388 0.027750247770069375
0 0.4212887438825449 0.25768087215064417 0.03507340946166395 0.04558969276511397
0 0.7247145187601958 0.6818632309217046 0.06933115823817293 0.07333994053518335
0 0.29608482871125613 0.6843409316154608 0.08972267536704731 0.06640237859266601
0 0.4779771615008157 0.38503468780971256 0.03915171288743883 0.04261645193260654
0 0.867047308319739 0.734390485629336 0.07177814029363785 0.04757185332011893
0 0.8397226753670474 0.5515361744301288 0.0367047308319739 0.07234886025768086
0 0.2141109298531811 0.6684836471754212 0.030179445350734097 0.03865213082259663
0 0.49632952691680265 0.10406342913776015 0.039967373572593806 0.04558969276511397
0 0.6765905383360522 0.5386521308225967 0.056280587275693315 0.05450941526263627
0 0.40946166394779776 0.15906838453914768 0.040783034257748776 0.05054509415262636
0 0.6349918433931485 0.591179385530228 0.028548123980424146 0.024777006937561942
0 0.4893964110929853 0.3072348860257681 0.04241435562805873 0.04757185332011893
0 0.20840130505709625 0.5668979187314173 0.02365415986949429 0.03369672943508424
0 0.4873572593800979 0.25322101090188304 0.02202283849918434 0.024777006937561942
0 0.6260195758564437 0.1620416253716551 0.07096247960848287 0.0981169474727453
0 0.6619086460032627 0.20763131813676908 0.041598694942903754 0.040634291377601585
0 0.8050570962479608 0.6268582755203171 0.03099510603588907 0.022794846382556987
0 0.8686786296900489 0.6323092170465807 0.04404567699836868 0.04360753221010902
0 0.801794453507341 0.7685827552031714 0.03099510603588907 0.036669970267591674
0 0.5395595432300163 0.4781962338949455 0.02365415986949429 0.05649157581764123
0 0.7206362153344209 0.44350842418235875 0.03181076672104405 0.03865213082259663
0 0.6851549755301795 0.33597621407333994 0.08156606851549755 0.08523290386521308
0 0.5705546492659054 0.24331020812685827 0.039967373572593806 0.048562933597621406
0 0.6113376835236541 0.3419226957383548 0.0367047308319739 0.09712586719524281
0 0.500815660685155 0.14568880079286423 0.048939641109298535 0.04360753221010902
0 0.4086460032626428 0.35034687809712584 0.07504078303425775 0.062438057482656094
0 0.3278955954323002 0.852824578790882 0.04241435562805873 0.09217046580773042
0 0.8393148450244698 0.4103072348860258 0.032626427406199025 0.04757185332011893
0 0.45595432300163136 0.514370664023786 0.10277324632952692 0.12091179385530228
0 0.7308319738988581 0.7864222001982161 0.026101141924959218 0.036669970267591674
0 0.636215334420881 0.9415262636273538 0.02773246329526917 0.08919722497522299
0 0.1635399673735726 0.740832507433102 0.033442088091353996 0.036669970267591674
0 0.27895595432300163 0.31466798810703667 0.048939641109298535 0.05054509415262636
0 0.37969004893964114 0.40634291377601583 0.02528548123980424 0.031714568880079286
0 0.36541598694942906 0.2606541129831516 0.04241435562805873 0.09514370664023786
0 0.7414355628058727 0.7438057482656095 0.019575856443719414 0.026759167492566897
0 0.46492659053833607 0.20317145688800792 0.016313213703099513 0.04360753221010902
0 0.11500815660685156 0.05946481665014866 0.013050570962479609 0.02576808721506442
0 0.8780587275693312 0.6669970267591675 0.02528548123980424 0.02180376610505451
0 0.42903752039151716 0.9217046580773043 0.03099510603588907 0.07333994053518335
0 0.7202283849918434 0.3647175421209118 0.048939641109298535 0.07333994053518335
0 0.49632952691680265 0.1838453914767096 0.02365415986949429 0.026759167492566897
0 0.21941272430668843 0.7294350842418236 0.017944535073409464 0.04162537165510406
0 0.5362969004893965 0.2180376610505451 0.07259380097879282 0.053518334985133795
0 0.24959216965742254 0.37710604558969274 0.021207177814029365 0.024777006937561942
0 0.5346655791190865 0.5426164519326065 0.03833605220228385 0.05054509415262636
0 0.433115823817292 0.4058473736372646 0.009787928221859707 0.01684836471754212
0 0.6488580750407831 0.6749256689791873 0.05138662316476346 0.07333994053518335
0 0.42862969004893964 0.20862239841427155 0.02528548123980424 0.028741328047571853
0 0.18841761827079936 0.4360753221010902 0.022838499184339316 0.035678889990089196
0 0.7964926590538336 0.5852329038652131 0.018760195758564437 0.014866204162537165
0 0.5460848287112562 0.2968285431119921 0.026916802610114195 0.03865213082259663
0 0.30791190864600326 0.9663032705649157 0.020391517128874388 0.015857284440039643
0 0.16843393148450245 0.6878097125867195 0.020391517128874388 0.017839444995044598
0 0.984910277324633 0.4658077304261645 0.008972267536704732 0.04558969276511397
0 0.8123980424143556 0.3572844400396432 0.11256117455138663 0.13181367690782952
0 0.37520391517128876 0.33250743310208125 0.032626427406199025 0.01684836471754212
0 0.6880097879282219 0.6139742319127849 0.02202283849918434 0.018830525272547076
