0 0.2990625 0.425 0.100625 0.10230769230769231
0 0.601875 0.5603846153846154 0.08875 0.07461538461538461
0 0.5303125 0.32461538461538464 0.090625 0.12923076923076923
0 0.7565625 0.5319230769230769 0.108125 0.07307692307692308
0 0.5440625 0.6242307692307693 0.054375 0.07461538461538461
0 0.5387500000000001 0.21346153846153845 0.0725 0.08538461538461538
0 0.264375 0.19153846153846155 0.0775 0.08923076923076922
0 0.3515625 0.3376923076923077 0.085625 0.09230769230769231
0 0.2790625 0.5907692307692307 0.075625 0.06769230769230769
0 0.553125 0.8776923076923077 0.03875 0.055384615384615386
0 0.425 0.19807692307692307 0.06875 0.16538461538461538
0 0.48625 0.12923076923076923 0.0925 0.11076923076923077
0 0.73 0.4157692307692308 0.065 0.10076923076923076
0 0.355 0.5319230769230769 0.02375 0.03
0 0.1665625 0.37846153846153846 0.094375 0.07230769230769231
0 0.1903125 0.5134615384615384 0.089375 0.11
0 0.138125 0.33884615384615385 0.0325 0.03923076923076923
0 0.3603125 0.10615384615384615 0.035625000000000004 0.0876923076923077
0 0.575625 0.4246153846153846 0.02625 0.038461538461538464
0 0.515 0.9092307692307692 0.02 0.027692307692307693
0 0.3875 0.7546153846153846 0.035 0.046153846153846156
0 0.709375 0.32576923076923076 0.07 0.07461538461538461
0 0.2703125 0.3069230769230769 0.090625 0.06769230769230769
0 0.44875 0.6246153846153846 0.04 0.043076923076923075
0 0.8562500000000001 0.2765384615384615 0.0725 0.04846153846153846
0 0.8234375 0.4653846153846154 0.036875 0.07384615384615384
0 0.185625 0.31961538461538463 0.03 0.03923076923076923
0 0.46 0.9161538461538462 0.04 0.046153846153846156
0 0.6565625 0.4723076923076923 0.056875 0.055384615384615386
0 0.3728125 0.8561538461538462 0.040625 0.05076923076923077
0 0.6146875 0.4165384615384615 0.028125 0.023846153846153847
0 0.458125 0.7057692307692308 0.0425 0.04846153846153846
0 0.1771875 0.42538461538461536 0.023125 0.033846153846153845
0 0.4546875 0.7615384615384615 0.021875000000000002 0.024615384615384615
0 0.5946875 0.8615384615384616 0.07187500000000001 0.1
0 0.6321875 0.8153846153846154 0.041875 0.04153846153846154
0 0.79 0.3861538461538462 0.03125 0.023076923076923078
0 0.8553125 0.38269230769230766 0.044375 0.04384615384615385
0 0.7903125 0.23884615384615385 0.030625 0.03769230769230769
0 0.5140625 0.53 0.023125 0.05846153846153846
0 0.6990625 0.5734615384615385 0.031875 0.03923076923076923
0 0.6596875 0.6834615384615385 0.083125 0.08692307692307692
0 0.5396875 0.7753846153846153 0.040625 0.04923076923076923
0 0.5840625 0.6742307692307692 0.036875 0.10076923076923076
0 0.4659375 0.8738461538461538 0.049375 0.04461538461538461
0 0.376875 0.6576923076923077 0.07625 0.06461538461538462
0 0.3071875 0.13307692307692306 0.041875 0.09384615384615384
0 0.819375 0.6123076923076923 0.0325 0.047692307692307694
0 0.4296875 0.48923076923076925 0.104375 0.12461538461538461
0 0.7184375000000001 0.21769230769230768 0.025625000000000002 0.03692307692307692
0 0.6253125 0.05307692307692308 0.026875 0.09230769230769231
0 0.13593750000000002 0.24307692307692308 0.033125 0.03692307692307692
0 0.243125 0.6896153846153846 0.04875 0.05153846153846154
0 0.3484375 0.5984615384615385 0.025625000000000002 0.03230769230769231
0 0.33 0.7488461538461538 0.0425 0.09769230769230769
0 0.7278125 0.2623076923076923 0.019375 0.026153846153846153
0 0.43062500000000004 0.8123076923076923 0.01625 0.04461538461538461
0 0.06875 0.9476923076923077 0.0125 0.026153846153846153
0 0.8659375 0.34692307692307695 0.025625000000000002 0.021538461538461538
0 0.41250000000000003 0.06576923076923077 0.03125 0.07461538461538461
0 0.69625 0.6546153846153846 0.04875 0.07538461538461538
0 0.4625 0.8338461538461538 0.02375 0.026153846153846153
0 0.193125 0.25653846153846155 0.0175 0.04230769230769231
0 0.504375 0.8 0.07375 0.05384615384615385
0 0.2146875 0.6238461538461538 0.020625 0.024615384615384615
0 0.510625 0.4634615384615385 0.03875 0.05153846153846154
0 0.4034375 0.6007692307692307 0.009375 0.016923076923076923
0 0.6309375 0.33 0.051875000000000004 0.07538461538461538
0 0.39375 0.8057692307692308 0.025 0.02846153846153846
0 0.1534375 0.5603846153846154 0.023125 0.036153846153846154
0 0.7803125 0.42923076923076925 0.018125 0.013846153846153847
0 0.5159375 0.7184615384615385 0.026875 0.038461538461538464
0 0.289375 0.014615384615384615 0.02 0.015384615384615385
0 0.139375 0.2980769230769231 0.02 0.01769230769230769
0 0.97 0.5603846153846154 0.00875 0.04692307692307692
0 0.7903125 0.6661538461538462 0.114375 0.13538461538461538
0 0.341875 0.675 0.0325 0.016153846153846154
0 0.6696875 0.3946153846153846 0.021875000000000002 0.01846153846153846
