0 0.3234375 0.5803846153846154 0.100625 0.10230769230769231
0 0.62625 0.445 0.08875 0.07461538461538461
0 0.5546875 0.6807692307692308 0.090625 0.12923076923076923
0 0.7809375000000001 0.47346153846153843 0.108125 0.07307692307692308
0 0.5684375 0.3811538461538462 0.054375 0.07461538461538461
0 0.563125 0.791923076923077 0.0725 0.08538461538461538
0 0.28875 0.8138461538461539 0.0775 0.08923076923076922
0 0.37593750000000004 0.6676923076923077 0.085625 0.09230769230769231
0 0.3034375 0.4146153846153846 0.075625 0.06769230769230769
0 0.5775 0.1276923076923077 0.03875 0.055384615384615386
0 0.449375 0.8073076923076923 0.06875 0.16538461538461538
0 0.510625 0.8761538461538462 0.0925 0.11076923076923077
0 0.754375 0.5896153846153847 0.065 0.10076923076923076
0 0.379375 0.47346153846153843 0.02375 0.03
0 0.1909375 0.6269230769230769 0.094375 0.07230769230769231
0 0.2146875 0.4919230769230769 0.089375 0.11
0 0.1625 0.6665384615384615 0.0325 0.03923076923076923
0 0.3846875 0.8992307692307693 0.035625000000000004 0.0876923076923077
0 0.6 0.5807692307692308 0.02625 0.038461538461538464
0 0.539375 0.09615384615384616 0.02 0.027692307692307693
0 0.411875 0.25076923076923074 0.035 0.046153846153846156
0 0.73375 0.6796153846153846 0.07 0.07461538461538461
0 0.2946875 0.6984615384615385 0.090625 0.06769230769230769
0 0.473125 0.38076923076923075 0.04 0.043076923076923075
0 0.880625 0.7288461538461538 0.0725 0.04846153846153846
0 0.8478125 0.54 0.036875 0.07384615384615384
0 0.21 0.6857692307692308 0.03 0.03923076923076923
0 0.484375 0.08923076923076922 0.04 0.046153846153846156
0 0.6809375 0.5330769230769231 0.056875 0.055384615384615386
0 0.3971875 0.14923076923076922 0.040625 0.05076923076923077
0 0.6390625 0.5888461538461538 0.028125 0.023846153846153847
0 0.4825 0.2996153846153846 0.0425 0.04846153846153846
0 0.2015625 0.58 0.023125 0.033846153846153845
0 0.4790625 0.24384615384615385 0.021875000000000002 0.024615384615384615
0 0.6190625 0.14384615384615385 0.07187500000000001 0.1
0 0.6565625 0.19 0.041875 0.04153846153846154
0 0.8143750000000001 0.6192307692307693 0.03125 0.023076923076923078
0 0.8796875000000001 0.6226923076923077 0.044375 0.04384615384615385
0 0.8146875 0.7665384615384615 0.030625 0.03769230769230769
0 0.5384375 0.4753846153846154 0.023125 0.05846153846153846
0 0.7234375000000001 0.4319230769230769 0.031875 0.03923076923076923
0 0.6840625 0.3219230769230769 0.083125 0.08692307692307692
0 0.5640625 0.23 0.040625 0.04923076923076923
0 0.6084375 0.33115384615384613 0.036875 0.10076923076923076
0 0.4903125 0.13153846153846155 0.049375 0.04461538461538461
0 0.40125 0.3476923076923077 0.07625 0.06461538461538462
0 0.3315625 0.8723076923076923 0.041875 0.09384615384615384
0 0.84375 0.3930769230769231 0.0325 0.047692307692307694
0 0.45406250000000004 0.5161538461538462 0.104375 0.12461538461538461
0 0.7428125 0.7876923076923077 0.025625000000000002 0.03692307692307692
0 0.6496875 0.9523076923076923 0.026875 0.09230769230769231
0 0.1603125 0.7623076923076924 0.033125 0.03692307692307692
0 0.2675 0.31576923076923075 0.04875 0.05153846153846154
0 0.3728125 0.40692307692307694 0.025625000000000002 0.03230769230769231
0 0.354375 0.25653846153846155 0.0425 0.09769230769230769
0 0.7521875 0.7430769230769231 0.019375 0.026153846153846153
0 0.455 0.1930769230769231 0.01625 0.04461538461538461
0 0.093125 0.057692307692307696 0.0125 0.026153846153846153
0 0.8903125000000001 0.6584615384615384 0.025625000000000002 0.021538461538461538
0 0.436875 0.9396153846153846 0.03125 0.07461538461538461
0 0.720625 0.3507692307692308 0.04875 0.07538461538461538
0 0.486875 0.17153846153846153 0.02375 0.026153846153846153
0 0.2175 0.7488461538461538 0.0175 0.04230769230769231
0 0.52875 0.2053846153846154 0.07375 0.05384615384615385
0 0.2390625 0.38153846153846155 0.020625 0.024615384615384615
0 0.535 0.541923076923077 0.03875 0.05153846153846154
0 0.4278125 0.4046153846153846 0.009375 0.016923076923076923
0 0.6553125 0.6753846153846154 0.051875000000000004 0.07538461538461538
0 0.418125 0.1996153846153846 0.025 0.02846153846153846
0 0.1778125 0.445 0.023125 0.036153846153846154
0 0.8046875 0.5761538461538461 0.018125 0.013846153846153847
0 0.5403125 0.28692307692307695 0.026875 0.038461538461538464
0 0.31375000000000003 0.9907692307692307 0.02 0.015384615384615385
0 0.16375 0.7073076923076923 0.02 0.01769230769230769
0 0.994375 0.445 0.00875 0.04692307692307692
0 0.8146875 0.3392307692307692 0.114375 0.13538461538461538
0 0.36625 0.3303846153846154 0.0325 0.016153846153846154
0 0.6940625 0.6107692307692307 0.021875000000000002 0.01846153846153846
