0 0.6727062451811874 0.4277673545966229 0.09946029298380879 0.09943714821763602
0 0.37393986121819583 0.5487804878048781 0.08789514263685427 0.07317073170731707
0 0.448727833461835 0.3231707317073171 0.08943716268311487 0.12664165103189493
0 0.2235929067077872 0.5159474671669794 0.10639938319198149 0.07129455909943715
0 0.42868157286044717 0.6121013133208255 0.05397070161912105 0.07223264540337711
0 0.44294525828835773 0.21529080675422138 0.07170393215111796 0.08348968105065666
0 0.7120277563608327 0.20309568480300189 0.07632999228989977 0.08724202626641651
0 0.623361603700848 0.34146341463414637 0.08404009252120277 0.0900562851782364
0 0.6888974556669236 0.5886491557223265 0.07478797224363916 0.06660412757973734
0 0.41480339244410175 0.8564727954971857 0.03855050115651503 0.054409005628517824
0 0.5547417116422513 0.2045028142589118 0.06861989205859675 0.16135084427767354
0 0.49653045489591363 0.13555347091932457 0.09097918272937548 0.10787992495309569
0 0.2517347725520432 0.4047842401500938 0.06399383191981496 0.09849906191369606
0 0.6156515034695451 0.5290806754221389 0.02390131071703932 0.0300187617260788
0 0.8033924441017732 0.3874296435272045 0.09252120277563608 0.07129455909943715
0 0.7771781033153431 0.5168855534709194 0.08789514263685427 0.10694183864915573
0 0.8319198149575944 0.349906191369606 0.03238242097147263 0.039399624765478425
0 0.6198920585967618 0.1177298311444653 0.03546646106399383 0.08536585365853659
0 0.40246723207401697 0.41838649155722324 0.026214340786430222 0.0375234521575985
0 0.4510408635312259 0.8883677298311444 0.020046260601387818 0.028142589118198873
0 0.5790285273708558 0.7434333958724203 0.03546646106399383 0.04596622889305816
0 0.27409406322282187 0.31801125703564725 0.06861989205859675 0.07317073170731707
0 0.7031611410948342 0.3147279549718574 0.08943716268311487 0.06660412757973734
0 0.5219737856592136 0.6158536585365854 0.040092521202775636 0.04221388367729831
0 0.13145720894371626 0.26594746716697937 0.07170393215111796 0.04784240150093809
0 0.15959907478797222 0.449812382739212 0.03700848111025443 0.07223264540337711
0 0.7860447185813415 0.3297373358348968 0.030069390902081727 0.038461538461538464
0 0.5046260601387818 0.8968105065666041 0.03932151117964534 0.0450281425891182
0 0.3226676946800308 0.46153846153846156 0.056283731688511945 0.054409005628517824
0 0.5913646877409406 0.8419324577861164 0.040092521202775636 0.04971857410881801
0 0.3643022359290671 0.4090056285178236 0.028527370855821126 0.024390243902439025
0 0.5111796453353893 0.6937148217636022 0.04163454124903623 0.04784240150093809
0 0.7918272937548188 0.4324577861163227 0.02313030069390902 0.03377110694183865
0 0.5131071703932151 0.7476547842401501 0.022359290670778718 0.024390243902439025
0 0.37393986121819583 0.8395872420262664 0.07093292212798766 0.0975609756097561
0 0.33847340015420196 0.7936210131332082 0.04163454124903623 0.04127579737335835
0 0.19390902081727063 0.37382739212007504 0.03161141094834233 0.02345215759849906
0 0.12991518889745565 0.36866791744840527 0.04394757131842714 0.043151969981238276
0 0.19660755589822668 0.23170731707317074 0.030840400925212026 0.0375234521575985
0 0.46029298380878947 0.5220450281425891 0.02313030069390902 0.05722326454033771
0 0.2787201233616037 0.5581613508442776 0.03161141094834233 0.039399624765478425
0 0.3145720894371627 0.6655722326454033 0.08172706245181187 0.08536585365853659
0 0.4298380878951426 0.7584427767354597 0.040863531225905934 0.04784240150093809
0 0.38858905165767155 0.6590056285178236 0.03700848111025443 0.09849906191369606
0 0.49961449498843485 0.8560037523452158 0.04934464148033924 0.04409005628517824
0 0.5913646877409406 0.650093808630394 0.07555898226676946 0.06378986866791744
0 0.6715497301464919 0.14540337711069418 0.04163454124903623 0.09193245778611632
0 0.16037008481110254 0.5919324577861164 0.03238242097147263 0.04690431519699812
0 0.5439475713184271 0.48545966228893056 0.10254433307632999 0.12101313320825516
0 0.26754047802621433 0.21341463414634146 0.026214340786430222 0.036585365853658534
0 0.36198920585967614 0.058161350844277676 0.026985350809560524 0.0900562851782364
0 0.836160370084811 0.2575046904315197 0.033153430994602925 0.036585365853658534
0 0.7216653816499614 0.6857410881801126 0.04780262143407864 0.05065666041275797
0 0.6206630686198921 0.5938086303939962 0.026214340786430222 0.03189493433395872
0 0.6356977640709329 0.7396810506566605 0.04240555127216654 0.0947467166979362
0 0.25751734772552043 0.25609756097560976 0.020046260601387818 0.026266416510318948
0 0.535851966075559 0.7978424015009381 0.016962220508866616 0.04409005628517824
0 0.8862760215882806 0.9399624765478424 0.013107170393215111 0.026266416510318948
0 0.12066306861989205 0.3334896810506567 0.025443330763299923 0.021575984990619138
0 0.5697764070932921 0.07692307692307693 0.030840400925212026 0.07317073170731707
0 0.27949113338473397 0.6364915572232646 0.04857363145720894 0.07410881801125703
0 0.5038550501156515 0.8170731707317073 0.02390131071703932 0.026266416510318948
0 0.7798766383962992 0.2687617260787992 0.017733230531996914 0.04221388367729831
0 0.46376252891287584 0.7833020637898687 0.07324595219737856 0.052532833020637895
0 0.7505782575173477 0.6228893058161351 0.020817270624518117 0.024390243902439025
0 0.4649190439475713 0.45778611632270166 0.03855050115651503 0.05065666041275797
0 0.5670778720123362 0.5942776735459663 0.010023130300693909 0.017823639774859287
0 0.35042405551272165 0.325046904315197 0.051657671549730146 0.07410881801125703
0 0.5717039321511179 0.7926829268292683 0.025443330763299923 0.028142589118198873
0 0.8118735543562066 0.5637898686679175 0.02313030069390902 0.03564727954971857
0 0.20277563608326907 0.4160412757973734 0.018504240555127217 0.014071294559099437
0 0.4545104086353122 0.7040337711069419 0.026985350809560524 0.038461538461538464
0 0.6912104857363145 0.03142589118198874 0.020817270624518117 0.01594746716697936
0 0.8315343099460293 0.31050656660412757 0.020817270624518117 0.01876172607879925
0 0.013878180416345412 0.5361163227016885 0.009252120277563608 0.04596622889305816
0 0.18735543562066306 0.6444652908067542 0.11256746337702389 0.13133208255159476
0 0.6252891287586738 0.6679174484052532 0.03238242097147263 0.016885553470919325
0 0.3111025443330763 0.38649155722326456 0.022359290670778718 0.01876172607879925
