0 0.673238255033557 0.5724489795918368 0.09983221476510067 0.1
0 0.37416107382550334 0.451530612244898 0.087248322147651 0.07244897959183674
0 0.44924496644295303 0.6770408163265307 0.08976510067114093 0.12551020408163266
0 0.2235738255033557 0.4841836734693878 0.10654362416107382 0.07244897959183674
0 0.42911073825503354 0.38775510204081637 0.05453020134228188 0.07346938775510205
0 0.4433724832214765 0.7846938775510205 0.07130872483221476 0.0836734693877551
0 0.712248322147651 0.7969387755102042 0.07718120805369127 0.08775510204081634
0 0.6237416107382551 0.6581632653061225 0.08473154362416108 0.08979591836734695
0 0.6891778523489933 0.4117346938775511 0.07466442953020135 0.0663265306122449
0 0.41442953020134227 0.14336734693877554 0.03859060402684564 0.05408163265306123
0 0.5549496644295302 0.7959183673469389 0.06795302013422819 0.16122448979591839
0 0.4966442953020134 0.8642857142857143 0.09060402684563758 0.10816326530612246
0 0.2520973154362416 0.5954081632653062 0.06459731543624161 0.0989795918367347
0 0.6161912751677853 0.4709183673469388 0.024328859060402684 0.02959183673469388
0 0.8041107382550335 0.6127551020408164 0.09312080536912752 0.07040816326530613
0 0.777265100671141 0.48316326530612247 0.08808724832214765 0.10714285714285715
0 0.8326342281879194 0.65 0.03271812080536913 0.03877551020408164
0 0.6203859060402684 0.8826530612244898 0.0360738255033557 0.08571428571428572
0 0.40268456375838924 0.5816326530612246 0.026845637583892617 0.03877551020408164
0 0.4513422818791946 0.11173469387755103 0.020134228187919462 0.02755102040816327
0 0.5796979865771812 0.2566326530612245 0.03523489932885906 0.04591836734693878
0 0.27390939597315433 0.6816326530612246 0.06963087248322147 0.07346938775510205
0 0.7038590604026845 0.6852040816326531 0.08892617449664429 0.0663265306122449
0 0.5226510067114094 0.38469387755102047 0.040268456375838924 0.04285714285714286
0 0.13171140939597314 0.7341836734693878 0.0721476510067114 0.047959183673469394
0 0.1593959731543624 0.5505102040816326 0.03691275167785235 0.07244897959183674
0 0.7860738255033557 0.6704081632653062 0.030201342281879193 0.03877551020408164
0 0.5050335570469798 0.10306122448979593 0.040268456375838924 0.04489795918367347
0 0.3225671140939597 0.538265306122449 0.05620805369127517 0.05408163265306123
0 0.5914429530201342 0.1576530612244898 0.040268456375838924 0.05
0 0.3649328859060403 0.5908163265306123 0.028523489932885907 0.02448979591836735
0 0.5113255033557047 0.3066326530612245 0.04278523489932886 0.047959183673469394
0 0.7923657718120806 0.567857142857143 0.022651006711409395 0.0336734693877551
0 0.5134228187919463 0.25204081632653064 0.02181208053691275 0.02448979591836735
0 0.37458053691275167 0.16020408163265307 0.07130872483221476 0.0979591836734694
0 0.3389261744966443 0.20612244897959187 0.04194630872483222 0.04081632653061225
0 0.19379194630872482 0.6260204081632653 0.031879194630872486 0.023469387755102045
0 0.1304530201342282 0.6316326530612245 0.044463087248322146 0.04285714285714286
0 0.1967281879194631 0.7683673469387756 0.03104026845637584 0.036734693877551024
0 0.46057046979865773 0.478061224489796 0.02348993288590604 0.05816326530612245
0 0.2785234899328859 0.4418367346938776 0.031879194630872486 0.03877551020408164
0 0.3145973154362416 0.33418367346938777 0.08221476510067113 0.08469387755102041
0 0.4303691275167785 0.24183673469387756 0.040268456375838924 0.0489795918367347
0 0.38926174496644295 0.3408163265306123 0.03691275167785235 0.0979591836734694
0 0.5 0.14438775510204083 0.04865771812080537 0.04387755102040817
0 0.5922818791946308 0.35000000000000003 0.07550335570469799 0.06326530612244899
0 0.671979865771812 0.8551020408163266 0.04194630872483222 0.09183673469387756
0 0.16023489932885907 0.40816326530612246 0.031879194630872486 0.04693877551020409
0 0.5440436241610738 0.514795918367347 0.10318791946308725 0.12142857142857144
0 0.2676174496644295 0.7867346938775511 0.025167785234899327 0.036734693877551024
0 0.3624161073825503 0.9423469387755102 0.026845637583892617 0.09081632653061225
0 0.8368288590604027 0.7428571428571429 0.03271812080536913 0.036734693877551024
0 0.7223154362416108 0.314795918367347 0.04865771812080537 0.05
0 0.6212248322147651 0.4061224489795919 0.026006711409395974 0.0326530612244898
0 0.6359060402684563 0.2602040816326531 0.04194630872483222 0.09591836734693879
0 0.2575503355704698 0.7438775510204082 0.020134228187919462 0.02653061224489796
0 0.5360738255033557 0.20255102040816328 0.016778523489932886 0.04387755102040817
0 0.886744966442953 0.059693877551020416 0.013422818791946308 0.025510204081632654
0 0.12038590604026846 0.666326530612245 0.026006711409395974 0.022448979591836737
0 0.5700503355704698 0.9234693877551021 0.03104026845637584 0.07346938775510205
0 0.2797818791946309 0.363265306122449 0.047818791946308725 0.07346938775510205
0 0.5046140939597316 0.18265306122448982 0.024328859060402684 0.02653061224489796
0 0.7806208053691275 0.7316326530612246 0.01761744966442953 0.04285714285714286
0 0.46434563758389263 0.2163265306122449 0.07298657718120805 0.05306122448979592
0 0.7512583892617449 0.3775510204081633 0.02097315436241611 0.02448979591836735
0 0.46560402684563756 0.5418367346938776 0.03859060402684564 0.05102040816326531
0 0.5671140939597316 0.4056122448979592 0.010067114093959731 0.017346938775510204
0 0.3506711409395973 0.675 0.05201342281879195 0.07448979591836735
0 0.5721476510067114 0.20714285714285716 0.025167785234899327 0.028571428571428574
0 0.8129194630872483 0.43673469387755104 0.02348993288590604 0.036734693877551024
0 0.20218120805369127 0.5841836734693878 0.018456375838926176 0.015306122448979593
0 0.4546979865771812 0.2959183673469388 0.026845637583892617 0.03877551020408164
0 0.6916946308724832 0.9683673469387756 0.02097315436241611 0.0163265306122449
0 0.8322147651006712 0.689795918367347 0.020134228187919462 0.018367346938775512
0 0.01384228187919463 0.4637755102040817 0.009228187919463088 0.04591836734693878
0 0.1875 0.35561224489795923 0.11325503355704698 0.1316326530612245
0 0.6258389261744967 0.3321428571428572 0.031879194630872486 0.017346938775510204
0 0.311241610738255 0.6137755102040817 0.02181208053691275 0.01938775510204082
