0 0.2971875 0.4196153846153846 0.100625 0.10230769230769231
0 0.6 0.555 0.08875 0.07461538461538461
0 0.5284375 0.3192307692307692 0.090625 0.12923076923076923
0 0.7546875000000001 0.5265384615384615 0.108125 0.07307692307692308
0 0.5421875 0.6188461538461538 0.054375 0.07461538461538461
0 0.536875 0.20807692307692308 0.0725 0.08538461538461538
0 0.2625 0.18615384615384614 0.0775 0.08923076923076922
0 0.3496875 0.3323076923076923 0.085625 0.09230769230769231
0 0.27718750000000003 0.5853846153846154 0.075625 0.06769230769230769
0 0.55125 0.8723076923076923 0.03875 0.055384615384615386
0 0.42312500000000003 0.1926923076923077 0.06875 0.16538461538461538
0 0.484375 0.12384615384615384 0.0925 0.11076923076923077
0 0.728125 0.4103846153846154 0.065 0.10076923076923076
0 0.353125 0.5265384615384615 0.02375 0.03
0 0.16468750000000001 0.3730769230769231 0.094375 0.07230769230769231
0 0.1884375 0.5080769230769231 0.089375 0.11
0 0.13625 0.3334615384615385 0.0325 0.03923076923076923
0 0.3584375 0.10076923076923076 0.035625000000000004 0.0876923076923077
0 0.57375 0.41923076923076924 0.02625 0.038461538461538464
0 0.513125 0.9038461538461539 0.02 0.027692307692307693
0 0.385625 0.7492307692307693 0.035 0.046153846153846156
0 0.7075 0.3203846153846154 0.07 0.07461538461538461
0 0.2684375 0.30153846153846153 0.090625 0.06769230769230769
0 0.446875 0.6192307692307693 0.04 0.043076923076923075
0 0.854375 0.27115384615384613 0.0725 0.04846153846153846
0 0.8215625 0.46 0.036875 0.07384615384615384
0 0.18375 0.31423076923076926 0.03 0.03923076923076923
0 0.458125 0.9107692307692308 0.04 0.046153846153846156
0 0.6546875 0.46692307692307694 0.056875 0.055384615384615386
0 0.37093750000000003 0.8507692307692307 0.040625 0.05076923076923077
0 0.6128125 0.41115384615384615 0.028125 0.023846153846153847
0 0.45625 0.7003846153846154 0.0425 0.04846153846153846
0 0.1753125 0.42 0.023125 0.033846153846153845
0 0.4528125 0.7561538461538462 0.021875000000000002 0.024615384615384615
0 0.5928125 0.8561538461538462 0.07187500000000001 0.1
0 0.6303125 0.81 0.041875 0.04153846153846154
0 0.788125 0.38076923076923075 0.03125 0.023076923076923078
0 0.8534375000000001 0.3773076923076923 0.044375 0.04384615384615385
0 0.7884375 0.23346153846153847 0.030625 0.03769230769230769
0 0.5121875 0.5246153846153846 0.023125 0.05846153846153846
0 0.6971875 0.568076923076923 0.031875 0.03923076923076923
0 0.6578125 0.678076923076923 0.083125 0.08692307692307692
0 0.5378125 0.77 0.040625 0.04923076923076923
0 0.5821875 0.6688461538461539 0.036875 0.10076923076923076
0 0.4640625 0.8684615384615385 0.049375 0.04461538461538461
0 0.375 0.6523076923076923 0.07625 0.06461538461538462
0 0.3053125 0.1276923076923077 0.041875 0.09384615384615384
0 0.8175 0.6069230769230769 0.0325 0.047692307692307694
0 0.4278125 0.48384615384615387 0.104375 0.12461538461538461
0 0.7165625 0.2123076923076923 0.025625000000000002 0.03692307692307692
0 0.6234375 0.047692307692307694 0.026875 0.09230769230769231
0 0.1340625 0.2376923076923077 0.033125 0.03692307692307692
0 0.24125 0.6842307692307692 0.04875 0.05153846153846154
0 0.3465625 0.5930769230769231 0.025625000000000002 0.03230769230769231
0 0.328125 0.7434615384615385 0.0425 0.09769230769230769
0 0.7259375 0.2569230769230769 0.019375 0.026153846153846153
0 0.42875 0.806923076923077 0.01625 0.04461538461538461
0 0.066875 0.9423076923076923 0.0125 0.026153846153846153
0 0.8640625000000001 0.3415384615384615 0.025625000000000002 0.021538461538461538
0 0.410625 0.060384615384615384 0.03125 0.07461538461538461
0 0.694375 0.6492307692307693 0.04875 0.07538461538461538
0 0.460625 0.8284615384615385 0.02375 0.026153846153846153
0 0.19125 0.25115384615384617 0.0175 0.04230769230769231
0 0.5025000000000001 0.7946153846153846 0.07375 0.05384615384615385
0 0.21281250000000002 0.6184615384615385 0.020625 0.024615384615384615
0 0.50875 0.4580769230769231 0.03875 0.05153846153846154
0 0.4015625 0.5953846153846154 0.009375 0.016923076923076923
0 0.6290625 0.32461538461538464 0.051875000000000004 0.07538461538461538
0 0.39187500000000003 0.8003846153846154 0.025 0.02846153846153846
0 0.15156250000000002 0.555 0.023125 0.036153846153846154
0 0.7784375 0.4238461538461539 0.018125 0.013846153846153847
0 0.5140625 0.713076923076923 0.026875 0.038461538461538464
0 0.28750000000000003 0.00923076923076923 0.02 0.015384615384615385
0 0.1375 0.2926923076923077 0.02 0.01769230769230769
0 0.968125 0.555 0.00875 0.04692307692307692
0 0.7884375 0.6607692307692308 0.114375 0.13538461538461538
0 0.34 0.6696153846153846 0.0325 0.016153846153846154
0 0.6678125 0.3892307692307692 0.021875000000000002 0.01846153846153846
