0 0.3849624060150376 0.4374433363553944 0.09924812030075189 0.09338168631006347
0 0.5973684210526317 0.3345421577515866 0.08195488721804511 0.11604714415231188
0 0.5454887218045114 0.1600181323662738 0.0849624060150376 0.09882139619220308
0 0.8078947368421053 0.5058930190389845 0.0924812030075188 0.0670897552130553
0 0.7601503759398497 0.3259292837715322 0.0661654135338346 0.06255666364460562
0 0.37218045112781956 0.5906618313689936 0.07067669172932331 0.06255666364460562
0 0.33834586466165417 0.21894832275611967 0.081203007518797 0.1115140525838622
0 0.6714285714285715 0.5389845874886673 0.07819548872180451 0.07162284678150499
0 0.6191729323308272 0.6019945602901179 0.05037593984962406 0.06527651858567543
0 0.33496240601503763 0.6885766092475067 0.0518796992481203 0.05349048050770626
0 0.8274436090225564 0.2398005439709882 0.029323308270676692 0.03535811423390753
0 0.43195488721804515 0.3563009972801451 0.08345864661654136 0.08340888485947416
0 0.5981203007518797 0.23254759746146872 0.06541353383458647 0.0770625566636446
0 0.7195488721804512 0.4587488667271079 0.05112781954887218 0.050770625566636446
0 0.5781954887218046 0.7674524025385313 0.03759398496240602 0.04442429737080689
0 0.4278195488721805 0.14641885766092474 0.03458646616541353 0.08068902991840435
0 0.5522556390977444 0.85766092475068 0.048872180451127824 0.07978241160471441
0 0.2721804511278196 0.34814143245693563 0.031578947368421054 0.03626473254759746
0 0.5977443609022557 0.8676337262012692 0.02105263157894737 0.025385312783318223
0 0.5424812030075188 0.6831368993653671 0.03984962406015038 0.04623753399818677
0 0.531578947368421 0.4841341795104261 0.14285714285714288 0.11423390752493201
0 0.6417293233082707 0.42067089755213055 0.02330827067669173 0.03626473254759746
0 0.28421052631578947 0.5253853127833182 0.08721804511278196 0.10244786944696282
0 0.6770676691729324 0.41069809610154123 0.026315789473684213 0.02357207615593835
0 0.6345864661654136 0.8295557570262919 0.03609022556390978 0.03989120580235721
0 0.4218045112781955 0.7334542157751587 0.0406015037593985 0.08884859474161377
0 0.7597744360902257 0.5475974614687217 0.029323308270676692 0.03626473254759746
0 0.5296992481203008 0.6119673617407072 0.0368421052631579 0.038077969174977334
0 0.7823308270676692 0.4070716228467815 0.059398496240601506 0.08522212148685404
0 0.4951127819548872 0.22620126926563916 0.06390977443609024 0.1514052583862194
0 0.6672932330827068 0.07796917497733455 0.026315789473684213 0.08884859474161377
0 0.8706766917293234 0.4460562103354488 0.03759398496240602 0.06890299184043518
0 0.7266917293233083 0.6504986400725294 0.07593984962406015 0.08068902991840435
0 0.43646616541353384 0.5335448776065277 0.017293233082706767 0.024478694469628286
0 0.46578947368421053 0.829102447869447 0.035338345864661655 0.04805077062556663
0 0.7071428571428572 0.771532184950136 0.038345864661654135 0.03989120580235721
0 0.2661654135338346 0.44378966455122393 0.02255639097744361 0.02629193109700816
0 0.47631578947368425 0.7330009066183137 0.03383458646616542 0.04261106074342702
0 0.855263157894737 0.6260199456029012 0.08195488721804511 0.12239347234814144
0 0.6210526315789474 0.7398005439709883 0.039097744360902256 0.043517679057116954
0 0.6571428571428571 0.7892112420670897 0.03609022556390978 0.037171350861287394
0 0.056390977443609026 0.4700815956482321 0.028571428571428574 0.03354487760652765
0 0.8932330827067669 0.3671804170444243 0.04210526315789474 0.03989120580235721
0 0.5409774436090226 0.7343608340888486 0.01879699248120301 0.021758839528558477
0 0.22631578947368422 0.36899365367180414 0.031578947368421054 0.038077969174977334
0 0.4357142857142857 0.5897552130553038 0.026315789473684213 0.029918404351767906
0 0.6541353383458647 0.6776971894832275 0.030075187969924814 0.10607434270172257
0 0.06879699248120301 0.43064369900271987 0.056390977443609026 0.04170444242973708
0 0.6879699248120301 0.3295557570262919 0.049624060150375945 0.07524932003626474
0 0.46766917293233085 0.6473254759746147 0.06917293233082707 0.0670897552130553
0 0.7612781954887219 0.6251133272892112 0.03984962406015038 0.06980961015412511
0 0.8338345864661655 0.371260199456029 0.0330827067669173 0.024478694469628286
0 0.5857142857142857 0.5217588395285585 0.02255639097744361 0.057116953762466005
0 0.2199248120300752 0.28331822302810517 0.026315789473684213 0.03173164097914778
0 0.8887218045112782 0.27107887579329104 0.0661654135338346 0.04533091568449683
0 0.3097744360902256 0.6251133272892112 0.02255639097744361 0.024478694469628286
0 0.9015037593984963 0.33408884859474164 0.02406015037593985 0.017225747960108794
0 0.26203007518796995 0.3975521305530372 0.07894736842105264 0.055303717135086125
0 0.8259398496240602 0.30054397098821395 0.026315789473684213 0.028105167724388033
0 0.5169172932330828 0.7842248413417952 0.015789473684210527 0.04170444242973708
0 0.34774436090225563 0.05893019038984587 0.01879699248120301 0.02357207615593835
0 0.3511278195488722 0.3300090661831369 0.09022556390977444 0.0670897552130553
0 0.2744360902255639 0.28513145965548503 0.015037593984962407 0.05167724388032638
0 0.37894736842105264 0.16500453309156846 0.03759398496240602 0.08522212148685404
0 0.7605263157894737 0.22620126926563916 0.024812030075187973 0.03354487760652765
0 0.05488721804511278 0.6124206708975521 0.013533834586466165 0.017225747960108794
0 0.474812030075188 0.1042611060743427 0.027819548872180452 0.0670897552130553
0 0.6721804511278195 0.8182230281051677 0.058646616541353384 0.09519492293744333
0 0.7706766917293234 0.2669990933816863 0.019548872180451128 0.02629193109700816
0 0.8270676691729324 0.414324569356301 0.015037593984962407 0.014505893019038985
0 0.06127819548872181 0.7416137805983681 0.015789473684210527 0.03445149592021759
0 0.04473684210526316 0.3975521305530372 0.011278195488721806 0.009972801450589302
0 0.5406015037593985 0.36400725294650954 0.02105263157894737 0.06255666364460562
0 0.5082706766917293 0.2955575702629193 0.081203007518797 0.17044424297370808
0 0.4774436090225564 0.18041704442429737 0.031578947368421054 0.05802357207615594
0 0.5684210526315789 0.04533091568449683 0.02255639097744361 0.02357207615593835
0 0.7714285714285715 0.03218495013599275 0.013533834586466165 0.022665457842248413
0 0.7699248120300752 0.3653671804170444 0.01804511278195489 0.016319129646418858
