0 0.6389830508474577 0.5835929387331257 0.10338983050847457 0.0976116303219107
0 0.4152542372881356 0.6754932502596054 0.0847457627118644 0.12149532710280374
0 0.45932203389830506 0.8613707165109034 0.08813559322033898 0.102803738317757
0 0.20720338983050846 0.4787123572170301 0.09576271186440678 0.07061266874350987
0 0.24703389830508474 0.670301142263759 0.06864406779661017 0.06542056074766354
0 0.660593220338983 0.4252336448598131 0.07372881355932204 0.06542056074766354
0 0.6749999999999999 0.8161993769470405 0.08389830508474576 0.11838006230529595
0 0.35 0.45430944963655245 0.08135593220338982 0.07580477673935618
0 0.4067796610169491 0.3930425752855659 0.05254237288135593 0.0695742471443406
0 0.7042372881355932 0.32554517133956384 0.05423728813559322 0.05711318795430945
0 0.1733050847457627 0.7559709241952233 0.029661016949152543 0.037383177570093455
0 0.5860169491525423 0.6651090342679128 0.08559322033898305 0.08826583592938733
0 0.40847457627118644 0.7808930425752856 0.06779661016949153 0.08099688473520249
0 0.2957627118644068 0.5347871235721703 0.05254237288135593 0.05399792315680166
0 0.4580508474576271 0.2237798546209761 0.03813559322033898 0.04672897196261682
0 0.5792372881355932 0.8847352024922118 0.036440677966101696 0.08515057113187954
0 0.48983050847457626 0.13136033229491173 0.05084745762711864 0.08411214953271028
0 0.75 0.6869158878504673 0.03220338983050847 0.03842159916926272
0 0.44364406779661014 0.11682242990654206 0.02288135593220339 0.02596053997923157
0 0.4906779661016949 0.3146417445482866 0.04067796610169491 0.04776739356178608
0 0.49110169491525424 0.5233644859813084 0.14661016949152542 0.12045690550363447
0 0.37457627118644066 0.5809968847352025 0.023728813559322035 0.03842159916926272
0 0.7478813559322034 0.5 0.09067796610169492 0.10695742471443406
0 0.33728813559322035 0.5887850467289719 0.02711864406779661 0.024922118380062305
0 0.40338983050847455 0.1542056074766355 0.03728813559322034 0.04257528556593977
0 0.6169491525423728 0.2720664589823468 0.0423728813559322 0.09345794392523364
0 0.2593220338983051 0.4387331256490135 0.030508474576271184 0.03842159916926272
0 0.49957627118644066 0.3899273104880581 0.03813559322033898 0.040498442367601244
0 0.2288135593220339 0.5835929387331257 0.06101694915254237 0.08930425752855659
0 0.5144067796610169 0.7959501557632399 0.06610169491525424 0.1588785046728972
0 0.3296610169491525 0.9376947040498442 0.02711864406779661 0.09345794392523364
0 0.1402542372881356 0.5368639667705088 0.03813559322033898 0.07268951194184839
0 0.29915254237288136 0.3338525441329179 0.07796610169491525 0.08411214953271028
0 0.5915254237288136 0.4792315680166147 0.01864406779661017 0.02596053997923157
0 0.5775423728813559 0.16822429906542055 0.036440677966101696 0.04984423676012461
0 0.32584745762711864 0.20924195223260644 0.03983050847457627 0.04257528556593977
0 0.7618644067796609 0.5872274143302181 0.023728813559322035 0.028037383177570093
0 0.5610169491525424 0.26791277258566976 0.03559322033898305 0.04569055036344756
0 0.1656779661016949 0.34942886812045687 0.08559322033898305 0.12980269989615784
0 0.4122881355932203 0.2487019730010384 0.03983050847457627 0.04672897196261682
0 0.37881355932203387 0.1941848390446521 0.03728813559322034 0.03946002076843198
0 0.9792372881355932 0.5763239875389408 0.029661016949152543 0.035306334371754934
0 0.11228813559322033 0.616822429906542 0.043220338983050846 0.041536863966770504
0 0.4949152542372881 0.2616822429906542 0.020338983050847456 0.02284527518172378
0 0.798728813559322 0.6682242990654206 0.03305084745762712 0.040498442367601244
0 0.5949152542372881 0.4205607476635514 0.02711864406779661 0.03115264797507788
0 0.3754237288135593 0.3115264797507788 0.03220338983050847 0.11214953271028037
0 0.9648305084745763 0.616822429906542 0.05847457627118644 0.04361370716510903
0 0.3211864406779661 0.6723779854620976 0.05084745762711864 0.0778816199376947
0 0.5652542372881356 0.357736240913811 0.0711864406779661 0.0695742471443406
0 0.26228813559322034 0.357736240913811 0.04152542372881356 0.07372793354101766
0 0.17372881355932202 0.6173416407061266 0.03389830508474576 0.02596053997923157
0 0.43728813559322033 0.4797507788161994 0.023728813559322035 0.060228452751817235
0 0.8008474576271186 0.7585669781931464 0.02711864406779661 0.03426791277258567
0 0.11186440677966102 0.7180685358255452 0.06779661016949153 0.04672897196261682
0 0.7271186440677966 0.3935617860851506 0.023728813559322035 0.024922118380062305
0 0.10169491525423728 0.6510903426791277 0.02542372881355932 0.018691588785046728
0 0.7639830508474577 0.6355140186915887 0.08220338983050847 0.058151609553478714
0 0.17796610169491525 0.6921079958463136 0.02711864406779661 0.030114226375908618
0 0.5224576271186441 0.21079958463136034 0.016101694915254237 0.04361370716510903
0 0.6567796610169492 0.9823468328141225 0.01864406779661017 0.024922118380062305
0 0.6682203389830508 0.6988577362409137 0.0940677966101695 0.07061266874350987
0 0.7449152542372881 0.7518172377985461 0.015254237288135592 0.05399792315680166
0 0.6305084745762711 0.8691588785046729 0.03898305084745762 0.08930425752855659
0 0.24110169491525424 0.77466251298027 0.026271186440677965 0.035306334371754934
0 0.9885593220338983 0.42782969885773625 0.01440677966101695 0.018691588785046728
0 0.5288135593220339 0.9252336448598131 0.0288135593220339 0.07061266874350987
0 0.36398305084745763 0.16303219106957426 0.060169491525423724 0.09968847352024922
0 0.2330508474576271 0.7315680166147456 0.020338983050847456 0.028037383177570093
0 0.1826271186440678 0.573208722741433 0.016101694915254237 0.014537902388369679
0 0.9889830508474576 0.29231568016614745 0.015254237288135592 0.036344755970924195
0 0.9872881355932203 0.6531671858774662 0.011864406779661017 0.010384215991692626
0 0.4745762711864407 0.6484942886812045 0.022033898305084745 0.06542056074766354
0 0.5046610169491526 0.7227414330218068 0.08389830508474576 0.17860851505711317
0 0.5300847457627118 0.8447559709241952 0.03305084745762712 0.061266874350986496
0 0.4292372881355932 0.9792315680166147 0.02288135593220339 0.024922118380062305
0 0.2194915254237288 0.9766355140186915 0.013559322033898305 0.02388369678089304
0 0.23940677966101695 0.6287642782969886 0.01949152542372881 0.017653167185877467
