0 0.6271875 0.566923076923077 0.10312500000000001 0.09846153846153846
0 0.401875 0.6626923076923077 0.085 0.12230769230769231
0 0.448125 0.8511538461538461 0.08750000000000001 0.10384615384615385
0 0.1903125 0.4665384615384615 0.095625 0.07
0 0.2321875 0.6603846153846153 0.068125 0.06538461538461539
0 0.6471875 0.40576923076923077 0.073125 0.06538461538461539
0 0.665625 0.8023076923076923 0.08375 0.11846153846153847
0 0.3340625 0.44 0.080625 0.07538461538461538
0 0.3909375 0.3769230769230769 0.051875000000000004 0.06923076923076923
0 0.690625 0.30423076923076925 0.05375 0.05615384615384615
0 0.1584375 0.7476923076923077 0.029375000000000002 0.03692307692307692
0 0.5746875 0.6503846153846153 0.085625 0.08846153846153847
0 0.39625 0.7703846153846153 0.0675 0.08076923076923077
0 0.28 0.5219230769230769 0.0525 0.05307692307692308
0 0.4409375 0.20423076923076924 0.038125 0.04692307692307692
0 0.5696875 0.8734615384615385 0.035625000000000004 0.08538461538461538
0 0.4721875 0.11038461538461539 0.050625 0.08384615384615385
0 0.7403125 0.6696153846153846 0.031875 0.03769230769230769
0 0.4253125 0.09653846153846155 0.021875000000000002 0.025384615384615384
0 0.4746875 0.29615384615384616 0.040625 0.047692307692307694
0 0.476875 0.5080769230769231 0.1475 0.12076923076923077
0 0.3596875 0.568076923076923 0.023125 0.03769230769230769
0 0.7359375 0.4807692307692308 0.090625 0.1076923076923077
0 0.3221875 0.5761538461538461 0.026875 0.024615384615384615
0 0.3853125 0.1346153846153846 0.036875 0.04153846153846154
0 0.6021875 0.25076923076923074 0.041875 0.09384615384615384
0 0.2425 0.42538461538461536 0.03 0.038461538461538464
0 0.484375 0.3723076923076923 0.0375 0.04
0 0.21281250000000002 0.5726923076923077 0.060625 0.09
0 0.5034375 0.7838461538461539 0.065625 0.16
0 0.3178125 0.93 0.026875 0.09384615384615384
0 0.1228125 0.5261538461538462 0.038125 0.07230769230769231
0 0.2815625 0.31846153846153846 0.078125 0.08461538461538462
0 0.578125 0.46192307692307694 0.0175 0.025384615384615384
0 0.5609375 0.14653846153846153 0.035625000000000004 0.05
0 0.3071875 0.19153846153846155 0.039375 0.04153846153846154
0 0.7509375 0.5688461538461539 0.023125 0.026923076923076925
0 0.545625 0.24769230769230768 0.035 0.04461538461538461
0 0.146875 0.33576923076923076 0.085 0.13
0 0.395 0.23038461538461538 0.04 0.045384615384615384
0 0.3603125 0.17576923076923076 0.036875 0.03923076923076923
0 0.9703125 0.5546153846153846 0.029375000000000002 0.03538461538461538
0 0.095625 0.6080769230769231 0.0425 0.040769230769230766
0 0.4784375 0.24192307692307694 0.019375 0.022307692307692306
0 0.789375 0.6503846153846153 0.0325 0.03923076923076923
0 0.58125 0.4023076923076923 0.02625 0.03076923076923077
0 0.358125 0.2946153846153846 0.03125 0.1123076923076923
0 0.9559375 0.5957692307692307 0.058125 0.04384615384615385
0 0.3071875 0.6615384615384615 0.050625 0.07846153846153846
0 0.550625 0.33884615384615385 0.07125000000000001 0.07
0 0.2446875 0.34307692307692306 0.040625 0.07384615384615384
0 0.1575 0.6073076923076923 0.03375 0.025384615384615384
0 0.4221875 0.4646153846153846 0.023125 0.06
0 0.791875 0.7419230769230769 0.02625 0.03307692307692308
0 0.09593750000000001 0.7103846153846154 0.068125 0.04692307692307692
0 0.7140625 0.3730769230769231 0.023125 0.024615384615384615
0 0.0853125 0.6426923076923077 0.024375 0.01769230769230769
0 0.7534375 0.6176923076923077 0.081875 0.05846153846153846
0 0.1625 0.683076923076923 0.02625 0.02923076923076923
0 0.505625 0.19038461538461537 0.015 0.04384615384615385
0 0.64875 0.9711538461538461 0.01875 0.023846153846153847
0 0.6575 0.6834615384615385 0.09375 0.07
0 0.7353125 0.7361538461538462 0.014375 0.05384615384615385
0 0.62125 0.8565384615384616 0.03875 0.09
0 0.22718750000000001 0.7665384615384615 0.025625000000000002 0.03461538461538462
0 0.9784375000000001 0.4034615384615385 0.013125 0.01769230769230769
0 0.5190625 0.9146153846153846 0.028125 0.07076923076923076
0 0.345625 0.14384615384615385 0.06 0.1
0 0.2184375 0.7226923076923077 0.019375 0.026923076923076925
0 0.16625 0.5626923076923077 0.015 0.014615384615384615
0 0.9775 0.26615384615384613 0.015 0.03538461538461538
0 0.979375 0.6323076923076923 0.01125 0.00923076923076923
0 0.46187500000000004 0.635 0.02125 0.06538461538461539
0 0.4925 0.7096153846153846 0.08375 0.18076923076923077
0 0.519375 0.8334615384615385 0.0325 0.06076923076923077
0 0.41875 0.9711538461538461 0.0225 0.023846153846153847
0 0.2071875 0.9715384615384616 0.013125 0.023076923076923078
0 0.22375 0.6180769230769231 0.01875 0.016153846153846154
