0 0.6146419951729686 0.5869140625 0.10136765888978277 0.095703125
0 0.3925985518905873 0.669921875 0.08366854384553499 0.119140625
0 0.43242156074014476 0.85302734375 0.08608205953338696 0.1005859375
0 0.1918744971842317 0.4736328125 0.09412711182622686 0.068359375
0 0.22767497988736926 0.6611328125 0.06757843925985518 0.064453125
0 0.6383748994368463 0.43310546875 0.07160096540627514 0.0634765625
0 0.6456154465004023 0.814453125 0.082864038616251 0.115234375
0 0.33266291230892997 0.45361328125 0.07964601769911504 0.0732421875
0 0.3893805309734513 0.39501953125 0.05148833467417538 0.0673828125
0 0.6830249396621078 0.3369140625 0.05309734513274336 0.0546875
0 0.15366049879324215 0.74169921875 0.02896218825422365 0.0361328125
0 0.5611423974255833 0.6650390625 0.08447304907481898 0.0859375
0 0.3841512469831054 0.77294921875 0.06677393403057119 0.0791015625
0 0.27755430410297666 0.52978515625 0.05148833467417538 0.0517578125
0 0.44288012872083665 0.23095703125 0.03781174577634754 0.0458984375
0 0.5502815768302494 0.87841796875 0.035398230088495575 0.0830078125
0 0.47546259050683826 0.142578125 0.049879324215607396 0.08203125
0 0.7220434432823812 0.689453125 0.031375703942075624 0.037109375
0 0.4304102976669348 0.126953125 0.02252614641995173 0.025390625
0 0.4730490748189863 0.3212890625 0.04022526146419952 0.046875
0 0.4698310539018503 0.5244140625 0.14481094127111827 0.1171875
0 0.35438455349959774 0.5771484375 0.023330651649235718 0.037109375
0 0.7228479485116652 0.50830078125 0.08930008045052293 0.1044921875
0 0.3173773129525342 0.58349609375 0.02654867256637168 0.0244140625
0 0.3901850362027353 0.162109375 0.03700724054706355 0.041015625
0 0.5985518905872887 0.28271484375 0.041834271922767494 0.0908203125
0 0.24376508447304907 0.43603515625 0.030571198712791632 0.0380859375
0 0.4806918744971842 0.39453125 0.03781174577634754 0.0390625
0 0.21078037007240547 0.576171875 0.05953338696701528 0.087890625
0 0.4883346741753821 0.7900390625 0.06436041834271922 0.154296875
0 0.30370072405470633 0.92333984375 0.02654867256637168 0.0908203125
0 0.12429605792437651 0.5283203125 0.03781174577634754 0.0703125
0 0.2847948511665326 0.3349609375 0.07723250201126307 0.08203125
0 0.5695897023330652 0.484375 0.017699115044247787 0.025390625
0 0.5607401448109413 0.1806640625 0.035398230088495575 0.048828125
0 0.31295253419147223 0.2138671875 0.038616251005631534 0.041015625
0 0.7349155269509251 0.59375 0.023330651649235718 0.02734375
0 0.5434432823813354 0.27685546875 0.03459372485921158 0.0439453125
0 0.15285599356395815 0.34619140625 0.08366854384553499 0.1259765625
0 0.3974255832662912 0.2548828125 0.04022526146419952 0.044921875
0 0.3648431214802896 0.20068359375 0.036202735317779566 0.0380859375
0 0.9489139179404665 0.58837890625 0.02976669348350764 0.0341796875
0 0.09613837489943684 0.60595703125 0.042638777152051485 0.0400390625
0 0.4782783588093322 0.26904296875 0.02011263073209976 0.0224609375
0 0.7699115044247787 0.67333984375 0.03218020917135961 0.0380859375
0 0.5740144810941271 0.42724609375 0.02654867256637168 0.0302734375
0 0.3600160901045857 0.31494140625 0.031375703942075624 0.1083984375
0 0.9336283185840707 0.62744140625 0.05711987127916331 0.0439453125
0 0.30048270313757036 0.6650390625 0.05068382944489139 0.076171875
0 0.5458567980691874 0.365234375 0.06999195494770716 0.068359375
0 0.24778761061946902 0.35693359375 0.04022526146419952 0.0712890625
0 0.15607401448109412 0.607421875 0.03378921962992759 0.025390625
0 0.41794046661303297 0.48046875 0.023330651649235718 0.05859375
0 0.7703137570394207 0.76123046875 0.02654867256637168 0.0322265625
0 0.09372485921158487 0.70361328125 0.06677393403057119 0.0458984375
0 0.7043443282381335 0.40380859375 0.023330651649235718 0.0244140625
0 0.08487530168946097 0.63818359375 0.024939662107803698 0.0185546875
0 0.7361222847948511 0.640625 0.08045052292839903 0.056640625
0 0.1588897827835881 0.68017578125 0.02654867256637168 0.0283203125
0 0.5060337892196299 0.220703125 0.016090104585679804 0.04296875
0 0.6251005631536605 0.9755859375 0.019308125502815767 0.0234375
0 0.6407884151246983 0.7001953125 0.09251810136765888 0.068359375
0 0.7152051488334674 0.75390625 0.014481094127111824 0.052734375
0 0.6009654062751407 0.86474609375 0.038616251005631534 0.0869140625
0 0.21962992759452934 0.76318359375 0.02574416733708769 0.0341796875
0 0.9609814963797264 0.44384765625 0.013676588897827835 0.0185546875
0 0.49999999999999994 0.91650390625 0.02815768302493966 0.0693359375
0 0.3515687851971038 0.16943359375 0.05953338696701528 0.0966796875
0 0.21238938053097345 0.72021484375 0.019308125502815767 0.0263671875
0 0.166130329847144 0.56494140625 0.015285599356395816 0.0146484375
0 0.9633950120675784 0.3115234375 0.015285599356395816 0.03515625
0 0.9553499597747385 0.6630859375 0.012067578439259855 0.009765625
0 0.45172968624296056 0.64599609375 0.02172164119066774 0.0634765625
0 0.4794851166532582 0.71826171875 0.082059533386967 0.1748046875
0 0.502815768302494 0.83837890625 0.03218020917135961 0.0595703125
0 0.40104585679806914 0.966796875 0.023330651649235718 0.0234375
0 0.19509251810136766 0.958984375 0.013676588897827835 0.0234375
0 0.22043443282381334 0.6201171875 0.019308125502815767 0.015625
