0 0.3603125 0.5792307692307692 0.10312500000000001 0.09846153846153846
0 0.5856250000000001 0.675 0.085 0.12230769230769231
0 0.539375 0.8634615384615385 0.08750000000000001 0.10384615384615385
0 0.7971875 0.47884615384615387 0.095625 0.07
0 0.7553125 0.6726923076923077 0.068125 0.06538461538461539
0 0.3403125 0.41807692307692307 0.073125 0.06538461538461539
0 0.321875 0.8146153846153846 0.08375 0.11846153846153847
0 0.6534375 0.4523076923076923 0.080625 0.07538461538461538
0 0.5965625 0.3892307692307692 0.051875000000000004 0.06923076923076923
0 0.296875 0.31653846153846155 0.05375 0.05615384615384615
0 0.8290625 0.76 0.029375000000000002 0.03692307692307692
0 0.4128125 0.6626923076923077 0.085625 0.08846153846153847
0 0.59125 0.7826923076923077 0.0675 0.08076923076923077
0 0.7075 0.5342307692307692 0.0525 0.05307692307692308
0 0.5465625000000001 0.21653846153846154 0.038125 0.04692307692307692
0 0.41781250000000003 0.8857692307692308 0.035625000000000004 0.08538461538461538
0 0.5153125000000001 0.1226923076923077 0.050625 0.08384615384615385
0 0.2471875 0.681923076923077 0.031875 0.03769230769230769
0 0.5621875000000001 0.10884615384615384 0.021875000000000002 0.025384615384615384
0 0.5128125 0.30846153846153845 0.040625 0.047692307692307694
0 0.510625 0.5203846153846153 0.1475 0.12076923076923077
0 0.6278125 0.5803846153846154 0.023125 0.03769230769230769
0 0.2515625 0.4930769230769231 0.090625 0.1076923076923077
0 0.6653125 0.5884615384615385 0.026875 0.024615384615384615
0 0.6021875 0.14692307692307693 0.036875 0.04153846153846154
0 0.3853125 0.2630769230769231 0.041875 0.09384615384615384
0 0.745 0.4376923076923077 0.03 0.038461538461538464
0 0.503125 0.38461538461538464 0.0375 0.04
0 0.7746875 0.585 0.060625 0.09
0 0.4840625 0.7961538461538461 0.065625 0.16
0 0.6696875 0.9423076923076923 0.026875 0.09384615384615384
0 0.8646875 0.5384615384615384 0.038125 0.07230769230769231
0 0.7059375 0.33076923076923076 0.078125 0.08461538461538462
0 0.409375 0.47423076923076923 0.0175 0.025384615384615384
0 0.4265625 0.15884615384615386 0.035625000000000004 0.05
0 0.6803125 0.20384615384615384 0.039375 0.04153846153846154
0 0.2365625 0.5811538461538461 0.023125 0.026923076923076925
0 0.441875 0.26 0.035 0.04461538461538461
0 0.8406250000000001 0.34807692307692306 0.085 0.13
0 0.5925 0.24269230769230768 0.04 0.045384615384615384
0 0.6271875 0.18807692307692309 0.036875 0.03923076923076923
0 0.0171875 0.566923076923077 0.029375000000000002 0.03538461538461538
0 0.891875 0.6203846153846154 0.0425 0.040769230769230766
0 0.5090625 0.2542307692307692 0.019375 0.022307692307692306
0 0.198125 0.6626923076923077 0.0325 0.03923076923076923
0 0.40625 0.4146153846153846 0.02625 0.03076923076923077
0 0.629375 0.3069230769230769 0.03125 0.1123076923076923
0 0.0315625 0.6080769230769231 0.058125 0.04384615384615385
0 0.6803125 0.6738461538461539 0.050625 0.07846153846153846
0 0.436875 0.35115384615384615 0.07125000000000001 0.07
0 0.7428125 0.3553846153846154 0.040625 0.07384615384615384
0 0.8300000000000001 0.6196153846153846 0.03375 0.025384615384615384
0 0.5653125 0.47692307692307695 0.023125 0.06
0 0.195625 0.7542307692307693 0.02625 0.03307692307692308
0 0.8915625 0.7226923076923077 0.068125 0.04692307692307692
0 0.2734375 0.3853846153846154 0.023125 0.024615384615384615
0 0.9021875 0.655 0.024375 0.01769230769230769
0 0.2340625 0.63 0.081875 0.05846153846153846
0 0.8250000000000001 0.6953846153846154 0.02625 0.02923076923076923
0 0.481875 0.2026923076923077 0.015 0.04384615384615385
0 0.33875 0.9834615384615385 0.01875 0.023846153846153847
0 0.33 0.6957692307692308 0.09375 0.07
0 0.2521875 0.7484615384615385 0.014375 0.05384615384615385
0 0.36625 0.8688461538461538 0.03875 0.09
0 0.7603125000000001 0.7788461538461539 0.025625000000000002 0.03461538461538462
0 0.0090625 0.4157692307692308 0.013125 0.01769230769230769
0 0.4684375 0.926923076923077 0.028125 0.07076923076923076
0 0.641875 0.15615384615384614 0.06 0.1
0 0.7690625 0.735 0.019375 0.026923076923076925
0 0.82125 0.575 0.015 0.014615384615384615
0 0.01 0.2784615384615385 0.015 0.03538461538461538
0 0.008125 0.6446153846153846 0.01125 0.00923076923076923
0 0.525625 0.6473076923076924 0.02125 0.06538461538461539
0 0.495 0.7219230769230769 0.08375 0.18076923076923077
0 0.468125 0.8457692307692307 0.0325 0.06076923076923077
0 0.56875 0.9834615384615385 0.0225 0.023846153846153847
0 0.7803125 0.9838461538461538 0.013125 0.023076923076923078
0 0.76375 0.6303846153846154 0.01875 0.016153846153846154
