0 0.3803125 0.5676923076923077 0.10312500000000001 0.09846153846153846
0 0.605625 0.6634615384615384 0.085 0.12230769230769231
0 0.5593750000000001 0.8519230769230769 0.08750000000000001 0.10384615384615385
0 0.8171875000000001 0.4673076923076923 0.095625 0.07
0 0.7753125000000001 0.6611538461538462 0.068125 0.06538461538461539
0 0.3603125 0.4065384615384615 0.073125 0.06538461538461539
0 0.341875 0.803076923076923 0.08375 0.11846153846153847
0 0.6734375 0.44076923076923075 0.080625 0.07538461538461538
0 0.6165625 0.3776923076923077 0.051875000000000004 0.06923076923076923
0 0.316875 0.305 0.05375 0.05615384615384615
0 0.8490625 0.7484615384615385 0.029375000000000002 0.03692307692307692
0 0.4328125 0.6511538461538462 0.085625 0.08846153846153847
0 0.61125 0.7711538461538462 0.0675 0.08076923076923077
0 0.7275 0.5226923076923077 0.0525 0.05307692307692308
0 0.5665625 0.205 0.038125 0.04692307692307692
0 0.4378125 0.8742307692307693 0.035625000000000004 0.08538461538461538
0 0.5353125 0.11115384615384616 0.050625 0.08384615384615385
0 0.2671875 0.6703846153846154 0.031875 0.03769230769230769
0 0.5821875 0.0973076923076923 0.021875000000000002 0.025384615384615384
0 0.5328125 0.2969230769230769 0.040625 0.047692307692307694
0 0.530625 0.5088461538461538 0.1475 0.12076923076923077
0 0.6478125 0.5688461538461539 0.023125 0.03769230769230769
0 0.2715625 0.4815384615384615 0.090625 0.1076923076923077
0 0.6853125 0.5769230769230769 0.026875 0.024615384615384615
0 0.6221875 0.13538461538461538 0.036875 0.04153846153846154
0 0.4053125 0.25153846153846154 0.041875 0.09384615384615384
0 0.765 0.42615384615384616 0.03 0.038461538461538464
0 0.5231250000000001 0.3730769230769231 0.0375 0.04
0 0.7946875 0.5734615384615385 0.060625 0.09
0 0.5040625 0.7846153846153846 0.065625 0.16
0 0.6896875 0.9307692307692308 0.026875 0.09384615384615384
0 0.8846875000000001 0.5269230769230769 0.038125 0.07230769230769231
0 0.7259375 0.3192307692307692 0.078125 0.08461538461538462
0 0.429375 0.4626923076923077 0.0175 0.025384615384615384
0 0.44656250000000003 0.1473076923076923 0.035625000000000004 0.05
0 0.7003125 0.19230769230769232 0.039375 0.04153846153846154
0 0.2565625 0.5696153846153846 0.023125 0.026923076923076925
0 0.46187500000000004 0.24846153846153846 0.035 0.04461538461538461
0 0.860625 0.33653846153846156 0.085 0.13
0 0.6125 0.23115384615384615 0.04 0.045384615384615384
0 0.6471875 0.17653846153846153 0.036875 0.03923076923076923
0 0.0371875 0.5553846153846154 0.029375000000000002 0.03538461538461538
0 0.911875 0.6088461538461538 0.0425 0.040769230769230766
0 0.5290625 0.24269230769230768 0.019375 0.022307692307692306
0 0.218125 0.6511538461538462 0.0325 0.03923076923076923
0 0.42625 0.40307692307692305 0.02625 0.03076923076923077
0 0.649375 0.29538461538461536 0.03125 0.1123076923076923
0 0.051562500000000004 0.5965384615384616 0.058125 0.04384615384615385
0 0.7003125 0.6623076923076923 0.050625 0.07846153846153846
0 0.45687500000000003 0.3396153846153846 0.07125000000000001 0.07
0 0.7628125 0.34384615384615386 0.040625 0.07384615384615384
0 0.85 0.6080769230769231 0.03375 0.025384615384615384
0 0.5853125 0.4653846153846154 0.023125 0.06
0 0.215625 0.7426923076923077 0.02625 0.03307692307692308
0 0.9115625 0.7111538461538461 0.068125 0.04692307692307692
0 0.2934375 0.37384615384615383 0.023125 0.024615384615384615
0 0.9221875 0.6434615384615384 0.024375 0.01769230769230769
0 0.2540625 0.6184615384615385 0.081875 0.05846153846153846
0 0.845 0.6838461538461539 0.02625 0.02923076923076923
0 0.501875 0.19115384615384615 0.015 0.04384615384615385
0 0.35875 0.9719230769230769 0.01875 0.023846153846153847
0 0.35000000000000003 0.6842307692307692 0.09375 0.07
0 0.2721875 0.7369230769230769 0.014375 0.05384615384615385
0 0.38625 0.8573076923076923 0.03875 0.09
0 0.7803125 0.7673076923076924 0.025625000000000002 0.03461538461538462
0 0.0290625 0.4042307692307692 0.013125 0.01769230769230769
0 0.4884375 0.9153846153846154 0.028125 0.07076923076923076
0 0.661875 0.14461538461538462 0.06 0.1
0 0.7890625 0.7234615384615385 0.019375 0.026923076923076925
0 0.84125 0.5634615384615385 0.015 0.014615384615384615
0 0.03 0.26692307692307693 0.015 0.03538461538461538
0 0.028125 0.6330769230769231 0.01125 0.00923076923076923
0 0.545625 0.6357692307692308 0.02125 0.06538461538461539
0 0.515 0.7103846153846154 0.08375 0.18076923076923077
0 0.48812500000000003 0.8342307692307692 0.0325 0.06076923076923077
0 0.58875 0.9719230769230769 0.0225 0.023846153846153847
0 0.8003125 0.9723076923076923 0.013125 0.023076923076923078
0 0.7837500000000001 0.6188461538461538 0.01875 0.016153846153846154
