0 0.381451009723261 0.4614003590664273 0.0987284966342558 0.09156193895870736
0 0.5905011219147345 0.3559245960502693 0.08152580403889305 0.11400359066427289
0 0.537023186237846 0.18491921005385997 0.08376963350785341 0.0969479353680431
0 0.8010471204188482 0.5219928186714542 0.0912490650710546 0.06552962298025135
0 0.7513089005235601 0.34560143626570916 0.06507105459985041 0.06104129263913824
0 0.37023186237845923 0.6122082585278277 0.07030665669409125 0.06104129263913824
0 0.3332086761406133 0.24640933572710952 0.0800299177262528 0.11041292639138241
0 0.6660433807030666 0.5574506283662478 0.07703814510097233 0.07001795332136446
0 0.6151832460732984 0.61983842010772 0.05011219147344802 0.06552962298025135
0 0.33395661929693343 0.7096050269299821 0.05160807778608826 0.05296229802513465
0 0.8171278982797308 0.25987432675044886 0.029169783096484665 0.03500897666068223
0 0.4270755422587883 0.3806104129263914 0.08227374719521316 0.08258527827648116
0 0.5901271503365744 0.25583482944344704 0.06432311144353028 0.07540394973070018
0 0.7131637995512341 0.4775583482944345 0.05011219147344802 0.05026929982046679
0 0.5762902019446522 0.7836624775583483 0.03664921465968586 0.04488330341113106
0 0.42034405385190726 0.1736983842010772 0.0344053851907255 0.07989228007181329
0 0.5512341062079282 0.8725314183123878 0.0493642483171279 0.07899461400359067
0 0.268885564697083 0.3752244165170557 0.030665669409124907 0.03590664272890485
0 0.5964846671652955 0.8819569120287254 0.02169035153328347 0.024236983842010774
0 0.5396409872849663 0.7010771992818672 0.039640987284966345 0.04488330341113106
0 0.5269259536275243 0.5049371633752244 0.14136125654450263 0.11220825852782765
0 0.6350037397157816 0.440754039497307 0.02243829468960359 0.03590664272890485
0 0.2819745699326851 0.5493716337522442 0.08676140613313388 0.10053859964093358
0 0.6705310396409873 0.43043087971274685 0.02617801047120419 0.024236983842010774
0 0.6327599102468212 0.8438061041292639 0.03590127150336574 0.03949730700179534
0 0.42109199700822736 0.7522441651705566 0.04038893044128646 0.08797127468581688
0 0.7535527299925205 0.5641831238779175 0.029169783096484665 0.03680430879712747
0 0.5265519820493643 0.6310592459605027 0.03590127150336574 0.03770197486535009
0 0.7741211667913238 0.4254937163375225 0.05833956619296933 0.0843806104129264
0 0.487658937920718 0.2513464991023339 0.06282722513089005 0.14901256732495513
0 0.6566940912490651 0.10233393177737882 0.026925953627524306 0.08797127468581688
0 0.8620044876589379 0.4618491921005386 0.03664921465968586 0.06732495511669659
0 0.7217651458489155 0.6660682226211849 0.07479431563201197 0.07899461400359067
0 0.4330590875093493 0.5552064631956912 0.01795063575168287 0.024236983842010774
0 0.46522064323111445 0.8456014362657092 0.0344053851907255 0.0466786355475763
0 0.7034405385190725 0.7854578096947936 0.0381451009723261 0.03949730700179534
0 0.2636499626028422 0.46903052064631956 0.023186237845923708 0.026032315978456014
0 0.47456993268511594 0.7508976660682226 0.033657442034405384 0.0421903052064632
0 0.8485415108451757 0.6395870736086177 0.08152580403889305 0.12118491921005387
0 0.6185489902767389 0.755834829443447 0.03889304412864622 0.04308797127468582
0 0.6544502617801047 0.8038599640933572 0.03590127150336574 0.03680430879712747
0 0.05609573672400897 0.4982046678635548 0.028421839940164548 0.03411131059245961
0 0.8836948391922214 0.38375224416517056 0.04113687359760658 0.03859964093357271
0 0.5385190725504861 0.751346499102334 0.01944652206432311 0.02154398563734291
0 0.22288706058339566 0.39631956912028726 0.031413612565445025 0.03680430879712747
0 0.4330590875093493 0.6108617594254937 0.025430067314884067 0.0296229802513465
0 0.6503365744203441 0.6934470377019749 0.030665669409124907 0.10502692998204669
0 0.06768885564697083 0.45915619389587076 0.05609573672400897 0.0421903052064632
0 0.6802543006731488 0.3500897666068223 0.048616305160807775 0.07360861759425494
0 0.46522064323111445 0.6669658886894075 0.068810770381451 0.06642728904847398
0 0.7554225878833208 0.6404847396768403 0.03889304412864622 0.06912028725314183
0 0.8249813014210919 0.3891382405745063 0.032909498878085267 0.024236983842010774
0 0.581151832460733 0.5408438061041293 0.02243829468960359 0.05655296229802514
0 0.21615557217651457 0.3119389587073609 0.025430067314884067 0.03141831238779174
0 0.8784592370979806 0.2894973070017953 0.06507105459985041 0.04398563734290844
0 0.30852655198204937 0.6472172351885099 0.023186237845923708 0.02333931777378815
0 0.8915482423335827 0.3514362657091562 0.02393418100224383 0.017055655296229804
0 0.25916230366492143 0.4241472172351885 0.07853403141361257 0.0547576301615799
0 0.8167539267015707 0.32001795332136446 0.025430067314884067 0.02782764811490126
0 0.5153328347045625 0.8011669658886894 0.014958863126402393 0.0421903052064632
0 0.3406881077038145 0.0888689407540395 0.018698578908002993 0.02333931777378815
0 0.3462976813762154 0.3559245960502693 0.08975317875841436 0.06552962298025135
0 0.2703814510097233 0.3128366247755835 0.014210919970082274 0.05116696588868941
0 0.3724756918474196 0.19299820466786355 0.037397157816005985 0.0843806104129264
0 0.7509349289454001 0.24730700179533213 0.025430067314884067 0.03321364452423699
0 0.05609573672400897 0.638689407540395 0.013462976813762153 0.017055655296229804
0 0.4663425579655946 0.1319569120287253 0.027673896783844427 0.06642728904847398
0 0.6697830964846672 0.8321364452423698 0.05759162303664921 0.0933572710951526
0 0.7614061331338818 0.2868043087971275 0.01944652206432311 0.026032315978456014
0 0.818997756170531 0.4313285457809695 0.014958863126402393 0.01526032315978456
0 0.06357516828721017 0.7657091561938959 0.014958863126402393 0.03411131059245961
0 0.043754674644727 0.4272890484739677 0.011219147344801795 0.008976660682226212
0 0.5347793567688855 0.38644524236983846 0.020942408376963352 0.06193895870736087
0 0.5018698578908003 0.31956912028725315 0.08077786088257292 0.1687612208258528
0 0.47045624532535524 0.2069120287253142 0.031413612565445025 0.05655296229802514
0 0.5587135377711294 0.0718132854578097 0.02243829468960359 0.02333931777378815
0 0.7595362752430815 0.056104129263913824 0.012715033657442034 0.02244165170556553
0 0.7617801047120418 0.38420107719928187 0.018698578908002993 0.01615798922800718
