0 0.630943396226415 0.5642533936651584 0.0981132075471698 0.0914027149321267
0 0.4218867924528302 0.6696832579185521 0.08150943396226415 0.11402714932126698
0 0.47509433962264147 0.8402714932126697 0.08377358490566038 0.09683257918552036
0 0.2109433962264151 0.5040723981900452 0.09132075471698113 0.06515837104072399
0 0.26075471698113206 0.6805429864253394 0.06566037735849056 0.06153846153846154
0 0.6418867924528302 0.4135746606334842 0.07018867924528302 0.06153846153846154
0 0.6792452830188679 0.779185520361991 0.08 0.11040723981900454
0 0.34641509433962264 0.4687782805429864 0.07698113207547169 0.07058823529411765
0 0.3969811320754717 0.4063348416289593 0.049811320754716976 0.06515837104072399
0 0.6777358490566038 0.31674208144796384 0.05132075471698113 0.05248868778280543
0 0.19547169811320753 0.7665158371040725 0.028679245283018868 0.034389140271493215
0 0.5852830188679246 0.6452488687782806 0.08226415094339622 0.08325791855203621
0 0.4218867924528302 0.7696832579185521 0.06490566037735848 0.0751131221719457
0 0.29924528301886794 0.548868778280543 0.050566037735849056 0.0497737556561086
0 0.43584905660377354 0.2429864253393665 0.0369811320754717 0.044343891402714934
0 0.5916981132075472 0.8520361990950227 0.03471698113207547 0.08054298642533937
0 0.4607547169811321 0.15339366515837105 0.0490566037735849 0.07873303167420814
0 0.7437735849056604 0.6506787330316742 0.030943396226415093 0.03619909502262444
0 0.4154716981132075 0.14434389140271495 0.02188679245283019 0.024434389140271493
0 0.47245283018867923 0.3248868778280543 0.03924528301886792 0.04524886877828054
0 0.4852830188679245 0.5212669683257919 0.14037735849056604 0.11221719457013575
0 0.3773584905660377 0.5850678733031675 0.022641509433962263 0.03529411764705882
0 0.730188679245283 0.47647058823529415 0.08679245283018867 0.10045248868778281
0 0.34188679245283016 0.5954751131221719 0.025660377358490565 0.023529411764705882
0 0.3792452830188679 0.1823529411764706 0.03547169811320754 0.03891402714932127
0 0.5913207547169811 0.2737556561085973 0.04 0.08778280542986426
0 0.25849056603773585 0.46199095022624437 0.02943396226415094 0.037104072398190045
0 0.4852830188679245 0.3945701357466064 0.03622641509433962 0.03800904977375566
0 0.2381132075471698 0.6004524886877828 0.05811320754716981 0.08416289592760182
0 0.5245283018867924 0.7742081447963801 0.06339622641509433 0.1493212669683258
0 0.3558490566037736 0.9230769230769231 0.02641509433962264 0.08687782805429864
0 0.14981132075471698 0.5642533936651584 0.0369811320754717 0.06787330316742082
0 0.290188679245283 0.3601809954751131 0.07471698113207546 0.07963800904977376
0 0.5792452830188679 0.47104072398190044 0.017358490566037735 0.024434389140271493
0 0.5467924528301886 0.18009049773755656 0.033962264150943396 0.047058823529411764
0 0.3083018867924528 0.2411764705882353 0.038490566037735846 0.03891402714932127
0 0.7486792452830189 0.5565610859728507 0.022641509433962263 0.025339366515837104
0 0.5377358490566038 0.2751131221719457 0.033962264150943396 0.041628959276018104
0 0.1630188679245283 0.38642533936651585 0.08150943396226415 0.12126696832579185
0 0.39358490566037735 0.2701357466063348 0.038490566037735846 0.04253393665158371
0 0.35773584905660377 0.22217194570135748 0.03622641509433962 0.037104072398190045
0 0.9562264150943396 0.5271493212669683 0.028679245283018868 0.0334841628959276
0 0.12830188679245283 0.642081447963801 0.040754716981132075 0.03891402714932127
0 0.4732075471698113 0.2751131221719457 0.01962264150943396 0.02171945701357466
0 0.7894339622641509 0.6294117647058823 0.03169811320754717 0.037104072398190045
0 0.5788679245283018 0.4153846153846154 0.025660377358490565 0.02895927601809955
0 0.3618867924528302 0.33257918552036203 0.030943396226415093 0.10407239819004525
0 0.9441509433962264 0.5665158371040724 0.05584905660377358 0.041628959276018104
0 0.3320754716981132 0.6755656108597285 0.04830188679245283 0.07330316742081448
0 0.5467924528301886 0.3588235294117647 0.06867924528301886 0.0660633484162896
0 0.25660377358490566 0.38597285067873305 0.03924528301886792 0.06968325791855204
0 0.18716981132075472 0.6366515837104073 0.03320754716981132 0.024434389140271493
0 0.4309433962264151 0.4850678733031674 0.022641509433962263 0.056108597285067875
0 0.7962264150943396 0.7135746606334842 0.025660377358490565 0.03167420814479638
0 0.1339622641509434 0.7361990950226245 0.06566037735849056 0.044343891402714934
0 0.7033962264150943 0.3782805429864253 0.022641509433962263 0.023529411764705882
0 0.12037735849056604 0.6746606334841629 0.02339622641509434 0.017194570135746608
0 0.7532075471698113 0.6018099547511312 0.07849056603773584 0.05429864253393665
0 0.19547169811320753 0.7063348416289593 0.025660377358490565 0.028054298642533938
0 0.49660377358490565 0.2253393665158371 0.01509433962264151 0.041628959276018104
0 0.6720754716981132 0.9361990950226244 0.018867924528301886 0.02262443438914027
0 0.6656603773584905 0.6696832579185521 0.0890566037735849 0.06515837104072399
0 0.7422641509433962 0.7122171945701358 0.014339622641509434 0.05067873303167421
0 0.64 0.8321266968325792 0.03773584905660377 0.08416289592760182
0 0.2615094339622641 0.7787330316742082 0.024905660377358488 0.0334841628959276
0 0.9562264150943396 0.38687782805429866 0.013584905660377358 0.017194570135746608
0 0.5460377358490566 0.8936651583710408 0.02792452830188679 0.0660633484162896
0 0.3422641509433962 0.19411764705882353 0.05811320754716981 0.09321266968325792
0 0.2509433962264151 0.7389140271493213 0.018867924528301886 0.026244343891402715
0 0.1932075471698113 0.5945701357466063 0.01509433962264151 0.014479638009049774
0 0.9479245283018868 0.26018099547511314 0.01509433962264151 0.0334841628959276
0 0.9686792452830189 0.5981900452488688 0.011320754716981131 0.00904977375565611
0 0.47773584905660377 0.6398190045248869 0.02113207547169811 0.06153846153846154
0 0.510188679245283 0.7063348416289593 0.08 0.16742081447963802
0 0.5418867924528301 0.818552036199095 0.03169811320754717 0.05701357466063349
0 0.45358490566037735 0.9533936651583711 0.022641509433962263 0.02262443438914027
0 0.2528301886792453 0.969683257918552 0.013584905660377358 0.02262443438914027
0 0.25056603773584907 0.6416289592760182 0.01811320754716981 0.016289592760180997
