0 0.64125 0.5826923076923077 0.10375000000000001 0.09923076923076923
0 0.41625 0.6784615384615384 0.085 0.12307692307692308
0 0.46218750000000003 0.8669230769230769 0.088125 0.10307692307692308
0 0.2040625 0.4823076923076923 0.095625 0.07076923076923076
0 0.24625 0.6765384615384615 0.0675 0.06538461538461539
0 0.6615625 0.42115384615384616 0.073125 0.06538461538461539
0 0.68 0.818076923076923 0.08375 0.1176923076923077
0 0.3478125 0.4553846153846154 0.080625 0.07538461538461538
0 0.4053125 0.3923076923076923 0.051875000000000004 0.06923076923076923
0 0.705 0.3203846153846154 0.05375 0.05615384615384615
0 0.17250000000000001 0.7634615384615384 0.03 0.036153846153846154
0 0.5884375000000001 0.6665384615384615 0.085625 0.08846153846153847
0 0.410625 0.7857692307692308 0.0675 0.08076923076923077
0 0.2940625 0.5373076923076923 0.053125 0.05307692307692308
0 0.4553125 0.22 0.038125 0.046153846153846156
0 0.5840625 0.8892307692307693 0.035625000000000004 0.08615384615384615
0 0.48625 0.12615384615384614 0.05 0.08307692307692308
0 0.7540625 0.6857692307692308 0.031875 0.03769230769230769
0 0.4396875 0.1123076923076923 0.021875000000000002 0.024615384615384615
0 0.48875 0.31153846153846154 0.04 0.047692307692307694
0 0.49062500000000003 0.5238461538461539 0.1475 0.12153846153846154
0 0.3740625 0.5842307692307692 0.023125 0.03769230769230769
0 0.7496875000000001 0.49615384615384617 0.090625 0.1076923076923077
0 0.33625 0.5919230769230769 0.02625 0.025384615384615384
0 0.39937500000000004 0.15 0.0375 0.04153846153846154
0 0.6159375 0.26615384615384613 0.041875 0.09384615384615384
0 0.25625 0.44153846153846155 0.03 0.038461538461538464
0 0.498125 0.38846153846153847 0.0375 0.04
0 0.226875 0.5884615384615385 0.06 0.09076923076923077
0 0.5178125 0.7996153846153846 0.065625 0.15923076923076923
0 0.33187500000000003 0.9457692307692308 0.0275 0.09307692307692307
0 0.136875 0.5415384615384615 0.03875 0.07230769230769231
0 0.2959375 0.3346153846153846 0.078125 0.08461538461538462
0 0.5921875 0.4776923076923077 0.016875 0.026153846153846153
0 0.5750000000000001 0.16230769230769232 0.035 0.05076923076923077
0 0.32125 0.20692307692307693 0.04 0.04153846153846154
0 0.7653125000000001 0.5842307692307692 0.023125 0.026923076923076925
0 0.5596875 0.26384615384615384 0.034375 0.04461538461538461
0 0.160625 0.3515384615384615 0.085 0.12923076923076923
0 0.4090625 0.24615384615384617 0.039375 0.046153846153846156
0 0.3740625 0.19153846153846155 0.036875 0.04
0 0.984375 0.57 0.02875 0.03538461538461538
0 0.109375 0.6238461538461538 0.0425 0.04153846153846154
0 0.4925 0.25769230769230766 0.01875 0.023076923076923078
0 0.8034375 0.6657692307692308 0.031875 0.03923076923076923
0 0.595 0.4176923076923077 0.02625 0.03076923076923077
0 0.3725 0.31038461538461537 0.03125 0.11153846153846154
0 0.97 0.6115384615384616 0.0575 0.04461538461538461
0 0.32125 0.676923076923077 0.051250000000000004 0.07846153846153846
0 0.5646875 0.35423076923076924 0.07062500000000001 0.07
0 0.2584375 0.35884615384615387 0.040625 0.07307692307692308
0 0.1715625 0.6226923076923077 0.033125 0.025384615384615384
0 0.4365625 0.4807692307692308 0.023125 0.06
0 0.805625 0.7580769230769231 0.02625 0.03307692307692308
0 0.11 0.7261538461538461 0.0675 0.047692307692307694
0 0.7284375 0.38884615384615384 0.023125 0.023846153846153847
0 0.0990625 0.6580769230769231 0.024375 0.01769230769230769
0 0.7675000000000001 0.6338461538461538 0.08125 0.05846153846153846
0 0.17625 0.6984615384615385 0.02625 0.02923076923076923
0 0.519375 0.20615384615384616 0.015 0.043076923076923075
0 0.663125 0.9865384615384616 0.01875 0.023846153846153847
0 0.671875 0.6996153846153846 0.09375 0.07
0 0.749375 0.7519230769230769 0.01375 0.054615384615384614
0 0.635 0.8723076923076923 0.03875 0.08923076923076922
0 0.2415625 0.7823076923076923 0.025625000000000002 0.03538461538461538
0 0.9921875 0.41923076923076924 0.013125 0.01846153846153846
0 0.5334375 0.9303846153846154 0.028125 0.07153846153846154
0 0.3596875 0.15923076923076923 0.059375000000000004 0.1
0 0.2325 0.7384615384615385 0.02 0.027692307692307693
0 0.18 0.5784615384615385 0.015 0.015384615384615385
0 0.9915625 0.2823076923076923 0.014375 0.03538461538461538
0 0.9934375 0.6484615384615384 0.010625 0.00923076923076923
0 0.475625 0.6511538461538462 0.02125 0.06538461538461539
0 0.5065625 0.7253846153846154 0.083125 0.18
0 0.5334375 0.8492307692307692 0.033125 0.06
0 0.433125 0.9865384615384616 0.0225 0.023846153846153847
0 0.2215625 0.9873076923076923 0.013125 0.022307692307692306
0 0.238125 0.6338461538461538 0.01875 0.016923076923076923
