0 0.6190625 0.4346153846153846 0.10312500000000001 0.09846153846153846
0 0.39375 0.33884615384615385 0.085 0.12230769230769231
0 0.44 0.1503846153846154 0.08750000000000001 0.10384615384615385
0 0.1821875 0.535 0.095625 0.07
0 0.2240625 0.34115384615384614 0.068125 0.06538461538461539
0 0.6390625 0.5957692307692307 0.073125 0.06538461538461539
0 0.6575 0.19923076923076924 0.08375 0.11846153846153847
0 0.3259375 0.5615384615384615 0.080625 0.07538461538461538
0 0.3828125 0.6246153846153846 0.051875000000000004 0.06923076923076923
0 0.6825 0.6973076923076923 0.05375 0.05615384615384615
0 0.15031250000000002 0.25384615384615383 0.029375000000000002 0.03692307692307692
0 0.5665625 0.35115384615384615 0.085625 0.08846153846153847
0 0.388125 0.23115384615384615 0.0675 0.08076923076923077
0 0.27187500000000003 0.4796153846153846 0.0525 0.05307692307692308
0 0.4328125 0.7973076923076923 0.038125 0.04692307692307692
0 0.5615625 0.1280769230769231 0.035625000000000004 0.08538461538461538
0 0.4640625 0.8911538461538462 0.050625 0.08384615384615385
0 0.7321875 0.33192307692307693 0.031875 0.03769230769230769
0 0.4171875 0.905 0.021875000000000002 0.025384615384615384
0 0.4665625 0.7053846153846154 0.040625 0.047692307692307694
0 0.46875 0.49346153846153845 0.1475 0.12076923076923077
0 0.3515625 0.43346153846153845 0.023125 0.03769230769230769
0 0.7278125 0.5207692307692308 0.090625 0.1076923076923077
0 0.3140625 0.42538461538461536 0.026875 0.024615384615384615
0 0.3771875 0.8669230769230769 0.036875 0.04153846153846154
0 0.5940625 0.7507692307692307 0.041875 0.09384615384615384
0 0.234375 0.5761538461538461 0.03 0.038461538461538464
0 0.47625 0.6292307692307693 0.0375 0.04
0 0.2046875 0.4288461538461538 0.060625 0.09
0 0.4953125 0.21769230769230768 0.065625 0.16
0 0.3096875 0.07153846153846154 0.026875 0.09384615384615384
0 0.1146875 0.4753846153846154 0.038125 0.07230769230769231
0 0.2734375 0.683076923076923 0.078125 0.08461538461538462
0 0.5700000000000001 0.5396153846153846 0.0175 0.025384615384615384
0 0.5528125 0.855 0.035625000000000004 0.05
0 0.2990625 0.81 0.039375 0.04153846153846154
0 0.7428125 0.4326923076923077 0.023125 0.026923076923076925
0 0.5375 0.7538461538461538 0.035 0.04461538461538461
0 0.13875 0.6657692307692308 0.085 0.13
0 0.386875 0.7711538461538462 0.04 0.045384615384615384
0 0.3521875 0.8257692307692308 0.036875 0.03923076923076923
0 0.9621875 0.4469230769230769 0.029375000000000002 0.03538461538461538
0 0.08750000000000001 0.3934615384615385 0.0425 0.040769230769230766
0 0.4703125 0.7596153846153846 0.019375 0.022307692307692306
0 0.78125 0.35115384615384615 0.0325 0.03923076923076923
0 0.573125 0.5992307692307692 0.02625 0.03076923076923077
0 0.35000000000000003 0.7069230769230769 0.03125 0.1123076923076923
0 0.9478125000000001 0.40576923076923077 0.058125 0.04384615384615385
0 0.2990625 0.34 0.050625 0.07846153846153846
0 0.5425 0.6626923076923077 0.07125000000000001 0.07
0 0.2365625 0.6584615384615384 0.040625 0.07384615384615384
0 0.149375 0.3942307692307692 0.03375 0.025384615384615384
0 0.4140625 0.536923076923077 0.023125 0.06
0 0.7837500000000001 0.25961538461538464 0.02625 0.03307692307692308
0 0.0878125 0.29115384615384615 0.068125 0.04692307692307692
0 0.7059375 0.6284615384615385 0.023125 0.024615384615384615
0 0.0771875 0.35884615384615387 0.024375 0.01769230769230769
0 0.7453125 0.38384615384615384 0.081875 0.05846153846153846
0 0.154375 0.31846153846153846 0.02625 0.02923076923076923
0 0.4975 0.8111538461538461 0.015 0.04384615384615385
0 0.640625 0.030384615384615385 0.01875 0.023846153846153847
0 0.649375 0.3180769230769231 0.09375 0.07
0 0.7271875 0.2653846153846154 0.014375 0.05384615384615385
0 0.613125 0.145 0.03875 0.09
0 0.2190625 0.235 0.025625000000000002 0.03461538461538462
0 0.9703125 0.5980769230769231 0.013125 0.01769230769230769
0 0.5109375 0.08692307692307692 0.028125 0.07076923076923076
0 0.3375 0.8576923076923076 0.06 0.1
0 0.2103125 0.27884615384615385 0.019375 0.026923076923076925
0 0.15812500000000002 0.43884615384615383 0.015 0.014615384615384615
0 0.969375 0.7353846153846154 0.015 0.03538461538461538
0 0.9712500000000001 0.36923076923076925 0.01125 0.00923076923076923
0 0.45375 0.36653846153846154 0.02125 0.06538461538461539
0 0.484375 0.2919230769230769 0.08375 0.18076923076923077
0 0.51125 0.16807692307692307 0.0325 0.06076923076923077
0 0.410625 0.030384615384615385 0.0225 0.023846153846153847
0 0.1990625 0.03 0.013125 0.023076923076923078
0 0.215625 0.38346153846153846 0.01875 0.016153846153846154
