0 0.3943396226415094 0.43336355394378967 0.09886792452830188 0.09247506799637353
0 0.6037735849056604 0.32819582955575705 0.08150943396226415 0.11423390752493201
0 0.550566037735849 0.15639165911151406 0.08377358490566038 0.09700815956482321
0 0.8143396226415094 0.49501359927470534 0.0920754716981132 0.06527651858567543
0 0.7649056603773584 0.3182230281051677 0.06566037735849056 0.061650045330915684
0 0.3830188679245283 0.5838621940163191 0.07018867924528302 0.061650045330915684
0 0.34603773584905656 0.21758839528558477 0.08075471698113207 0.11060743427017225
0 0.6788679245283018 0.529918404351768 0.07773584905660377 0.07162284678150499
0 0.6279245283018867 0.5929283771532184 0.049811320754716976 0.06527651858567543
0 0.34679245283018867 0.6813236627379873 0.052075471698113204 0.05349048050770626
0 0.830943396226415 0.23164097914777879 0.028679245283018868 0.03535811423390753
0 0.44 0.35176790571169536 0.08150943396226415 0.08340888485947416
0 0.6037735849056604 0.22756119673617406 0.06490566037735848 0.07615593834995467
0 0.7264150943396226 0.4501359927470535 0.050566037735849056 0.04986400725294651
0 0.5890566037735849 0.756572982774252 0.0369811320754717 0.04442429737080689
0 0.43396226415094336 0.14460562103354488 0.03471698113207547 0.08068902991840435
0 0.5633962264150943 0.8454215775158658 0.0490566037735849 0.07887579329102448
0 0.28150943396226413 0.34587488667271077 0.03169811320754717 0.03535811423390753
0 0.6086792452830189 0.8553943789664551 0.02188679245283019 0.024478694469628286
0 0.5524528301886792 0.6736174070716229 0.03924528301886792 0.04533091568449683
0 0.5399999999999999 0.4768812330009066 0.1411320754716981 0.11242067089755213
0 0.6483018867924528 0.4129646418857661 0.022641509433962263 0.03535811423390753
0 0.29471698113207545 0.5208522212148685 0.08679245283018867 0.10063463281958296
0 0.6833962264150943 0.40253853127833183 0.02641509433962264 0.02357207615593835
0 0.6449056603773584 0.8168631006346329 0.03547169811320754 0.03989120580235721
0 0.4332075471698113 0.7248413417951043 0.040754716981132075 0.08794197642792384
0 0.7667924528301886 0.5367180417044424 0.028679245283018868 0.03626473254759746
0 0.539622641509434 0.6038077969174978 0.03622641509433962 0.038077969174977334
0 0.7879245283018868 0.3984587488667271 0.05886792452830188 0.0843155031731641
0 0.5011320754716981 0.2230281051677244 0.06339622641509433 0.14868540344514958
0 0.670566037735849 0.07388939256572982 0.02641509433962264 0.08794197642792384
0 0.8758490566037735 0.43472348141432454 0.0369811320754717 0.06799637352674524
0 0.7347169811320754 0.6391659111514053 0.07471698113207546 0.07978241160471441
0 0.44566037735849057 0.5271985494106981 0.017358490566037735 0.024478694469628286
0 0.47773584905660377 0.8186763372620127 0.03471698113207547 0.0471441523118767
0 0.7166037735849057 0.7588395285584769 0.038490566037735846 0.03989120580235721
0 0.2762264150943396 0.4401631912964642 0.022641509433962263 0.02629193109700816
0 0.4871698113207547 0.7234814143245694 0.033962264150943396 0.04170444242973708
0 0.8618867924528302 0.6128739800543971 0.08150943396226415 0.1214868540344515
0 0.6313207547169811 0.728921124206709 0.038490566037735846 0.043517679057116954
0 0.6667924528301886 0.7774252039891206 0.03547169811320754 0.037171350861287394
0 0.06867924528301886 0.46917497733454216 0.028679245283018868 0.03354487760652765
0 0.8977358490566038 0.35675430643699 0.04150943396226415 0.038984587488667274
0 0.551320754716981 0.7243880326382592 0.018867924528301886 0.021758839528558477
0 0.23584905660377356 0.3676337262012693 0.030943396226415093 0.037171350861287394
0 0.4460377358490566 0.5825022665457842 0.025660377358490565 0.029918404351767906
0 0.6633962264150943 0.6663644605621033 0.03018867924528302 0.10516772438803264
0 0.08 0.42973708068902994 0.05584905660377358 0.04170444242973708
0 0.6939622641509433 0.32230281051677245 0.0490566037735849 0.07343608340888486
0 0.4781132075471698 0.6396192203082502 0.06867924528301886 0.06618313689936536
0 0.7686792452830188 0.613327289211242 0.04 0.06980961015412511
0 0.8388679245283018 0.3621940163191296 0.03245283018867924 0.024478694469628286
0 0.5939622641509433 0.5131459655485041 0.022641509433962263 0.056210335448776065
0 0.2290566037735849 0.28241160471441523 0.02641509433962264 0.03173164097914778
0 0.8924528301886792 0.2615593834995467 0.06566037735849056 0.04442429737080689
0 0.32075471698113206 0.6192203082502267 0.022641509433962263 0.02357207615593835
0 0.9056603773584905 0.3241160471441523 0.024150943396226414 0.017225747960108794
0 0.27169811320754716 0.3948322756119674 0.07849056603773584 0.055303717135086125
0 0.830188679245283 0.29238440616500455 0.025660377358490565 0.028105167724388033
0 0.5283018867924528 0.7742520398912058 0.01509433962264151 0.04170444242973708
0 0.3539622641509434 0.059383499546690845 0.01811320754716981 0.022665457842248413
0 0.35962264150943396 0.3272892112420671 0.08981132075471698 0.06527651858567543
0 0.2833962264150943 0.28377153218495016 0.014339622641509434 0.050770625566636446
0 0.38566037735849057 0.16364460562103356 0.03773584905660377 0.0843155031731641
0 0.7649056603773584 0.21940163191296463 0.024905660377358488 0.032638259292837715
0 0.06792452830188679 0.6097008159564823 0.013584905660377358 0.017225747960108794
0 0.48 0.10290117860380779 0.027169811320754716 0.06618313689936536
0 0.6822641509433962 0.8055303717135086 0.057358490566037736 0.09338168631006347
0 0.7750943396226415 0.25929283771532186 0.01962264150943396 0.025385312783318223
0 0.8324528301886792 0.4043517679057117 0.01509433962264151 0.014505893019038985
0 0.07547169811320754 0.7375339981867634 0.01509433962264151 0.03354487760652765
0 0.05622641509433962 0.3975521305530372 0.011320754716981131 0.009972801450589302
0 0.5479245283018868 0.35811423390752495 0.02113207547169811 0.061650045330915684
0 0.5150943396226415 0.2910244786944696 0.08075471698113207 0.1686310063463282
0 0.48377358490566036 0.17815049864007254 0.03169811320754717 0.057116953762466005
0 0.5728301886792453 0.04306436990027199 0.022641509433962263 0.022665457842248413
0 0.7739622641509434 0.027651858567543063 0.012830188679245283 0.022665457842248413
0 0.7754716981132075 0.35675430643699 0.018867924528301886 0.015412511332728921
