0 0.36243386243386244 0.5621621621621622 0.09750566893424037 0.09009009009009009
0 0.5672713529856387 0.6693693693693694 0.08087679516250945 0.11171171171171171
0 0.5120937263794407 0.836036036036036 0.08238851095993953 0.09549549549549549
0 0.7777777777777778 0.5117117117117117 0.09070294784580499 0.06486486486486487
0 0.7263794406651549 0.6833333333333333 0.06500377928949358 0.06036036036036036
0 0.35411942554799697 0.41396396396396395 0.06878306878306878 0.06036036036036036
0 0.31179138321995464 0.7716216216216216 0.07936507936507936 0.109009009009009
0 0.645124716553288 0.4743243243243243 0.0763416477702192 0.06936936936936937
0 0.5956160241874527 0.4117117117117117 0.049886621315192746 0.06306306306306306
0 0.3197278911564626 0.31801801801801804 0.05139833711262283 0.05225225225225225
0 0.7898715041572185 0.7693693693693694 0.02872260015117158 0.03423423423423423
0 0.40627362055933486 0.6423423423423423 0.08087679516250945 0.08108108108108109
0 0.5657596371882087 0.7675675675675676 0.06424792139077853 0.07387387387387387
0 0.690098261526833 0.5536036036036036 0.049886621315192746 0.04954954954954955
0 0.5600907029478458 0.25045045045045045 0.036281179138321996 0.043243243243243246
0 0.39682539682539686 0.8454954954954955 0.03476946334089191 0.07837837837837838
0 0.5366591080876796 0.16261261261261262 0.04837490551776266 0.07657657657657657
0 0.25018896447467875 0.6445945945945946 0.030234315948601664 0.03513513513513514
0 0.581254724111867 0.1545045045045045 0.021164021164021163 0.024324324324324326
0 0.5222978080120937 0.3310810810810811 0.039304610733182165 0.044144144144144144
0 0.5068027210884354 0.5225225225225225 0.1383219954648526 0.10990990990990991
0 0.6130007558578987 0.5878378378378378 0.022675736961451247 0.03513513513513514
0 0.26643990929705214 0.4734234234234234 0.0854119425547997 0.0981981981981982
0 0.6473922902494331 0.5986486486486486 0.026455026455026457 0.02252252252252252
0 0.6164021164021164 0.19234234234234235 0.03552532123960696 0.03873873873873874
0 0.40589569160997735 0.2774774774774775 0.039304610733182165 0.08648648648648649
0 0.7316704459561603 0.46936936936936935 0.02872260015117158 0.036036036036036036
0 0.5083144368858654 0.39864864864864863 0.03552532123960696 0.036936936936936934
0 0.7498110355253212 0.6058558558558559 0.05744520030234316 0.08198198198198198
0 0.46447467876039306 0.7702702702702703 0.06273620559334846 0.14594594594594595
0 0.6288737717309146 0.9198198198198199 0.025699168556311415 0.08648648648648649
0 0.8371126228269086 0.5720720720720721 0.037037037037037035 0.06666666666666667
0 0.7018140589569161 0.3689189189189189 0.07331821617535904 0.07837837837837838
0 0.41496598639455784 0.4711711711711712 0.016628873771730914 0.023423423423423424
0 0.4508692365835223 0.18693693693693694 0.034013605442176874 0.04594594594594595
0 0.6855631141345427 0.2518018018018018 0.03779289493575208 0.03873873873873874
0 0.24640967498110355 0.5522522522522523 0.022675736961451247 0.025225225225225224
0 0.45918367346938777 0.2801801801801802 0.034013605442176874 0.04144144144144144
0 0.8269085411942555 0.3972972972972973 0.0801209372637944 0.11891891891891893
0 0.6012849584278156 0.27837837837837837 0.03854875283446712 0.04144144144144144
0 0.63718820861678 0.23243243243243245 0.03476946334089191 0.036036036036036036
0 0.04195011337868481 0.518918918918919 0.027966742252456538 0.032432432432432434
0 0.8575207860922147 0.6486486486486487 0.0400604686318972 0.03783783783783784
0 0.5226757369614513 0.2810810810810811 0.01889644746787604 0.021621621621621623
0 0.20521541950113378 0.6225225225225225 0.030990173847316706 0.036036036036036036
0 0.4160997732426304 0.41711711711711713 0.024943310657596373 0.02882882882882883
0 0.6315192743764173 0.34054054054054056 0.02947845804988662 0.10270270270270271
0 0.05328798185941043 0.5572072072072072 0.05517762660619804 0.04054054054054054
0 0.656084656084656 0.6774774774774774 0.04837490551776266 0.07207207207207207
0 0.4486016628873772 0.3621621621621622 0.0672713529856387 0.06486486486486487
0 0.7346938775510204 0.3945945945945946 0.039304610733182165 0.06846846846846846
0 0.7993197278911565 0.6423423423423423 0.03250188964474679 0.023423423423423424
0 0.5608465608465608 0.4882882882882883 0.022675736961451247 0.055855855855855854
0 0.19727891156462585 0.7054054054054054 0.025699168556311415 0.03063063063063063
0 0.8507180650037793 0.7414414414414414 0.06424792139077853 0.043243243243243246
0 0.29327286470143615 0.3783783783783784 0.022675736961451247 0.023423423423423424
0 0.8650793650793651 0.6810810810810811 0.02343159486016629 0.016216216216216217
0 0.24111866969009826 0.5963963963963964 0.07709750566893424 0.05405405405405406
0 0.7898715041572185 0.7103603603603603 0.025699168556311415 0.027927927927927927
0 0.5003779289493575 0.23198198198198197 0.015117157974300832 0.04054054054054054
0 0.3167044595616024 0.9265765765765765 0.018140589569160998 0.02252252252252252
0 0.3269085411942555 0.6648648648648648 0.08843537414965986 0.06486486486486487
0 0.25056689342403626 0.704954954954955 0.01436130007558579 0.04954954954954955
0 0.34958427815570675 0.8252252252252252 0.037037037037037035 0.08288288288288288
0 0.7241118669690099 0.7801801801801802 0.02418745275888133 0.032432432432432434
0 0.04421768707482993 0.3810810810810811 0.012849584278155708 0.016216216216216217
0 0.4414210128495843 0.8873873873873874 0.0272108843537415 0.06486486486486487
0 0.6526832955404385 0.2045045045045045 0.05668934240362812 0.0918918918918919
0 0.735071806500378 0.7414414414414414 0.01889644746787604 0.025225225225225224
0 0.7940287226001512 0.6009009009009009 0.01436130007558579 0.014414414414414415
0 0.05366591080876795 0.25675675675675674 0.015117157974300832 0.032432432432432434
0 0.02834467120181406 0.5882882882882883 0.011337868480725623 0.009009009009009009
0 0.5128495842781557 0.6391891891891892 0.020408163265306124 0.06036036036036036
0 0.4795918367346939 0.7040540540540541 0.07936507936507936 0.16486486486486487
0 0.4463340891912321 0.8135135135135135 0.030990173847316706 0.055855855855855854
0 0.5317460317460317 0.9472972972972973 0.021919879062736205 0.02252252252252252
0 0.7297808012093726 0.9675675675675676 0.012849584278155708 0.021621621621621623
0 0.7369614512471655 0.645945945945946 0.018140589569160998 0.016216216216216217
