0 0.6009852216748768 0.4498525073746313 0.09852216748768472 0.09144542772861357
0 0.3830049261083744 0.38003933136676504 0.0812807881773399 0.11307767944936087
0 0.41625615763546797 0.2025565388397247 0.08374384236453201 0.09636184857423796
0 0.19334975369458127 0.5771878072763029 0.09113300492610837 0.06489675516224189
0 0.2229064039408867 0.3952802359882006 0.06486042692939245 0.06096361848574238
0 0.6284893267651888 0.5958702064896756 0.06978653530377668 0.06096361848574238
0 0.624384236453202 0.23008849557522126 0.07963875205254516 0.11012782694198624
0 0.3308702791461412 0.5899705014749262 0.07717569786535304 0.07079646017699115
0 0.3879310344827586 0.6430678466076697 0.05008210180623974 0.06489675516224189
0 0.675287356321839 0.6858407079646018 0.05172413793103448 0.05211406096361849
0 0.14819376026272577 0.32153392330383485 0.028735632183908046 0.035398230088495575
0 0.5467980295566502 0.37708947885939037 0.08210180623973727 0.0816125860373648
0 0.37151067323481113 0.2812192723697149 0.06486042692939245 0.07472959685349066
0 0.2754515599343185 0.5191740412979351 0.05008210180623974 0.049164208456243856
0 0.4445812807881773 0.7979351032448379 0.03694581280788177 0.04424778761061947
0 0.5295566502463054 0.17256637168141595 0.034482758620689655 0.07964601769911504
0 0.47947454844006565 0.8815142576204523 0.04926108374384236 0.0776794493608653
0 0.7019704433497537 0.34611602753195675 0.031198686371100164 0.035398230088495575
0 0.4359605911330049 0.8982300884955753 0.02134646962233169 0.024582104228121928
0 0.47167487684729065 0.7109144542772862 0.03858784893267652 0.04523107177974435
0 0.46223316912972084 0.5162241887905605 0.13957307060755336 0.112094395280236
0 0.348111658456486 0.4700098328416913 0.022988505747126436 0.035398230088495575
0 0.708128078817734 0.5201573254670601 0.08620689655172413 0.10029498525073748
0 0.31198686371100165 0.46607669616519176 0.026272577996715927 0.02359882005899705
0 0.39614121510673234 0.8662733529990168 0.035303776683087026 0.03933136676499509
0 0.5948275862068966 0.7423795476892823 0.040229885057471264 0.08652900688298919
0 0.24548440065681446 0.6111111111111112 0.029556650246305417 0.036381514257620456
0 0.47701149425287354 0.640117994100295 0.0361247947454844 0.03736479842674533
0 0.20894909688013136 0.47738446411012786 0.05829228243021346 0.08357915437561456
0 0.4720853858784893 0.26007866273353003 0.06239737274220033 0.14847590953785644
0 0.2889983579638752 0.14110127826941987 0.026272577996715927 0.08751229105211407
0 0.12684729064039407 0.5275319567354966 0.03694581280788177 0.06784660766961652
0 0.28776683087027916 0.7059980334316618 0.07471264367816091 0.07866273352999018
0 0.5603448275862069 0.5501474926253688 0.017241379310344827 0.024582104228121928
0 0.5615763546798029 0.8416912487708949 0.034482758620689655 0.0471976401179941
0 0.319376026272578 0.8205506391347099 0.03776683087027914 0.038348082595870206
0 0.7175697865353038 0.43756145526057033 0.022988505747126436 0.025565388397246806
0 0.5414614121510674 0.7497541789577188 0.03366174055829228 0.04228121927236972
0 0.159688013136289 0.7010816125860374 0.0812807881773399 0.11996066863323501
0 0.4002463054187192 0.7777777777777778 0.03858784893267652 0.043264503441494594
0 0.3702791461412151 0.8308751229105212 0.0361247947454844 0.03736479842674533
0 0.9256978653530378 0.4336283185840708 0.028735632183908046 0.033431661750245825
0 0.09688013136288998 0.45476892822025566 0.041050903119868636 0.038348082595870206
0 0.4782430213464696 0.7600786627335301 0.01888341543513957 0.021632251720747297
0 0.7495894909688013 0.35988200589970504 0.031198686371100164 0.03736479842674533
0 0.5665024630541872 0.6047197640117995 0.026272577996715927 0.029498525073746316
0 0.36165845648604267 0.7217305801376598 0.03037766830870279 0.10422812192723697
0 0.909688013136289 0.39626352015732547 0.05582922824302135 0.04129793510324484
0 0.29351395730706076 0.38839724680432647 0.04844006568144499 0.07276302851524091
0 0.5414614121510674 0.6656833824975418 0.06814449917898194 0.06489675516224189
0 0.2520525451559934 0.6863323500491643 0.03940886699507389 0.0688298918387414
0 0.15517241379310345 0.4503441494591937 0.03284072249589491 0.02359882005899705
0 0.4129720853858785 0.5599803343166175 0.022988505747126436 0.056047197640118
0 0.7467159277504105 0.2753195673549656 0.025451559934318555 0.03146509341199607
0 0.09113300492610837 0.36037364798426746 0.06568144499178982 0.04424778761061947
0 0.69376026272578 0.6204523107177975 0.022988505747126436 0.02359882005899705
0 0.08497536945812807 0.42379547689282204 0.023809523809523808 0.017699115044247787
0 0.717159277504105 0.3928220255653884 0.07799671592775041 0.054080629301868244
0 0.15558292282430214 0.38053097345132747 0.025451559934318555 0.02753195673549656
0 0.506568144499179 0.8053097345132744 0.014778325123152709 0.04129793510324484
0 0.599343185550082 0.07620452310717798 0.0180623973727422 0.022615535889872175
0 0.6231527093596059 0.3402163225172075 0.08866995073891626 0.06489675516224189
0 0.69376026272578 0.2856440511307768 0.014778325123152709 0.05014749262536874
0 0.5796387520525451 0.18387413962635202 0.03776683087027914 0.08456243854473944
0 0.21223316912972084 0.2984267453294002 0.025451559934318555 0.032448377581120944
0 0.9417077175697866 0.5717797443461161 0.013136288998357963 0.016715830875122913
0 0.47988505747126436 0.1391347099311701 0.0270935960591133 0.06588003933136677
0 0.3579638752052545 0.8613569321533924 0.05747126436781609 0.09242871189773845
0 0.20648604269293924 0.3392330383480826 0.01888341543513957 0.025565388397246806
0 0.16584564860426929 0.4906588003933137 0.014778325123152709 0.01376597836774828
0 0.9482758620689655 0.6981317600786627 0.014778325123152709 0.033431661750245825
0 0.9302134646962232 0.3608652900688299 0.011494252873563218 0.009832841691248772
0 0.4408866995073891 0.400196656833825 0.02134646962233169 0.06096361848574238
0 0.465927750410509 0.32940019665683384 0.07963875205254516 0.1671583087512291
0 0.4844006568144499 0.21337266470009833 0.031198686371100164 0.057030481809242875
0 0.382183908045977 0.09488692232055064 0.022167487684729065 0.022615535889872175
0 0.18226600985221675 0.11160275319567356 0.013136288998357963 0.022615535889872175
0 0.21715927750410507 0.43559488692232057 0.01888341543513957 0.015732546705998034
