0 0.6234375 0.42 0.10312500000000001 0.09846153846153846
0 0.398125 0.3242307692307692 0.085 0.12230769230769231
0 0.444375 0.13576923076923078 0.08750000000000001 0.10384615384615385
0 0.1865625 0.5203846153846153 0.095625 0.07
0 0.22843750000000002 0.32653846153846156 0.068125 0.06538461538461539
0 0.6434375 0.5811538461538461 0.073125 0.06538461538461539
0 0.661875 0.18461538461538463 0.08375 0.11846153846153847
0 0.3303125 0.546923076923077 0.080625 0.07538461538461538
0 0.3871875 0.61 0.051875000000000004 0.06923076923076923
0 0.686875 0.6826923076923077 0.05375 0.05615384615384615
0 0.1546875 0.23923076923076922 0.029375000000000002 0.03692307692307692
0 0.5709375 0.33653846153846156 0.085625 0.08846153846153847
0 0.3925 0.21653846153846154 0.0675 0.08076923076923077
0 0.27625 0.465 0.0525 0.05307692307692308
0 0.4371875 0.7826923076923077 0.038125 0.04692307692307692
0 0.5659375 0.11346153846153846 0.035625000000000004 0.08538461538461538
0 0.4684375 0.8765384615384615 0.050625 0.08384615384615385
0 0.7365625 0.3173076923076923 0.031875 0.03769230769230769
0 0.4215625 0.8903846153846153 0.021875000000000002 0.025384615384615384
0 0.4709375 0.6907692307692308 0.040625 0.047692307692307694
0 0.473125 0.47884615384615387 0.1475 0.12076923076923077
0 0.3559375 0.41884615384615387 0.023125 0.03769230769230769
0 0.7321875 0.5061538461538462 0.090625 0.1076923076923077
0 0.3184375 0.4107692307692308 0.026875 0.024615384615384615
0 0.3815625 0.8523076923076923 0.036875 0.04153846153846154
0 0.5984375000000001 0.7361538461538462 0.041875 0.09384615384615384
0 0.23875000000000002 0.5615384615384615 0.03 0.038461538461538464
0 0.480625 0.6146153846153846 0.0375 0.04
0 0.2090625 0.41423076923076924 0.060625 0.09
0 0.4996875 0.20307692307692307 0.065625 0.16
0 0.3140625 0.05692307692307692 0.026875 0.09384615384615384
0 0.1190625 0.46076923076923076 0.038125 0.07230769230769231
0 0.2778125 0.6684615384615384 0.078125 0.08461538461538462
0 0.574375 0.525 0.0175 0.025384615384615384
0 0.5571875000000001 0.8403846153846154 0.035625000000000004 0.05
0 0.3034375 0.7953846153846154 0.039375 0.04153846153846154
0 0.7471875 0.41807692307692307 0.023125 0.026923076923076925
0 0.541875 0.7392307692307692 0.035 0.04461538461538461
0 0.143125 0.6511538461538462 0.085 0.13
0 0.39125 0.7565384615384615 0.04 0.045384615384615384
0 0.3565625 0.8111538461538461 0.036875 0.03923076923076923
0 0.9665625 0.4323076923076923 0.029375000000000002 0.03538461538461538
0 0.091875 0.37884615384615383 0.0425 0.040769230769230766
0 0.4746875 0.745 0.019375 0.022307692307692306
0 0.785625 0.33653846153846156 0.0325 0.03923076923076923
0 0.5775 0.5846153846153846 0.02625 0.03076923076923077
0 0.354375 0.6923076923076923 0.03125 0.1123076923076923
0 0.9521875 0.39115384615384613 0.058125 0.04384615384615385
0 0.3034375 0.3253846153846154 0.050625 0.07846153846153846
0 0.546875 0.6480769230769231 0.07125000000000001 0.07
0 0.2409375 0.6438461538461538 0.040625 0.07384615384615384
0 0.15375 0.37961538461538463 0.03375 0.025384615384615384
0 0.4184375 0.5223076923076924 0.023125 0.06
0 0.788125 0.245 0.02625 0.03307692307692308
0 0.0921875 0.2765384615384615 0.068125 0.04692307692307692
0 0.7103125 0.6138461538461538 0.023125 0.024615384615384615
0 0.0815625 0.34423076923076923 0.024375 0.01769230769230769
0 0.7496875000000001 0.36923076923076925 0.081875 0.05846153846153846
0 0.15875 0.3038461538461538 0.02625 0.02923076923076923
0 0.501875 0.7965384615384615 0.015 0.04384615384615385
0 0.645 0.015769230769230768 0.01875 0.023846153846153847
0 0.65375 0.30346153846153845 0.09375 0.07
0 0.7315625 0.25076923076923074 0.014375 0.05384615384615385
0 0.6175 0.13038461538461538 0.03875 0.09
0 0.2234375 0.22038461538461537 0.025625000000000002 0.03461538461538462
0 0.9746875 0.5834615384615385 0.013125 0.01769230769230769
0 0.5153125000000001 0.07230769230769231 0.028125 0.07076923076923076
0 0.341875 0.8430769230769231 0.06 0.1
0 0.2146875 0.2642307692307692 0.019375 0.026923076923076925
0 0.1625 0.42423076923076924 0.015 0.014615384615384615
0 0.97375 0.7207692307692307 0.015 0.03538461538461538
0 0.9756250000000001 0.3546153846153846 0.01125 0.00923076923076923
0 0.458125 0.35192307692307695 0.02125 0.06538461538461539
0 0.48875 0.2773076923076923 0.08375 0.18076923076923077
0 0.515625 0.15346153846153845 0.0325 0.06076923076923077
0 0.41500000000000004 0.015769230769230768 0.0225 0.023846153846153847
0 0.2034375 0.015384615384615385 0.013125 0.023076923076923078
0 0.22 0.3688461538461538 0.01875 0.016153846153846154
