0 0.358125 0.4165384615384615 0.10375000000000001 0.09923076923076923
0 0.583125 0.32076923076923075 0.085 0.12307692307692308
0 0.5371875 0.13230769230769232 0.088125 0.10307692307692308
0 0.7953125 0.5169230769230769 0.095625 0.07076923076923076
0 0.753125 0.32269230769230767 0.0675 0.06538461538461539
0 0.338125 0.578076923076923 0.07375 0.06538461538461539
0 0.319375 0.18115384615384617 0.08375 0.1176923076923077
0 0.6515625 0.5438461538461539 0.080625 0.07538461538461538
0 0.5940625 0.6069230769230769 0.051875000000000004 0.06923076923076923
0 0.294375 0.6788461538461539 0.05375 0.05615384615384615
0 0.8271875 0.23576923076923076 0.029375000000000002 0.036153846153846154
0 0.4109375 0.3326923076923077 0.085625 0.08846153846153847
0 0.58875 0.21346153846153845 0.0675 0.08076923076923077
0 0.7053125 0.46192307692307694 0.053125 0.05307692307692308
0 0.5440625 0.7792307692307693 0.038125 0.046153846153846156
0 0.41531250000000003 0.11 0.035625000000000004 0.08615384615384615
0 0.513125 0.8730769230769231 0.05 0.08307692307692308
0 0.24531250000000002 0.31346153846153846 0.031875 0.03769230769230769
0 0.5596875 0.8869230769230769 0.021875000000000002 0.024615384615384615
0 0.5109375 0.6876923076923077 0.040625 0.047692307692307694
0 0.50875 0.4753846153846154 0.1475 0.12153846153846154
0 0.6253125 0.415 0.023125 0.03769230769230769
0 0.2496875 0.5030769230769231 0.090625 0.1076923076923077
0 0.663125 0.4073076923076923 0.02625 0.025384615384615384
0 0.6 0.8492307692307692 0.0375 0.04153846153846154
0 0.3834375 0.7330769230769231 0.041875 0.09384615384615384
0 0.743125 0.5576923076923077 0.03 0.038461538461538464
0 0.50125 0.6107692307692307 0.0375 0.04
0 0.7725 0.4107692307692308 0.06 0.09076923076923077
0 0.4815625 0.1996153846153846 0.065625 0.15923076923076923
0 0.6675 0.05346153846153846 0.0275 0.09307692307692307
0 0.8628125 0.4576923076923077 0.038125 0.07230769230769231
0 0.7034375 0.6646153846153846 0.078125 0.08461538461538462
0 0.40718750000000004 0.5215384615384615 0.016875 0.026153846153846153
0 0.424375 0.8369230769230769 0.035 0.05076923076923077
0 0.678125 0.7923076923076923 0.04 0.04153846153846154
0 0.2340625 0.415 0.023125 0.026923076923076925
0 0.4396875 0.7353846153846154 0.034375 0.04461538461538461
0 0.83875 0.6476923076923077 0.085 0.12923076923076923
0 0.5903125 0.7530769230769231 0.039375 0.046153846153846156
0 0.6253125 0.8076923076923077 0.036875 0.04
0 0.015 0.42923076923076925 0.02875 0.03538461538461538
0 0.89 0.37538461538461537 0.0425 0.04153846153846154
0 0.506875 0.7415384615384616 0.01875 0.023076923076923078
0 0.19593750000000001 0.3334615384615385 0.031875 0.03923076923076923
0 0.404375 0.5815384615384616 0.02625 0.03076923076923077
0 0.626875 0.6888461538461539 0.03125 0.11153846153846154
0 0.029375000000000002 0.38769230769230767 0.0575 0.04461538461538461
0 0.678125 0.3223076923076923 0.051250000000000004 0.07846153846153846
0 0.4346875 0.645 0.07062500000000001 0.07
0 0.7409375 0.6403846153846153 0.040625 0.07307692307692308
0 0.8278125000000001 0.37653846153846154 0.033125 0.025384615384615384
0 0.5628125 0.5184615384615384 0.023125 0.06
0 0.19375 0.24115384615384616 0.02625 0.03307692307692308
0 0.889375 0.2734615384615385 0.0675 0.04692307692307692
0 0.2709375 0.6103846153846154 0.023125 0.023846153846153847
0 0.9003125000000001 0.34115384615384614 0.024375 0.01769230769230769
0 0.231875 0.36538461538461536 0.08125 0.05846153846153846
0 0.823125 0.3007692307692308 0.02625 0.02923076923076923
0 0.48 0.7930769230769231 0.015 0.043076923076923075
0 0.33625 0.012692307692307692 0.01875 0.023846153846153847
0 0.328125 0.2996153846153846 0.09375 0.07
0 0.25 0.2473076923076923 0.01375 0.054615384615384614
0 0.364375 0.12692307692307692 0.03875 0.08923076923076922
0 0.7578125 0.2169230769230769 0.025625000000000002 0.03538461538461538
0 0.0071875 0.58 0.013125 0.01846153846153846
0 0.4659375 0.06884615384615385 0.028125 0.07153846153846154
0 0.6396875 0.84 0.059375000000000004 0.1
0 0.766875 0.26076923076923075 0.02 0.027692307692307693
0 0.819375 0.4207692307692308 0.015 0.015384615384615385
0 0.008125 0.7169230769230769 0.015 0.03538461538461538
0 0.0059375 0.3507692307692308 0.010625 0.00923076923076923
0 0.52375 0.34807692307692306 0.02125 0.06538461538461539
0 0.4928125 0.27384615384615385 0.083125 0.18
0 0.4659375 0.15 0.033125 0.06
0 0.5665625 0.012692307692307692 0.023125 0.023846153846153847
0 0.7778125 0.011923076923076923 0.013125 0.022307692307692306
0 0.76125 0.36538461538461536 0.01875 0.016923076923076923
