0 0.630943396226415 0.5578139114724481 0.0981132075471698 0.09123757904245709
0 0.42377358490566036 0.6635049683830171 0.08075471698113207 0.11291779584462511
0 0.47773584905660377 0.8328816621499548 0.0830188679245283 0.0957542908762421
0 0.2132075471698113 0.5004516711833785 0.09132075471698113 0.06504065040650406
0 0.2633962264150943 0.6752484191508581 0.06490566037735848 0.06052393857271906
0 0.641132075471698 0.4078590785907859 0.07018867924528302 0.06052393857271906
0 0.680754716981132 0.7705510388437218 0.08 0.1102077687443541
0 0.3471698113207547 0.46476964769647694 0.07698113207547169 0.06955736224028906
0 0.39773584905660375 0.4019873532068654 0.049811320754716976 0.06504065040650406
0 0.6769811320754716 0.3107497741644083 0.05132075471698113 0.05239385727190605
0 0.19849056603773585 0.7615176151761517 0.028679245283018868 0.03432700993676603
0 0.5864150943396226 0.6382113821138211 0.08150943396226415 0.08220415537488708
0 0.4245283018867924 0.7628726287262872 0.06415094339622641 0.07497741644083107
0 0.30075471698113204 0.544263775971093 0.050566037735849056 0.049683830171635045
0 0.4354716981132075 0.23938572719060522 0.03622641509433962 0.04336043360433604
0 0.5939622641509433 0.8437217705510388 0.03471698113207547 0.07949412827461608
0 0.45962264150943394 0.15085817524841916 0.04830188679245283 0.07768744354110207
0 0.7437735849056604 0.6427280939476061 0.030943396226415093 0.03523035230352303
0 0.41471698113207545 0.14182475158084915 0.02188679245283019 0.023486901535682024
0 0.47245283018867923 0.3211382113821138 0.03924528301886792 0.044263775971093045
0 0.4860377358490566 0.5158084914182475 0.14037735849056604 0.1120144534778681
0 0.37886792452830187 0.580397470641373 0.022641509433962263 0.03523035230352303
0 0.7290566037735848 0.46928635953026193 0.08603773584905659 0.10027100271002709
0 0.34377358490566035 0.5907859078590786 0.02641509433962264 0.023486901535682024
0 0.3792452830188679 0.18021680216802166 0.03547169811320754 0.03884372177055104
0 0.590188679245283 0.26919602529358627 0.040754716981132075 0.08672086720867209
0 0.26 0.45889792231255644 0.02943396226415094 0.036133694670280034
0 0.48566037735849055 0.39024390243902435 0.03547169811320754 0.037940379403794036
0 0.24037735849056602 0.5962059620596206 0.05811320754716981 0.08310749774164408
0 0.5264150943396226 0.7669376693766937 0.06264150943396227 0.14814814814814814
0 0.35924528301886793 0.9159891598915989 0.025660377358490565 0.08672086720867209
0 0.15283018867924528 0.5609756097560975 0.0369811320754717 0.06684733514001806
0 0.2909433962264151 0.35727190605239384 0.07471698113207546 0.07859078590785908
0 0.5792452830188679 0.46476964769647694 0.017358490566037735 0.024390243902439022
0 0.5456603773584905 0.17705510388437218 0.03471698113207547 0.04697380307136405
0 0.3083018867924528 0.23893405600722672 0.038490566037735846 0.03884372177055104
0 0.7479245283018867 0.5492321589882565 0.022641509433962263 0.025293586269196023
0 0.5366037735849056 0.27100271002710025 0.03320754716981132 0.04155374887082204
0 0.1649056603773585 0.38437217705510385 0.08075471698113207 0.12014453477868112
0 0.39358490566037735 0.2669376693766938 0.038490566037735846 0.04245709123757904
0 0.35735849056603775 0.2199638663053297 0.03547169811320754 0.037037037037037035
0 0.9547169811320754 0.51806684733514 0.028679245283018868 0.03342366757000903
0 0.13132075471698113 0.6386630532971996 0.040754716981132075 0.037940379403794036
0 0.47283018867924526 0.27100271002710025 0.018867924528301886 0.02168021680216802
0 0.7890566037735849 0.6210478771454381 0.030943396226415093 0.037037037037037035
0 0.5788679245283018 0.4101174345076784 0.025660377358490565 0.028906955736224028
0 0.3622641509433962 0.3292682926829268 0.03018867924528302 0.1038843721770551
0 0.9433962264150942 0.5573622402890696 0.05584905660377358 0.04155374887082204
0 0.3343396226415094 0.6702800361336947 0.04830188679245283 0.07226738934056007
0 0.5464150943396227 0.35411020776874436 0.06792452830188679 0.06504065040650406
0 0.25773584905660374 0.3830171635049684 0.038490566037735846 0.06865401987353206
0 0.18981132075471696 0.6327913279132791 0.03245283018867924 0.024390243902439022
0 0.43169811320754714 0.48057813911472447 0.022641509433962263 0.05600722673893405
0 0.7962264150943396 0.7050587172538392 0.025660377358490565 0.03161698283649503
0 0.13735849056603772 0.7321589882565492 0.06490566037735848 0.044263775971093045
0 0.7026415094339622 0.3721770551038844 0.022641509433962263 0.023486901535682024
0 0.12377358490566037 0.6707317073170731 0.024150943396226414 0.017163504968383016
0 0.7532075471698113 0.5939476061427281 0.07849056603773584 0.05510388437217705
0 0.19886792452830188 0.7018970189701896 0.024905660377358488 0.027100271002710025
0 0.49584905660377354 0.22131887985546522 0.01509433962264151 0.04155374887082204
0 0.6739622641509434 0.9272809394760614 0.01811320754716981 0.022583559168925023
0 0.6664150943396226 0.6621499548328816 0.0890566037735849 0.06504065040650406
0 0.7430188679245283 0.7041553748870821 0.014339622641509434 0.049683830171635045
0 0.6415094339622641 0.8238482384823848 0.03773584905660377 0.08310749774164408
0 0.26452830188679244 0.7732610659439927 0.024905660377358488 0.03252032520325203
0 0.9539622641509433 0.37895212285456187 0.013584905660377358 0.017163504968383016
0 0.5483018867924528 0.8857271906052393 0.02792452830188679 0.06594399277326106
0 0.34188679245283016 0.1919602529358627 0.057358490566037736 0.0930442637759711
0 0.25396226415094336 0.7335140018066847 0.018867924528301886 0.025293586269196023
0 0.19547169811320753 0.5907859078590786 0.01509433962264151 0.014453477868112014
0 0.9456603773584905 0.25248419150858176 0.01509433962264151 0.03342366757000903
0 0.9671698113207546 0.5889792231255646 0.011320754716981131 0.009033423667570008
0 0.47886792452830185 0.6332429990966576 0.020377358490566037 0.06142728093947606
0 0.5116981132075471 0.6996386630532971 0.08 0.16711833785004515
0 0.5441509433962264 0.8107497741644083 0.03169811320754717 0.056910569105691054
0 0.4569811320754717 0.9453477868112014 0.02188679245283019 0.022583559168925023
0 0.2569811320754717 0.9629629629629629 0.012830188679245283 0.02168021680216802
0 0.2532075471698113 0.6373080397470641 0.018867924528301886 0.015356820234869015
