0 0.632800608828006 0.5858585858585859 0.09969558599695585 0.09366391184573003
0 0.4124809741248097 0.6634527089072544 0.0821917808219178 0.11662075298438934
0 0.44977168949771684 0.8438934802571166 0.0852359208523592 0.09917355371900827
0 0.21689497716894976 0.4669421487603306 0.0928462709284627 0.06703397612488521
0 0.24923896499238962 0.6519742883379247 0.06621004566210045 0.06244260789715335
0 0.6582952815829528 0.43526170798898073 0.0715372907153729 0.06244260789715335
0 0.660958904109589 0.8099173553719008 0.08143074581430745 0.11202938475665748
0 0.3557838660578386 0.44995408631772266 0.07838660578386605 0.07162534435261708
0 0.4128614916286149 0.3939393939393939 0.05098934550989345 0.06611570247933884
0 0.7035768645357686 0.34205693296602385 0.05251141552511415 0.05417814508723599
0 0.1750380517503805 0.7295684113865932 0.0289193302891933 0.03581267217630854
0 0.5787671232876712 0.6620752984389348 0.08295281582952815 0.0844811753902663
0 0.40296803652968033 0.7649219467401286 0.06621004566210045 0.07713498622589532
0 0.30060882800608824 0.5238751147842057 0.0517503805175038 0.050505050505050504
0 0.4676560121765601 0.2337006427915519 0.03729071537290715 0.04499540863177227
0 0.56544901065449 0.871900826446281 0.0350076103500761 0.08172635445362718
0 0.5011415525114155 0.14738292011019283 0.04946727549467275 0.07988980716253444
0 0.7378234398782344 0.6891643709825528 0.03120243531202435 0.03581267217630854
0 0.45662100456621 0.13085399449035812 0.0213089802130898 0.024793388429752067
0 0.4965753424657534 0.32231404958677684 0.04033485540334855 0.04591368227731864
0 0.4904870624048706 0.522038567493113 0.14231354642313546 0.1147842056932966
0 0.37557077625570773 0.5720844811753902 0.02359208523592085 0.03673094582185491
0 0.7404870624048706 0.5110192837465565 0.0882800608828006 0.10192837465564739
0 0.3390410958904109 0.5775941230486685 0.02663622526636225 0.023875114784205693
0 0.41666666666666663 0.16483011937557393 0.03576864535768645 0.03948576675849403
0 0.6210045662100456 0.2869605142332415 0.0410958904109589 0.08907254361799816
0 0.2682648401826484 0.43067033976124885 0.02968036529680365 0.03673094582185491
0 0.5030441400304414 0.3948576675849403 0.0365296803652968 0.03856749311294766
0 0.23401826484018262 0.5679522497704316 0.05859969558599695 0.08539944903581267
0 0.5053272450532724 0.7837465564738292 0.0639269406392694 0.15151515151515152
0 0.3215372907153729 0.9104683195592287 0.02663622526636225 0.08907254361799816
0 0.1495433789954338 0.5192837465564738 0.03729071537290715 0.06887052341597796
0 0.3101217656012176 0.33241505968778695 0.07534246575342465 0.0808080808080808
0 0.5894216133942161 0.48438934802571165 0.01750380517503805 0.024793388429752067
0 0.5852359208523592 0.18640955004591367 0.0350076103500761 0.047750229568411386
0 0.3394216133942161 0.21395775941230485 0.0380517503805175 0.0404040404040404
0 0.7519025875190258 0.5950413223140496 0.0228310502283105 0.025711662075298437
0 0.5665905631659056 0.2805325987144169 0.03424657534246575 0.04315886134067952
0 0.1799847792998478 0.34067952249770433 0.08295281582952815 0.12304866850321396
0 0.42237442922374424 0.25573921028466484 0.0395738203957382 0.04315886134067952
0 0.3911719939117199 0.2024793388429752 0.0365296803652968 0.03764921946740128
0 0.963089802130898 0.5941230486685032 0.02968036529680365 0.03489439853076216
0 0.1202435312024353 0.5945821854912764 0.0410958904109589 0.03948576675849403
0 0.502283105022831 0.27089072543618 0.0197869101978691 0.02203856749311295
0 0.7853881278538812 0.6740128558310376 0.0319634703196347 0.03856749311294766
0 0.5951293759512937 0.4283746556473829 0.0258751902587519 0.030303030303030304
0 0.38470319634703193 0.3140495867768595 0.03120243531202435 0.10651974288337925
0 0.9474885844748858 0.6317722681359045 0.0563165905631659 0.04224058769513315
0 0.3215372907153729 0.6570247933884298 0.04946727549467275 0.0743801652892562
0 0.5681126331811263 0.36685032139577595 0.06925418569254185 0.06703397612488521
0 0.2735920852359208 0.3530762167125803 0.04033485540334855 0.0707070707070707
0 0.1796042617960426 0.5973370064279155 0.0334855403348554 0.024793388429752067
0 0.4398782343987823 0.47796143250688705 0.0228310502283105 0.05785123966942149
0 0.7846270928462709 0.7607897153351699 0.0258751902587519 0.032139577594123045
0 0.11681887366818873 0.6910009182736455 0.06621004566210045 0.04499540863177227
0 0.7237442922374429 0.4086317722681359 0.0228310502283105 0.023875114784205693
0 0.10882800608828005 0.6267217630853994 0.0243531202435312 0.01744719926538108
0 0.752283105022831 0.6414141414141414 0.07990867579908675 0.05601469237832874
0 0.18188736681887366 0.6689623507805326 0.0258751902587519 0.028466483011937556
0 0.530441400304414 0.22405876951331496 0.015220700152207 0.04224058769513315
0 0.6381278538812785 0.9683195592286501 0.01902587519025875 0.02295684113865932
0 0.6575342465753424 0.6974288337924701 0.091324200913242 0.06703397612488521
0 0.7302130898021308 0.7516069788797062 0.01445966514459665 0.05234159779614325
0 0.6156773211567732 0.8585858585858586 0.0380517503805175 0.08631772268135904
0 0.2404870624048706 0.7516069788797062 0.0258751902587519 0.03397612488521579
0 0.9767884322678843 0.4522497704315886 0.01293759512937595 0.01744719926538108
0 0.5156012176560122 0.9077134986225895 0.02815829528158295 0.06703397612488521
0 0.378234398782344 0.17125803489439853 0.0578386605783866 0.0945821854912764
0 0.23401826484018262 0.709366391184573 0.01902587519025875 0.02662993572084481
0 0.18949771689497716 0.5555555555555556 0.015220700152207 0.014692378328741965
0 0.9809741248097412 0.32277318640955005 0.015220700152207 0.03397612488521579
0 0.9687975646879756 0.667584940312213 0.0121765601217656 0.009182736455463728
0 0.47108066971080664 0.6409550045913682 0.0213089802130898 0.06244260789715335
0 0.4980974124809741 0.7130394857667585 0.08143074581430745 0.1717171717171717
0 0.5190258751902588 0.8310376492194674 0.0319634703196347 0.05876951331496786
0 0.41666666666666663 0.9550045913682277 0.02207001522070015 0.023875114784205693
0 0.2134703196347032 0.9435261707988981 0.01293759512937595 0.02295684113865932
0 0.24315068493150682 0.6115702479338843 0.01902587519025875 0.01652892561983471
