0 0.36459114778694673 0.5577096483318305 0.09752438109527382 0.09467989179440937
0 0.581020255063766 0.7691614066726781 0.06676669167291824 0.0811541929666366
0 0.8012003000750187 0.4923354373309287 0.10052513128282071 0.06311992786293959
0 0.4752438109527382 0.7723174030658251 0.06676669167291824 0.15419296663660956
0 0.7460615153788447 0.674932371505861 0.06526631657914479 0.06582506762849413
0 0.3537134283570893 0.40306582506762845 0.07726931732933233 0.06311992786293959
0 0.5802700675168793 0.6654643823264201 0.086271567891973 0.11722272317403065
0 0.4062265566391598 0.6397655545536519 0.08777194298574643 0.08566275924256087
0 0.40585146286571644 0.2610459873760144 0.03900975243810953 0.08926961226330027
0 0.4051012753188297 0.8534715960324616 0.0345086271567892 0.08385933273219116
0 0.3162040510127532 0.7790802524797115 0.08477119279819956 0.11000901713255185
0 0.5277569392348087 0.842200180342651 0.08927231807951988 0.10099188458070334
0 0.6579144786196549 0.18169522091974752 0.058514628657164294 0.08926961226330027
0 0.7018004501125281 0.5410279531109107 0.04426106526631658 0.04869251577998197
0 0.4512378094523631 0.1672678088367899 0.03825956489122281 0.05139765554553652
0 0.6234058514628658 0.1618575293056808 0.037509377344336084 0.05139765554553652
0 0.6470367591897974 0.926961226330027 0.02625656414103526 0.08836789900811541
0 0.5858964741185296 0.130297565374211 0.021005251312828207 0.027953110910730387
0 0.6744186046511628 0.6681695220919747 0.049512378094523635 0.06853020739404869
0 0.6646661665416355 0.5888187556357078 0.027006751687921982 0.02344454463480613
0 0.7475618904726182 0.45401262398557257 0.029257314328582147 0.0351668169522092
0 0.4602400600150038 0.34445446348061315 0.05776444111027757 0.0721370604147881
0 0.627906976744186 0.5788999098286745 0.024006001500375095 0.03606853020739405
0 0.7700675168792198 0.5951307484220018 0.060765191297824456 0.08836789900811541
0 0.3173293323330833 0.30613165013525695 0.05251312828207052 0.05320108205590622
0 0.6391597899474869 0.42560865644724977 0.12153038259564891 0.12443642921550946
0 0.6102775693923481 0.2551848512173129 0.04126031507876969 0.045085662759242556
0 0.5397599399849963 0.14021641118124437 0.05026256564141036 0.07844905320108206
0 0.5656414103525882 0.22948602344454463 0.0345086271567892 0.044183949504057705
0 0.24643660915228807 0.6478809738503156 0.03525881470367592 0.0351668169522092
0 0.41935483870967744 0.4634806131650135 0.01800450112528132 0.025247971145175834
0 0.4628657164291073 0.26149684400360684 0.03900975243810953 0.04147880973850315
0 0.32970742685671417 0.6632100991884581 0.09227306826706677 0.06221821460775473
0 0.854463615903976 0.5676284941388638 0.0345086271567892 0.05500450856627592
0 0.4204801200300075 0.40126239855725876 0.024756189047261817 0.03065825067628494
0 0.5041260315078769 0.21100090171325517 0.016504126031507877 0.04147880973850315
0 0.6969242310577645 0.22678088367899008 0.03900975243810953 0.0369702434625789
0 0.7550637659414854 0.7380522993688007 0.020255063765941488 0.026149684400360685
0 0.822205551387847 0.632551848512173 0.025506376594148537 0.022542831379621278
0 0.5153788447111778 0.38683498647430115 0.03600900225056264 0.03967538322813345
0 0.24493623405851464 0.5491433724075744 0.023255813953488372 0.028854824165915238
0 0.4939984996249062 0.5108205590622182 0.09977494373593399 0.12173128944995491
0 0.5277569392348087 0.31109107303877365 0.04126031507876969 0.045085662759242556
0 0.6466616654163541 0.3237150586113616 0.03600900225056264 0.11361587015329125
0 0.03375843960990248 0.523444544634806 0.025506376594148537 0.02975653742110009
0 0.35596399099774945 0.8354373309287646 0.03975993998499625 0.08746618575293057
0 0.8109527381845462 0.7669071235347159 0.03000750187546887 0.0351668169522092
0 0.5705176294073518 0.47880973850315595 0.023255813953488372 0.057709648331830475
0 0.5281320330082521 0.26330027051397653 0.021005251312828207 0.02344454463480613
0 0.19429857464366093 0.7123534715960325 0.027006751687921982 0.032461677186654644
0 0.8803450862715679 0.6375112714156898 0.04276069017254314 0.03967538322813345
0 0.7160540135033758 0.35843101893597834 0.07726931732933233 0.09648331830477908
0 0.2633158289572393 0.4670874661857529 0.09152288072018004 0.10099188458070334
0 0.45273818454613657 0.8967538322813345 0.02625656414103526 0.06943192064923354
0 0.5247561890472618 0.6366095581605049 0.023255813953488372 0.06672678088367899
0 0.8432108027006752 0.36744815148782684 0.08102025506376595 0.13435527502254282
0 0.04538634658664666 0.5649233543733092 0.05326331582895724 0.0387736699729486
0 0.2903225806451613 0.3683498647430117 0.021005251312828207 0.024346257889990983
0 0.2524381095273818 0.7078449053201081 0.018754688672168042 0.05049594229035167
0 0.8735933983495874 0.7371505861136158 0.06526631657914479 0.04598737601442741
0 0.29444861215303825 0.43688007213706037 0.03375843960990248 0.0387736699729486
0 0.8094523630907727 0.7064923354373309 0.027006751687921982 0.033363390441839495
0 0.03338334583645912 0.3791704238052299 0.011252813203300826 0.017132551848512173
0 0.4711177794448612 0.21370604147880973 0.025506376594148537 0.025247971145175834
0 0.042010502625656414 0.24706943192064923 0.015003750937734435 0.032461677186654644
0 0.6057764441110278 0.3944995491433724 0.051762940735183796 0.06582506762849413
0 0.5341335333833459 0.03967538322813345 0.022505626406601652 0.010820559062218214
0 0.5146286571642911 0.4404869251577998 0.058514628657164294 0.04598737601442741
0 0.7531882970742686 0.9747520288548241 0.013503375843960991 0.019837691614066726
0 0.38372093023255816 0.22452660054102794 0.023255813953488372 0.04147880973850315
0 0.8694673668417104 0.3264201983769161 0.025506376594148537 0.05590622182146077
0 0.5660165041260315 0.5369702434625788 0.03675918979744936 0.04598737601442741
0 0.2423105776444111 0.5978358881875563 0.07201800450112528 0.05049594229035167
0 0.20292573143285822 0.6253381424706943 0.03225806451612903 0.0387736699729486
