0 0.6252052545155993 0.43152064451158106 0.10262725779967159 0.10171198388721048
0 0.3908045977011494 0.22104733131923465 0.06896551724137931 0.08559919436052367
0 0.17487684729064037 0.5292044310171199 0.10509031198686371 0.06747230614300101
0 0.5004105090311987 0.21148036253776434 0.06978653530377668 0.16314199395770393
0 0.22413793103448276 0.33182275931520644 0.06732348111658457 0.06948640483383686
0 0.6436781609195402 0.594662638469285 0.08045977011494253 0.06747230614300101
0 0.3969622331691297 0.33182275931520644 0.08949096880131363 0.12386706948640483
0 0.578407224958949 0.3474320241691843 0.09113300492610837 0.09063444108761329
0 0.5960591133004925 0.7482376636455186 0.041050903119868636 0.094662638469285
0 0.5697865353037767 0.12084592145015105 0.0361247947454844 0.08862034239677744
0 0.6658456486042693 0.19385699899295064 0.08866995073891626 0.11782477341389729
0 0.4429392446633826 0.14098690835850958 0.09277504105090312 0.1067472306143001
0 0.3374384236453202 0.8489425981873112 0.06075533661740558 0.094662638469285
0 0.2762725779967159 0.47079556898288016 0.046798029556650245 0.0513595166163142
0 0.5529556650246306 0.850453172205438 0.040229885057471264 0.0553877139979859
0 0.37438423645320196 0.8675730110775428 0.03940886699507389 0.0553877139979859
0 0.3156814449917898 0.05840886203423968 0.0270935960591133 0.094662638469285
0 0.41461412151067323 0.8982880161127895 0.02134646962233169 0.028197381671701913
0 0.298440065681445 0.33434038267875127 0.05172413793103448 0.07250755287009064
0 0.312807881773399 0.41842900302114805 0.027914614121510674 0.025176233635448138
0 0.23275862068965517 0.5664652567975831 0.03037766830870279 0.03726082578046324
0 0.5357142857142857 0.6631419939577039 0.059934318555008206 0.07754279959718026
0 0.35098522167487683 0.4259818731117825 0.025451559934318555 0.038267875125881166
0 0.20279146141215107 0.41842900302114805 0.06403940886699507 0.09365558912386707
0 0.6851395730706076 0.6948640483383686 0.05500821018062397 0.05639476334340383
0 0.3460591133004926 0.5886203423967774 0.12725779967159276 0.13192346424974824
0 0.38382594417077176 0.7673716012084593 0.04351395730706075 0.04833836858006042
0 0.46223316912972084 0.8846928499496476 0.052545155993431854 0.08358509566968782
0 0.43103448275862066 0.7925478348439073 0.0361247947454844 0.04632426988922457
0 0.7442528735632183 0.3282980866062437 0.03694581280788177 0.038267875125881166
0 0.5726600985221675 0.5347432024169184 0.01888341543513957 0.028197381671701913
0 0.536535303776683 0.7512588116817724 0.040229885057471264 0.04431017119838872
0 0.6564039408866995 0.31722054380664655 0.0960591133004926 0.06646525679758308
0 0.11658456486042693 0.4526686807653575 0.0361247947454844 0.059415911379657606
0 0.5747126436781609 0.6007049345417925 0.026272577996715927 0.03323262839879154
0 0.4963054187192118 0.8071500503524672 0.017241379310344827 0.0433031218529708
0 0.2947454844006568 0.8036253776435045 0.041050903119868636 0.04028197381671702
0 0.21182266009852216 0.26586102719033233 0.02134646962233169 0.028197381671701913
0 0.1469622331691297 0.3821752265861027 0.026272577996715927 0.023162134944612285
0 0.4766009852216749 0.622356495468278 0.03858784893267652 0.04229607250755287
0 0.7495894909688013 0.43303121852970794 0.02463054187192118 0.030211480362537763
0 0.4930213464696223 0.48942598187311176 0.10426929392446634 0.12890231621349446
0 0.4671592775041051 0.703423967774421 0.04269293924466338 0.0473313192346425
0 0.3431855500821018 0.6973816717019133 0.03776683087027914 0.11983887210473314
0 0.9700328407224958 0.446122860020141 0.0270935960591133 0.032225579053373615
0 0.6219211822660098 0.1364551863041289 0.04187192118226601 0.09365558912386707
0 0.15270935960591134 0.2391742195367573 0.031198686371100164 0.03726082578046324
0 0.4150246305418719 0.5281973816717019 0.023809523809523808 0.06143001007049345
0 0.4688013136288998 0.7537764350453172 0.02134646962233169 0.025176233635448138
0 0.7947454844006568 0.256797583081571 0.027914614121510674 0.03423967774420947
0 0.0870279146141215 0.3806646525679758 0.04433497536945813 0.04229607250755287
0 0.2697044334975369 0.6656596173212488 0.07963875205254516 0.1027190332326284
0 0.7344006568144499 0.5206445115810675 0.0960591133004926 0.1067472306143001
0 0.5184729064039408 0.07804632426988922 0.0270935960591133 0.07351460221550855
0 0.45566502463054187 0.3580060422960725 0.022988505747126436 0.07150050352467271
0 0.13711001642036125 0.6641490433031219 0.08374384236453201 0.14400805639476336
0 0.9564860426929392 0.4028197381671702 0.05582922824302135 0.04028197381671702
0 0.710591133004926 0.6268882175226587 0.022167487684729065 0.025176233635448138
0 0.7352216748768473 0.26435045317220546 0.01888341543513957 0.05337361530715005
0 0.08908045977011494 0.27492447129909364 0.06814449917898194 0.04833836858006042
0 0.7032019704433498 0.5548841893252769 0.035303776683087026 0.04028197381671702
0 0.1568144499178982 0.3026183282980866 0.027914614121510674 0.035246727089627394
0 0.9770114942528735 0.5981873111782477 0.011494252873563218 0.01812688821752266
0 0.529967159277504 0.8021148036253777 0.0270935960591133 0.027190332326283987
0 0.9741379310344828 0.7391742195367573 0.015599343185550082 0.03423967774420947
0 0.3825944170771757 0.6203423967774421 0.0541871921182266 0.07049345417925479
0 0.4720853858784893 0.9909365558912386 0.022988505747126436 0.010070493454179255
0 0.4745484400656814 0.5654582074521651 0.06075533661740558 0.04934541792547835
0 0.20361247947454844 0.015105740181268881 0.013136288998357963 0.02215508559919436
0 0.620279146141215 0.7854984894259819 0.023809523809523808 0.04431017119838872
0 0.1116584564860427 0.7089627391742195 0.026272577996715927 0.05840886203423968
0 0.41707717569786534 0.46676737160120846 0.03940886699507389 0.04934541792547835
0 0.7504105090311987 0.3811681772406848 0.07553366174055828 0.05337361530715005
0 0.7902298850574713 0.34894259818731116 0.03366174055829228 0.041289023162134945
