0 0.6378125 0.4276923076923077 0.10187500000000001 0.10153846153846154
0 0.400625 0.2173076923076923 0.06875 0.08692307692307692
0 0.1853125 0.5307692307692308 0.104375 0.06769230769230769
0 0.51125 0.20615384615384616 0.06875 0.1646153846153846
0 0.23375 0.33115384615384613 0.0675 0.06846153846153846
0 0.658125 0.5926923076923077 0.08 0.06692307692307692
0 0.40718750000000004 0.32846153846153847 0.089375 0.12461538461538461
0 0.5906250000000001 0.3423076923076923 0.09125 0.09076923076923077
0 0.610625 0.7480769230769231 0.04125 0.09461538461538462
0 0.5806250000000001 0.11384615384615385 0.035 0.08923076923076922
0 0.6778125 0.18692307692307691 0.088125 0.11692307692307692
0 0.4528125 0.13576923076923078 0.091875 0.10692307692307693
0 0.35125 0.8523076923076923 0.06125 0.09384615384615384
0 0.2871875 0.47115384615384615 0.045625 0.05153846153846154
0 0.5678125 0.8515384615384616 0.039375 0.05384615384615385
0 0.3884375 0.8707692307692307 0.039375 0.05384615384615385
0 0.32375 0.05423076923076923 0.0275 0.09461538461538462
0 0.42875 0.9019230769230769 0.02125 0.02846153846153846
0 0.30843750000000003 0.3326923076923077 0.050625 0.07153846153846154
0 0.32375 0.4173076923076923 0.0275 0.025384615384615384
0 0.2434375 0.568076923076923 0.029375000000000002 0.036153846153846154
0 0.5493750000000001 0.6626923076923077 0.06 0.07769230769230769
0 0.3615625 0.425 0.024375 0.03769230769230769
0 0.21281250000000002 0.41923076923076924 0.063125 0.09384615384615384
0 0.7003125 0.693076923076923 0.054375 0.055384615384615386
0 0.358125 0.5896153846153847 0.1275 0.13307692307692306
0 0.39687500000000003 0.7696153846153846 0.0425 0.04846153846153846
0 0.476875 0.8873076923076924 0.0525 0.08384615384615385
0 0.445 0.7946153846153846 0.035 0.046153846153846156
0 0.756875 0.3223076923076923 0.03625 0.03692307692307692
0 0.5859375 0.5323076923076923 0.018125 0.026153846153846153
0 0.55125 0.7511538461538462 0.04 0.04384615384615385
0 0.6687500000000001 0.3119230769230769 0.09625 0.06538461538461539
0 0.1259375 0.4542307692307692 0.034375 0.057692307692307696
0 0.588125 0.5988461538461538 0.025 0.031538461538461536
0 0.510625 0.8088461538461539 0.0175 0.04230769230769231
0 0.30843750000000003 0.806923076923077 0.040625 0.038461538461538464
0 0.22062500000000002 0.2642307692307692 0.02125 0.026923076923076925
0 0.15625 0.38269230769230766 0.02625 0.023846153846153847
0 0.4896875 0.6219230769230769 0.038125 0.04230769230769231
0 0.763125 0.4276923076923077 0.02375 0.02923076923076923
0 0.505625 0.4876923076923077 0.10375000000000001 0.12923076923076923
0 0.4809375 0.7038461538461539 0.041875 0.046153846153846156
0 0.355625 0.6992307692307692 0.03625 0.12153846153846154
0 0.985625 0.43884615384615383 0.02625 0.031538461538461536
0 0.633125 0.12884615384615383 0.04125 0.09307692307692307
0 0.160625 0.2376923076923077 0.03 0.03538461538461538
0 0.4275 0.5276923076923077 0.02375 0.06153846153846154
0 0.48281250000000003 0.755 0.021875000000000002 0.025384615384615384
0 0.8078125 0.24884615384615386 0.026875 0.03461538461538462
0 0.095 0.3823076923076923 0.043750000000000004 0.04153846153846154
0 0.2815625 0.6676923076923077 0.080625 0.10307692307692308
0 0.7490625 0.5165384615384615 0.095625 0.10692307692307693
0 0.52875 0.07153846153846154 0.02625 0.07384615384615384
0 0.4665625 0.355 0.023125 0.07153846153846154
0 0.1478125 0.6680769230769231 0.083125 0.14384615384615385
0 0.9712500000000001 0.395 0.055 0.03923076923076923
0 0.7253125 0.6242307692307693 0.021875000000000002 0.023846153846153847
0 0.7475 0.2580769230769231 0.01875 0.05307692307692308
0 0.096875 0.2746153846153846 0.0675 0.047692307692307694
0 0.718125 0.5507692307692308 0.035 0.04
0 0.1653125 0.3019230769230769 0.026875 0.03461538461538462
0 0.9934375 0.5923076923076923 0.010625 0.016923076923076923
0 0.545 0.8038461538461539 0.02625 0.026153846153846153
0 0.9915625 0.7353846153846154 0.014375 0.033846153846153845
0 0.3946875 0.6207692307692307 0.054375 0.07076923076923076
0 0.48781250000000004 0.995 0.021875000000000002 0.01
0 0.4875 0.5646153846153846 0.06 0.04923076923076923
0 0.210625 0.010769230769230769 0.01375 0.02
0 0.6353125000000001 0.7853846153846153 0.023125 0.043076923076923075
0 0.1225 0.713076923076923 0.02625 0.05846153846153846
0 0.42875 0.4653846153846154 0.03875 0.04923076923076923
0 0.76375 0.375 0.075 0.05307692307692308
0 0.80375 0.3426923076923077 0.0325 0.040769230769230766
