0 0.6347190146266358 0.5737781954887218 0.10084680523479599 0.10056390977443608
0 0.3979984603541185 0.7725563909774436 0.06774441878367975 0.08458646616541353
0 0.19130100076982293 0.46193609022556387 0.10392609699769052 0.06672932330827067
0 0.506158583525789 0.7861842105263157 0.06851424172440339 0.1607142857142857
0 0.23518090839107003 0.6574248120300752 0.06697459584295612 0.06860902255639098
0 0.6566589684372593 0.4130639097744361 0.08006158583525788 0.06672932330827067
0 0.40608160123171666 0.6640037593984962 0.08852963818321785 0.12312030075187969
0 0.5862201693610469 0.6550751879699248 0.09006928406466512 0.09022556390977443
0 0.6127790608160123 0.26033834586466165 0.04003079291762894 0.09398496240601503
0 0.5731331793687452 0.8778195488721804 0.036181678214010776 0.08834586466165413
0 0.6693610469591993 0.8087406015037594 0.08698999230177058 0.11560150375939848
0 0.4476520400307929 0.8538533834586466 0.09160892994611239 0.106203007518797
0 0.35950731331793684 0.15225563909774437 0.06004618937644341 0.09398496240601503
0 0.289838337182448 0.5225563909774436 0.04541955350269438 0.05075187969924812
0 0.5727482678983833 0.15836466165413532 0.04003079291762894 0.05357142857142857
0 0.3964588144726713 0.13533834586466165 0.03849114703618168 0.05451127819548872
0 0.3194765204003079 0.9299812030075187 0.027713625866050806 0.09304511278195488
0 0.4364896073903002 0.106203007518797 0.02155504234026174 0.02819548872180451
0 0.30908391070053887 0.6578947368421052 0.05157813702848345 0.07142857142857142
0 0.3248652809853733 0.575657894736842 0.027713625866050806 0.02537593984962406
0 0.24903772132409543 0.42669172932330823 0.030023094688221705 0.03759398496240601
0 0.5511932255581216 0.3416353383458646 0.05850654349499615 0.07612781954887218
0 0.3629715165511932 0.5695488721804511 0.025404157043879907 0.03759398496240601
0 0.2159353348729792 0.5714285714285714 0.062355658198614314 0.09210526315789473
0 0.7005388760585065 0.3162593984962406 0.053887605850654344 0.05545112781954887
0 0.36220169361046956 0.4088345864661654 0.12548113933795227 0.12969924812030076
0 0.40300230946882215 0.23402255639097744 0.042340261739799843 0.046992481203007516
0 0.48344880677444185 0.12077067669172932 0.05234795996920708 0.08176691729323307
0 0.4507313317936874 0.21099624060150374 0.036181678214010776 0.046052631578947366
0 0.7501924557351809 0.6790413533834586 0.036181678214010776 0.03665413533834586
0 0.5850654349499614 0.47039473684210525 0.018475750577367205 0.02725563909774436
0 0.5542725173210161 0.2551691729323308 0.04003079291762894 0.044172932330827065
0 0.6632024634334103 0.6870300751879699 0.09468822170900693 0.06578947368421052
0 0.13163972286374134 0.5347744360902256 0.03541185527328714 0.05827067669172932
0 0.588144726712856 0.4050751879699248 0.02617397998460354 0.03195488721804511
0 0.5153964588144726 0.1983082706766917 0.01770592763664357 0.043233082706766915
0 0.3160123171670516 0.19548872180451127 0.040800615858352575 0.039473684210526314
0 0.22132409545804463 0.7227443609022556 0.020785219399538105 0.02819548872180451
0 0.16012317167051576 0.6057330827067668 0.02617397998460354 0.023496240601503758
0 0.49153194765204 0.3806390977443609 0.037721324095458045 0.041353383458646614
0 0.7578906851424172 0.5761278195488722 0.023864511162432638 0.03007518796992481
0 0.5050038491147036 0.5117481203007519 0.1031562740569669 0.1268796992481203
0 0.4846035411855273 0.30028195488721804 0.042340261739799843 0.046052631578947366
0 0.3610469591993841 0.30169172932330823 0.03695150115473441 0.11842105263157894
0 0.976905311778291 0.5709586466165413 0.02617397998460354 0.03101503759398496
0 0.6243264049268668 0.8641917293233082 0.04157043879907621 0.09116541353383459
0 0.16243264049268666 0.7471804511278195 0.03079291762894534 0.03571428571428571
0 0.4287913779830639 0.4708646616541353 0.024634334103156273 0.06015037593984962
0 0.48729792147806 0.25046992481203006 0.02155504234026174 0.02537593984962406
0 0.798306389530408 0.7518796992481203 0.027713625866050806 0.03383458646616541
0 0.10046189376443418 0.6047932330827067 0.04387990762124711 0.042293233082706765
0 0.2879137798306389 0.33035714285714285 0.08006158583525788 0.10056390977443608
0 0.7448036951501155 0.48919172932330823 0.09468822170900693 0.106203007518797
0 0.5211701308698999 0.9182330827067668 0.02617397998460354 0.07330827067669173
0 0.46497305619707463 0.6400375939849624 0.023094688221709004 0.06954887218045112
0 0.1562740569668976 0.3270676691729323 0.08314087759815242 0.14097744360902253
0 0.9618937644341801 0.6132518796992481 0.05465742879137798 0.040413533834586464
0 0.7240184757505773 0.3839285714285714 0.022324865280985373 0.02537593984962406
0 0.73941493456505 0.7415413533834586 0.01924557351809084 0.05263157894736842
0 0.10046189376443418 0.7091165413533834 0.06697459584295612 0.047932330827067667
0 0.7151655119322555 0.4548872180451128 0.03541185527328714 0.039473684210526314
0 0.16782140107775212 0.6837406015037594 0.027713625866050806 0.03477443609022556
0 0.9869130100076982 0.42105263157894735 0.01077752117013087 0.016917293233082706
0 0.5488837567359507 0.20488721804511278 0.02617397998460354 0.02631578947368421
0 0.9869130100076982 0.28195488721804507 0.01539645881447267 0.03383458646616541
0 0.39838337182448036 0.37922932330827064 0.05311778290993071 0.06860902255639098
0 0.49576597382602 0.016917293233082706 0.023094688221709004 0.011278195488721804
0 0.4888375673595073 0.43609022556390975 0.06004618937644341 0.04887218045112782
0 0.20785219399538105 0.9694548872180451 0.013856812933025403 0.021616541353383457
0 0.6377983063895304 0.22462406015037592 0.023864511162432638 0.043233082706766915
0 0.13240954580446496 0.28195488721804507 0.02617397998460354 0.05827067669172932
0 0.4295612009237875 0.5319548872180451 0.03849114703618168 0.04887218045112782
0 0.7571208622016936 0.6278195488721804 0.07467282525019245 0.05263157894736842
0 0.795996920708237 0.6602443609022556 0.032332563510392605 0.040413533834586464
