0 0.6378125 0.5715384615384616 0.10187500000000001 0.10153846153846154
0 0.400625 0.7819230769230769 0.06875 0.08692307692307692
0 0.1853125 0.4684615384615385 0.104375 0.06769230769230769
0 0.51125 0.7930769230769231 0.06875 0.1646153846153846
0 0.23375 0.6680769230769231 0.0675 0.06846153846153846
0 0.658125 0.4065384615384615 0.08 0.06692307692307692
0 0.40718750000000004 0.6707692307692308 0.089375 0.12461538461538461
0 0.5906250000000001 0.6569230769230769 0.09125 0.09076923076923077
0 0.610625 0.25115384615384617 0.04125 0.09461538461538462
0 0.5806250000000001 0.8853846153846154 0.035 0.08923076923076922
0 0.6778125 0.8123076923076923 0.088125 0.11692307692307692
0 0.4528125 0.8634615384615385 0.091875 0.10692307692307693
0 0.35125 0.14692307692307693 0.06125 0.09384615384615384
0 0.2871875 0.5280769230769231 0.045625 0.05153846153846154
0 0.5678125 0.14769230769230768 0.039375 0.05384615384615385
0 0.3884375 0.12846153846153846 0.039375 0.05384615384615385
0 0.32375 0.945 0.0275 0.09461538461538462
0 0.42875 0.0973076923076923 0.02125 0.02846153846153846
0 0.30843750000000003 0.6665384615384615 0.050625 0.07153846153846154
0 0.32375 0.5819230769230769 0.0275 0.025384615384615384
0 0.2434375 0.43115384615384617 0.029375000000000002 0.036153846153846154
0 0.5493750000000001 0.33653846153846156 0.06 0.07769230769230769
0 0.3615625 0.5742307692307692 0.024375 0.03769230769230769
0 0.21281250000000002 0.58 0.063125 0.09384615384615384
0 0.7003125 0.30615384615384617 0.054375 0.055384615384615386
0 0.358125 0.4096153846153846 0.1275 0.13307692307692306
0 0.39687500000000003 0.2296153846153846 0.0425 0.04846153846153846
0 0.476875 0.11192307692307692 0.0525 0.08384615384615385
0 0.445 0.20461538461538462 0.035 0.046153846153846156
0 0.756875 0.676923076923077 0.03625 0.03692307692307692
0 0.5859375 0.46692307692307694 0.018125 0.026153846153846153
0 0.55125 0.24807692307692308 0.04 0.04384615384615385
0 0.6687500000000001 0.6873076923076923 0.09625 0.06538461538461539
0 0.1259375 0.545 0.034375 0.057692307692307696
0 0.588125 0.4003846153846154 0.025 0.031538461538461536
0 0.510625 0.19038461538461537 0.0175 0.04230769230769231
0 0.30843750000000003 0.19230769230769232 0.040625 0.038461538461538464
0 0.22062500000000002 0.735 0.02125 0.026923076923076925
0 0.15625 0.6165384615384616 0.02625 0.023846153846153847
0 0.4896875 0.3773076923076923 0.038125 0.04230769230769231
0 0.763125 0.5715384615384616 0.02375 0.02923076923076923
0 0.505625 0.5115384615384615 0.10375000000000001 0.12923076923076923
0 0.4809375 0.29538461538461536 0.041875 0.046153846153846156
0 0.355625 0.3 0.03625 0.12153846153846154
0 0.985625 0.5603846153846154 0.02625 0.031538461538461536
0 0.633125 0.8703846153846154 0.04125 0.09307692307692307
0 0.160625 0.7615384615384615 0.03 0.03538461538461538
0 0.4275 0.4715384615384615 0.02375 0.06153846153846154
0 0.48281250000000003 0.24423076923076922 0.021875000000000002 0.025384615384615384
0 0.8078125 0.7503846153846154 0.026875 0.03461538461538462
0 0.095 0.6169230769230769 0.043750000000000004 0.04153846153846154
0 0.2815625 0.33153846153846156 0.080625 0.10307692307692308
0 0.7490625 0.4826923076923077 0.095625 0.10692307692307693
0 0.52875 0.9276923076923077 0.02625 0.07384615384615384
0 0.4665625 0.6442307692307693 0.023125 0.07153846153846154
0 0.1478125 0.33115384615384613 0.083125 0.14384615384615385
0 0.9712500000000001 0.6042307692307692 0.055 0.03923076923076923
0 0.7253125 0.375 0.021875000000000002 0.023846153846153847
0 0.7475 0.7411538461538462 0.01875 0.05307692307692308
0 0.096875 0.7246153846153847 0.0675 0.047692307692307694
0 0.718125 0.44846153846153847 0.035 0.04
0 0.1653125 0.6973076923076923 0.026875 0.03461538461538462
0 0.9934375 0.40692307692307694 0.010625 0.016923076923076923
0 0.545 0.19538461538461538 0.02625 0.026153846153846153
0 0.9915625 0.26384615384615384 0.014375 0.033846153846153845
0 0.3946875 0.37846153846153846 0.054375 0.07076923076923076
0 0.48781250000000004 0.004615384615384615 0.021875000000000002 0.00923076923076923
0 0.4875 0.4346153846153846 0.06 0.04923076923076923
0 0.210625 0.9884615384615385 0.01375 0.02
0 0.6353125000000001 0.21384615384615385 0.023125 0.043076923076923075
0 0.1225 0.28615384615384615 0.02625 0.05846153846153846
0 0.42875 0.5338461538461539 0.03875 0.04923076923076923
0 0.76375 0.6242307692307693 0.075 0.05307692307692308
0 0.80375 0.6565384615384615 0.0325 0.040769230769230766
