0 0.6277823577906019 0.41716867469879515 0.09975267930750206 0.09939759036144577
0 0.3911788953009068 0.22088353413654616 0.06842539159109645 0.08433734939759036
0 0.1871393239901072 0.5311244979919678 0.10387469084913438 0.06626506024096385
0 0.4991755976916735 0.20632530120481926 0.06842539159109645 0.15963855421686746
0 0.22959604286892005 0.3363453815261044 0.06677658697444352 0.0682730923694779
0 0.6504534212695796 0.5758032128514056 0.07914262159934048 0.06526104417670682
0 0.40024732069249797 0.3288152610441767 0.08821104699093157 0.12148594377510039
0 0.5791426215993405 0.3363453815261044 0.0898598516075845 0.08835341365461846
0 0.6079967023907668 0.7284136546184738 0.0403957131079967 0.09337349397590361
0 0.5651277823577906 0.11596385542168673 0.03544929925803792 0.08734939759036144
0 0.6611706512778236 0.1827309236947791 0.08738664468260511 0.1144578313253012
0 0.4402308326463314 0.14056224899598393 0.09068425391591096 0.10441767068273092
0 0.3565539983511954 0.8373493975903614 0.060181368507831824 0.09236947791164658
0 0.2848309975267931 0.4698795180722891 0.04534212695795548 0.0502008032128514
0 0.5680131904369332 0.8293172690763051 0.03957131079967024 0.05421686746987951
0 0.3928276999175598 0.8539156626506024 0.038746908491343775 0.053212851405622486
0 0.3120362737015664 0.06526104417670682 0.02720527617477329 0.09236947791164658
0 0.4336356141797197 0.8825301204819276 0.021434460016488046 0.028112449799196783
0 0.3033800494641385 0.33584337349397586 0.051112943116240726 0.071285140562249
0 0.31986809563066776 0.41716867469879515 0.028029678483099753 0.0251004016064257
0 0.2448474855729596 0.5657630522088353 0.02967848309975268 0.03714859437751004
0 0.546166529266282 0.6470883534136546 0.0585325638911789 0.0753012048192771
0 0.3577906018136851 0.42319277108433734 0.0247320692497939 0.03714859437751004
0 0.2110469909315746 0.4221887550200803 0.06265457543281121 0.09136546184738956
0 0.6945589447650453 0.6721887550200802 0.05358615004122012 0.05522088353413654
0 0.35737840065952187 0.5828313253012047 0.12448474855729597 0.12951807228915663
0 0.3994229183841715 0.7555220883534136 0.04204451772464963 0.04718875502008032
0 0.47980214344600164 0.8669678714859437 0.051112943116240726 0.08132530120481928
0 0.4464138499587799 0.7781124497991967 0.03544929925803792 0.04618473895582329
0 0.741962077493817 0.3107429718875502 0.036273701566364384 0.03714859437751004
0 0.5791426215993405 0.519578313253012 0.018961253091508656 0.027108433734939756
0 0.5494641384995879 0.7334337349397589 0.0403957131079967 0.043172690763052204
0 0.6558120362737015 0.30371485943775095 0.09480626545754328 0.06526104417670682
0 0.12737015663643858 0.4593373493975903 0.03544929925803792 0.0572289156626506
0 0.5824402308326463 0.5843373493975903 0.025556471558120363 0.0321285140562249
0 0.5115416323165705 0.7901606425702811 0.01731244847485573 0.04216867469879518
0 0.3128606760098928 0.7946787148594376 0.0403957131079967 0.03915662650602409
0 0.2159934047815334 0.2720883534136546 0.021434460016488046 0.028112449799196783
0 0.15539983511953834 0.38905622489959835 0.025556471558120363 0.023092369477911646
0 0.4868095630667766 0.6099397590361445 0.03709810387469085 0.04116465863453815
0 0.7506183017312449 0.41315261044176704 0.023907666941467436 0.029116465863453813
0 0.49876339653751034 0.47891566265060237 0.10222588623248145 0.12650602409638553
0 0.47980214344600164 0.6897590361445782 0.04286892003297609 0.04618473895582329
0 0.35737840065952187 0.6887550200803212 0.03709810387469085 0.1184738955823293
0 0.9678483099752679 0.41666666666666663 0.026380873866446827 0.03012048192771084
0 0.6158285243198681 0.1285140562248996 0.041220115416323165 0.09036144578313252
0 0.15704863973619126 0.24849397590361444 0.030502885408079144 0.035140562248995984
0 0.42333058532563894 0.520582329317269 0.023907666941467436 0.05923694779116465
0 0.4830997526793075 0.7389558232931727 0.021434460016488046 0.024096385542168672
0 0.7897774113767518 0.23845381526104414 0.028029678483099753 0.03313253012048192
0 0.09604286892003298 0.3900602409638554 0.043693322341302555 0.04116465863453815
0 0.28441879637262985 0.6606425702811244 0.07914262159934048 0.1004016064257028
0 0.7378400659521847 0.4994979919678714 0.09398186314921682 0.10542168674698794
0 0.5127782357790602 0.0753012048192771 0.026380873866446827 0.07228915662650602
0 0.45877988458367686 0.35190763052208834 0.023907666941467436 0.06927710843373493
0 0.15333882934872217 0.6651606425702811 0.08244023083264633 0.1395582329317269
0 0.9530090684253916 0.37499999999999994 0.05441055234954658 0.03915662650602409
0 0.7176422093981863 0.6044176706827309 0.02225886232481451 0.024096385542168672
0 0.7316570486397362 0.24899598393574296 0.018961253091508656 0.05220883534136546
0 0.09521846661170652 0.28614457831325296 0.06677658697444352 0.048192771084337345
0 0.708161582852432 0.5341365461847389 0.03462489694971146 0.040160642570281124
0 0.16240725474031328 0.3107429718875502 0.028029678483099753 0.035140562248995984
0 0.9789777411376752 0.5657630522088353 0.010717230008244023 0.017068273092369475
0 0.5441055234954658 0.7841365461847389 0.026380873866446827 0.02610441767068273
0 0.9798021434460017 0.7033132530120482 0.015663643858202802 0.03313253012048192
0 0.39365210222588626 0.6119477911646586 0.05358615004122012 0.06927710843373493
0 0.49299258037922505 0.9703815261044176 0.023083264633140973 0.011044176706827308
0 0.48351195383347073 0.5542168674698794 0.060181368507831824 0.048192771084337345
0 0.2007419620774938 0.02761044176706827 0.014014839241549877 0.02108433734939759
0 0.6331409727947238 0.7635542168674698 0.023083264633140973 0.043172690763052204
0 0.12943116240725475 0.7103413654618473 0.026380873866446827 0.0572289156626506
0 0.4237427864798021 0.4598393574297188 0.03792250618301731 0.048192771084337345
0 0.7493816982687551 0.3624497991967871 0.0741962077493817 0.05220883534136546
0 0.788128606760099 0.3293172690763052 0.03297609233305853 0.040160642570281124
