0 0.3690625 0.4269230769230769 0.10187500000000001 0.10153846153846154
0 0.6062500000000001 0.2169230769230769 0.06875 0.08615384615384615
0 0.821875 0.5303846153846153 0.105 0.06692307692307692
0 0.49593750000000003 0.20576923076923076 0.069375 0.16384615384615384
0 0.77375 0.33076923076923076 0.0675 0.06923076923076923
0 0.349375 0.5919230769230769 0.08 0.06692307692307692
0 0.5996875 0.32846153846153847 0.089375 0.12461538461538461
0 0.416875 0.3423076923076923 0.09125 0.09076923076923077
0 0.3965625 0.7476923076923077 0.040625 0.09538461538461539
0 0.4265625 0.11384615384615385 0.035625000000000004 0.08923076923076922
0 0.3296875 0.18653846153846154 0.088125 0.1176923076923077
0 0.5543750000000001 0.13538461538461538 0.0925 0.1076923076923077
0 0.6559375000000001 0.8519230769230769 0.060625 0.09461538461538462
0 0.7203125 0.4703846153846154 0.045625 0.05153846153846154
0 0.4390625 0.8511538461538461 0.039375 0.054615384615384614
0 0.61875 0.8703846153846154 0.03875 0.054615384615384614
0 0.6834375 0.05346153846153846 0.026875 0.09461538461538462
0 0.578125 0.9011538461538462 0.02125 0.02846153846153846
0 0.69875 0.3323076923076923 0.051250000000000004 0.07230769230769231
0 0.68375 0.4169230769230769 0.0275 0.024615384615384615
0 0.76375 0.5676923076923077 0.03 0.03692307692307692
0 0.4578125 0.6623076923076923 0.059375000000000004 0.07692307692307693
0 0.6453125000000001 0.42423076923076924 0.024375 0.03769230769230769
0 0.7946875 0.41846153846153844 0.063125 0.09384615384615384
0 0.3065625 0.6926923076923077 0.054375 0.05615384615384615
0 0.6490625 0.5892307692307692 0.12687500000000002 0.13230769230769232
0 0.61 0.7692307692307693 0.0425 0.047692307692307694
0 0.5303125 0.8869230769230769 0.051875000000000004 0.08307692307692308
0 0.5621875000000001 0.7938461538461539 0.035625000000000004 0.046153846153846156
0 0.25 0.32153846153846155 0.03625 0.03692307692307692
0 0.4209375 0.5319230769230769 0.018125 0.026923076923076925
0 0.45625 0.7511538461538462 0.04 0.04384615384615385
0 0.338125 0.31153846153846154 0.09625 0.06615384615384616
0 0.88125 0.45384615384615384 0.035 0.05846153846153846
0 0.4190625 0.5984615384615385 0.025625000000000002 0.03230769230769231
0 0.4965625 0.8084615384615385 0.016875 0.043076923076923075
0 0.6990625 0.8065384615384615 0.040625 0.03923076923076923
0 0.7865625 0.26384615384615384 0.020625 0.027692307692307693
0 0.8509375 0.3823076923076923 0.025625000000000002 0.023076923076923078
0 0.5175 0.6215384615384615 0.0375 0.04153846153846154
0 0.24375 0.42730769230769233 0.02375 0.03
0 0.501875 0.4869230769230769 0.10375000000000001 0.12923076923076923
0 0.52625 0.7034615384615385 0.0425 0.04692307692307692
0 0.6515625 0.6988461538461539 0.036875 0.12076923076923077
0 0.02125 0.43846153846153846 0.02625 0.03076923076923077
0 0.374375 0.12884615384615383 0.04125 0.09307692307692307
0 0.8462500000000001 0.2373076923076923 0.03 0.036153846153846154
0 0.58 0.5273076923076923 0.02375 0.06076923076923077
0 0.524375 0.7546153846153846 0.02125 0.024615384615384615
0 0.199375 0.24846153846153846 0.0275 0.033846153846153845
0 0.911875 0.38153846153846155 0.043750000000000004 0.04153846153846154
0 0.725625 0.6673076923076923 0.08 0.10230769230769231
0 0.2584375 0.5161538461538462 0.095625 0.1076923076923077
0 0.47875 0.07076923076923076 0.02625 0.07384615384615384
0 0.5403125 0.3546153846153846 0.023125 0.07076923076923076
0 0.859375 0.6673076923076923 0.08375 0.14384615384615385
0 0.035625000000000004 0.3946153846153846 0.055 0.04
0 0.2815625 0.6238461538461538 0.021875000000000002 0.024615384615384615
0 0.259375 0.2573076923076923 0.01875 0.05307692307692308
0 0.91 0.2742307692307692 0.0675 0.04846153846153846
0 0.289375 0.5507692307692308 0.035 0.04
0 0.841875 0.3019230769230769 0.0275 0.03461538461538462
0 0.0134375 0.5923076923076923 0.010625 0.016923076923076923
0 0.4625 0.803076923076923 0.02625 0.026153846153846153
0 0.015625 0.7346153846153847 0.015 0.033846153846153845
0 0.6125 0.6203846153846154 0.05375 0.07
0 0.519375 0.9942307692307693 0.0225 0.01
0 0.5196875 0.5642307692307692 0.060625 0.04846153846153846
0 0.7965625000000001 0.010384615384615384 0.013125 0.02076923076923077
0 0.3715625 0.785 0.023125 0.04384615384615385
0 0.8846875000000001 0.713076923076923 0.025625000000000002 0.05846153846153846
0 0.5784375 0.4646153846153846 0.038125 0.04923076923076923
0 0.24375 0.375 0.075 0.05307692307692308
0 0.20375000000000001 0.3426923076923077 0.0325 0.040769230769230766
