0 0.6228125 0.5723076923076923 0.10187500000000001 0.10153846153846154
0 0.385625 0.7823076923076923 0.06875 0.08615384615384615
0 0.17 0.46884615384615386 0.105 0.06692307692307692
0 0.49593750000000003 0.7934615384615384 0.069375 0.16384615384615384
0 0.218125 0.6684615384615384 0.0675 0.06923076923076923
0 0.6425 0.4073076923076923 0.08 0.06692307692307692
0 0.3921875 0.6707692307692308 0.089375 0.12461538461538461
0 0.5750000000000001 0.6569230769230769 0.09125 0.09076923076923077
0 0.5953125 0.25153846153846154 0.040625 0.09538461538461539
0 0.5653125 0.8853846153846154 0.035625000000000004 0.08923076923076922
0 0.6621875 0.8126923076923077 0.088125 0.1176923076923077
0 0.4375 0.8638461538461538 0.0925 0.1076923076923077
0 0.3359375 0.1473076923076923 0.060625 0.09461538461538462
0 0.2715625 0.5288461538461539 0.045625 0.05153846153846154
0 0.5528125 0.14807692307692308 0.039375 0.054615384615384614
0 0.373125 0.12884615384615383 0.03875 0.054615384615384614
0 0.30843750000000003 0.9457692307692308 0.026875 0.09461538461538462
0 0.41375 0.09807692307692308 0.02125 0.02846153846153846
0 0.293125 0.666923076923077 0.051250000000000004 0.07230769230769231
0 0.308125 0.5823076923076923 0.0275 0.024615384615384615
0 0.228125 0.43153846153846154 0.03 0.03692307692307692
0 0.5340625 0.33692307692307694 0.059375000000000004 0.07692307692307693
0 0.3465625 0.575 0.024375 0.03769230769230769
0 0.19718750000000002 0.5807692307692308 0.063125 0.09384615384615384
0 0.6853125 0.30653846153846154 0.054375 0.05615384615384615
0 0.3428125 0.41 0.12687500000000002 0.13230769230769232
0 0.381875 0.23 0.0425 0.047692307692307694
0 0.4615625 0.1123076923076923 0.051875000000000004 0.08307692307692308
0 0.4296875 0.2053846153846154 0.035625000000000004 0.046153846153846156
0 0.7418750000000001 0.6776923076923077 0.03625 0.03692307692307692
0 0.5709375 0.4673076923076923 0.018125 0.026923076923076925
0 0.535625 0.24807692307692308 0.04 0.04384615384615385
0 0.65375 0.6876923076923077 0.09625 0.06615384615384616
0 0.110625 0.5453846153846154 0.035 0.05846153846153846
0 0.5728125000000001 0.40076923076923077 0.025625000000000002 0.03230769230769231
0 0.4953125 0.19076923076923077 0.016875 0.043076923076923075
0 0.29281250000000003 0.1926923076923077 0.040625 0.03923076923076923
0 0.2053125 0.7353846153846154 0.020625 0.027692307692307693
0 0.1409375 0.6169230769230769 0.025625000000000002 0.023076923076923078
0 0.474375 0.3776923076923077 0.0375 0.04153846153846154
0 0.748125 0.5719230769230769 0.02375 0.03
0 0.49 0.5123076923076924 0.10375000000000001 0.12923076923076923
0 0.465625 0.2957692307692308 0.0425 0.04692307692307692
0 0.3403125 0.30038461538461536 0.036875 0.12076923076923077
0 0.9706250000000001 0.5607692307692308 0.02625 0.03076923076923077
0 0.6175 0.8703846153846154 0.04125 0.09307692307692307
0 0.145625 0.7619230769230769 0.03 0.036153846153846154
0 0.411875 0.47192307692307695 0.02375 0.06076923076923077
0 0.4675 0.24461538461538462 0.02125 0.024615384615384615
0 0.7925 0.7507692307692307 0.0275 0.033846153846153845
0 0.08 0.6176923076923077 0.043750000000000004 0.04153846153846154
0 0.26625 0.33192307692307693 0.08 0.10230769230769231
0 0.7334375 0.48307692307692307 0.095625 0.1076923076923077
0 0.513125 0.9284615384615384 0.02625 0.07384615384615384
0 0.45156250000000003 0.6446153846153846 0.023125 0.07076923076923076
0 0.1325 0.33192307692307693 0.08375 0.14384615384615385
0 0.95625 0.6046153846153847 0.055 0.04
0 0.7103125 0.37538461538461537 0.021875000000000002 0.024615384615384615
0 0.7325 0.7419230769230769 0.01875 0.05307692307692308
0 0.081875 0.725 0.0675 0.04846153846153846
0 0.7025 0.44846153846153847 0.035 0.04
0 0.15 0.6973076923076923 0.0275 0.03461538461538462
0 0.9784375000000001 0.40692307692307694 0.010625 0.016923076923076923
0 0.529375 0.19615384615384615 0.02625 0.026153846153846153
0 0.9762500000000001 0.26461538461538464 0.015 0.033846153846153845
0 0.379375 0.37884615384615383 0.05375 0.07
0 0.47250000000000003 0.005 0.0225 0.01
0 0.4721875 0.435 0.060625 0.04846153846153846
0 0.1953125 0.9888461538461538 0.013125 0.02076923076923077
0 0.6203125 0.21423076923076922 0.023125 0.04384615384615385
0 0.1071875 0.28615384615384615 0.025625000000000002 0.05846153846153846
0 0.4134375 0.5346153846153846 0.038125 0.04923076923076923
0 0.74875 0.6242307692307693 0.075 0.05307692307692308
0 0.7887500000000001 0.6565384615384615 0.0325 0.040769230769230766
