0 0.3615625 0.5715384615384616 0.10187500000000001 0.10153846153846154
0 0.59875 0.7819230769230769 0.06875 0.08692307692307692
0 0.8140625 0.4684615384615385 0.104375 0.06769230769230769
0 0.48812500000000003 0.7930769230769231 0.06875 0.1646153846153846
0 0.765625 0.6680769230769231 0.0675 0.06846153846153846
0 0.34125 0.4065384615384615 0.08 0.06692307692307692
0 0.5921875 0.6707692307692308 0.089375 0.12461538461538461
0 0.40875 0.6569230769230769 0.09125 0.09076923076923077
0 0.38875 0.25115384615384617 0.04125 0.09461538461538462
0 0.41875 0.8853846153846154 0.035 0.08923076923076922
0 0.32156250000000003 0.8123076923076923 0.088125 0.11692307692307692
0 0.5465625000000001 0.8634615384615385 0.091875 0.10692307692307693
0 0.6481250000000001 0.14692307692307693 0.06125 0.09384615384615384
0 0.7121875 0.5280769230769231 0.045625 0.05153846153846154
0 0.4315625 0.14769230769230768 0.039375 0.05384615384615385
0 0.6109375 0.12846153846153846 0.039375 0.05384615384615385
0 0.675625 0.945 0.0275 0.09461538461538462
0 0.570625 0.0973076923076923 0.02125 0.02846153846153846
0 0.6909375 0.6665384615384615 0.050625 0.07153846153846154
0 0.675625 0.5819230769230769 0.0275 0.025384615384615384
0 0.7559375 0.43115384615384617 0.029375000000000002 0.036153846153846154
0 0.45 0.33653846153846156 0.06 0.07769230769230769
0 0.6378125 0.5742307692307692 0.024375 0.03769230769230769
0 0.7865625 0.58 0.063125 0.09384615384615384
0 0.2990625 0.30615384615384617 0.054375 0.055384615384615386
0 0.6415625 0.4096153846153846 0.12687500000000002 0.13307692307692306
0 0.6025 0.2296153846153846 0.0425 0.04846153846153846
0 0.5225 0.11192307692307692 0.0525 0.08384615384615385
0 0.5543750000000001 0.20461538461538462 0.035 0.046153846153846156
0 0.2425 0.676923076923077 0.03625 0.03692307692307692
0 0.4134375 0.46692307692307694 0.018125 0.026153846153846153
0 0.4484375 0.24807692307692308 0.040625 0.04384615384615385
0 0.330625 0.6873076923076923 0.09625 0.06538461538461539
0 0.8734375 0.545 0.034375 0.057692307692307696
0 0.41125 0.4003846153846154 0.025 0.031538461538461536
0 0.48875 0.19038461538461537 0.0175 0.04230769230769231
0 0.6909375 0.19230769230769232 0.040625 0.038461538461538464
0 0.77875 0.735 0.02125 0.026923076923076925
0 0.843125 0.6165384615384616 0.02625 0.023846153846153847
0 0.5096875 0.3773076923076923 0.038125 0.04230769230769231
0 0.23625000000000002 0.5715384615384616 0.02375 0.02923076923076923
0 0.49375 0.5115384615384615 0.10375000000000001 0.12923076923076923
0 0.5184375 0.29538461538461536 0.041875 0.046153846153846156
0 0.64375 0.3 0.03625 0.12153846153846154
0 0.01375 0.5603846153846154 0.02625 0.031538461538461536
0 0.36625 0.8703846153846154 0.04125 0.09307692307692307
0 0.83875 0.7615384615384615 0.03 0.03538461538461538
0 0.571875 0.4715384615384615 0.02375 0.06153846153846154
0 0.5165625 0.24423076923076922 0.021875000000000002 0.025384615384615384
0 0.1915625 0.7503846153846154 0.026875 0.03461538461538462
0 0.904375 0.6169230769230769 0.043750000000000004 0.04153846153846154
0 0.7178125 0.33153846153846156 0.080625 0.10307692307692308
0 0.250625 0.4826923076923077 0.095 0.10692307692307693
0 0.4709375 0.9276923076923077 0.026875 0.07384615384615384
0 0.5328125 0.6442307692307693 0.023125 0.07153846153846154
0 0.8515625 0.33115384615384613 0.083125 0.14384615384615385
0 0.028125 0.6042307692307692 0.055 0.03923076923076923
0 0.2740625 0.375 0.021875000000000002 0.023846153846153847
0 0.251875 0.7411538461538462 0.01875 0.05307692307692308
0 0.9025 0.7246153846153847 0.0675 0.047692307692307694
0 0.28125 0.44846153846153847 0.035 0.04
0 0.8340625 0.6973076923076923 0.026875 0.03461538461538462
0 0.0059375 0.40692307692307694 0.010625 0.016923076923076923
0 0.45437500000000003 0.19538461538461538 0.02625 0.026153846153846153
0 0.008125 0.26384615384615384 0.015 0.033846153846153845
0 0.605 0.37846153846153846 0.05375 0.07076923076923076
0 0.5115625 0.004615384615384615 0.021875000000000002 0.00923076923076923
0 0.511875 0.4346153846153846 0.06 0.04923076923076923
0 0.7887500000000001 0.9884615384615385 0.01375 0.02
0 0.3640625 0.21384615384615385 0.023125 0.043076923076923075
0 0.8768750000000001 0.28615384615384615 0.02625 0.05846153846153846
0 0.570625 0.5338461538461539 0.03875 0.04923076923076923
0 0.235625 0.6242307692307693 0.075 0.05307692307692308
0 0.195625 0.6565384615384615 0.0325 0.040769230769230766
