0 0.631496062992126 0.5638703527168732 0.09921259842519685 0.09818875119161105
0 0.4086614173228346 0.7755004766444232 0.06771653543307087 0.08293612964728313
0 0.18976377952755905 0.48713060057197327 0.10236220472440945 0.06482364156339371
0 0.515748031496063 0.7802669208770258 0.06771653543307087 0.1572926596758818
0 0.24330708661417322 0.6749285033365109 0.06614173228346457 0.0667302192564347
0 0.6452755905511811 0.40610104861773116 0.07795275590551182 0.06482364156339371
0 0.41141732283464566 0.6687321258341277 0.08740157480314961 0.11916110581506197
0 0.5877952755905512 0.6468064823641563 0.0889763779527559 0.08674928503336511
0 0.5940944881889764 0.2602478551000953 0.04015748031496063 0.09151572926596759
0 0.5858267716535432 0.8646329837940896 0.03464566929133858 0.08579599618684461
0 0.6775590551181102 0.7907530981887512 0.0858267716535433 0.11344137273593899
0 0.46181102362204723 0.8503336510962821 0.09055118110236221 0.10295519542421354
0 0.3401574803149606 0.17349857006673022 0.05984251968503937 0.09151572926596759
0 0.29015748031496064 0.5395614871306006 0.04488188976377953 0.04957102001906578
0 0.55 0.16348903717826502 0.03858267716535433 0.052430886558627265
0 0.37559055118110235 0.15395614871306004 0.03779527559055118 0.052430886558627265
0 0.33937007874015745 0.9346997140133461 0.026771653543307086 0.0905624404194471
0 0.4137795275590551 0.12249761677788369 0.02125984251968504 0.027645376549094373
0 0.315748031496063 0.6696854146806482 0.050393700787401574 0.06959008579599618
0 0.32716535433070865 0.5886558627264061 0.027559055118110236 0.023832221163012392
0 0.24488188976377953 0.4489990467111535 0.029921259842519685 0.03622497616777884
0 0.5377952755905512 0.34413727359389895 0.05826771653543307 0.07435653002859867
0 0.3641732283464567 0.5800762631077216 0.024409448818897637 0.037178265014299335
0 0.2200787401574803 0.5924690181124881 0.06220472440944882 0.0905624404194471
0 0.6834645669291338 0.30838894184938037 0.05354330708661417 0.05433746425166825
0 0.35551181102362206 0.42278360343183985 0.12362204724409448 0.12678741658722592
0 0.38700787401574804 0.24976167778836986 0.04173228346456693 0.04575786463298379
0 0.46062992125984253 0.13393708293612963 0.050393700787401574 0.07912297426120114
0 0.4326771653543307 0.22449952335557674 0.03543307086614173 0.044804575786463297
0 0.75 0.6587225929456625 0.03543307086614173 0.03622497616777884
0 0.5775590551181102 0.4661582459485224 0.01811023622047244 0.026692087702573877
0 0.5366141732283465 0.25977121067683506 0.04015748031496063 0.042897998093422304
0 0.6649606299212598 0.6725452812202097 0.09370078740157481 0.0638703527168732
0 0.13543307086614173 0.5629170638703527 0.03464566929133858 0.05624404194470924
0 0.5775590551181102 0.40276453765490944 0.025984251968503937 0.03145853193517636
0 0.4956692913385827 0.20686367969494757 0.01653543307086614 0.04194470924690181
0 0.2996062992125984 0.21830314585319352 0.04015748031496063 0.03813155386081983
0 0.2326771653543307 0.7392755004766444 0.02125984251968504 0.027645376549094373
0 0.16653543307086613 0.6291706387035272 0.025984251968503937 0.022878932316491896
0 0.481496062992126 0.38608198284080075 0.03700787401574803 0.040038131553860816
0 0.752755905511811 0.5571973307912297 0.023622047244094488 0.029551954242135366
0 0.5007874015748032 0.5128693994280267 0.10078740157480315 0.12392755004766444
0 0.4704724409448819 0.30838894184938037 0.04173228346456693 0.044804575786463297
0 0.34921259842519686 0.3188751191611058 0.03700787401574803 0.11534795042897998
0 0.9673228346456693 0.5362249761677789 0.025984251968503937 0.029551954242135366
0 0.6358267716535433 0.8474737845567206 0.04015748031496063 0.08960915157292659
0 0.17559055118110237 0.767397521448999 0.029921259842519685 0.03622497616777884
0 0.42440944881889764 0.47855100095328884 0.023622047244094488 0.05910390848427073
0 0.4704724409448819 0.25977121067683506 0.02125984251968504 0.023832221163012392
0 0.8011811023622047 0.7259294566253575 0.027559055118110236 0.03336510962821735
0 0.10748031496062992 0.6334604385128694 0.04330708661417323 0.04099142040038131
0 0.27874015748031494 0.35224022878932315 0.07874015748031496 0.09818875119161105
0 0.7354330708661417 0.47378455672068637 0.09291338582677165 0.10295519542421354
0 0.5366141732283465 0.9080076263107721 0.025984251968503937 0.07149666348903717
0 0.46811023622047243 0.6410867492850334 0.02283464566929134 0.06768350810295519
0 0.14960629921259844 0.3589132507149666 0.08188976377952756 0.13822688274547187
0 0.9551181102362205 0.5786463298379408 0.05354330708661417 0.03813155386081983
0 0.7094488188976378 0.37225929456625356 0.02204724409448819 0.023832221163012392
0 0.7433070866141732 0.7197330791229742 0.01889763779527559 0.05147759771210677
0 0.11338582677165354 0.7354623450905624 0.06614173228346457 0.04671115347950429
0 0.7047244094488189 0.44184938036224974 0.03464566929133858 0.03908484270734032
0 0.17834645669291338 0.7054337464251668 0.027559055118110236 0.034318398474737846
0 0.9700787401574803 0.3894184938036225 0.011023622047244094 0.016205910390848427
0 0.528740157480315 0.2102001906577693 0.025984251968503937 0.025738798856053385
0 0.9633858267716535 0.25405147759771207 0.014960629921259842 0.03336510962821735
0 0.3893700787401575 0.39132507149666346 0.05275590551181102 0.06768350810295519
0 0.46771653543307085 0.03098188751191611 0.02204724409448819 0.010486177311725452
0 0.4811023622047244 0.440419447092469 0.05984251968503937 0.047664442326024785
0 0.2311023622047244 0.9809342230695901 0.013385826771653543 0.020972354623450904
0 0.6173228346456693 0.22354623450905622 0.023622047244094488 0.042897998093422304
0 0.12322834645669291 0.31649189704480457 0.025984251968503937 0.05719733079122974
0 0.4275590551181102 0.5381315538608198 0.03779527559055118 0.04861773117254528
0 0.7547244094488189 0.6072449952335558 0.0732283464566929 0.05147759771210677
0 0.7940944881889763 0.6367969494756911 0.03228346456692913 0.040038131553860816
