0 0.6046875 0.661923076923077 0.099375 0.10230769230769231
0 0.2046875 0.7188461538461538 0.055625 0.08384615384615385
0 0.7965625000000001 0.08846153846153847 0.035625000000000004 0.09846153846153846
0 0.024375 0.065 0.04875 0.07461538461538461
0 0.3740625 0.7857692307692308 0.07187500000000001 0.07
0 0.378125 0.20923076923076922 0.05375 0.1076923076923077
0 0.33187500000000003 0.6315384615384615 0.03875 0.05076923076923077
0 0.2978125 0.32384615384615384 0.034375 0.03692307692307692
0 0.458125 0.1819230769230769 0.0475 0.09153846153846154
0 0.4459375 0.3342307692307692 0.024375 0.031538461538461536
0 0.451875 0.8369230769230769 0.0425 0.05076923076923077
0 0.27718750000000003 0.7069230769230769 0.033125 0.03538461538461538
0 0.27375 0.7988461538461539 0.03875 0.05307692307692308
0 0.5009375 0.2753846153846154 0.058125 0.07692307692307693
0 0.56 0.8 0.03 0.038461538461538464
0 0.4653125 0.37615384615384617 0.028125 0.03538461538461538
0 0.6209375 0.3269230769230769 0.038125 0.06153846153846154
0 0.6953125 0.7369230769230769 0.039375 0.055384615384615386
0 0.2934375 0.24653846153846154 0.095625 0.10846153846153846
0 0.5553125 0.37846153846153846 0.111875 0.07230769230769231
0 0.79125 0.44076923076923075 0.06875 0.052307692307692305
0 0.4946875 0.7634615384615384 0.056875 0.08538461538461538
0 0.356875 0.4084615384615385 0.0625 0.10461538461538461
0 0.6328125 0.5615384615384615 0.060625 0.08461538461538462
0 0.344375 0.5019230769230769 0.058750000000000004 0.07
0 0.395 0.6046153846153847 0.02625 0.04461538461538461
0 0.385625 0.32269230769230767 0.055 0.054615384615384614
0 0.6753125 0.4276923076923077 0.153125 0.08307692307692308
0 0.383125 0.11961538461538461 0.0225 0.03769230769230769
0 0.179375 0.27307692307692305 0.1375 0.07384615384615384
0 0.3165625 0.11538461538461539 0.051875000000000004 0.038461538461538464
0 0.811875 0.7226923076923077 0.02875 0.05923076923076923
0 0.3478125 0.05153846153846154 0.045625 0.038461538461538464
0 0.258125 0.41307692307692306 0.055 0.09538461538461539
0 0.155 0.016923076923076923 0.0525 0.033846153846153845
0 0.3965625 0.6861538461538461 0.053125 0.07076923076923076
0 0.740625 0.7157692307692307 0.0375 0.040769230769230766
0 0.7040625 0.6323076923076923 0.065625 0.10615384615384615
0 0.424375 0.020384615384615383 0.03375 0.040769230769230766
0 0.4821875 0.03923076923076923 0.029375000000000002 0.04461538461538461
0 0.496875 0.5480769230769231 0.0975 0.14846153846153845
0 0.3690625 0.018076923076923077 0.018125 0.025384615384615384
0 0.2525 0.6723076923076923 0.0375 0.09230769230769231
0 0.75125 0.025 0.0225 0.05
0 0.07875 0.051153846153846154 0.045 0.03307692307692308
0 0.1703125 0.5784615384615385 0.066875 0.043076923076923075
0 0.5025000000000001 0.6496153846153846 0.0225 0.026923076923076925
0 0.4425 0.4673076923076923 0.08625000000000001 0.06384615384615384
0 0.7831250000000001 0.5465384615384615 0.08750000000000001 0.11923076923076924
0 0.2396875 0.345 0.053125 0.05153846153846154
0 0.498125 0.1226923076923077 0.02 0.025384615384615384
0 0.24 0.5873076923076923 0.04125 0.05153846153846154
0 0.0665625 0.8484615384615385 0.063125 0.05076923076923077
0 0.16468750000000001 0.6173076923076923 0.048125 0.04384615384615385
0 0.29 0.4896153846153846 0.0625 0.06692307692307692
0 0.7056250000000001 0.3161538461538462 0.095 0.10461538461538461
0 0.012812500000000001 0.8576923076923076 0.025625000000000002 0.10153846153846154
0 0.6690625 0.7746153846153846 0.021875000000000002 0.03538461538461538
0 0.32406250000000003 0.7369230769230769 0.060625 0.052307692307692305
0 0.9915625 0.04115384615384615 0.015625 0.026923076923076925
0 0.7053125 0.1026923076923077 0.048125 0.06692307692307692
0 0.595625 0.8173076923076923 0.10375000000000001 0.12230769230769231
0 0.333125 0.33384615384615385 0.0175 0.010769230769230769
0 0.1921875 0.035 0.033125 0.03
0 0.46375 0.6915384615384615 0.0175 0.033846153846153845
0 0.1690625 0.6765384615384615 0.019375 0.036153846153846154
0 0.043125000000000004 0.9542307692307692 0.08625000000000001 0.09
0 0.22062500000000002 0.22076923076923077 0.02375 0.026153846153846153
0 0.059375000000000004 0.005384615384615384 0.02625 0.010769230769230769
0 0.7746875 0.9919230769230769 0.018125 0.014615384615384615
0 0.4403125 0.08346153846153846 0.033125 0.026923076923076925
0 0.7925 0.9638461538461538 0.05375 0.07076923076923076
0 0.41000000000000003 0.7469230769230769 0.0125 0.027692307692307693
