0 0.391232423490488 0.35100000000000003 0.09594706368899918 0.098
0 0.7750206782464847 0.276 0.05459057071960298 0.08
0 0.22622001654259719 0.904 0.03556658395368073 0.094
0 0.9718775847808105 0.886 0.04797353184449959 0.07200000000000001
0 0.609181141439206 0.2215 0.07030603804797353 0.067
0 0.6253101736972705 0.768 0.05293631100082713 0.10400000000000001
0 0.6555004135649297 0.3655 0.03887510339123242 0.049
0 0.6993382961124897 0.655 0.03391232423490488 0.036000000000000004
0 0.5492142266335814 0.798 0.04631927212572374 0.088
0 0.5558312655086849 0.6535 0.024813895781637715 0.031
0 0.532671629445823 0.1775 0.0413564929693962 0.049
0 0.7055417700578991 0.2915 0.033085194375516956 0.035
0 0.7055417700578991 0.20400000000000001 0.0380479735318445 0.052000000000000005
0 0.5049627791563276 0.712 0.05707196029776675 0.074
0 0.4292803970223325 0.2175 0.02977667493796526 0.037
0 0.5355665839536807 0.6145 0.02729528535980149 0.035
0 0.3870967741935484 0.669 0.0380479735318445 0.06
0 0.3014888337468983 0.28450000000000003 0.03887510339123242 0.053
0 0.705955334987593 0.728 0.0934656741108354 0.10400000000000001
0 0.44871794871794873 0.617 0.10835401157981803 0.07
0 0.21877584780810588 0.5700000000000001 0.06699751861042183 0.05
0 0.49379652605459057 0.249 0.05624483043837883 0.082
0 0.6393713813068652 0.578 0.06120760959470637 0.1
0 0.36765922249793215 0.4475 0.058726220016542596 0.081
0 0.6480562448304383 0.489 0.05707196029776675 0.068
0 0.5955334987593052 0.3945 0.026468155500413565 0.043000000000000003
0 0.6141439205955335 0.661 0.053763440860215055 0.052000000000000005
0 0.33126550868486354 0.5765 0.1480562448304384 0.079
0 0.6240694789081885 0.8535 0.022332506203473945 0.037
0 0.815136476426799 0.6975 0.13316790736145576 0.07100000000000001
0 0.6881720430107527 0.8535 0.05128205128205128 0.037
0 0.18941273779983459 0.304 0.028122415219189414 0.058
0 0.6600496277915633 0.916 0.04466501240694789 0.038
0 0.7340777502067825 0.5685 0.053763440860215055 0.091
0 0.847394540942928 0.9385 0.052109181141439205 0.033
0 0.5909842845326716 0.317 0.052109181141439205 0.068
0 0.2584780810587262 0.307 0.03722084367245657 0.04
0 0.29652605459057074 0.384 0.06368899917287014 0.10200000000000001
0 0.587262200165426 0.9490000000000001 0.033085194375516956 0.04
0 0.5310173697270472 0.9345 0.02977667493796526 0.043000000000000003
0 0.49917287014061207 0.453 0.09511993382961124 0.14200000000000002
0 0.6410256410256411 0.9485 0.018196856906534324 0.025
0 0.7307692307692307 0.323 0.03722084367245657 0.088
0 0.272125723738627 0.962 0.02315963606286187 0.048
0 0.9197684036393714 0.902 0.04466501240694789 0.032
0 0.8134822167080231 0.40750000000000003 0.065343258891646 0.041
0 0.49007444168734493 0.357 0.022332506203473945 0.026000000000000002
0 0.5545905707196029 0.527 0.08354011579818031 0.062
0 0.2229114971050455 0.46900000000000003 0.08519437551695616 0.114
0 0.7543424317617866 0.632 0.05128205128205128 0.05
0 0.5128205128205128 0.8565 0.019851116625310174 0.025
0 0.7456575682382134 0.403 0.04052936311000827 0.05
0 0.9036393713813069 0.1465 0.062034739454094295 0.049
0 0.8172043010752689 0.3705 0.04797353184449959 0.043000000000000003
0 0.7005789909015715 0.498 0.06120760959470637 0.064
0 0.30603804797353185 0.684 0.09263854425144748 0.1
0 0.9553349875930521 0.1345 0.024813895781637715 0.097
0 0.3254755996691481 0.2475 0.022332506203473945 0.035
0 0.6592224979321754 0.2655 0.05955334987593052 0.051000000000000004
0 0.03970223325062035 0.9590000000000001 0.016542597187758478 0.026000000000000002
0 0.31389578163771714 0.886 0.04714640198511166 0.064
0 0.3945409429280397 0.20350000000000001 0.10090984284532671 0.117
0 0.6645988420181969 0.6475 0.017369727047146403 0.011
0 0.8110008271298594 0.9235 0.03225806451612903 0.029
0 0.5260545905707196 0.3155 0.018196856906534324 0.033
0 0.8110008271298594 0.3145 0.01902398676592225 0.035
0 0.9226633581472291 0.045 0.08354011579818031 0.08600000000000001
0 0.7770885028949545 0.749 0.023986765922249794 0.026000000000000002
0 0.9400330851943756 0.9445 0.02564102564102564 0.011
0 0.21588089330024815 0.047 0.018196856906534324 0.014
0 0.5698924731182796 0.8905000000000001 0.033085194375516956 0.027
0 0.19975186104218362 0.075 0.052109181141439205 0.068
0 0.576095947063689 0.2605 0.012406947890818858 0.027
