0 0.3942528735632184 0.3468342644320298 0.09731800766283526 0.09962756052141528
0 0.7827586206896552 0.2774674115456238 0.05440613026819924 0.08193668528864059
0 0.2210727969348659 0.9059590316573557 0.03601532567049809 0.09497206703910614
0 0.9743295019157089 0.9003724394785847 0.04827586206896552 0.07262569832402234
0 0.6160919540229886 0.21927374301675978 0.07049808429118774 0.06797020484171322
0 0.6260536398467433 0.7746741154562383 0.05363984674329502 0.1042830540037244
0 0.6609195402298851 0.3659217877094972 0.03908045977011494 0.05027932960893855
0 0.7015325670498085 0.6610800744878957 0.034482758620689655 0.037243947858473
0 0.5486590038314176 0.8035381750465549 0.04750957854406131 0.0893854748603352
0 0.557088122605364 0.6564245810055865 0.024521072796934867 0.03165735567970205
0 0.539080459770115 0.17271880819366853 0.0421455938697318 0.04934823091247672
0 0.7122605363984674 0.2914338919925512 0.03295019157088123 0.035381750465549346
0 0.7134099616858238 0.20297951582867785 0.03831417624521073 0.0521415270018622
0 0.5045977011494253 0.7150837988826816 0.05747126436781609 0.074487895716946
0 0.43409961685823756 0.2122905027932961 0.029885057471264367 0.037243947858473
0 0.5367816091954023 0.616852886405959 0.02835249042145594 0.03445065176908752
0 0.38659003831417627 0.6699255121042831 0.037547892720306515 0.06052141527001862
0 0.3038314176245211 0.2779329608938547 0.03908045977011494 0.05493482309124767
0 0.7076628352490422 0.7351024208566108 0.09425287356321839 0.10521415270018622
0 0.44942528735632187 0.6182495344506518 0.10957854406130269 0.07076350093109869
0 0.21762452107279695 0.5665735567970205 0.06743295019157089 0.051210428305400374
0 0.4988505747126437 0.24534450651769088 0.05670498084291188 0.08286778398510242
0 0.6421455938697318 0.5814711359404097 0.06130268199233717 0.10148975791433892
0 0.3693486590038314 0.4445996275605214 0.059770114942528735 0.08286778398510242
0 0.6521072796934866 0.49115456238361266 0.05823754789272031 0.06797020484171322
0 0.6 0.39432029795158285 0.026053639846743297 0.043761638733705775
0 0.6157088122605364 0.6652700186219739 0.05440613026819924 0.05307262569832402
0 0.3310344827586207 0.5749534450651769 0.15019157088122606 0.08100558659217877
0 0.6233716475095785 0.861266294227188 0.022222222222222223 0.037243947858473
0 0.8183908045977012 0.7057728119180633 0.13486590038314178 0.07262569832402234
0 0.6885057471264368 0.8626629422718808 0.05134099616858238 0.038175046554934824
0 0.19080459770114944 0.29608938547486036 0.029118773946360154 0.05772811918063315
0 0.6593869731800767 0.9250465549348231 0.04521072796934866 0.038175046554934824
0 0.7383141762452108 0.5735567970204841 0.05440613026819924 0.0931098696461825
0 0.8482758620689655 0.951582867783985 0.052107279693486594 0.0335195530726257
0 0.596551724137931 0.31564245810055863 0.052873563218390804 0.06890130353817504
0 0.26015325670498085 0.30027932960893855 0.037547892720306515 0.04003724394785847
0 0.2980842911877395 0.3789571694599628 0.06436781609195402 0.10242085661080075
0 0.5854406130268199 0.957635009310987 0.033716475095785445 0.04003724394785847
0 0.5287356321839081 0.9418063314711359 0.029118773946360154 0.043761638733705775
0 0.5022988505747127 0.45251396648044695 0.09578544061302682 0.14338919925512103
0 0.6398467432950192 0.9581005586592178 0.01839080459770115 0.0260707635009311
0 0.7375478927203065 0.3240223463687151 0.037547892720306515 0.0893854748603352
0 0.26666666666666666 0.9655493482309124 0.022988505747126436 0.048417132216014895
0 0.9218390804597701 0.9157355679702048 0.044444444444444446 0.032588454376163874
0 0.8199233716475096 0.41154562383612664 0.06590038314176246 0.042830540037243944
0 0.4942528735632184 0.3552141527001862 0.022988505747126436 0.027001862197392923
0 0.557088122605364 0.5283985102420856 0.0842911877394636 0.06238361266294227
0 0.22298850574712645 0.46461824953445063 0.08582375478927204 0.1154562383612663
0 0.7578544061302682 0.638733705772812 0.052107279693486594 0.05027932960893855
0 0.5111111111111112 0.8621973929236499 0.01992337164750958 0.0260707635009311
0 0.7517241379310345 0.40549348230912474 0.041379310344827586 0.051210428305400374
0 0.9145593869731801 0.14757914338919925 0.06206896551724138 0.04934823091247672
0 0.8245210727969349 0.3738361266294227 0.04750957854406131 0.043761638733705775
0 0.7053639846743295 0.5009310986964618 0.06206896551724138 0.06517690875232775
0 0.30421455938697317 0.6834264432029795 0.09348659003831418 0.10242085661080075
0 0.9662835249042145 0.13687150837988826 0.026053639846743297 0.09869646182495344
0 0.3283524904214559 0.24068901303538176 0.022222222222222223 0.03445065176908752
0 0.6659003831417625 0.2644320297951583 0.059770114942528735 0.0521415270018622
0 0.031800766283524906 0.9585661080074488 0.016091954022988506 0.027001862197392923
0 0.3095785440613027 0.8891992551210428 0.04750957854406131 0.06517690875232775
0 0.3988505747126437 0.19692737430167598 0.10191570881226054 0.11824953445065177
0 0.6670498084291188 0.6527001862197392 0.017624521072796936 0.0111731843575419
0 0.8118773946360154 0.9357541899441341 0.03295019157088123 0.0297951582867784
0 0.5306513409961686 0.3128491620111732 0.017624521072796936 0.0335195530726257
0 0.8183908045977012 0.3165735567970205 0.01992337164750958 0.035381750465549346
0 0.9344827586206896 0.0446927374301676 0.08505747126436781 0.08752327746741155
0 0.7796934865900383 0.7579143389199255 0.023754789272030653 0.0260707635009311
0 0.9417624521072797 0.9590316573556797 0.026053639846743297 0.0111731843575419
0 0.21992337164750958 0.035381750465549346 0.01839080459770115 0.0148975791433892
0 0.5685823754789272 0.8980446927374302 0.033716475095785445 0.027001862197392923
0 0.20344827586206898 0.0633147113594041 0.052873563218390804 0.06890130353817504
0 0.581992337164751 0.2579143389199255 0.013026819923371648 0.027932960893854747
