0 0.5959480122324159 0.3385753931544866 0.09709480122324159 0.09805735430157263
0 0.20718654434250763 0.3038852913968548 0.05504587155963303 0.08048103607770583
0 0.8000764525993884 0.8751156336725254 0.035932721712538224 0.09435707678075857
0 0.05389908256880734 0.9343200740055505 0.0481651376146789 0.07215541165587419
0 0.3685015290519878 0.23172987974098058 0.07033639143730887 0.06753006475485662
0 0.39105504587155965 0.7802960222016652 0.052752293577981654 0.1026827012025902
0 0.33295107033639143 0.38066604995374653 0.0389908256880734 0.049028677150786314
0 0.3100152905198777 0.6748381128584644 0.034403669724770644 0.036077705827937095
0 0.46980122324159024 0.8024976873265496 0.046636085626911315 0.08788159111933395
0 0.4525993883792049 0.6581868640148011 0.024464831804281346 0.030527289546716005
0 0.4422782874617737 0.17992599444958374 0.04204892966360856 0.049028677150786314
0 0.2779051987767584 0.31174838112858466 0.03287461773700306 0.03515263644773358
0 0.2714067278287462 0.22479185938945423 0.0382262996941896 0.05180388529139686
0 0.5080275229357798 0.7113783533765032 0.05733944954128441 0.07400555041628122
0 0.5485474006116208 0.20952821461609622 0.02981651376146789 0.037927844588344126
0 0.4701834862385321 0.6174838112858465 0.027522935779816515 0.034227567067530065
0 0.6227064220183486 0.6567992599444958 0.03746177370030581 0.05920444033302498
0 0.6811926605504587 0.26364477335800185 0.0382262996941896 0.05365402405180389
0 0.3081039755351682 0.7488436632747456 0.09327217125382263 0.10453283996299723
0 0.5573394495412844 0.6110083256244219 0.10856269113149847 0.06938020351526365
0 0.7836391437308868 0.540240518038853 0.0672782874617737 0.04995374653098983
0 0.48623853211009177 0.24745605920444033 0.05504587155963303 0.08233117483811286
0 0.3646788990825688 0.5920444033302498 0.06116207951070336 0.09990749306197966
0 0.6261467889908257 0.43293246993524515 0.05963302752293578 0.08140610545790934
0 0.3490061162079511 0.503700277520814 0.05733944954128441 0.06753006475485662
0 0.3948776758409786 0.40379278445883443 0.026758409785932722 0.043478260869565216
0 0.3948776758409786 0.6720629047178539 0.054281345565749234 0.052728954671600374
0 0.6716360856269113 0.5582793709528215 0.14908256880733944 0.08048103607770583
0 0.39908256880733944 0.8654024051803886 0.022935779816513763 0.036077705827937095
0 0.19686544342507645 0.7294172062904718 0.13379204892966362 0.07123034227567068
0 0.3348623853211009 0.8728029602220166 0.05045871559633028 0.037927844588344126
0 0.7943425076452599 0.27104532839962997 0.0290519877675841 0.05735430157261795
0 0.3669724770642202 0.9320074005550417 0.04434250764525994 0.037927844588344126
0 0.2687308868501529 0.5925069380203516 0.054281345565749234 0.09158186864014801
0 0.18157492354740062 0.9740980573543017 0.05122324159021407 0.03330249768732655
0 0.3937308868501529 0.32562442183163737 0.05198776758409786 0.06845513413506013
0 0.7255351681957186 0.2807585568917669 0.03669724770642202 0.039777983348751156
0 0.6930428134556575 0.362627197039778 0.06498470948012232 0.10175763182238669
0 0.4418960244648318 0.9579093432007401 0.03363914373088685 0.039777983348751156
0 0.49770642201834864 0.937095282146161 0.0290519877675841 0.0425531914893617
0 0.4954128440366973 0.452358926919519 0.09480122324159021 0.14246068455134137
0 0.38837920489296635 0.9625346901017576 0.01834862385321101 0.024976873265494914
0 0.25496941896024466 0.3459759481961147 0.03746177370030581 0.08880666049953748
0 0.7584097859327217 0.9375578168362627 0.022935779816513763 0.049028677150786314
0 0.10703363914373089 0.9449583718778909 0.04434250764525994 0.032377428307123035
0 0.17813455657492355 0.438945420906568 0.06574923547400612 0.041628122109158186
0 0.49732415902140675 0.3556891766882516 0.02217125382262997 0.026827012025901945
0 0.44533639143730885 0.5319148936170213 0.08486238532110092 0.06105457909343201
0 0.77217125382263 0.44033302497687327 0.0856269113149847 0.1147086031452359
0 0.2530581039755352 0.6577243293246994 0.05198776758409786 0.04995374653098983
0 0.5103211009174312 0.857076780758557 0.020642201834862386 0.024976873265494914
0 0.24541284403669725 0.4273820536540241 0.04128440366972477 0.04995374653098983
0 0.06918960244648319 0.18732654949121186 0.06192660550458716 0.049028677150786314
0 0.17163608562691132 0.4024051803885292 0.046636085626911315 0.0425531914893617
0 0.29701834862385323 0.5180388529139686 0.06192660550458716 0.06475485661424607
0 0.7045107033639144 0.6628122109158188 0.09250764525993883 0.10083256244218317
0 0.016819571865443424 0.18085106382978725 0.02599388379204893 0.0971322849213691
0 0.6548165137614679 0.2284921369102683 0.02217125382262997 0.03515263644773358
0 0.32186544342507645 0.2807585568917669 0.05963302752293578 0.050878815911193344
0 0.9904434250764526 0.9107308048103608 0.016055045871559634 0.026827012025901945
0 0.7110091743119266 0.8658649398704903 0.047400611620795105 0.06475485661424607
0 0.5821865443425076 0.19148936170212766 0.10168195718654434 0.11655874190564293
0 0.34365443425076453 0.664199814986124 0.017584097859327217 0.011100832562442185
0 0.21674311926605505 0.9546716003700279 0.03287461773700306 0.02960222016651249
0 0.4583333333333333 0.31729879740980577 0.017584097859327217 0.03330249768732655
0 0.17392966360856268 0.3459759481961147 0.0191131498470948 0.03515263644773358
0 0.04319571865443425 0.08788159111933395 0.08486238532110092 0.08695652173913043
0 0.23853211009174313 0.7770582793709528 0.024464831804281346 0.02590194264569843
0 0.08944954128440367 0.9898242368177613 0.02599388379204893 0.011100832562442185
0 0.75 0.016651248843663275 0.01834862385321101 0.014801110083256245
0 0.4552752293577982 0.8968547641073081 0.03287461773700306 0.026827012025901945
0 0.7679663608562691 0.0425531914893617 0.052752293577981654 0.06845513413506013
0 0.4048165137614679 0.26734505087881594 0.012996941896024464 0.02775208140610546
