0 0.3946875 0.33692307692307694 0.099375 0.10153846153846154
0 0.795 0.2803846153846154 0.05625 0.08384615384615385
0 0.203125 0.9103846153846153 0.035 0.09769230769230769
0 0.9756250000000001 0.9338461538461539 0.04875 0.07538461538461538
0 0.6259375 0.21307692307692308 0.07187500000000001 0.07076923076923076
0 0.6215625 0.7892307692307692 0.054375 0.1076923076923077
0 0.668125 0.36730769230769234 0.03875 0.05153846153846154
0 0.7021875 0.675 0.034375 0.03769230769230769
0 0.5415625000000001 0.816923076923077 0.048125 0.09230769230769231
0 0.55375 0.6646153846153846 0.02375 0.03076923076923077
0 0.5478125 0.16192307692307692 0.043125000000000004 0.05153846153846154
0 0.7225 0.2919230769230769 0.0325 0.036153846153846154
0 0.725625 0.20038461538461538 0.03875 0.05307692307692308
0 0.49875 0.7238461538461538 0.0575 0.07692307692307693
0 0.4396875 0.19923076923076924 0.029375000000000002 0.038461538461538464
0 0.534375 0.6226923076923077 0.02875 0.036153846153846154
0 0.37875000000000003 0.6715384615384615 0.0375 0.06153846153846154
0 0.304375 0.2619230769230769 0.03875 0.054615384615384614
0 0.7059375 0.7523076923076923 0.095625 0.10923076923076923
0 0.4446875 0.6203846153846154 0.111875 0.07153846153846154
0 0.2084375 0.558076923076923 0.069375 0.05307692307692308
0 0.505 0.23576923076923076 0.05625 0.08538461538461538
0 0.6425 0.5903846153846154 0.0625 0.10384615384615385
0 0.366875 0.4369230769230769 0.06 0.08461538461538462
0 0.6553125 0.49653846153846154 0.059375000000000004 0.07
0 0.604375 0.39384615384615385 0.02625 0.04461538461538461
0 0.61375 0.6765384615384615 0.055 0.054615384615384614
0 0.3246875 0.5711538461538461 0.153125 0.08384615384615385
0 0.6168750000000001 0.8788461538461538 0.0225 0.03769230769230769
0 0.8203125 0.7253846153846154 0.138125 0.07384615384615384
0 0.6828125 0.8834615384615384 0.051875000000000004 0.03923076923076923
0 0.1875 0.27576923076923077 0.02875 0.05923076923076923
0 0.6521875 0.9473076923076923 0.045625 0.03769230769230769
0 0.74125 0.5861538461538461 0.055 0.09538461538461539
0 0.8446875 0.9815384615384616 0.053125 0.033846153846153845
0 0.603125 0.3130769230769231 0.0525 0.07076923076923076
0 0.25906250000000003 0.28307692307692306 0.036875 0.04
0 0.2959375 0.36615384615384616 0.065625 0.10615384615384615
0 0.575625 0.9780769230769231 0.03375 0.040769230769230766
0 0.5175 0.9592307692307692 0.02875 0.04461538461538461
0 0.5028125 0.45076923076923076 0.096875 0.14769230769230768
0 0.6303125 0.9807692307692307 0.018125 0.026153846153846153
0 0.7468750000000001 0.3261538461538461 0.0375 0.09230769230769231
0 0.2484375 0.9738461538461538 0.021875000000000002 0.04923076923076923
0 0.9209375 0.948076923076923 0.045625 0.03307692307692308
0 0.829375 0.42038461538461536 0.06625 0.04230769230769231
0 0.496875 0.34923076923076923 0.0225 0.027692307692307693
0 0.5575 0.5319230769230769 0.08625000000000001 0.06384615384615384
0 0.216875 0.45269230769230767 0.08750000000000001 0.11923076923076924
0 0.7596875000000001 0.6542307692307693 0.053125 0.05153846153846154
0 0.5015625 0.8765384615384615 0.020625 0.025384615384615384
0 0.7596875000000001 0.41192307692307695 0.041875 0.05153846153846154
0 0.9328125 0.1503846153846154 0.063125 0.05153846153846154
0 0.8353125 0.38153846153846155 0.048125 0.043076923076923075
0 0.71 0.5096153846153846 0.0625 0.06692307692307692
0 0.2940625 0.683076923076923 0.095625 0.10461538461538461
0 0.9871875 0.14153846153846153 0.025625000000000002 0.10153846153846154
0 0.330625 0.2246153846153846 0.0225 0.03538461538461538
0 0.675625 0.26153846153846155 0.06125 0.052307692307692305
0 0.0084375 0.9576923076923077 0.015625 0.027692307692307693
0 0.294375 0.8965384615384615 0.04875 0.06692307692307692
0 0.404375 0.18153846153846154 0.10375000000000001 0.12153846153846154
0 0.6665625000000001 0.665 0.016875 0.01
0 0.8078125 0.9638461538461538 0.033125 0.02923076923076923
0 0.5359375000000001 0.3073076923076923 0.016875 0.03461538461538462
0 0.8309375 0.3223076923076923 0.019375 0.03692307692307692
0 0.956875 0.045 0.08625000000000001 0.09
0 0.7790625 0.7780769230769231 0.024375 0.026923076923076925
0 0.9403125 0.9934615384615385 0.025625000000000002 0.01
0 0.2253125 0.007307692307692308 0.018125 0.014615384615384615
0 0.5593750000000001 0.915 0.0325 0.026923076923076925
0 0.20750000000000002 0.035 0.05375 0.07
0 0.5896875 0.2519230769230769 0.011875 0.026923076923076925
