0 0.3947151114781172 0.34125379170879677 0.0990916597853014 0.10212335692618807
0 0.7902559867877786 0.27906976744186046 0.05615194054500412 0.08291203235591507
0 0.21056977704376548 0.9084934277047523 0.03633360858794385 0.09807886754297271
0 0.9752270850536746 0.9206268958543984 0.0495458298926507 0.07381193124368049
0 0.6222130470685384 0.21587462082912035 0.07184145334434351 0.06976744186046512
0 0.6234516928158547 0.7836198179979778 0.05450041288191577 0.10717896865520729
0 0.6651527663088357 0.36703741152679475 0.03881090008257638 0.05055611729019212
0 0.7018992568125516 0.6698685540950455 0.03468208092485549 0.03741152679474217
0 0.5445912469033856 0.8119312436804854 0.04706853839801817 0.0910010111223458
0 0.5549132947976878 0.6612740141557129 0.02477291494632535 0.032355915065722954
0 0.5441783649876135 0.16632962588473205 0.04293971924029727 0.05156723963599596
0 0.7188274153592072 0.29221435793731043 0.033856317093311314 0.03640040444893832
0 0.7213047068538397 0.20171890798786654 0.03881090008257638 0.053589484327603645
0 0.5012386457473162 0.7199191102123357 0.057803468208092484 0.07684529828109202
0 0.4380677126341866 0.20424671385237614 0.030553261767134597 0.03842264914054601
0 0.5355078447563997 0.6208291203235592 0.028901734104046242 0.03640040444893832
0 0.3819157720891825 0.6713852376137512 0.03881090008257638 0.06066734074823054
0 0.30429397192402974 0.2684529828109201 0.04046242774566474 0.055611729019211326
0 0.7068538398018166 0.7457027300303337 0.09578860445912468 0.10819009100101112
0 0.4463253509496284 0.6198179979777554 0.11147811725846407 0.07280080889787664
0 0.21222130470685382 0.5621840242669364 0.06936416184971098 0.0525783619817998
0 0.5024772914946325 0.23963599595551063 0.056977704376548303 0.08493427704752275
0 0.6424442609413707 0.5869565217391305 0.06275805119735756 0.10414560161779576
0 0.36787778695293144 0.4403437815975733 0.06028075970272502 0.0839231547017189
0 0.6540049545829892 0.4949443882709808 0.05945499587118084 0.06976744186046512
0 0.6028075970272502 0.3943377148634985 0.026424442609413706 0.04448938321536906
0 0.6147811725846407 0.6723963599595552 0.05532617671345995 0.054600606673407485
0 0.3270024772914946 0.5733063700707786 0.15194054500412882 0.08291203235591507
0 0.6193228736581338 0.872093023255814 0.023121387283236993 0.03741152679474217
0 0.8199834847233691 0.71840242669363 0.1370767960363336 0.07381193124368049
0 0.685383980181668 0.8751263902932255 0.05284888521882741 0.03943377148634985
0 0.18909991742361684 0.2841253791708797 0.02972749793559042 0.05864509605662285
0 0.6548307184145334 0.9388270980788676 0.046242774566473986 0.03943377148634985
0 0.7402972749793558 0.5813953488372093 0.05532617671345995 0.09504550050556118
0 0.8464079273327828 0.9696663296258847 0.05284888521882741 0.03437815975733064
0 0.6007431874483897 0.314459049544995 0.053674649050371594 0.07077856420626896
0 0.25970272502064407 0.29019211324570277 0.037159372419488024 0.04044489383215369
0 0.29644921552436004 0.37158746208291205 0.06606110652353427 0.10616784630940344
0 0.5796862097440132 0.9701718907987867 0.03468208092485549 0.041456016177957536
0 0.5218827415359207 0.9529828109201214 0.02972749793559042 0.0455005055611729
0 0.5028901734104047 0.4519716885743175 0.09744013212221304 0.14762386248736098
0 0.634599504541701 0.9716885743174924 0.018992568125516102 0.0262891809908999
0 0.7431874483897605 0.32608695652173914 0.037985136251032205 0.09201213346814965
0 0.25598678777869527 0.9706774519716886 0.023121387283236993 0.05055611729019212
0 0.9211395540875309 0.9347826086956522 0.045417010734929805 0.033367037411526794
0 0.8257638315441783 0.41708796764408496 0.06771263418662263 0.043478260869565216
0 0.49628406275805115 0.3513650151668352 0.023121387283236993 0.027300303336703743
0 0.5573905862923204 0.5303336703741153 0.08587943848059454 0.06370070778564206
0 0.21924029727497935 0.4575328614762386 0.08670520231213873 0.11830131445904955
0 0.759289843104872 0.647623862487361 0.053674649050371594 0.05156723963599596
0 0.5057803468208092 0.8705763397371082 0.020644095788604457 0.0262891809908999
0 0.7568125516102394 0.40899898887765423 0.042113955408753095 0.05156723963599596
0 0.926094137076796 0.14964610717896867 0.06358381502890173 0.05055611729019212
0 0.8311312964492155 0.37866531850353896 0.04872006606110652 0.043478260869565216
0 0.708092485549133 0.506572295247725 0.061932287365813375 0.06673407482305359
0 0.29851362510322044 0.6830131445904954 0.09496284062758051 0.10414560161779576
0 0.9789430222956234 0.13953488372093023 0.02559867877786953 0.10111223458038424
0 0.3298926507018992 0.23104145601617795 0.022295623451692816 0.03538928210313448
0 0.6721717588769611 0.262891809908999 0.061106523534269194 0.0525783619817998
0 0.017753922378199834 0.9580384226491406 0.01568951279933939 0.027300303336703743
0 0.3005780346820809 0.8938321536905967 0.04789430222956234 0.06673407482305359
0 0.40214698596201487 0.18806875631951467 0.10404624277456646 0.12133468149646108
0 0.6672171758876961 0.660262891809909 0.018166804293971925 0.012133468149646108
0 0.8092485549132947 0.9524772497472195 0.03303055326176713 0.03033367037411527
0 0.5342691990090834 0.30940343781597573 0.018166804293971925 0.03437815975733064
0 0.8257638315441783 0.32052578361981804 0.01981833195706028 0.03640040444893832
0 0.9479768786127167 0.04499494438827098 0.08587943848059454 0.08998988877654196
0 0.7795210569777044 0.7699696663296259 0.02477291494632535 0.027300303336703743
0 0.9409578860445912 0.9797775530839232 0.027250206440957884 0.012133468149646108
0 0.22336911643270024 0.018705763397371084 0.018992568125516102 0.015166835187057635
0 0.5631709331131296 0.9084934277047523 0.03303055326176713 0.027300303336703743
0 0.20602807597027248 0.046511627906976744 0.053674649050371594 0.07077856420626896
0 0.5871180842279108 0.25480283114256824 0.013212221304706853 0.028311425682507586
