0 0.58719646799117 0.34268185801928136 0.094186902133922 0.09290096406660824
0 0.2097130242825607 0.32865907099035935 0.052980132450331126 0.07712532865907099
0 0.8035320088300221 0.843558282208589 0.03384841795437822 0.09027169149868537
0 0.08278145695364239 0.9377738825591586 0.046357615894039736 0.06836108676599474
0 0.3635025754231052 0.252410166520596 0.06769683590875644 0.06485539000876424
0 0.40434142752023544 0.7738825591586328 0.05077262693156733 0.09815950920245399
0 0.3340691685062546 0.39570552147239263 0.03679175864606328 0.04645048203330412
0 0.32192788815305373 0.6779141104294478 0.033112582781456956 0.03418054338299737
0 0.4808682855040471 0.7909728308501315 0.044885945548197206 0.08326029798422437
0 0.459896983075791 0.654250657318142 0.0235467255334805 0.028921998247151623
0 0.43303899926416484 0.19851007887817704 0.04047093451066961 0.04645048203330412
0 0.2777777777777778 0.33260297984224363 0.03164091243561442 0.03242769500438212
0 0.2689477557027226 0.2497808939526731 0.037527593818984545 0.049079754601226995
0 0.515084621044886 0.7020157756354075 0.054451802796173655 0.07011393514460999
0 0.5367917586460633 0.2217353198948291 0.02869757174392936 0.035056967572304996
0 0.4753495217071376 0.6143733567046451 0.026490066225165563 0.033304119193689745
0 0.6239882266372333 0.6441717791411044 0.03679175864606328 0.056091148115687994
0 0.6670345842531273 0.26643295354951796 0.037527593818984545 0.05083260297984225
0 0.32303164091243564 0.7480280455740579 0.08977189109639441 0.09903593339176162
0 0.5596026490066225 0.6038562664329535 0.10522442972774099 0.06660823838737949
0 0.7759381898454746 0.5254163014899211 0.06548933038999265 0.04820333041191937
0 0.47792494481236203 0.2607361963190184 0.05371596762325239 0.07800175284837861
0 0.37159676232523914 0.5955302366345311 0.05886681383370125 0.09553023663453111
0 0.6203090507726269 0.43076248904469766 0.05739514348785872 0.07800175284837861
0 0.3539367181751288 0.5122699386503068 0.05592347314201619 0.06397896581945661
0 0.394775570272259 0.41411042944785276 0.025754231052244298 0.04119193689745837
0 0.40434142752023544 0.670464504820333 0.05224429727740986 0.05083260297984225
0 0.6681383370125092 0.5482033304119194 0.14422369389256806 0.07624890446976337
0 0.41501103752759383 0.8545135845749343 0.02207505518763797 0.035056967572304996
0 0.21449595290654894 0.7348816827344435 0.1287711552612215 0.06748466257668712
0 0.3528329654157469 0.864592462751972 0.049300956585724795 0.03593339176161262
0 0.7770419426048565 0.26818580192813324 0.027961736571008096 0.05433829973707274
0 0.38631346578366443 0.9193689745836985 0.042678440029433405 0.035056967572304996
0 0.2792494481236203 0.6003505696757231 0.05224429727740986 0.0876424189307625
0 0.20824135393671817 0.9684487291849255 0.05003679175864606 0.0315512708150745
0 0.3910963944076527 0.34005258545135847 0.05077262693156733 0.06485539000876424
0 0.7108167770419426 0.2808939526730938 0.03532008830022075 0.037686240140227874
0 0.6821192052980133 0.35977212971078004 0.06181015452538631 0.09728308501314636
0 0.459896983075791 0.9399649430324277 0.03237674760853569 0.037686240140227874
0 0.5128771155261221 0.9180543382997371 0.027961736571008096 0.04119193689745837
0 0.49374540103016923 0.45574057843996496 0.09124356144223694 0.13496932515337423
0 0.4083885209713024 0.9478527607361963 0.017660044150110375 0.02366345311130587
0 0.2571743929359823 0.3663453111305872 0.036055923473142015 0.08413672217353199
0 0.7652685798381162 0.9053461875547766 0.02207505518763797 0.0455740578439965
0 0.1346578366445916 0.9452234881682735 0.042678440029433405 0.03067484662576687
0 0.1861662987490802 0.45924627519719546 0.06328182487122884 0.040315512708150744
0 0.4922737306843267 0.36327782646801055 0.02207505518763797 0.025416301489921123
0 0.4481236203090508 0.5341805433829974 0.08094186902133922 0.05872042068361087
0 0.7615894039735099 0.4303242769500438 0.08241353936718175 0.10867659947414549
0 0.26637233259749815 0.6638913234005259 0.05003679175864606 0.04820333041191937
0 0.5224429727740986 0.8409290096406661 0.019131714495952905 0.02366345311130587
0 0.2509197939661516 0.44434706397896584 0.039735099337748346 0.04732690622261174
0 0.0717439293598234 0.22480280455740578 0.059602649006622516 0.04645048203330412
0 0.17880794701986755 0.42462751971954427 0.04562178072111847 0.04119193689745837
0 0.3038999264164827 0.5284837861524978 0.05886681383370125 0.06134969325153374
0 0.7038263428991905 0.6463628396143734 0.08903605592347315 0.09553023663453111
0 0.02097130242825607 0.22129710780017528 0.024282560706401765 0.09202453987730061
0 0.6401766004415012 0.23444347063978965 0.020603384841795438 0.03242769500438212
0 0.3200883002207506 0.30105170902716916 0.05739514348785872 0.04820333041191937
0 0.9893303899926417 0.8680981595092024 0.015452538631346577 0.025416301489921123
0 0.717439293598234 0.8391761612620509 0.04562178072111847 0.06222611744084137
0 0.5684326710816777 0.20289219982471518 0.09786607799852833 0.11130587204206836
0 0.3543046357615894 0.6652059596844873 0.01692420897718911 0.010517090271691499
0 0.24172185430463577 0.9491673970201577 0.03164091243561442 0.028045574057843997
0 0.45364238410596025 0.3290972830850132 0.01692420897718911 0.03067484662576687
0 0.17880794701986755 0.37072743207712533 0.019131714495952905 0.033304119193689745
0 0.04304635761589404 0.13146362839614373 0.08167770419426049 0.08238387379491674
0 0.25643855776306107 0.7782646801051709 0.022810890360559236 0.024539877300613498
0 0.11957321559970567 0.9886064855390009 0.025754231052244298 0.010517090271691499
0 0.7247976453274466 0.028045574057843997 0.017660044150110375 0.014022787028921999
0 0.47056659308314935 0.8816827344434707 0.03164091243561442 0.024539877300613498
0 0.7435614422369389 0.05170902716914987 0.05077262693156733 0.06485539000876424
0 0.3999264164827079 0.2839614373356705 0.012509197939661515 0.026292725679228746
