0 0.6046875 0.33692307692307694 0.099375 0.10153846153846154
0 0.204375 0.2803846153846154 0.05625 0.08384615384615385
0 0.79625 0.9103846153846153 0.035 0.09769230769230769
0 0.0240625 0.9338461538461539 0.048125 0.07538461538461538
0 0.37343750000000003 0.21307692307692308 0.07187500000000001 0.07076923076923076
0 0.3778125 0.7892307692307692 0.054375 0.1076923076923077
0 0.3315625 0.36730769230769234 0.038125 0.05153846153846154
0 0.2971875 0.675 0.034375 0.03769230769230769
0 0.4578125 0.816923076923077 0.048125 0.09230769230769231
0 0.445625 0.6646153846153846 0.02375 0.03076923076923077
0 0.45156250000000003 0.16192307692307692 0.043125000000000004 0.05153846153846154
0 0.276875 0.2919230769230769 0.0325 0.036153846153846154
0 0.27375 0.20038461538461538 0.03875 0.05307692307692308
0 0.500625 0.7238461538461538 0.0575 0.07692307692307693
0 0.5596875 0.19923076923076924 0.029375000000000002 0.038461538461538464
0 0.465 0.6226923076923077 0.02875 0.036153846153846154
0 0.620625 0.6715384615384615 0.0375 0.06153846153846154
0 0.6950000000000001 0.2619230769230769 0.03875 0.054615384615384614
0 0.2934375 0.7523076923076923 0.095625 0.10923076923076923
0 0.5546875 0.6203846153846154 0.111875 0.07153846153846154
0 0.7909375000000001 0.558076923076923 0.069375 0.05307692307692308
0 0.494375 0.23576923076923076 0.05625 0.08538461538461538
0 0.356875 0.5903846153846154 0.0625 0.10384615384615385
0 0.6325000000000001 0.4369230769230769 0.06 0.08461538461538462
0 0.3440625 0.49653846153846154 0.059375000000000004 0.07
0 0.395 0.39384615384615385 0.02625 0.04461538461538461
0 0.385625 0.6765384615384615 0.055 0.054615384615384614
0 0.6746875 0.5711538461538461 0.153125 0.08384615384615385
0 0.3825 0.8788461538461538 0.0225 0.03769230769230769
0 0.1790625 0.7253846153846154 0.138125 0.07384615384615384
0 0.3165625 0.8834615384615384 0.051875000000000004 0.03923076923076923
0 0.811875 0.27576923076923077 0.02875 0.05923076923076923
0 0.3471875 0.9473076923076923 0.045625 0.03769230769230769
0 0.258125 0.5861538461538461 0.055 0.09538461538461539
0 0.1546875 0.9815384615384616 0.053125 0.033846153846153845
0 0.39625 0.3130769230769231 0.0525 0.07076923076923076
0 0.7403125 0.28307692307692306 0.036875 0.04
0 0.7034375 0.36615384615384616 0.065625 0.10615384615384615
0 0.42375 0.9780769230769231 0.03375 0.040769230769230766
0 0.481875 0.9592307692307692 0.02875 0.04461538461538461
0 0.4965625 0.45076923076923076 0.096875 0.14769230769230768
0 0.3690625 0.9807692307692307 0.018125 0.026153846153846153
0 0.2525 0.3261538461538461 0.0375 0.09230769230769231
0 0.7509375 0.9738461538461538 0.021875000000000002 0.04923076923076923
0 0.07843750000000001 0.948076923076923 0.045625 0.03307692307692308
0 0.17 0.42038461538461536 0.06625 0.04230769230769231
0 0.5025000000000001 0.34923076923076923 0.0225 0.027692307692307693
0 0.441875 0.5319230769230769 0.08625000000000001 0.06384615384615384
0 0.7825 0.45269230769230767 0.08750000000000001 0.11923076923076924
0 0.2396875 0.6542307692307693 0.053125 0.05153846153846154
0 0.4978125 0.8765384615384615 0.020625 0.025384615384615384
0 0.2396875 0.41192307692307695 0.041875 0.05153846153846154
0 0.0665625 0.1503846153846154 0.063125 0.05153846153846154
0 0.164375 0.38153846153846155 0.0475 0.043076923076923075
0 0.289375 0.5096153846153846 0.0625 0.06692307692307692
0 0.7053125 0.683076923076923 0.095625 0.10461538461538461
0 0.0125 0.14153846153846153 0.025 0.10153846153846154
0 0.6687500000000001 0.2246153846153846 0.0225 0.03538461538461538
0 0.32375 0.26153846153846155 0.06125 0.052307692307692305
0 0.9909375 0.9576923076923077 0.015625 0.027692307692307693
0 0.705 0.8965384615384615 0.04875 0.06692307692307692
0 0.595 0.18153846153846154 0.10375000000000001 0.12153846153846154
0 0.3328125 0.665 0.016875 0.01
0 0.1915625 0.9638461538461538 0.033125 0.02923076923076923
0 0.4634375 0.3073076923076923 0.016875 0.03461538461538462
0 0.1684375 0.3223076923076923 0.019375 0.03692307692307692
0 0.0428125 0.045 0.085625 0.09
0 0.2203125 0.7780769230769231 0.024375 0.026923076923076925
0 0.059062500000000004 0.9934615384615385 0.025625000000000002 0.01
0 0.774375 0.007307692307692308 0.0175 0.014615384615384615
0 0.44 0.915 0.0325 0.026923076923076925
0 0.7921875 0.035 0.053125 0.07
0 0.4096875 0.2519230769230769 0.011875 0.026923076923076925
