0 0.6025751072961373 0.3373684210526316 0.09957081545064377 0.10210526315789474
0 0.20515021459227467 0.28526315789473683 0.056652360515021455 0.08421052631578947
0 0.7969957081545064 0.9036842105263158 0.03690987124463519 0.09789473684210526
0 0.030042918454935622 0.9342105263157895 0.04978540772532188 0.07473684210526316
0 0.3729613733905579 0.21736842105263157 0.07296137339055793 0.07052631578947369
0 0.3806866952789699 0.7878947368421052 0.05407725321888412 0.10842105263157895
0 0.3321888412017167 0.37 0.03948497854077253 0.05157894736842105
0 0.3 0.6752631578947368 0.0351931330472103 0.03684210526315789
0 0.4600858369098712 0.8142105263157895 0.04806866952789699 0.09157894736842105
0 0.4472103004291845 0.6636842105263158 0.02575107296137339 0.03263157894736842
0 0.4497854077253219 0.16578947368421051 0.04291845493562232 0.05157894736842105
0 0.27725321888412013 0.29578947368421055 0.034334763948497854 0.035789473684210524
0 0.2729613733905579 0.20473684210526316 0.03948497854077253 0.053684210526315786
0 0.502145922746781 0.721578947368421 0.058369098712446346 0.07684210526315789
0 0.5579399141630901 0.20157894736842105 0.030901287553648068 0.03894736842105263
0 0.4660944206008583 0.6221052631578947 0.029184549356223173 0.035789473684210524
0 0.6210300429184549 0.6689473684210526 0.03862660944206008 0.06210526315789473
0 0.6922746781115879 0.26263157894736844 0.040343347639484974 0.05578947368421053
0 0.296137339055794 0.7521052631578947 0.09613733905579398 0.10842105263157895
0 0.555793991416309 0.618421052631579 0.11244635193133047 0.07263157894736842
0 0.7896995708154506 0.5547368421052632 0.06866952789699571 0.05263157894736842
0 0.4931330472103004 0.23842105263157895 0.0575107296137339 0.08526315789473685
0 0.3583690987124463 0.5910526315789474 0.06266094420600858 0.10421052631578948
0 0.6313304721030043 0.43684210526315786 0.06094420600858369 0.08421052631578947
0 0.34549356223175964 0.49842105263157893 0.05922746781115879 0.07052631578947369
0 0.3948497854077253 0.3963157894736842 0.027467811158798282 0.04526315789473684
0 0.3875536480686695 0.6757894736842105 0.05579399141630901 0.05473684210526315
0 0.6746781115879827 0.5689473684210526 0.15278969957081545 0.0831578947368421
0 0.38583690987124464 0.8768421052631579 0.02317596566523605 0.03789473684210526
0 0.18283261802575107 0.7263157894736842 0.13733905579399142 0.07368421052631578
0 0.31974248927038623 0.881578947368421 0.05236051502145923 0.03894736842105263
0 0.8085836909871245 0.2752631578947368 0.029184549356223173 0.06
0 0.35150214592274676 0.9447368421052631 0.045493562231759654 0.03894736842105263
0 0.26008583690987125 0.5868421052631578 0.054935622317596564 0.09578947368421052
0 0.16008583690987124 0.9805263157894737 0.05236051502145923 0.034736842105263156
0 0.39613733905579396 0.3157894736842105 0.05407725321888412 0.07157894736842105
0 0.7377682403433476 0.2831578947368421 0.03862660944206008 0.042105263157894736
0 0.7017167381974249 0.3657894736842105 0.06609442060085836 0.10631578947368421
0 0.4274678111587983 0.9742105263157894 0.034334763948497854 0.04105263157894737
0 0.48540772532188836 0.9552631578947368 0.030042918454935622 0.04526315789473684
0 0.496137339055794 0.45105263157894737 0.09785407725321887 0.14842105263157895
0 0.3725321888412017 0.9773684210526316 0.01888412017167382 0.02631578947368421
0 0.25278969957081543 0.33052631578947367 0.03862660944206008 0.09263157894736843
0 0.7523605150214592 0.9663157894736842 0.02317596566523605 0.05052631578947368
0 0.08412017167381974 0.9473684210526315 0.0463519313304721 0.03368421052631579
0 0.17167381974248927 0.4242105263157895 0.06695278969957082 0.04421052631578947
0 0.5017167381974249 0.3505263157894737 0.02317596566523605 0.027368421052631577
0 0.4429184549356223 0.5321052631578947 0.08583690987124463 0.06421052631578947
0 0.7811158798283261 0.45 0.08755364806866953 0.11894736842105263
0 0.24206008583690986 0.6547368421052632 0.05321888412017167 0.05263157894736842
0 0.5004291845493561 0.8721052631578947 0.02060085836909871 0.02631578947368421
0 0.24077253218884118 0.4147368421052631 0.04206008583690987 0.05263157894736842
0 0.06695278969957082 0.15789473684210525 0.06351931330472102 0.05052631578947368
0 0.16609442060085836 0.3857894736842105 0.04892703862660944 0.04526315789473684
0 0.2914163090128755 0.511578947368421 0.06266094420600858 0.06736842105263158
0 0.7051502145922747 0.6789473684210526 0.09527896995708154 0.10526315789473684
0 0.013733905579399141 0.14947368421052631 0.02575107296137339 0.10105263157894737
0 0.6660944206008583 0.22526315789473683 0.022317596566523604 0.035789473684210524
0 0.32360515021459224 0.26631578947368423 0.061802575107296136 0.05263157894736842
0 0.9909871244635192 0.9484210526315789 0.01630901287553648 0.027368421052631577
0 0.7064377682403433 0.8905263157894736 0.04806866952789699 0.06736842105263158
0 0.5927038626609442 0.18421052631578946 0.103862660944206 0.12210526315789473
0 0.33519313304721027 0.6647368421052632 0.018025751072961373 0.011578947368421053
0 0.19699570815450643 0.9621052631578947 0.03347639484978541 0.031578947368421054
0 0.46266094420600856 0.31 0.01888412017167382 0.034736842105263156
0 0.16995708154506436 0.3268421052631579 0.02060085836909871 0.03684210526315789
0 0.04334763948497854 0.053684210526315786 0.08669527896995707 0.09052631578947368
0 0.2240343347639485 0.7778947368421052 0.024034334763948496 0.027368421052631577
0 0.06523605150214593 0.9926315789473684 0.027467811158798282 0.01263157894736842
0 0.7699570815450644 0.008947368421052631 0.01888412017167382 0.015789473684210527
0 0.4433476394849785 0.911578947368421 0.03347639484978541 0.027368421052631577
0 0.7875536480686695 0.03684210526315789 0.05407725321888412 0.07157894736842105
0 0.4090128755364807 0.25526315789473686 0.012875536480686695 0.028421052631578948
