0 0.5966780238500852 0.6590909090909091 0.09795570698466781 0.09917355371900827
0 0.206984667802385 0.6962809917355373 0.054514480408858604 0.08057851239669422
0 0.7998296422487223 0.11880165289256199 0.03577512776831346 0.09504132231404959
0 0.05068143100511073 0.06301652892561983 0.048551959114139696 0.07231404958677687
0 0.3692504258943782 0.7675619834710744 0.0706984667802385 0.06818181818181818
0 0.3901192504258944 0.21642561983471076 0.05281090289608177 0.10433884297520661
0 0.33262350936967633 0.618801652892562 0.03833049403747871 0.049586776859504134
0 0.3083475298126065 0.3228305785123967 0.034071550255536626 0.036157024793388434
0 0.4680579216354344 0.19369834710743802 0.046848381601362864 0.0878099173553719
0 0.4518739352640545 0.33884297520661155 0.024701873935264056 0.030991735537190084
0 0.44335604770017034 0.8202479338842975 0.041737649063032366 0.049586776859504134
0 0.2772572402044293 0.6880165289256198 0.03321976149914821 0.03512396694214876
0 0.2712947189097104 0.7758264462809917 0.03833049403747871 0.05165289256198347
0 0.5072402044293015 0.28512396694214875 0.05706984667802385 0.0743801652892562
0 0.5494037478705281 0.7892561983471075 0.030664395229982964 0.0371900826446281
0 0.46976149914821125 0.38016528925619836 0.028109028960817718 0.03512396694214876
0 0.6222316865417377 0.33987603305785125 0.03833049403747871 0.05991735537190083
0 0.682282793867121 0.7350206611570248 0.039182282793867124 0.05475206611570248
0 0.30664395229982966 0.24845041322314051 0.09369676320272573 0.10433884297520661
0 0.5570698466780238 0.38636363636363635 0.10902896081771721 0.07024793388429752
0 0.7840715502555367 0.4555785123966942 0.06729131175468483 0.05165289256198347
0 0.48722316865417375 0.7520661157024794 0.056218057921635436 0.08264462809917356
0 0.3637137989778535 0.4059917355371901 0.06132879045996593 0.1012396694214876
0 0.626916524701874 0.5645661157024794 0.059625212947189095 0.08161157024793389
0 0.348381601362862 0.49483471074380164 0.05792163543441227 0.06818181818181818
0 0.39480408858603067 0.5950413223140496 0.026405451448040886 0.04338842975206612
0 0.39395229982964225 0.32541322314049587 0.05366269165247019 0.05371900826446281
0 0.67206132879046 0.4380165289256198 0.14991482112436116 0.08057851239669422
0 0.3973594548551959 0.13119834710743802 0.022998296422487224 0.0371900826446281
0 0.1950596252129472 0.2691115702479339 0.13458262350936967 0.07128099173553719
0 0.3330494037478705 0.12396694214876033 0.05110732538330494 0.0371900826446281
0 0.7964224872231687 0.7262396694214877 0.028960817717206135 0.05785123966942149
0 0.3649914821124361 0.06456611570247935 0.04514480408858603 0.038223140495867766
0 0.2674616695059625 0.4065082644628099 0.054514480408858604 0.09194214876033058
0 0.1788756388415673 0.022727272727272728 0.05110732538330494 0.03305785123966942
0 0.39395229982964225 0.6735537190082644 0.051959114139693355 0.06818181818181818
0 0.727427597955707 0.7164256198347108 0.03747870528109029 0.04028925619834711
0 0.6942078364565588 0.6353305785123967 0.06473594548551959 0.10330578512396695
0 0.4403747870528109 0.03770661157024793 0.034071550255536626 0.04028925619834711
0 0.4957410562180579 0.05836776859504132 0.028960817717206135 0.04442148760330579
0 0.4957410562180579 0.5454545454545454 0.09540034071550256 0.14256198347107438
0 0.38671209540034074 0.03305785123966942 0.018739352640545145 0.024793388429752067
0 0.25468483816013626 0.6539256198347108 0.03747870528109029 0.08884297520661158
0 0.7576660988074958 0.05630165289256198 0.022998296422487224 0.04855371900826447
0 0.10391822827938671 0.052169421487603305 0.044293015332197615 0.032024793388429756
0 0.17759795570698467 0.5604338842975207 0.065587734241908 0.042355371900826444
0 0.497870528109029 0.6425619834710744 0.022998296422487224 0.026859504132231406
0 0.4450596252129472 0.46590909090909094 0.08432708688245315 0.06198347107438017
0 0.7729982964224872 0.556301652892562 0.08603066439522998 0.11466942148760331
0 0.25170357751277683 0.34039256198347106 0.051959114139693355 0.0506198347107438
0 0.5089437819420783 0.13894628099173553 0.019591141396933562 0.025826446280991736
0 0.2453151618398637 0.5717975206611571 0.040885860306643956 0.0506198347107438
0 0.06899488926746167 0.8140495867768596 0.06132879045996593 0.049586776859504134
0 0.17120954003407154 0.5976239669421488 0.04770017035775128 0.042355371900826444
0 0.29642248722316866 0.48088842975206614 0.06132879045996593 0.06508264462809918
0 0.704855195911414 0.33264462809917356 0.09284497444633731 0.1012396694214876
0 0.016609880749574105 0.8207644628099173 0.026405451448040886 0.0981404958677686
0 0.65587734241908 0.7696280991735538 0.022146507666098807 0.03512396694214876
0 0.32197614991482115 0.71900826446281 0.059625212947189095 0.05165289256198347
0 0.9902044293015332 0.08264462809917356 0.016183986371379896 0.026859504132231406
0 0.7103918228279387 0.12861570247933884 0.04770017035775128 0.06508264462809918
0 0.5834752981260647 0.8078512396694215 0.10221465076660988 0.11776859504132231
0 0.3428449744463373 0.33367768595041325 0.01788756388415673 0.010330578512396695
0 0.21422487223168654 0.04183884297520661 0.03321976149914821 0.029958677685950414
0 0.45868824531516184 0.681301652892562 0.01788756388415673 0.03409090909090909
0 0.17333901192504259 0.6544421487603306 0.019591141396933562 0.036157024793388434
0 0.04301533219761499 0.9142561983471075 0.08432708688245315 0.08677685950413223
0 0.23679727427597955 0.22055785123966942 0.02385008517887564 0.025826446280991736
0 0.08645655877342419 0.007747933884297521 0.026405451448040886 0.011363636363636364
0 0.752129471890971 0.9824380165289256 0.018739352640545145 0.014462809917355372
0 0.4540034071550256 0.09917355371900827 0.03236797274275979 0.026859504132231406
0 0.7700170357751278 0.956095041322314 0.05281090289608177 0.06921487603305786
0 0.40502555366269166 0.7319214876033058 0.012776831345826235 0.027892561983471075
