0 0.4026982829108749 0.33928571428571425 0.0973017170891251 0.0992063492063492
0 0.7935404742436631 0.30158730158730157 0.05478331970564187 0.08134920634920634
0 0.20073589533932953 0.8809523809523809 0.03515944399018806 0.09523809523809523
0 0.9497138184791497 0.9360119047619047 0.0482420278004906 0.07242063492063491
0 0.6304170073589535 0.2306547619047619 0.07031888798037612 0.06845238095238095
0 0.6103843008994276 0.7827380952380952 0.05314799672935405 0.10317460317460317
0 0.6672117743254293 0.37996031746031744 0.039247751430907606 0.0496031746031746
0 0.6917416189697465 0.6760912698412698 0.03434178250204416 0.0367063492063492
0 0.5318887980376125 0.8055555555555555 0.04660670482420278 0.08928571428571427
0 0.5478331970564186 0.660218253968254 0.024529844644317254 0.030753968253968252
0 0.5564186426819298 0.17857142857142855 0.04170073589533933 0.0496031746031746
0 0.7224039247751431 0.3100198412698413 0.033524121013900246 0.034722222222222224
0 0.7281275551921504 0.2222222222222222 0.038430089942763694 0.051587301587301584
0 0.4930498773507768 0.7142857142857142 0.05723630417007359 0.07539682539682539
0 0.4501226492232216 0.2093253968253968 0.030253475061324614 0.037698412698412696
0 0.5302534750613246 0.6195436507936508 0.028618152085036794 0.034722222222222224
0 0.3777596075224857 0.6597222222222222 0.03761242845461979 0.05952380952380952
0 0.3172526573998365 0.2638888888888889 0.039247751430907606 0.05357142857142857
0 0.6937857726901063 0.7504960317460317 0.09403107113654947 0.10416666666666666
0 0.44317252657399836 0.6135912698412698 0.10956663941128374 0.07043650793650794
0 0.21545380212591989 0.5436507936507936 0.0678659035159444 0.051587301587301584
0 0.5126737530662306 0.2470238095238095 0.05560098119378577 0.08333333333333333
0 0.6365494685200327 0.5932539682539683 0.06132461161079313 0.10119047619047619
0 0.3732624693376942 0.4345238095238095 0.059689288634505316 0.08134920634920634
0 0.651267375306623 0.503968253968254 0.0580539656582175 0.06746031746031746
0 0.6050695012264923 0.4037698412698412 0.02616516762060507 0.04365079365079365
0 0.6062959934587081 0.673611111111111 0.05478331970564187 0.05357142857142857
0 0.3274734260016353 0.5610119047619048 0.14963205233033525 0.08035714285714285
0 0.6030253475061325 0.8685515873015872 0.022076860179885527 0.0367063492063492
0 0.8053965658217498 0.7301587301587301 0.13409648405560098 0.07142857142857142
0 0.6676206050695013 0.875 0.05151267375306623 0.037698412698412696
0 0.20318887980376124 0.2728174603174603 0.028618152085036794 0.057539682539682536
0 0.6357318070318888 0.9350198412698412 0.044971381847914965 0.03869047619047619
0 0.732624693376942 0.5927579365079365 0.05396565821749796 0.09226190476190475
0 0.821749795584628 0.9761904761904762 0.05233033524121014 0.03373015873015873
0 0.6058871627146362 0.3249007936507936 0.05233033524121014 0.06845238095238095
0 0.2722812755519215 0.2822420634920635 0.03761242845461979 0.04067460317460317
0 0.3053965658217498 0.36408730158730157 0.06459525756336877 0.10317460317460317
0 0.5605069501226493 0.9618055555555555 0.033524121013900246 0.04067460317460317
0 0.5044971381847915 0.941468253968254 0.029435813573180702 0.04365079365079365
0 0.5049059689288634 0.45337301587301587 0.09566639411283728 0.14285714285714285
0 0.6140637775960752 0.9662698412698412 0.017988552739165987 0.025793650793650792
0 0.7457072771872445 0.34424603174603174 0.03761242845461979 0.08928571428571427
0 0.24284546197874082 0.9434523809523809 0.02289452166802944 0.0496031746031746
0 0.8969746524938675 0.9469246031746031 0.044153720359771054 0.03273809523809523
0 0.8225674570727719 0.43799603174603174 0.06541291905151267 0.04265873015873016
0 0.5020441537203598 0.35565476190476186 0.02289452166802944 0.026785714285714284
0 0.5551921504497138 0.5327380952380952 0.08503679476696648 0.061507936507936505
0 0.22608340147179068 0.44246031746031744 0.08585445625511039 0.11507936507936507
0 0.7489779231398201 0.658234126984127 0.05233033524121014 0.050595238095238096
0 0.491414554374489 0.8606150793650793 0.019623875715453803 0.0248015873015873
0 0.7555192150449714 0.4260912698412698 0.04088307440719542 0.050595238095238096
0 0.9313164349959118 0.18353174603174602 0.062142273098937044 0.0496031746031746
0 0.8291087489779232 0.40079365079365076 0.04742436631234669 0.04365079365079365
0 0.7040065412919052 0.5178571428571428 0.062142273098937044 0.06547619047619047
0 0.29517579721995096 0.6666666666666666 0.09321340964840556 0.10119047619047619
0 0.9836467702371219 0.17708333333333331 0.02616516762060507 0.09821428571428571
0 0.3438266557645135 0.2286706349206349 0.022076860179885527 0.034722222222222224
0 0.6774325429272281 0.27976190476190477 0.059689288634505316 0.051587301587301584
0 0.009811937857726901 0.9181547619047619 0.016353229762878167 0.026785714285714284
0 0.2894521668029436 0.8710317460317459 0.04742436631234669 0.06547619047619047
0 0.4161896974652494 0.1909722222222222 0.10139002452984465 0.11805555555555555
0 0.6573998364677024 0.6651785714285714 0.017988552739165987 0.010912698412698412
0 0.786181520850368 0.9573412698412698 0.033524121013900246 0.02976190476190476
0 0.5404742436631235 0.31746031746031744 0.017988552739165987 0.03373015873015873
0 0.8266557645134914 0.34424603174603174 0.019623875715453803 0.03571428571428571
0 0.9566639411283729 0.08333333333333333 0.08503679476696648 0.0873015873015873
0 0.7641046606704824 0.7782738095238095 0.023712183156173346 0.026785714285714284
0 0.9141455437448897 0.9915674603174602 0.02616516762060507 0.010912698412698412
0 0.24693376941946035 0.016369047619047616 0.017988552739165987 0.01488095238095238
0 0.5466067048242028 0.900297619047619 0.033524121013900246 0.026785714285714284
0 0.22935404742436633 0.04265873015873016 0.05314799672935405 0.06944444444444445
0 0.5944399018806215 0.2663690476190476 0.013082583810302535 0.026785714285714284
