0 0.5951400329489291 0.6597014925373134 0.09637561779242175 0.09751243781094526
0 0.20757825370675453 0.6925373134328358 0.054365733113673806 0.07960199004975124
0 0.800658978583196 0.12686567164179105 0.03459637561779242 0.0945273631840796
0 0.05683690280065898 0.06368159203980099 0.047775947281713346 0.07164179104477611
0 0.36861614497528833 0.7651741293532338 0.0700164744645799 0.06766169154228856
0 0.3929159802306425 0.21940298507462686 0.05271828665568369 0.10248756218905472
0 0.33319604612850084 0.6164179104477612 0.03871499176276771 0.04875621890547263
0 0.3109555189456343 0.3233830845771144 0.03377265238879736 0.035820895522388055
0 0.47075782537067545 0.1980099502487562 0.04695222405271829 0.08756218905472636
0 0.4538714991762768 0.3407960199004975 0.02471169686985173 0.030845771144278604
0 0.4415156507413509 0.817412935323383 0.04118616144975289 0.04875621890547263
0 0.27759472817133446 0.6850746268656716 0.032948929159802305 0.03482587064676617
0 0.271004942339374 0.772139303482587 0.03789126853377265 0.051741293532338306
0 0.5086490939044481 0.2885572139303482 0.05683690280065898 0.07363184079601989
0 0.5469522240527183 0.7880597014925372 0.029654036243822075 0.03781094527363184
0 0.471169686985173 0.3820895522388059 0.02800658978583196 0.03383084577114428
0 0.6227347611202636 0.34378109452736316 0.03789126853377265 0.05870646766169154
0 0.6799835255354201 0.7353233830845771 0.03871499176276771 0.05373134328358209
0 0.31013179571663924 0.25024875621890547 0.09308072487644152 0.1044776119402985
0 0.557660626029654 0.3890547263681592 0.10873146622734761 0.06965174129353234
0 0.7829489291598023 0.46019900497512434 0.06672158154859967 0.050746268656716415
0 0.4855848434925865 0.7502487562189054 0.05518945634266886 0.08159203980099503
0 0.3649093904448105 0.40696517412935324 0.060955518945634266 0.09950248756218905
0 0.6260296540362438 0.5661691542288557 0.05930807248764415 0.08159203980099503
0 0.3500823723228995 0.4945273631840796 0.057660626029654036 0.06766169154228856
0 0.39497528830313017 0.5945273631840796 0.025535420098846788 0.04278606965174129
0 0.3957990115321252 0.32686567164179103 0.05354200988467875 0.0527363184079602
0 0.671334431630972 0.44179104477611936 0.14827018121911037 0.07960199004975124
0 0.4007413509060956 0.13482587064676615 0.022240527182866558 0.036815920398009946
0 0.1985172981878089 0.2691542288557214 0.13344316309719934 0.07064676616915422
0 0.3369028006589786 0.12736318407960198 0.051070840197693576 0.03781094527363184
0 0.792833607907743 0.7283582089552239 0.028830313014827018 0.05771144278606965
0 0.36902800658978585 0.06865671641791045 0.044481054365733116 0.03781094527363184
0 0.2697693574958814 0.4059701492537313 0.05354200988467875 0.09154228855721393
0 0.18451400329489293 0.025373134328358207 0.051070840197693576 0.03283582089552239
0 0.39332784184514 0.6716417910447761 0.051894563426688634 0.06766169154228856
0 0.7244645799011532 0.717910447761194 0.03706754530477759 0.03880597014925373
0 0.6919275123558485 0.6368159203980099 0.0642504118616145 0.10149253731343283
0 0.4439868204283361 0.04278606965174129 0.032948929159802305 0.03980099502487562
0 0.49917627677100496 0.06417910447761194 0.029654036243822075 0.04278606965174129
0 0.4954695222405272 0.5462686567164179 0.09472817133443164 0.14129353233830844
0 0.39085667215815484 0.038308457711442784 0.018945634266886325 0.02487562189054726
0 0.2549423393739704 0.6512437810945273 0.03706754530477759 0.08855721393034825
0 0.7590609555189456 0.06467661691542288 0.022240527182866558 0.04776119402985074
0 0.10955518945634267 0.05373134328358209 0.044481054365733116 0.031840796019900496
0 0.17915980230642503 0.5582089552238806 0.06507413509060955 0.0417910447761194
0 0.4971169686985173 0.6427860696517412 0.022240527182866558 0.025870646766169153
0 0.4456342668863262 0.4671641791044776 0.08401976935749589 0.060696517412935316
0 0.7714168039538715 0.5601990049751243 0.08484349258649095 0.11343283582089551
0 0.2541186161449753 0.34029850746268653 0.051894563426688634 0.04975124378109452
0 0.5115321252059308 0.14378109452736318 0.019769357495881386 0.02487562189054726
0 0.24588138385502473 0.5701492537313433 0.04036243822075783 0.04975124378109452
0 0.06960461285008238 0.8079601990049751 0.06177924217462932 0.04975124378109452
0 0.17257001647446457 0.5945273631840796 0.04695222405271829 0.04278606965174129
0 0.29777594728171336 0.48009950248756217 0.06177924217462932 0.06467661691542288
0 0.7051070840197694 0.3378109452736318 0.09225700164744646 0.10049751243781094
0 0.01771004942339374 0.8139303482587065 0.025535420098846788 0.09751243781094526
0 0.6532125205930808 0.7696517412935323 0.0214168039538715 0.03482587064676617
0 0.32207578253706753 0.7159203980099502 0.05930807248764415 0.050746268656716415
0 0.9905271828665568 0.09253731343283582 0.015650741350906095 0.025870646766169153
0 0.7121087314662273 0.13582089552238805 0.04695222405271829 0.06467661691542288
0 0.5807248764415157 0.8064676616915423 0.10049423393739704 0.11641791044776119
0 0.3447281713344316 0.33482587064676617 0.01729818780889621 0.010945273631840795
0 0.21952224052718286 0.04477611940298507 0.03212520593080725 0.029850746268656716
0 0.4584019769357496 0.6800995024875621 0.01729818780889621 0.03283582089552239
0 0.17462932454695224 0.6507462686567164 0.019769357495881386 0.035820895522388055
0 0.042833607907743 0.9069651741293532 0.08401976935749589 0.08656716417910447
0 0.2401153212520593 0.22189054726368157 0.023887973640856673 0.025870646766169153
0 0.09225700164744646 0.00945273631840796 0.026359143327841845 0.010945273631840795
0 0.7471169686985173 0.981592039800995 0.018121911037891267 0.014925373134328358
0 0.457166392092257 0.10348258706467661 0.032948929159802305 0.025870646766169153
0 0.7652388797364086 0.9552238805970149 0.05271828665568369 0.06766169154228856
0 0.40444810543657334 0.7298507462686566 0.013179571663920923 0.026865671641791045
