0 0.40144810941271114 0.3392156862745098 0.09814963797264682 0.1
0 0.7936444086886564 0.296078431372549 0.05551086082059533 0.08235294117647059
0 0.20193081255028156 0.8887254901960784 0.035398230088495575 0.09705882352941177
0 0.9565567176186645 0.9357843137254902 0.04827031375703942 0.07352941176470588
0 0.6295253419147224 0.22647058823529412 0.07160096540627514 0.06862745098039216
0 0.6138374899436846 0.7848039215686274 0.05309734513274336 0.10490196078431373
0 0.6677393403057119 0.3769607843137255 0.038616251005631534 0.05
0 0.6946902654867256 0.6759803921568628 0.03459372485921158 0.036274509803921565
0 0.5345937248592115 0.8088235294117647 0.04746580852775543 0.09019607843137255
0 0.5498793242156074 0.6617647058823529 0.024939662107803698 0.03137254901960784
0 0.5547063555913113 0.17401960784313725 0.042638777152051485 0.05
0 0.7228479485116652 0.3058823529411765 0.0329847144006436 0.03529411764705882
0 0.7280772325020112 0.21666666666666667 0.038616251005631534 0.052941176470588235
0 0.49477071600965405 0.717156862745098 0.0579243765084473 0.07549019607843137
0 0.4477071600965406 0.20637254901960783 0.02976669348350764 0.03823529411764706
0 0.5317779565567176 0.6205882352941177 0.02896218825422365 0.03529411764705882
0 0.37851971037811744 0.663235294117647 0.03781174577634754 0.05980392156862745
0 0.3141592920353982 0.26372549019607844 0.039420756234915526 0.054901960784313725
0 0.6971037811745776 0.7509803921568627 0.09412711182622686 0.10588235294117647
0 0.44368463395012064 0.6151960784313726 0.11021721641190667 0.07156862745098039
0 0.21440064360418343 0.5475490196078431 0.06838294448913917 0.051960784313725486
0 0.5108608205953339 0.24411764705882352 0.05631536604987932 0.08431372549019608
0 0.6383748994368463 0.592156862745098 0.061946902654867256 0.10196078431372549
0 0.3716814159292035 0.43529411764705883 0.05953338696701528 0.08235294117647059
0 0.6528559935639581 0.5019607843137255 0.05872888173773129 0.06862745098039216
0 0.6053901850362027 0.40147058823529413 0.02654867256637168 0.044117647058823525
0 0.6086082059533386 0.675 0.05390185036202735 0.05392156862745098
0 0.327433628318584 0.5642156862745098 0.15124698310539017 0.08137254901960785
0 0.6069991954947707 0.8715686274509804 0.023330651649235718 0.03725490196078431
0 0.8093322606596942 0.7294117647058823 0.13515687851971037 0.07254901960784313
0 0.6717618664521319 0.8779411764705882 0.05148833467417538 0.03823529411764706
0 0.19951729686242958 0.27352941176470585 0.02896218825422365 0.058823529411764705
0 0.6399839098954143 0.9387254901960784 0.045856798069187445 0.03823529411764706
0 0.7353177795655671 0.5906862745098039 0.05470635559131134 0.09313725490196079
0 0.828238133547868 0.9779411764705882 0.05229283990345937 0.03431372549019608
0 0.6053901850362027 0.3220588235294118 0.05229283990345937 0.0696078431372549
0 0.26950925181013674 0.28284313725490196 0.03700724054706355 0.040196078431372545
0 0.30370072405470633 0.36470588235294116 0.06516492357200321 0.10392156862745097
0 0.5647626709573612 0.9661764705882353 0.03378921962992759 0.040196078431372545
0 0.5080450522928399 0.9465686274509804 0.02976669348350764 0.044117647058823525
0 0.504424778761062 0.45294117647058824 0.09654062751407884 0.14509803921568626
0 0.6182622687047465 0.9705882352941176 0.018503620273531775 0.025490196078431372
0 0.746178600160901 0.34019607843137256 0.03781174577634754 0.09019607843137255
0 0.24456958970233306 0.9514705882352941 0.02252614641995173 0.05
0 0.9034593724859211 0.9470588235294117 0.04505229283990346 0.03333333333333333
0 0.82461786001609 0.43333333333333335 0.0659694288012872 0.043137254901960784
0 0.501206757843926 0.353921568627451 0.02252614641995173 0.027450980392156862
0 0.5559131134352373 0.5323529411764706 0.08527755430410297 0.06274509803921569
0 0.2244569589702333 0.4455882352941176 0.08688656476267095 0.11666666666666667
0 0.7518101367658889 0.657843137254902 0.05229283990345937 0.050980392156862744
0 0.49436846339501206 0.8647058823529412 0.02011263073209976 0.025490196078431372
0 0.7566371681415929 0.42254901960784313 0.0410297666934835 0.050980392156862744
0 0.9316170555108607 0.175 0.06275140788415125 0.05
0 0.831053901850362 0.396078431372549 0.04827031375703942 0.043137254901960784
0 0.7059533386967015 0.5161764705882352 0.061946902654867256 0.06568627450980392
0 0.2952534191472244 0.671078431372549 0.09332260659694287 0.10294117647058823
0 0.9847144006436042 0.1676470588235294 0.02574416733708769 0.1
0 0.3407079646017699 0.22745098039215686 0.02172164119066774 0.03529411764705882
0 0.6773934030571198 0.275 0.05953338696701528 0.051960784313725486
0 0.009654062751407884 0.9284313725490196 0.016090104585679804 0.027450980392156862
0 0.2912308930008045 0.8779411764705882 0.04827031375703942 0.06568627450980392
0 0.413113435237329 0.1892156862745098 0.10217216411906677 0.1196078431372549
0 0.660498793242156 0.6656862745098039 0.017699115044247787 0.011764705882352941
0 0.7920353982300884 0.9593137254901961 0.0329847144006436 0.030392156862745098
0 0.5398230088495575 0.31470588235294117 0.017699115044247787 0.03333333333333333
0 0.827835880933226 0.33872549019607845 0.019308125502815767 0.036274509803921565
0 0.9565567176186645 0.07352941176470588 0.08527755430410297 0.08823529411764705
0 0.7683024939662108 0.7784313725490196 0.02413515687851971 0.025490196078431372
0 0.9215607401448109 0.9921568627450981 0.02654867256637168 0.011764705882352941
0 0.2417538213998391 0.014215686274509804 0.018503620273531775 0.014705882352941176
0 0.5502815768302494 0.9049019607843137 0.03378921962992759 0.027450980392156862
0 0.2236524537409493 0.04068627450980392 0.05309734513274336 0.0696078431372549
0 0.5937248592115848 0.2627450980392157 0.012872083668543845 0.027450980392156862
