0 0.3946875 0.3373076923076923 0.099375 0.10230769230769231
0 0.7946875 0.2803846153846154 0.055625 0.08384615384615385
0 0.2028125 0.9107692307692308 0.035625000000000004 0.09846153846153846
0 0.975 0.9342307692307692 0.04875 0.07461538461538461
0 0.6253125 0.21346153846153845 0.07187500000000001 0.07
0 0.62125 0.79 0.05375 0.1076923076923077
0 0.6675 0.3676923076923077 0.03875 0.05076923076923077
0 0.7015625 0.6753846153846154 0.034375 0.03692307692307692
0 0.54125 0.8173076923076923 0.0475 0.09153846153846154
0 0.5534375 0.665 0.024375 0.031538461538461536
0 0.5475 0.16230769230769232 0.0425 0.05076923076923077
0 0.7221875 0.2923076923076923 0.033125 0.03538461538461538
0 0.725625 0.20038461538461538 0.03875 0.05307692307692308
0 0.49843750000000003 0.7238461538461538 0.058125 0.07692307692307693
0 0.439375 0.19923076923076924 0.03 0.038461538461538464
0 0.5340625 0.6230769230769231 0.028125 0.03538461538461538
0 0.3784375 0.6723076923076923 0.038125 0.06153846153846154
0 0.3040625 0.2623076923076923 0.039375 0.055384615384615386
0 0.7059375 0.7526923076923077 0.095625 0.10846153846153846
0 0.4440625 0.6207692307692307 0.111875 0.07230769230769231
0 0.208125 0.5584615384615385 0.06875 0.052307692307692305
0 0.5046875 0.23576923076923076 0.056875 0.08538461538461538
0 0.6425 0.5907692307692307 0.0625 0.10461538461538461
0 0.3665625 0.4376923076923077 0.060625 0.08461538461538462
0 0.655 0.4973076923076923 0.058750000000000004 0.07
0 0.604375 0.3946153846153846 0.02625 0.04461538461538461
0 0.61375 0.6765384615384615 0.055 0.054615384615384614
0 0.32406250000000003 0.5715384615384616 0.153125 0.08307692307692308
0 0.61625 0.8796153846153846 0.0225 0.03769230769230769
0 0.8200000000000001 0.7261538461538461 0.1375 0.07384615384615384
0 0.6828125 0.8838461538461538 0.051875000000000004 0.038461538461538464
0 0.1875 0.2765384615384615 0.02875 0.05923076923076923
0 0.6515625 0.9476923076923077 0.045625 0.038461538461538464
0 0.74125 0.5861538461538461 0.055 0.09538461538461539
0 0.844375 0.9823076923076923 0.0525 0.033846153846153845
0 0.6028125 0.3130769230769231 0.053125 0.07076923076923076
0 0.25875 0.2834615384615385 0.0375 0.040769230769230766
0 0.29531250000000003 0.3669230769230769 0.065625 0.10615384615384615
0 0.5750000000000001 0.9788461538461538 0.03375 0.040769230769230766
0 0.5171875 0.96 0.029375000000000002 0.04461538461538461
0 0.5025000000000001 0.4511538461538461 0.0975 0.14846153846153845
0 0.6303125 0.9811538461538462 0.018125 0.025384615384615384
0 0.7468750000000001 0.3269230769230769 0.0375 0.09230769230769231
0 0.248125 0.9742307692307692 0.0225 0.05
0 0.920625 0.948076923076923 0.045 0.03307692307692308
0 0.8290625 0.4207692307692308 0.066875 0.043076923076923075
0 0.496875 0.3496153846153846 0.0225 0.026923076923076925
0 0.556875 0.5319230769230769 0.08625000000000001 0.06384615384615384
0 0.21625 0.45269230769230767 0.08750000000000001 0.11923076923076924
0 0.7596875000000001 0.6542307692307693 0.053125 0.05153846153846154
0 0.50125 0.8765384615384615 0.02 0.025384615384615384
0 0.759375 0.41192307692307695 0.04125 0.05153846153846154
0 0.9328125 0.15076923076923077 0.063125 0.05076923076923077
0 0.8346875 0.3819230769230769 0.048125 0.04384615384615385
0 0.709375 0.5096153846153846 0.0625 0.06692307692307692
0 0.29375 0.683076923076923 0.095 0.10461538461538461
0 0.9865625 0.14153846153846153 0.025625000000000002 0.10153846153846154
0 0.3303125 0.2246153846153846 0.021875000000000002 0.03538461538461538
0 0.6753125 0.2623076923076923 0.060625 0.052307692307692305
0 0.0078125 0.958076923076923 0.015625 0.026923076923076925
0 0.2940625 0.8965384615384615 0.048125 0.06692307692307692
0 0.40375 0.1819230769230769 0.10375000000000001 0.12230769230769231
0 0.66625 0.6653846153846154 0.0175 0.010769230769230769
0 0.8071875000000001 0.9642307692307692 0.033125 0.03
0 0.535625 0.3076923076923077 0.0175 0.033846153846153845
0 0.8303125 0.32269230769230767 0.019375 0.036153846153846154
0 0.95625 0.045 0.08625000000000001 0.09
0 0.77875 0.7784615384615384 0.02375 0.026153846153846153
0 0.9400000000000001 0.9938461538461538 0.02625 0.010769230769230769
0 0.2246875 0.007307692307692308 0.018125 0.014615384615384615
0 0.5590625 0.9157692307692308 0.033125 0.026923076923076925
0 0.206875 0.03538461538461538 0.05375 0.07076923076923076
0 0.589375 0.2523076923076923 0.0125 0.027692307692307693
