0 0.6147978642257819 0.3524816176470588 0.09610983981693365 0.09650735294117647
0 0.23379099923722352 0.27481617647058826 0.05415713196033563 0.07904411764705882
0 0.774980930587338 0.9025735294117647 0.03508771929824562 0.09375
0 0.033562166285278416 0.8772977941176471 0.04729214340198322 0.07077205882352941
0 0.39855072463768115 0.22242647058823528 0.06941266209000763 0.0661764705882353
0 0.37871853546910755 0.7633272058823529 0.052631578947368425 0.10202205882352941
0 0.3516399694889398 0.36443014705882354 0.03813882532418002 0.04871323529411765
0 0.30663615560640733 0.6511948529411765 0.033562166285278416 0.035845588235294115
0 0.454233409610984 0.7941176470588235 0.04652936689549962 0.08639705882352941
0 0.4488939740655988 0.6502757352941176 0.02364607170099161 0.030330882352941176
0 0.475209763539283 0.17876838235294118 0.041189931350114416 0.04871323529411765
0 0.30244088482074755 0.29044117647058826 0.03279938977879481 0.034926470588235295
0 0.30282227307398935 0.2035845588235294 0.03813882532418002 0.050551470588235295
0 0.4996186117467582 0.7090992647058824 0.05644546147978643 0.07261029411764706
0 0.5774218154080855 0.22012867647058823 0.028985507246376812 0.03768382352941176
0 0.46910755148741423 0.6125919117647058 0.027459954233409613 0.03400735294117647
0 0.6167048054919909 0.6681985294117647 0.03737604881769642 0.058823529411764705
0 0.7048054919908467 0.28768382352941174 0.03813882532418002 0.05330882352941176
0 0.29938977879481316 0.7233455882352942 0.09229595728451565 0.10294117647058823
0 0.5556826849733029 0.6153492647058824 0.10755148741418764 0.06893382352941177
0 0.784515636918383 0.5716911764705882 0.06636155606407323 0.04963235294117647
0 0.513348588863463 0.2509191176470588 0.054919908466819226 0.08088235294117647
0 0.36651411136537 0.5753676470588235 0.060259344012204424 0.09926470588235294
0 0.6372997711670481 0.4485294117647059 0.05873379099923723 0.08088235294117647
0 0.35850495804729215 0.48713235294117646 0.05644546147978643 0.0661764705882353
0 0.4111365369946606 0.3938419117647059 0.02593440122044241 0.043198529411764705
0 0.3905415713196034 0.6576286764705882 0.05339435545385202 0.05238970588235294
0 0.6727688787185355 0.5767463235294118 0.14797864225781845 0.078125
0 0.37986270022883295 0.8483455882352942 0.022883295194508012 0.03676470588235294
0 0.19069412662090007 0.6916360294117647 0.13272311212814647 0.07077205882352941
0 0.31578947368421056 0.8483455882352942 0.050343249427917625 0.03676470588235294
0 0.8157894736842106 0.3083639705882353 0.028222730739893214 0.05606617647058824
0 0.34324942791762014 0.9099264705882353 0.04424103737604882 0.03676470588235294
0 0.2723112128146453 0.5652573529411765 0.05339435545385202 0.0900735294117647
0 0.15675057208237986 0.9306066176470588 0.05110602593440122 0.03216911764705882
0 0.416094584286804 0.3170955882352941 0.05110602593440122 0.06801470588235294
0 0.7475209763539283 0.3102022058823529 0.036613272311212815 0.03952205882352941
0 0.7086193745232647 0.3864889705882353 0.06407322654462243 0.10018382352941177
0 0.41533180778032036 0.9439338235294118 0.03279938977879481 0.03860294117647059
0 0.471395881006865 0.9296875 0.028985507246376812 0.043198529411764705
0 0.5064836003051106 0.45266544117647056 0.09458428680396644 0.140625
0 0.36231884057971014 0.9425551470588235 0.018306636155606407 0.024816176470588234
0 0.2776506483600305 0.3212316176470588 0.036613272311212815 0.08731617647058823
0 0.7288329519450801 0.9595588235294118 0.02212051868802441 0.04779411764705882
0 0.08543096872616324 0.8938419117647058 0.04424103737604882 0.03216911764705882
0 0.1948893974065599 0.40487132352941174 0.06483600305110603 0.04136029411764706
0 0.5160183066361557 0.35799632352941174 0.02212051868802441 0.02665441176470588
0 0.4511823035850496 0.5257352941176471 0.08314263920671244 0.06066176470588235
0 0.7807017543859649 0.4719669117647059 0.08466819221967964 0.1130514705882353
0 0.2517162471395881 0.6277573529411765 0.05186880244088482 0.04963235294117647
0 0.490465293668955 0.8524816176470588 0.01983218916857361 0.024816176470588234
0 0.2620137299771167 0.40027573529411764 0.04042715484363082 0.04871323529411765
0 0.10640732265446225 0.1447610294117647 0.06178489702517163 0.04871323529411765
0 0.1910755148741419 0.3676470588235294 0.04652936689549962 0.042279411764705885
0 0.30587337909992374 0.49494485294117646 0.06102212051868803 0.06341911764705882
0 0.6971777269260108 0.6833639705882353 0.09153318077803205 0.09834558823529412
0 0.055301296720061024 0.1328125 0.025171624713958812 0.09650735294117647
0 0.6811594202898551 0.2504595588235294 0.02135774218154081 0.03400735294117647
0 0.3489702517162472 0.26516544117647056 0.05873379099923723 0.050551470588235295
0 0.9599542334096111 0.9590992647058824 0.016018306636155607 0.02665441176470588
0 0.6880244088482075 0.8837316176470588 0.04729214340198322 0.06341911764705882
0 0.6125095347063311 0.20588235294117646 0.10068649885583525 0.11580882352941177
0 0.34057971014492755 0.6443014705882353 0.01754385964912281 0.011029411764705881
0 0.1933638443935927 0.9159007352941176 0.03279938977879481 0.02849264705882353
0 0.48093058733791 0.3161764705882353 0.01754385964912281 0.03308823529411765
0 0.19755911517925248 0.3125 0.01983218916857361 0.034926470588235295
0 0.08810068649885584 0.043658088235294115 0.08314263920671244 0.08547794117647059
0 0.2284515636918383 0.7435661764705882 0.02364607170099161 0.025735294117647058
0 0.06483600305110603 0.9356617647058824 0.02593440122044241 0.011029411764705881
0 0.7909992372234935 0.05330882352941176 0.018306636155606407 0.014705882352941176
0 0.433257055682685 0.8855698529411764 0.032036613272311214 0.02665441176470588
0 0.8073989321128909 0.08042279411764706 0.052631578947368425 0.06709558823529412
0 0.43135011441647597 0.2610294117647059 0.012967200610221205 0.027573529411764705
