0 0.529375 0.3334615384615385 0.08875 0.16538461538461538
0 0.47625 0.4703846153846154 0.1325 0.11153846153846154
0 0.43875000000000003 0.3557692307692308 0.035 0.05307692307692308
0 0.4003125 0.3726923076923077 0.035625000000000004 0.04384615384615385
0 0.5021875 0.38576923076923075 0.051875000000000004 0.08692307692307692
0 0.6371875 0.34884615384615386 0.10312500000000001 0.13615384615384615
0 0.633125 0.49038461538461536 0.1225 0.1376923076923077
0 0.62625 0.5896153846153847 0.08375 0.07615384615384616
0 0.6278125 0.7330769230769231 0.078125 0.22615384615384615
0 0.5534375 0.6376923076923077 0.091875 0.11538461538461539
0 0.46 0.6273076923076923 0.08750000000000001 0.10692307692307693
0 0.539375 0.7384615384615385 0.05625 0.04461538461538461
0 0.565625 0.7784615384615384 0.05 0.043076923076923075
0 0.551875 0.8707692307692307 0.17375000000000002 0.13846153846153847
0 0.4353125 0.73 0.056875 0.03230769230769231
0 0.4390625 0.795 0.033125 0.040769230769230766
0 0.429375 0.8780769230769231 0.035 0.06076923076923077
0 0.38906250000000003 0.9265384615384615 0.094375 0.08538461538461538
0 0.3484375 0.8273076923076923 0.065625 0.05615384615384615
0 0.2553125 0.8011538461538461 0.104375 0.11615384615384615
0 0.31 0.7442307692307693 0.14250000000000002 0.09
0 0.361875 0.6792307692307692 0.03875 0.06461538461538462
0 0.268125 0.5942307692307692 0.06625 0.16076923076923078
0 0.385 0.5573076923076923 0.17 0.1930769230769231
0 0.3646875 0.2980769230769231 0.059375000000000004 0.06230769230769231
0 0.32625 0.38 0.04 0.04923076923076923
0 0.2653125 0.4073076923076923 0.043125000000000004 0.05923076923076923
0 0.319375 0.8846153846153846 0.06125 0.07230769230769231
0 0.94375 0.29 0.11125 0.10923076923076923
0 0.873125 0.31423076923076926 0.02875 0.03923076923076923
0 0.89625 0.3688461538461538 0.06375 0.036153846153846154
0 0.9740625 0.41192307692307695 0.044375 0.08384615384615385
0 0.9137500000000001 0.4603846153846154 0.17125 0.14384615384615385
0 0.7528125 0.46692307692307694 0.046875 0.07384615384615384
0 0.7815625 0.41423076923076924 0.039375 0.036153846153846154
0 0.8409375 0.46923076923076923 0.039375 0.024615384615384615
0 0.823125 0.5196153846153846 0.04 0.05615384615384615
0 0.7496875000000001 0.5342307692307692 0.039375 0.04230769230769231
0 0.765 0.5965384615384616 0.02875 0.031538461538461536
0 0.8415625 0.5865384615384616 0.029375000000000002 0.04384615384615385
0 0.8990625 0.561923076923077 0.055625 0.04846153846153846
0 0.9653125 0.6476923076923077 0.026875 0.033846153846153845
0 0.781875 0.6576923076923077 0.02375 0.03538461538461538
0 0.828125 0.6803846153846154 0.02125 0.03
0 0.9087500000000001 0.6757692307692308 0.06625 0.06230769230769231
0 0.9778125 0.6996153846153846 0.043125000000000004 0.03
0 0.980625 0.7715384615384615 0.0375 0.08
0 0.93125 0.75 0.02 0.03230769230769231
0 0.878125 0.7069230769230769 0.0175 0.026153846153846153
0 0.795625 0.7519230769230769 0.07625 0.05
0 0.9296875 0.8223076923076923 0.055625 0.05076923076923077
0 0.8859375 0.8615384615384616 0.021875000000000002 0.04153846153846154
0 0.9553125 0.8842307692307693 0.088125 0.10230769230769231
0 0.0475 0.5069230769230769 0.095 0.12923076923076923
0 0.07968750000000001 0.42923076923076925 0.028125 0.03692307692307692
0 0.10125 0.34307692307692306 0.06625 0.1
0 0.021875000000000002 0.36115384615384616 0.035 0.08692307692307692
0 0.019375 0.23615384615384616 0.02875 0.06
0 0.0525 0.6646153846153846 0.105 0.11384615384615385
0 0.1234375 0.7419230769230769 0.10312500000000001 0.05923076923076923
0 0.105625 0.8357692307692308 0.06125 0.08384615384615385
0 0.0540625 0.9346153846153846 0.085625 0.12923076923076923
0 0.054375 0.02423076923076923 0.043750000000000004 0.04846153846153846
0 0.0203125 0.08423076923076923 0.026875 0.023846153846153847
0 0.16 0.06653846153846153 0.06 0.07923076923076923
0 0.15156250000000002 0.019230769230769232 0.044375 0.038461538461538464
0 0.09125 0.05692307692307692 0.03 0.043076923076923075
0 0.1153125 0.16038461538461538 0.029375000000000002 0.054615384615384614
0 0.31875000000000003 0.07961538461538462 0.18875 0.15923076923076923
0 0.43062500000000004 0.045384615384615384 0.10125 0.09076923076923077
0 0.7959375 0.06192307692307692 0.10187500000000001 0.12384615384615384
0 0.7781250000000001 0.010769230769230769 0.025 0.021538461538461538
0 0.7125 0.05384615384615385 0.055 0.09230769230769231
0 0.0903125 0.27192307692307693 0.024375 0.02846153846153846
