0 0.5328137817883511 0.6515 0.08777686628383921 0.161
0 0.4782608695652174 0.5205 0.13125512715340443 0.109
0 0.44339622641509435 0.6325000000000001 0.03527481542247744 0.053
0 0.4056603773584906 0.617 0.03527481542247744 0.044
0 0.5049220672682527 0.6015 0.051681706316652996 0.085
0 0.6382280557834291 0.6335000000000001 0.10172272354388844 0.133
0 0.6316652994257589 0.4965 0.12141099261689911 0.135
0 0.6230516817063166 0.4005 0.08285479901558655 0.075
0 0.6218211648892535 0.261 0.0771123872026251 0.22
0 0.5508613617719442 0.3555 0.09105824446267433 0.113
0 0.4593929450369155 0.3685 0.08695652173913045 0.105
0 0.534864643150123 0.258 0.05578342904019688 0.044
0 0.5598851517637408 0.2185 0.05004101722723544 0.043000000000000003
0 0.5447087776866284 0.1295 0.17063166529942578 0.135
0 0.43273174733388026 0.2695 0.05660377358490566 0.033
0 0.43560295324036097 0.20600000000000002 0.03281378178835111 0.04
0 0.42452830188679247 0.126 0.03527481542247744 0.06
0 0.383921246923708 0.08 0.09351927809680066 0.084
0 0.3457752255947498 0.1775 0.06480721903199343 0.055
0 0.2551271534044299 0.20550000000000002 0.10336341263330599 0.113
0 0.3096800656275636 0.259 0.140278917145201 0.088
0 0.36218211648892534 0.321 0.03855619360131255 0.064
0 0.27153404429860545 0.406 0.06562756357670221 0.158
0 0.3872026251025431 0.4385 0.16735028712059066 0.189
0 0.3724364232977851 0.6905 0.059064807219032 0.061
0 0.33264971287940936 0.6125 0.04019688269073011 0.049
0 0.2727645611156686 0.5875 0.04347826086956522 0.059000000000000004
0 0.3166529942575882 0.1225 0.060705496308449555 0.07100000000000001
0 0.939704675963905 0.6815 0.10910582444626744 0.107
0 0.8699753896636588 0.6605 0.02871205906480722 0.039
0 0.8921246923707958 0.607 0.06316652994257589 0.036000000000000004
0 0.967186218211649 0.5625 0.044298605414273995 0.083
0 0.9068908941755538 0.5175 0.16817063166529944 0.14100000000000001
0 0.7493847415914685 0.5155 0.04675963904840033 0.073
0 0.77850697292863 0.5660000000000001 0.03937653814602133 0.036000000000000004
0 0.8359310910582445 0.5105000000000001 0.03937653814602133 0.025
0 0.817473338802297 0.4625 0.04019688269073011 0.055
0 0.7448728465955702 0.45 0.03937653814602133 0.042
0 0.7588187038556194 0.3895 0.029532403609516 0.031
0 0.834290401968827 0.397 0.029532403609516 0.044
0 0.8908941755537326 0.419 0.05578342904019688 0.048
0 0.9544708777686629 0.334 0.027071369975389666 0.034
0 0.7739950779327318 0.3295 0.023789991796554555 0.035
0 0.8191140278917146 0.306 0.022149302707136997 0.03
0 0.8982772764561117 0.3085 0.06562756357670221 0.061
0 0.9655455291222313 0.28300000000000003 0.042657916324856444 0.03
0 0.9667760459392946 0.2135 0.036915504511895 0.079
0 0.918785890073831 0.23550000000000001 0.019688269073010665 0.033
0 0.8679245283018868 0.279 0.01804757998359311 0.026000000000000002
0 0.7858900738310091 0.23750000000000002 0.07547169811320756 0.049
0 0.9159146841673503 0.1655 0.05496308449548811 0.051000000000000004
0 0.8724364232977851 0.1285 0.022149302707136997 0.041
0 0.939704675963905 0.1045 0.08613617719442167 0.101
0 0.05701394585726005 0.497 0.09433962264150944 0.126
0 0.09023789991796555 0.5715 0.02789171452009844 0.037
0 0.11320754716981132 0.655 0.06562756357670221 0.098
0 0.034864643150123054 0.6395000000000001 0.03527481542247744 0.085
0 0.034864643150123054 0.7605000000000001 0.02871205906480722 0.059000000000000004
0 0.059064807219032 0.34400000000000003 0.10336341263330599 0.112
0 0.12715340442986056 0.2665 0.10172272354388844 0.059000000000000004
0 0.10787530762920428 0.176 0.06152584085315833 0.082
0 0.0553732567678425 0.082 0.08449548810500411 0.126
0 0.07301066447908122 0.966 0.044298605414273995 0.048
0 0.03855619360131255 0.908 0.02789171452009844 0.024
0 0.17596390484003283 0.921 0.05988515176374078 0.078
0 0.16817063166529944 0.9675 0.044298605414273995 0.039
0 0.10869565217391305 0.9325 0.030352748154224778 0.043000000000000003
0 0.13043478260869565 0.8320000000000001 0.029532403609516 0.054
0 0.3310090237899918 0.904 0.18621821164889255 0.156
0 0.44134536505332245 0.9345 0.10008203445447088 0.089
0 0.7994257588187039 0.9075 0.10090237899917966 0.121
0 0.7830188679245284 0.9580000000000001 0.02543068088597211 0.022
0 0.7178014766201806 0.918 0.05414273995077933 0.09
0 0.10336341263330599 0.724 0.024610336341263334 0.028
