0 0.5355191256830601 0.6530516431924882 0.0858704137392662 0.15492957746478872
0 0.47892271662763464 0.5291079812206573 0.12724434035909446 0.10422535211267606
0 0.44808743169398907 0.6384976525821596 0.034348165495706476 0.05070422535211268
0 0.4106167056986729 0.6253521126760563 0.034348165495706476 0.04131455399061033
0 0.507416081186573 0.6061032863849765 0.04996096799375488 0.08169014084507042
0 0.6381733021077284 0.6314553990610329 0.09914129586260734 0.12863849765258215
0 0.6272443403590945 0.49953051643192486 0.11787665886026542 0.1295774647887324
0 0.6163153786104606 0.407981220657277 0.08040593286494926 0.07230046948356807
0 0.6116315378610461 0.2737089201877934 0.07572209211553474 0.2112676056338028
0 0.5448868071818892 0.368075117370892 0.08899297423887588 0.10892018779342723
0 0.4558938329430133 0.3835680751173709 0.08430913348946135 0.10046948356807511
0 0.5269320843091335 0.27464788732394363 0.0546448087431694 0.04225352112676056
0 0.550351288056206 0.2356807511737089 0.04839968774395004 0.04131455399061033
0 0.5327868852459017 0.15070422535211267 0.16627634660421545 0.13051643192488263
0 0.4277907884465261 0.2896713615023474 0.0546448087431694 0.030985915492957747
0 0.42857142857142855 0.22863849765258215 0.03278688524590164 0.038497652582159626
0 0.41530054644808745 0.15211267605633802 0.034348165495706476 0.05821596244131455
0 0.37470725995316156 0.10938967136150235 0.09055425448868072 0.07981220657276995
0 0.3407494145199063 0.20469483568075117 0.06323185011709602 0.05258215962441314
0 0.2529274004683841 0.2352112676056338 0.09992193598750976 0.10985915492957746
0 0.3079625292740047 0.28450704225352114 0.1366120218579235 0.08450704225352113
0 0.36026541764246683 0.34225352112676055 0.03825136612021858 0.06103286384976526
0 0.2747853239656518 0.4276995305164319 0.06401249024199844 0.15117370892018778
0 0.3875878220140515 0.45399061032863847 0.16315378610460576 0.1812206572769953
0 0.3801717408274785 0.6971830985915493 0.05776736924277908 0.059154929577464786
0 0.3395784543325527 0.6234741784037559 0.039032006245121 0.046948356807511735
0 0.28024980483996875 0.6018779342723004 0.04215456674473068 0.056338028169014086
0 0.31030444964871196 0.15352112676056337 0.0585480093676815 0.06854460093896714
0 0.9328649492583919 0.6657276995305165 0.10616705698672912 0.10328638497652581
0 0.8645589383294301 0.647887323943662 0.02888368462138954 0.03755868544600939
0 0.8840749414519906 0.5957746478873239 0.06167056986729118 0.03474178403755868
0 0.9566744730679156 0.5502347417840375 0.0429352068696331 0.07887323943661971
0 0.8961748633879781 0.5089201877934272 0.16393442622950818 0.1352112676056338
0 0.7427790788446527 0.5136150234741784 0.04605776736924278 0.06948356807511737
0 0.7724434035909445 0.5610328638497653 0.03825136612021858 0.03474178403755868
0 0.827088212334114 0.5056338028169014 0.03825136612021858 0.023474178403755867
0 0.8071818891491023 0.4596244131455399 0.039032006245121 0.05352112676056338
0 0.7365339578454333 0.45117370892018777 0.03825136612021858 0.04037558685446009
0 0.7486338797814208 0.392018779342723 0.02810304449648712 0.030985915492957747
0 0.8224043715846995 0.39624413145539905 0.02888368462138954 0.04131455399061033
0 0.8778298204527712 0.4154929577464789 0.053864168618266976 0.0460093896713615
0 0.9375487900078064 0.33098591549295775 0.02654176424668228 0.03286384976525822
0 0.7619047619047619 0.33380281690140845 0.023419203747072598 0.03474178403755868
0 0.8052302888368462 0.30938967136150236 0.02107728337236534 0.029107981220657275
0 0.8821233411397346 0.3084507042253521 0.06401249024199844 0.059154929577464786
0 0.9469164715066355 0.28169014084507044 0.04215456674473068 0.028169014084507043
0 0.9461358313817331 0.21455399061032862 0.03590944574551132 0.07605633802816901
0 0.9000780640124902 0.2380281690140845 0.02029664324746292 0.030985915492957747
0 0.8516783762685401 0.2812206572769953 0.017174082747853238 0.02535211267605634
0 0.7704918032786885 0.24507042253521127 0.07338017174082748 0.046948356807511735
0 0.8957845433255269 0.1704225352112676 0.053864168618266976 0.04788732394366197
0 0.8516783762685401 0.13708920187793427 0.02185792349726776 0.039436619718309855
0 0.9168618266978923 0.1107981220657277 0.08508977361436378 0.09577464788732394
0 0.06791569086651054 0.5234741784037559 0.09211553473848556 0.12112676056338027
0 0.10226385636221702 0.5938967136150235 0.02810304449648712 0.03474178403755868
0 0.12646370023419204 0.6727699530516432 0.06401249024199844 0.09483568075117371
0 0.04996096799375488 0.6615023474178403 0.034348165495706476 0.08169014084507042
0 0.05308352849336456 0.7779342723004695 0.02810304449648712 0.057276995305164315
0 0.06557377049180328 0.37652582159624415 0.1014832162373146 0.10704225352112676
0 0.12997658079625293 0.29953051643192485 0.09914129586260734 0.056338028169014086
0 0.10850897736143637 0.21314553990610327 0.059328649492583915 0.07887323943661971
0 0.0546448087431694 0.1244131455399061 0.08274785323965651 0.12112676056338027
0 0.09640905542544886 0.9732394366197182 0.0429352068696331 0.0460093896713615
0 0.06088992974238876 0.9197183098591549 0.02654176424668228 0.023474178403755867
0 0.195160031225605 0.9267605633802817 0.05776736924277908 0.07511737089201878
0 0.18930523028883683 0.9713615023474178 0.0429352068696331 0.036619718309859155
0 0.12997658079625293 0.9403755868544601 0.02888368462138954 0.04037558685446009
0 0.148711943793911 0.8422535211267606 0.02888368462138954 0.05258215962441314
0 0.34621389539422326 0.9037558685446009 0.18032786885245902 0.14929577464788732
0 0.45472287275565965 0.928169014084507 0.0975800156128025 0.08544600938967135
0 0.8021077283372365 0.888262910798122 0.0975800156128025 0.1164319248826291
0 0.7876658860265418 0.9375586854460094 0.02498048399687744 0.0215962441314554
0 0.7228727556596409 0.9018779342723005 0.05308352849336456 0.08732394366197183
0 0.11943793911007025 0.739906103286385 0.023419203747072598 0.028169014084507043
