0 0.473501303214596 0.3363443145589798 0.08861859252823631 0.16259298618490967
0 0.523892267593397 0.4718384697130712 0.13205907906168549 0.11052072263549415
0 0.5625543006081668 0.3602550478214665 0.035621198957428324 0.053134962805526036
0 0.5999131190269331 0.37725823591923485 0.035621198957428324 0.04463336875664187
0 0.4995655951346655 0.3884165781083953 0.052128583840139006 0.08607863974495217
0 0.366637706342311 0.3496280552603613 0.10251954821894005 0.1339001062699256
0 0.36924413553431795 0.48777895855472897 0.12163336229365768 0.13602550478214664
0 0.37445699391833187 0.5855472901168969 0.08340573414422241 0.07651434643995748
0 0.37098175499565594 0.7263549415515409 0.07819287576020852 0.2221041445270988
0 0.445264986967854 0.6339001062699255 0.09122502172024326 0.11370882040382571
0 0.5377932232841007 0.6259298618490967 0.08688097306689835 0.10626992561105207
0 0.45829713292788876 0.7332624867162593 0.05647263249348392 0.04463336875664187
0 0.43179843614248475 0.7720510095642933 0.05039096437880104 0.043570669500531345
0 0.4439617723718505 0.8623804463336875 0.17202432667245873 0.13708820403825717
0 0.5608166811468288 0.7268862911795961 0.05647263249348392 0.03188097768331562
0 0.5564726324934839 0.7906482465462273 0.03388357949609035 0.040382571732199786
0 0.5647263249348392 0.8719447396386822 0.034752389226759335 0.060573857598299675
0 0.6038227628149435 0.9202975557917109 0.09383145091225022 0.08501594048884165
0 0.6450912250217202 0.8241232731137088 0.06516072980017376 0.056323060573857595
0 0.7371850564726324 0.8002125398512221 0.10338835794960903 0.11477151965993623
0 0.6841876629018244 0.7428267800212539 0.1416159860990443 0.08926673751328373
0 0.6337966985230234 0.6785334750265675 0.03909643788010426 0.06482465462274176
0 0.7271937445699391 0.5972369819341126 0.06602953953084274 0.1594048884165781
0 0.6125108601216334 0.5584484590860787 0.16854908774978278 0.1902231668437832
0 0.6359687228496959 0.3049946865037194 0.059079061685490875 0.0616365568544102
0 0.6728931364031276 0.38629117959617426 0.04083405734144222 0.04994686503719447
0 0.732406602953953 0.4139213602550478 0.043440486533449174 0.05844845908607864
0 0.6733275412684622 0.8809776833156217 0.06081668114682884 0.07226354941551541
0 0.06559513466550825 0.2858660998937301 0.1103388357949609 0.1083953241232731
0 0.13466550825369245 0.3108395324123273 0.029539530842745437 0.039319872476089264
0 0.11120764552562988 0.3639744952178533 0.06429192006950478 0.03719447396386822
0 0.03388357949609035 0.40488841657810837 0.04517810599478714 0.08289054197662062
0 0.09252823631624674 0.4532412327311371 0.16941789748045177 0.14133900106269925
0 0.2510860121633362 0.46280552603613173 0.04691572545612511 0.07332624867162593
0 0.22328410078192876 0.4107332624867162 0.03996524761077324 0.03719447396386822
0 0.16420503909643788 0.463336875664187 0.03996524761077324 0.025504782146652496
0 0.18114682884448305 0.5127523910733263 0.04083405734144222 0.056323060573857595
0 0.2536924413553432 0.5292242295430393 0.03996524761077324 0.04250797024442082
0 0.23761946133796696 0.589798087141339 0.028670721112076452 0.03188097768331562
0 0.16203301476976542 0.5781083953241233 0.03040834057341442 0.04463336875664187
0 0.10599478714161598 0.553134962805526 0.05560382276281494 0.04782146652497343
0 0.03909643788010426 0.6354941551540914 0.02780191138140747 0.03400637619553666
0 0.2198088618592528 0.6493092454835281 0.024326672458731536 0.036131774707757705
0 0.17419635099913117 0.6705632306057385 0.021720243266724587 0.02975557917109458
0 0.0947002606429192 0.6641870350690754 0.06602953953084274 0.0616365568544102
0 0.026498696785403994 0.6865037194473963 0.042571676802780185 0.02975557917109458
0 0.02302345786272806 0.757173219978746 0.03735881841876629 0.07970244420828905
0 0.07124239791485665 0.7369819341126461 0.020851433536055602 0.03294367693942614
0 0.12467419635099912 0.6955366631243358 0.018245004344048653 0.026567481402763018
0 0.2050390964378801 0.7412327311370882 0.07645525629887054 0.04994686503719447
0 0.07211120764552563 0.8076514346439957 0.05560382276281494 0.05100956429330499
0 0.11468288444830581 0.846971307120085 0.02258905299739357 0.04250797024442082
0 0.04648132059079062 0.8676939426142402 0.08774978279756733 0.10095642933049946
0 0.9461337966985229 0.5159404888416578 0.09383145091225022 0.128586609989373
0 0.9152910512597741 0.4394261424017003 0.028670721112076452 0.03719447396386822
0 0.8953084274543874 0.35441020191285866 0.06689834926151172 0.09883103081827842
0 0.9735013032145959 0.373538788522848 0.035621198957428324 0.08607863974495217
0 0.9774109470026063 0.25132837407013814 0.029539530842745437 0.060573857598299675
0 0.9391833188531711 0.6705632306057385 0.10425716768027801 0.11264612114771519
0 0.8679409209383144 0.744952178533475 0.10251954821894005 0.05951115834218916
0 0.8844483058210252 0.8374070138150903 0.06081668114682884 0.08289054197662062
0 0.9339704604691572 0.9351753453772582 0.08514335360556037 0.12752391073326247
0 0.9456993918331885 0.04250797024442082 0.044309296264118156 0.04888416578108395
0 0.9787141615986098 0.10255047821466524 0.02693310165073849 0.024442082890541974
0 0.841007819287576 0.0818278427205101 0.06081668114682884 0.07863974495217853
0 0.8501303214596003 0.036131774707757705 0.044309296264118156 0.03825717321997874
0 0.9092093831450911 0.07385759829968118 0.03040834057341442 0.043570669500531345
0 0.8840139009556907 0.17481402763018064 0.03040834057341442 0.05419766206163655
0 0.6841876629018244 0.09192348565356004 0.18679409209383144 0.15621679064824653
0 0.5742832319721981 0.055791710945802334 0.10078192875760209 0.09032943676939426
0 0.2141615986099044 0.06535600425079702 0.10165073848827107 0.12221041445270987
0 0.23240660295395307 0.01540913921360255 0.02519548218940052 0.022316684378320933
0 0.29626411815812337 0.05844845908607864 0.05560382276281494 0.09139213602550478
0 0.9070373588184187 0.28480340063761955 0.024326672458731536 0.02975557917109458
