0 0.5194610778443114 0.34425493716337524 0.08532934131736528 0.15350089766606823
0 0.4760479041916168 0.4748653500897666 0.125748502994012 0.10412926391382406
0 0.4345059880239521 0.37163375224416517 0.033682634730538924 0.05026929982046679
0 0.39895209580838326 0.3904847396768402 0.0344311377245509 0.04129263913824058
0 0.49625748502994016 0.39452423698384204 0.04940119760479042 0.08168761220825853
0 0.6223802395209581 0.3500897666068223 0.09805389221556887 0.12746858168761221
0 0.625748502994012 0.48114901256732495 0.11676646706586827 0.12746858168761221
0 0.624625748502994 0.5731597845601436 0.08008982035928144 0.07091561938958707
0 0.6332335329341318 0.7055655296229802 0.07485029940119761 0.21005385996409337
0 0.5580089820359282 0.6234290843806104 0.08757485029940121 0.10682226211849193
0 0.468562874251497 0.6207360861759426 0.08383233532934133 0.09964093357271095
0 0.5494011976047904 0.7176840215439857 0.05389221556886228 0.0421903052064632
0 0.5763473053892216 0.7526929982046678 0.04790419161676647 0.04039497307001796
0 0.5684880239520959 0.8388689407540395 0.16541916167664672 0.12836624775583483
0 0.4502245508982036 0.7172351885098743 0.05464071856287425 0.03052064631956912
0 0.45770958083832336 0.7769299820466786 0.032185628742514974 0.03859964093357271
0 0.45247005988023953 0.8545780969479354 0.033682634730538924 0.05745062836624776
0 0.4169161676646707 0.9026032315978456 0.08982035928143713 0.07989228007181329
0 0.37350299401197606 0.8137342908438061 0.062874251497006 0.05296229802513465
0 0.28330838323353297 0.7971274685816876 0.09955089820359282 0.10771992818671455
0 0.3323353293413174 0.7401256732495511 0.13622754491017966 0.08348294434470377
0 0.37799401197604793 0.676391382405745 0.037425149700598806 0.06014362657091562
0 0.2848053892215569 0.6050269299820467 0.06362275449101797 0.14901256732495513
0 0.3940868263473054 0.5619389587073609 0.16242514970059882 0.17953321364452424
0 0.36152694610778446 0.32360861759425497 0.056886227544910184 0.05834829443447038
0 0.3293413173652695 0.4026032315978456 0.038922155688622756 0.04578096947935368
0 0.2728293413173653 0.43267504488330344 0.04116766467065869 0.05565529622980252
0 0.34842814371257486 0.8693895870736087 0.05913173652694611 0.06732495511669659
0 0.909805389221557 0.27244165170556556 0.10553892215568864 0.1014362657091562
0 0.8443113772455091 0.3002692998204668 0.028443113772455092 0.03680430879712747
0 0.8690119760479043 0.34919210053859967 0.06137724550898204 0.03411131059245961
0 0.9449850299401198 0.38285457809694795 0.04266467065868264 0.07809694793536805
0 0.8899700598802396 0.43222621184919213 0.1631736526946108 0.13375224416517056
0 0.7380239520958084 0.45017953321364457 0.04491017964071856 0.06912028725314183
0 0.7623502994011977 0.39946140035906647 0.03817365269461078 0.03411131059245961
0 0.8214820359281437 0.44614003590664275 0.03817365269461078 0.02333931777378815
0 0.8076347305389222 0.49371633752244165 0.038922155688622756 0.05206463195691203
0 0.7383982035928144 0.5130161579892281 0.03817365269461078 0.04039497307001796
0 0.7563622754491018 0.5691202872531419 0.027694610778443117 0.03052064631956912
0 0.8285928143712575 0.5538599640933572 0.028443113772455092 0.04129263913824058
0 0.8817365269461078 0.52737881508079 0.05389221556886228 0.04578096947935368
0 0.9487275449101797 0.6014362657091562 0.026197604790419163 0.03231597845601436
0 0.7750748502994013 0.624326750448833 0.02320359281437126 0.03321364452423699
0 0.8203592814371258 0.6418312387791741 0.02095808383233533 0.02872531418312388
0 0.8963323353293414 0.631508078994614 0.06362275449101797 0.05834829443447038
0 0.9629491017964072 0.6481149012567325 0.04116766467065869 0.02872531418312388
0 0.9693113772455091 0.7145421903052065 0.035928143712574856 0.07540394973070018
0 0.9217814371257486 0.6983842010771993 0.020209580838323353 0.03052064631956912
0 0.8693862275449102 0.6624775583482945 0.01721556886227545 0.025134649910233394
0 0.7934131736526947 0.7105026929982047 0.07335329341317366 0.04757630161579893
0 0.9240269461077845 0.7652603231597845 0.0531437125748503 0.04757630161579893
0 0.8843562874251497 0.80475763016158 0.021706586826347306 0.03859964093357271
0 0.9513473053892216 0.8204667863554758 0.08383233532934133 0.09515260323159785
0 0.07148203592814371 0.5412926391382405 0.09056886227544911 0.12028725314183124
0 0.09805389221556887 0.4663375224416517 0.02694610778443114 0.03500897666068223
0 0.11414670658682635 0.3850987432675045 0.06362275449101797 0.0933572710951526
0 0.03967065868263473 0.40843806104129265 0.0344311377245509 0.08078994614003591
0 0.03068862275449102 0.29308797127468583 0.028443113772455092 0.05655296229802514
0 0.0845808383233533 0.6862657091561939 0.10029940119760479 0.10682226211849193
0 0.15568862275449102 0.7522441651705566 0.09880239520958084 0.05565529622980252
0 0.1433383233532934 0.8402154398563735 0.05913173652694611 0.07899461400359067
0 0.09955089820359282 0.9353680430879713 0.08233532934131738 0.12028725314183124
0 0.0531437125748503 0.09470377019748653 0.04191616766467066 0.04578096947935368
0 0.023577844311377247 0.1526032315978456 0.026197604790419163 0.02333931777378815
0 0.15531437125748504 0.12567324955116696 0.05763473053892216 0.07360861759425494
0 0.14483532934131738 0.08258527827648116 0.04266467065868264 0.03590664272890485
0 0.08944610778443114 0.12163375224416517 0.029191616766467067 0.04039497307001796
0 0.11788922155688623 0.2158886894075404 0.029191616766467067 0.05116696588868941
0 0.3068862275449102 0.12522441651705565 0.17964071856287425 0.1481149012567325
0 0.41092814371257486 0.08527827648114901 0.09730538922155689 0.0843806104129264
0 0.7582335329341318 0.07315978456014363 0.09730538922155689 0.11579892280071814
0 0.7383982035928144 0.02737881508078995 0.02470059880239521 0.02064631956912029
0 0.6785179640718564 0.0718132854578097 0.0531437125748503 0.08617594254937164
0 0.0999251497005988 0.32046678635547576 0.02320359281437126 0.026929982046678638
