0 0.5252692626346313 0.3377016129032258 0.08782104391052195 0.16129032258064516
0 0.4763877381938691 0.47177419354838707 0.1309030654515327 0.10887096774193548
0 0.43744821872410933 0.3629032258064516 0.0347970173985087 0.05241935483870967
0 0.3997514498757249 0.38004032258064513 0.035625517812758904 0.04435483870967742
0 0.5 0.38961693548387094 0.05219552609776305 0.08568548387096774
0 0.6309030654515327 0.3492943548387097 0.10190555095277547 0.13205645161290322
0 0.6304888152444076 0.48639112903225806 0.12096106048053024 0.13407258064516128
0 0.6255178127589064 0.5826612903225806 0.08285004142502071 0.07459677419354839
0 0.6300745650372824 0.7217741935483871 0.07705053852526926 0.21975806451612903
0 0.5555095277547638 0.6315524193548387 0.09030654515327258 0.11189516129032258
0 0.463960231980116 0.6244959677419355 0.08616404308202154 0.10383064516129031
0 0.5439105219552609 0.7293346774193549 0.05550952775476387 0.04334677419354838
0 0.5700082850041425 0.7671370967741935 0.04971002485501243 0.04233870967741935
0 0.5588235294117647 0.8568548387096774 0.17149958574979288 0.1350806451612903
0 0.4415907207953604 0.7247983870967741 0.05633802816901408 0.03225806451612903
0 0.44656172328086163 0.7872983870967741 0.033140016570008285 0.04032258064516129
0 0.4391052195526097 0.8679435483870968 0.0347970173985087 0.06048387096774194
0 0.4009942004971002 0.9158266129032258 0.09279204639602319 0.08366935483870967
0 0.35874067937033965 0.8210685483870968 0.06462303231151616 0.055443548387096774
0 0.2671913835956918 0.7993951612903225 0.10356255178127588 0.11290322580645161
0 0.31938690969345485 0.7424395161290323 0.140016570008285 0.0877016129032258
0 0.36909693454846726 0.6779233870967741 0.03893951946975973 0.06350806451612903
0 0.27547638773819383 0.5982862903225806 0.06545153272576636 0.15625
0 0.3889809444904722 0.5594758064516129 0.16652858326429162 0.1875
0 0.3632974316487158 0.3089717741935484 0.058823529411764705 0.06149193548387097
0 0.3276719138359569 0.38911290322580644 0.04059652029826015 0.04838709677419355
0 0.2684341342170671 0.4178427419354839 0.04308202154101077 0.057459677419354836
0 0.33181441590720795 0.8780241935483871 0.06048053024026512 0.07056451612903225
0 0.9295774647887324 0.28276209677419356 0.10936205468102733 0.10584677419354839
0 0.8612261806130903 0.3084677419354839 0.02899751449875725 0.038306451612903226
0 0.8848384424192212 0.360383064516129 0.06296603148301574 0.035282258064516125
0 0.9623032311516155 0.39969758064516125 0.043910521955260975 0.08165322580645161
0 0.904308202154101 0.4480846774193548 0.16818558409279205 0.14012096774193547
0 0.7468931234465617 0.4596774193548387 0.0472245236122618 0.07258064516129031
0 0.7738193869096934 0.40826612903225806 0.039768019884009936 0.03629032258064516
0 0.8330571665285832 0.4591733870967742 0.03893951946975973 0.025201612903225805
0 0.8169014084507041 0.5085685483870968 0.039768019884009936 0.055443548387096774
0 0.7452361226180613 0.5252016129032258 0.03893951946975973 0.04233870967741935
0 0.7618061309030654 0.5851814516129032 0.02899751449875725 0.03125
0 0.8363711681855841 0.5730846774193549 0.02899751449875725 0.04334677419354838
0 0.8918806959403479 0.5473790322580645 0.05550952775476387 0.04838709677419355
0 0.9585749792874896 0.6280241935483871 0.026512013256006627 0.034274193548387094
0 0.7792046396023198 0.6436491935483871 0.024026512013256004 0.035282258064516125
0 0.8251864125932062 0.6643145161290323 0.021541010770505385 0.03024193548387097
0 0.903893951946976 0.6567540322580645 0.06628003314001657 0.06149193548387097
0 0.9718309859154929 0.6774193548387096 0.04308202154101077 0.03024193548387097
0 0.976387738193869 0.7469758064516129 0.03728251864125932 0.07862903225806452
0 0.9275062137531068 0.7278225806451613 0.020712510356255178 0.03225806451612903
0 0.8744821872410936 0.688508064516129 0.01739850869925435 0.026209677419354836
0 0.7949461474730737 0.734375 0.07539353769676885 0.04939516129032258
0 0.9275062137531068 0.797883064516129 0.05550952775476387 0.04939516129032258
0 0.8852526926263463 0.8371975806451613 0.02236951118475559 0.04133064516129032
0 0.9540182270091134 0.8573588709677419 0.08699254349627174 0.09979838709677419
0 0.05758077879038939 0.5211693548387096 0.0936205468102734 0.12701612903225806
0 0.08740679370339685 0.44506048387096775 0.02899751449875725 0.037298387096774195
0 0.1064623032311516 0.36139112903225806 0.06545153272576636 0.09778225806451613
0 0.029411764705882353 0.3810483870967742 0.035625517812758904 0.0846774193548387
0 0.02444076222038111 0.2600806451612903 0.02899751449875725 0.05846774193548387
0 0.06586578293289146 0.6733870967741935 0.10356255178127588 0.11088709677419355
0 0.13711681855840926 0.7459677419354839 0.10190555095277547 0.05846774193548387
0 0.12137531068765534 0.8371975806451613 0.06048053024026512 0.08165322580645161
0 0.07290803645401822 0.9344758064516129 0.08450704225352113 0.125
0 0.054266777133388566 0.053931451612903226 0.043910521955260975 0.047379032258064516
0 0.021955260977630488 0.11290322580645161 0.027340513670256833 0.024193548387096774
0 0.15824357912178955 0.09122983870967742 0.05965202982601491 0.07762096774193548
0 0.14913007456503727 0.046370967741935484 0.04473902236951118 0.038306451612903226
0 0.09072079536039768 0.0846774193548387 0.030654515327257662 0.04233870967741935
0 0.1168185584092792 0.18397177419354838 0.029826014913007456 0.05342741935483871
0 0.3140016570008285 0.09879032258064516 0.18558409279204638 0.15524193548387097
0 0.4225352112676056 0.0625 0.09942004971002485 0.08870967741935484
0 0.780447390223695 0.06653225806451613 0.10107705053852527 0.12096774193548387
0 0.7618061309030654 0.01814516129032258 0.02568351284175642 0.02217741935483871
0 0.6984258492129246 0.06149193548387097 0.054681027340513666 0.0907258064516129
0 0.0944490472245236 0.2923387096774194 0.024855012427506214 0.028225806451612902
