0 0.5214105793450882 0.3424242424242424 0.08564231738035265 0.15555555555555556
0 0.4760705289672544 0.47373737373737373 0.12762384550797648 0.10505050505050505
0 0.4353484466834593 0.3686868686868687 0.03442485306465155 0.050505050505050504
0 0.399664147774979 0.38737373737373737 0.03526448362720403 0.04141414141414142
0 0.49748110831234255 0.3929292929292929 0.05121746431570109 0.08282828282828283
0 0.625104953820319 0.35 0.09991603694374475 0.12828282828282828
0 0.6272040302267002 0.4823232323232323 0.11754827875734676 0.1303030303030303
0 0.625104953820319 0.5757575757575758 0.08144416456759025 0.07272727272727272
0 0.6326616288832914 0.7095959595959596 0.0764063811922754 0.21313131313131314
0 0.5575146935348446 0.6252525252525253 0.08900083963056254 0.10909090909090909
0 0.4672544080604534 0.6212121212121212 0.08480268681780016 0.10101010101010101
0 0.5482787573467675 0.7202020202020202 0.055415617128463476 0.04242424242424243
0 0.5751469353484466 0.7560606060606061 0.04869857262804366 0.04141414141414142
0 0.5663308144416457 0.8434343434343434 0.1670864819479429 0.13131313131313133
0 0.44836272040302266 0.7191919191919192 0.055415617128463476 0.030303030303030304
0 0.4546599496221662 0.7797979797979798 0.0327455919395466 0.03838383838383838
0 0.4487825356842989 0.8580808080808081 0.03442485306465155 0.05757575757575758
0 0.41267842149454237 0.906060606060606 0.09151973131821999 0.0808080808080808
0 0.3694374475230898 0.8156565656565656 0.06381192275398824 0.05353535353535353
0 0.2791771620486986 0.7974747474747474 0.09991603694374475 0.1101010101010101
0 0.32913518052057095 0.7404040404040404 0.1376994122586062 0.08484848484848485
0 0.37573467674223343 0.6762626262626262 0.03778337531486146 0.06161616161616162
0 0.28253568429890846 0.603030303030303 0.06465155331654072 0.15151515151515152
0 0.39252728799328296 0.5606060606060606 0.163727959697733 0.18181818181818182
0 0.3623005877413938 0.3196969696969697 0.0579345088161209 0.0595959595959596
0 0.3287153652392947 0.398989898989899 0.03946263643996641 0.046464646464646465
0 0.2720403022670025 0.42828282828282827 0.041981528127623846 0.05656565656565657
0 0.3438287153652393 0.8712121212121212 0.05961376994122586 0.06767676767676768
0 0.9156171284634761 0.27474747474747474 0.10663308144416457 0.10303030303030303
0 0.8492863140218304 0.30252525252525253 0.027707808564231738 0.03737373737373737
0 0.8736356003358522 0.352020202020202 0.061293031066330814 0.03535353535353535
0 0.9500419815281276 0.38737373737373737 0.042821158690176324 0.0797979797979798
0 0.8942065491183879 0.43636363636363634 0.16456759026028547 0.13535353535353536
0 0.7405541561712846 0.453030303030303 0.04534005037783375 0.0696969696969697
0 0.7657430730478589 0.4015151515151515 0.038623005877413935 0.03535353535353535
0 0.8253568429890847 0.4494949494949495 0.038623005877413935 0.024242424242424242
0 0.8102434928631402 0.49747474747474746 0.038623005877413935 0.05353535353535353
0 0.7405541561712846 0.5161616161616162 0.038623005877413935 0.0404040404040404
0 0.7581863979848866 0.5732323232323232 0.028547439126784216 0.031313131313131314
0 0.8308144416456759 0.5590909090909091 0.02938706968933669 0.04141414141414142
0 0.8849706129303107 0.5323232323232323 0.05373635600335852 0.046464646464646465
0 0.9521410579345088 0.6080808080808081 0.02686817800167926 0.03232323232323232
0 0.7766582703610411 0.6292929292929292 0.023509655751469353 0.03434343434343434
0 0.8219983207388749 0.647979797979798 0.0218303946263644 0.029292929292929294
0 0.8988245172124265 0.6378787878787878 0.06465155331654072 0.0595959595959596
0 0.9659949622166246 0.656060606060606 0.04114189756507137 0.029292929292929294
0 0.971872376154492 0.7227272727272728 0.03610411418975651 0.07575757575757576
0 0.9235936188077246 0.7065656565656566 0.020151133501259445 0.031313131313131314
0 0.8711167086481948 0.6691919191919192 0.017632241813602016 0.025252525252525252
0 0.7942905121746431 0.7166666666666667 0.07388748950461796 0.047474747474747475
0 0.9252728799328296 0.7737373737373737 0.05373635600335852 0.048484848484848485
0 0.8849706129303107 0.8136363636363636 0.0218303946263644 0.03939393939393939
0 0.952560873215785 0.8303030303030303 0.08480268681780016 0.09696969696969697
0 0.0675902602854744 0.5353535353535354 0.09151973131821999 0.12121212121212122
0 0.09529806884970612 0.46060606060606063 0.027707808564231738 0.03636363636363636
0 0.11209068010075567 0.3787878787878788 0.06465155331654072 0.09494949494949495
0 0.036523929471032744 0.40050505050505053 0.03442485306465155 0.08181818181818182
0 0.02896725440806045 0.28383838383838383 0.027707808564231738 0.05656565656565657
0 0.07934508816120907 0.6823232323232323 0.1015952980688497 0.10808080808080808
0 0.15029387069689337 0.7505050505050505 0.09907640638119228 0.05656565656565657
0 0.13727959697732997 0.8388888888888889 0.05961376994122586 0.0797979797979798
0 0.09235936188077246 0.9348484848484848 0.08228379513014274 0.12222222222222222
0 0.053316540722082285 0.08383838383838384 0.042821158690176324 0.046464646464646465
0 0.023509655751469353 0.14191919191919192 0.02686817800167926 0.023232323232323233
0 0.1561712846347607 0.11616161616161616 0.05877413937867338 0.07474747474747474
0 0.14609571788413098 0.07272727272727272 0.0436607892527288 0.03636363636363636
0 0.09026028547439127 0.11161616161616161 0.02938706968933669 0.04141414141414142
0 0.11754827875734676 0.20707070707070707 0.028547439126784216 0.052525252525252523
0 0.3089840470193115 0.11818181818181818 0.181360201511335 0.1494949494949495
0 0.41435768261964734 0.07929292929292929 0.0982367758186398 0.08585858585858586
0 0.7644836272040302 0.07121212121212121 0.0982367758186398 0.11616161616161616
0 0.7451721242653232 0.024747474747474747 0.02434928631402183 0.021212121212121213
0 0.6842989084802686 0.0691919191919192 0.05373635600335852 0.08787878787878788
0 0.09865659109991604 0.31262626262626264 0.02434928631402183 0.02727272727272727
