0 0.47000000000000003 0.3334615384615385 0.08875 0.16538461538461538
0 0.5231250000000001 0.4703846153846154 0.1325 0.11153846153846154
0 0.560625 0.3557692307692308 0.035 0.05307692307692308
0 0.5990625 0.3726923076923077 0.035625000000000004 0.04384615384615385
0 0.4971875 0.38576923076923075 0.051875000000000004 0.08692307692307692
0 0.3621875 0.34884615384615386 0.10312500000000001 0.13615384615384615
0 0.36625 0.49038461538461536 0.1225 0.1376923076923077
0 0.373125 0.5896153846153847 0.08375 0.07615384615384616
0 0.3715625 0.7330769230769231 0.078125 0.22615384615384615
0 0.4459375 0.6376923076923077 0.091875 0.11538461538461539
0 0.539375 0.6273076923076923 0.08750000000000001 0.10692307692307693
0 0.46 0.7384615384615385 0.05625 0.04461538461538461
0 0.43375 0.7784615384615384 0.05 0.043076923076923075
0 0.4475 0.8707692307692307 0.17375000000000002 0.13846153846153847
0 0.5640625 0.73 0.056875 0.03230769230769231
0 0.5603125 0.795 0.033125 0.040769230769230766
0 0.5700000000000001 0.8780769230769231 0.035 0.06076923076923077
0 0.6103125 0.9265384615384615 0.094375 0.08538461538461538
0 0.6509375000000001 0.8273076923076923 0.065625 0.05615384615384615
0 0.7440625 0.8011538461538461 0.104375 0.11615384615384615
0 0.689375 0.7442307692307693 0.14250000000000002 0.09
0 0.6375000000000001 0.6792307692307692 0.03875 0.06461538461538462
0 0.7312500000000001 0.5942307692307692 0.06625 0.16076923076923078
0 0.614375 0.5573076923076923 0.17 0.1930769230769231
0 0.6346875 0.2980769230769231 0.059375000000000004 0.06230769230769231
0 0.673125 0.38 0.04 0.04923076923076923
0 0.7340625000000001 0.4073076923076923 0.043125000000000004 0.05923076923076923
0 0.68 0.8846153846153846 0.06125 0.07230769230769231
0 0.055625 0.29 0.11125 0.10923076923076923
0 0.12625 0.31423076923076926 0.02875 0.03923076923076923
0 0.10312500000000001 0.3688461538461538 0.06375 0.036153846153846154
0 0.0253125 0.41192307692307695 0.044375 0.08384615384615385
0 0.085625 0.4603846153846154 0.17125 0.14384615384615385
0 0.24656250000000002 0.46692307692307694 0.046875 0.07384615384615384
0 0.2178125 0.41423076923076924 0.039375 0.036153846153846154
0 0.1584375 0.46923076923076923 0.039375 0.024615384615384615
0 0.17625 0.5196153846153846 0.04 0.05615384615384615
0 0.2496875 0.5342307692307692 0.039375 0.04230769230769231
0 0.234375 0.5965384615384616 0.02875 0.031538461538461536
0 0.1578125 0.5865384615384616 0.029375000000000002 0.04384615384615385
0 0.1003125 0.561923076923077 0.055625 0.04846153846153846
0 0.0340625 0.6476923076923077 0.026875 0.033846153846153845
0 0.2175 0.6576923076923077 0.02375 0.03538461538461538
0 0.17125 0.6803846153846154 0.02125 0.03
0 0.090625 0.6757692307692308 0.06625 0.06230769230769231
0 0.021562500000000002 0.6996153846153846 0.043125000000000004 0.03
0 0.01875 0.7715384615384615 0.0375 0.08
0 0.068125 0.75 0.02 0.03230769230769231
0 0.12125 0.7069230769230769 0.0175 0.026153846153846153
0 0.20375000000000001 0.7519230769230769 0.07625 0.05
0 0.0696875 0.8223076923076923 0.055625 0.05076923076923077
0 0.1134375 0.8615384615384616 0.021875000000000002 0.04153846153846154
0 0.0440625 0.8842307692307693 0.088125 0.10230769230769231
0 0.951875 0.5069230769230769 0.095 0.12923076923076923
0 0.9196875 0.42923076923076925 0.028125 0.03692307692307692
0 0.8981250000000001 0.34307692307692306 0.06625 0.1
0 0.9775 0.36115384615384616 0.035 0.08692307692307692
0 0.98 0.23615384615384616 0.02875 0.06
0 0.946875 0.6646153846153846 0.105 0.11384615384615385
0 0.8759375 0.7419230769230769 0.10312500000000001 0.05923076923076923
0 0.89375 0.8357692307692308 0.06125 0.08384615384615385
0 0.9453125 0.9346153846153846 0.085625 0.12923076923076923
0 0.9450000000000001 0.02423076923076923 0.043750000000000004 0.04846153846153846
0 0.9790625000000001 0.08423076923076923 0.026875 0.023846153846153847
0 0.839375 0.06653846153846153 0.06 0.07923076923076923
0 0.8478125 0.019230769230769232 0.044375 0.038461538461538464
0 0.9081250000000001 0.05692307692307692 0.03 0.043076923076923075
0 0.8840625 0.16038461538461538 0.029375000000000002 0.054615384615384614
0 0.680625 0.07961538461538462 0.18875 0.15923076923076923
0 0.56875 0.045384615384615384 0.10125 0.09076923076923077
0 0.2034375 0.06192307692307692 0.10187500000000001 0.12384615384615384
0 0.22125 0.010769230769230769 0.025 0.021538461538461538
0 0.286875 0.05384615384615385 0.055 0.09230769230769231
0 0.9090625 0.27192307692307693 0.024375 0.02846153846153846
