0 0.47000000000000003 0.6657692307692308 0.08875 0.16538461538461538
0 0.5231250000000001 0.5288461538461539 0.1325 0.11153846153846154
0 0.560625 0.6434615384615384 0.035 0.05307692307692308
0 0.5990625 0.6265384615384615 0.035625000000000004 0.04384615384615385
0 0.4971875 0.6134615384615385 0.051875000000000004 0.08692307692307692
0 0.3621875 0.6503846153846153 0.10312500000000001 0.13615384615384615
0 0.36625 0.5088461538461538 0.1225 0.1376923076923077
0 0.373125 0.4096153846153846 0.08375 0.07615384615384616
0 0.3715625 0.26615384615384613 0.078125 0.22615384615384615
0 0.4459375 0.36153846153846153 0.091875 0.11538461538461539
0 0.539375 0.3719230769230769 0.08750000000000001 0.10692307692307693
0 0.46 0.26076923076923075 0.05625 0.04461538461538461
0 0.43375 0.22076923076923077 0.05 0.043076923076923075
0 0.4475 0.12846153846153846 0.17375000000000002 0.13846153846153847
0 0.5640625 0.2692307692307692 0.056875 0.03230769230769231
0 0.5603125 0.20423076923076924 0.033125 0.040769230769230766
0 0.5700000000000001 0.12115384615384615 0.035 0.06076923076923077
0 0.6103125 0.0726923076923077 0.094375 0.08538461538461538
0 0.6509375000000001 0.17192307692307693 0.065625 0.05615384615384615
0 0.7440625 0.19807692307692307 0.104375 0.11615384615384615
0 0.689375 0.255 0.14250000000000002 0.09
0 0.6375000000000001 0.32 0.03875 0.06461538461538462
0 0.7312500000000001 0.405 0.06625 0.16076923076923078
0 0.614375 0.4419230769230769 0.17 0.1930769230769231
0 0.6346875 0.7011538461538461 0.059375000000000004 0.06230769230769231
0 0.673125 0.6192307692307693 0.04 0.04923076923076923
0 0.7340625000000001 0.5919230769230769 0.043125000000000004 0.05923076923076923
0 0.68 0.11461538461538462 0.06125 0.07230769230769231
0 0.055625 0.7092307692307692 0.11125 0.10923076923076923
0 0.12625 0.685 0.02875 0.03923076923076923
0 0.10312500000000001 0.6303846153846154 0.06375 0.036153846153846154
0 0.0253125 0.5873076923076923 0.044375 0.08384615384615385
0 0.085625 0.5388461538461539 0.17125 0.14384615384615385
0 0.24656250000000002 0.5323076923076923 0.046875 0.07384615384615384
0 0.2178125 0.585 0.039375 0.036153846153846154
0 0.1584375 0.53 0.039375 0.024615384615384615
0 0.17625 0.4796153846153846 0.04 0.05615384615384615
0 0.2496875 0.465 0.039375 0.04230769230769231
0 0.234375 0.4026923076923077 0.02875 0.031538461538461536
0 0.1578125 0.4126923076923077 0.029375000000000002 0.04384615384615385
0 0.1003125 0.4373076923076923 0.055625 0.04846153846153846
0 0.0340625 0.3515384615384615 0.026875 0.033846153846153845
0 0.2175 0.3415384615384615 0.02375 0.03538461538461538
0 0.17125 0.31884615384615383 0.02125 0.03
0 0.090625 0.32346153846153847 0.06625 0.06230769230769231
0 0.021562500000000002 0.2996153846153846 0.043125000000000004 0.03
0 0.01875 0.2276923076923077 0.0375 0.08
0 0.068125 0.24923076923076923 0.02 0.03230769230769231
0 0.12125 0.2923076923076923 0.0175 0.026153846153846153
0 0.20375000000000001 0.2473076923076923 0.07625 0.05
0 0.0696875 0.17692307692307693 0.055625 0.05076923076923077
0 0.1134375 0.1376923076923077 0.021875000000000002 0.04153846153846154
0 0.0440625 0.115 0.088125 0.10230769230769231
0 0.951875 0.49230769230769234 0.095 0.12923076923076923
0 0.9196875 0.57 0.028125 0.03692307692307692
0 0.8981250000000001 0.6561538461538462 0.06625 0.1
0 0.9775 0.6380769230769231 0.035 0.08692307692307692
0 0.98 0.7630769230769231 0.02875 0.06
0 0.946875 0.3346153846153846 0.105 0.11384615384615385
0 0.8759375 0.2573076923076923 0.10312500000000001 0.05923076923076923
0 0.89375 0.16346153846153846 0.06125 0.08384615384615385
0 0.9453125 0.06461538461538462 0.085625 0.12923076923076923
0 0.9450000000000001 0.975 0.043750000000000004 0.04846153846153846
0 0.9790625000000001 0.915 0.026875 0.023846153846153847
0 0.839375 0.9326923076923077 0.06 0.07923076923076923
0 0.8478125 0.98 0.044375 0.038461538461538464
0 0.9081250000000001 0.9423076923076923 0.03 0.043076923076923075
0 0.8840625 0.8388461538461538 0.029375000000000002 0.054615384615384614
0 0.680625 0.9196153846153846 0.18875 0.15923076923076923
0 0.56875 0.9538461538461539 0.10125 0.09076923076923077
0 0.2034375 0.9373076923076923 0.10187500000000001 0.12384615384615384
0 0.22125 0.9884615384615385 0.025 0.021538461538461538
0 0.286875 0.9453846153846154 0.055 0.09230769230769231
0 0.9090625 0.7273076923076923 0.024375 0.02846153846153846
