0 0.46598360655737703 0.3427579365079365 0.0860655737704918 0.15773809523809523
0 0.5217213114754098 0.470734126984127 0.12868852459016394 0.10813492063492063
0 0.5545081967213115 0.3601190476190476 0.03524590163934426 0.051587301587301584
0 0.5922131147540983 0.37450396825396826 0.03524590163934426 0.04265873015873016
0 0.49426229508196723 0.3913690476190476 0.05081967213114754 0.08432539682539682
0 0.36188524590163934 0.36259920634920634 0.10081967213114754 0.12996031746031744
0 0.3704918032786885 0.4975198412698412 0.11967213114754098 0.13194444444444445
0 0.380327868852459 0.5912698412698413 0.08196721311475409 0.0734126984126984
0 0.3831967213114754 0.7281746031746031 0.07622950819672131 0.21626984126984125
0 0.4524590163934426 0.6339285714285714 0.09016393442622951 0.1111111111111111
0 0.5426229508196722 0.6195436507936508 0.08524590163934426 0.10218253968253968
0 0.4692622950819672 0.7291666666666666 0.05491803278688524 0.04365079365079365
0 0.44508196721311477 0.7683531746031745 0.04918032786885246 0.04265873015873016
0 0.46147540983606555 0.8551587301587301 0.16885245901639345 0.13293650793650794
0 0.569672131147541 0.7162698412698413 0.05573770491803279 0.031746031746031744
0 0.5680327868852459 0.7777777777777777 0.03278688524590164 0.03968253968253968
0 0.5799180327868853 0.8566468253968254 0.03524590163934426 0.05853174603174603
0 0.6204918032786885 0.9012896825396824 0.09180327868852459 0.08234126984126984
0 0.6569672131147541 0.8050595238095237 0.06475409836065574 0.054563492063492064
0 0.7463114754098361 0.775297619047619 0.10245901639344263 0.1121031746031746
0 0.6913934426229508 0.7237103174603174 0.13852459016393442 0.08630952380952381
0 0.6389344262295082 0.6641865079365079 0.038524590163934426 0.0625
0 0.7274590163934426 0.5788690476190476 0.06475409836065574 0.15376984126984125
0 0.6131147540983607 0.5491071428571428 0.16557377049180327 0.185515873015873
0 0.6241803278688525 0.3010912698412698 0.05819672131147541 0.06051587301587301
0 0.6639344262295082 0.3774801587301587 0.039344262295081964 0.048611111111111105
0 0.7237704918032787 0.40079365079365076 0.04262295081967213 0.057539682539682536
0 0.6868852459016394 0.8576388888888888 0.060655737704918035 0.07043650793650794
0 0.06352459016393443 0.32093253968253965 0.10901639344262296 0.10416666666666666
0 0.13237704918032786 0.3407738095238095 0.028688524590163935 0.03869047619047619
0 0.11188524590163934 0.39384920634920634 0.06311475409836066 0.03571428571428571
0 0.03770491803278689 0.4384920634920635 0.04426229508196721 0.08134920634920634
0 0.09795081967213115 0.48164682539682535 0.16639344262295083 0.13789682539682538
0 0.2540983606557377 0.4801587301587301 0.04590163934426229 0.07142857142857142
0 0.22418032786885245 0.431547619047619 0.038524590163934426 0.03571428571428571
0 0.16844262295081966 0.48660714285714285 0.038524590163934426 0.0248015873015873
0 0.18770491803278688 0.5342261904761905 0.039344262295081964 0.054563492063492064
0 0.25901639344262295 0.5446428571428571 0.039344262295081964 0.041666666666666664
0 0.24631147540983606 0.6046626984126984 0.028688524590163935 0.030753968253968252
0 0.17172131147540984 0.5987103174603174 0.028688524590163935 0.04265873015873016
0 0.1151639344262295 0.5778769841269841 0.05491803278688524 0.04662698412698413
0 0.05368852459016393 0.6626984126984127 0.027049180327868853 0.03373015873015873
0 0.23155737704918034 0.6631944444444444 0.023770491803278688 0.034722222222222224
0 0.18770491803278688 0.6875 0.021311475409836064 0.02976190476190476
0 0.10942622950819672 0.6870039682539683 0.06475409836065574 0.06051587301587301
0 0.04344262295081967 0.7123015873015872 0.04262295081967213 0.02976190476190476
0 0.0430327868852459 0.78125 0.036885245901639344 0.07638888888888888
0 0.08975409836065573 0.7579365079365079 0.020491803278688523 0.031746031746031744
0 0.14016393442622951 0.7152777777777778 0.018032786885245903 0.025793650793650792
0 0.22172131147540983 0.7534722222222222 0.07459016393442623 0.048611111111111105
0 0.09385245901639344 0.8273809523809523 0.05491803278688524 0.0496031746031746
0 0.13729508196721313 0.8625992063492063 0.022131147540983605 0.04067460317460317
0 0.0709016393442623 0.8874007936507936 0.0860655737704918 0.09821428571428571
0 0.9381147540983606 0.48561507936507936 0.09262295081967213 0.1240079365079365
0 0.9045081967213114 0.4126984126984127 0.028688524590163935 0.03571428571428571
0 0.8807377049180328 0.3318452380952381 0.06475409836065574 0.09623015873015872
0 0.9581967213114754 0.34523809523809523 0.03442622950819672 0.08333333333333333
0 0.9569672131147541 0.22619047619047616 0.028688524590163935 0.057539682539682536
0 0.9381147540983606 0.6359126984126984 0.10245901639344263 0.10912698412698413
0 0.8717213114754099 0.712797619047619 0.10081967213114754 0.05654761904761904
0 0.8922131147540984 0.8010912698412698 0.05983606557377049 0.08035714285714285
0 0.9450819672131148 0.8928571428571428 0.08360655737704918 0.12301587301587301
0 0.9163934426229509 0.025793650793650792 0.04262295081967213 0.047619047619047616
0 0.9512295081967214 0.08134920634920634 0.027049180327868853 0.023809523809523808
0 0.8155737704918032 0.07093253968253968 0.05901639344262295 0.07638888888888888
0 0.8221311475409836 0.025793650793650792 0.04426229508196721 0.037698412698412696
0 0.8815573770491804 0.059027777777777776 0.030327868852459017 0.04265873015873016
0 0.8614754098360655 0.15873015873015872 0.029508196721311476 0.05357142857142857
0 0.6622950819672131 0.09126984126984126 0.18360655737704917 0.15277777777777776
0 0.5524590163934426 0.06349206349206349 0.09836065573770492 0.0873015873015873
0 0.19959016393442622 0.09672619047619047 0.09918032786885246 0.11805555555555555
0 0.2151639344262295 0.04712301587301587 0.02540983606557377 0.020833333333333332
0 0.2795081967213115 0.08531746031746032 0.054098360655737705 0.08928571428571427
0 0.889344262295082 0.2638888888888889 0.02459016393442623 0.027777777777777776
