0 0.5236660929432014 0.339080459770115 0.08691910499139414 0.15987460815047025
0 0.47590361445783136 0.47283176593521425 0.12908777969018934 0.10762800417972833
0 0.43631669535283996 0.3646812957157785 0.034423407917383825 0.052246603970741906
0 0.3997418244406196 0.3819226750261233 0.03528399311531842 0.04284221525600836
0 0.4987091222030981 0.39028213166144204 0.05077452667814114 0.08463949843260189
0 0.6290877796901894 0.3500522466039708 0.10154905335628228 0.1316614420062696
0 0.6290877796901894 0.4853709508881923 0.12048192771084337 0.13270637408568445
0 0.6247848537005164 0.5804597701149425 0.08261617900172118 0.07419017763845351
0 0.6303786574870912 0.7183908045977012 0.076592082616179 0.21839080459770116
0 0.5555077452667815 0.62957157784744 0.09036144578313253 0.11180773249738768
0 0.4647160068846816 0.6238244514106583 0.08605851979345956 0.10449320794148381
0 0.544750430292599 0.7272727272727273 0.055077452667814115 0.043887147335423204
0 0.5714285714285714 0.7643678160919541 0.049913941480206545 0.04284221525600836
0 0.560671256454389 0.8537095088819228 0.16953528399311532 0.13375130616509928
0 0.443631669535284 0.7236154649947754 0.05593803786574871 0.03239289446185998
0 0.4487951807228916 0.7852664576802508 0.03356282271944923 0.04075235109717869
0 0.4414802065404475 0.8657262277951934 0.034423407917383825 0.059561128526645774
0 0.4036144578313253 0.9137931034482759 0.09294320137693632 0.08254963427377221
0 0.36187607573149744 0.820271682340648 0.06454388984509467 0.05433646812957158
0 0.2706540447504303 0.7988505747126438 0.10240963855421686 0.11180773249738768
0 0.3218588640275387 0.741901776384535 0.1394148020654045 0.08777429467084641
0 0.3704819277108434 0.6776384535005225 0.0387263339070568 0.06374085684430512
0 0.27710843373493976 0.5997910135841171 0.06540447504302926 0.15464994775339605
0 0.38941480206540446 0.5600835945663533 0.16609294320137694 0.1859979101358412
0 0.36316695352839934 0.31243469174503663 0.0585197934595525 0.060606060606060615
0 0.3278829604130809 0.3918495297805643 0.039586919104991396 0.048066875653082555
0 0.2693631669535284 0.4205851619644724 0.04302925989672978 0.0574712643678161
0 0.3347676419965577 0.8761755485893418 0.060240963855421686 0.07001044932079416
0 0.9251290877796903 0.28056426332288403 0.10843373493975904 0.10553814002089865
0 0.8575731497418245 0.306687565308255 0.028399311531841654 0.03866248693834901
0 0.8816695352839932 0.3584117032392895 0.06282271944922548 0.035527690700104496
0 0.9582616179001722 0.39602925809822365 0.04388984509466437 0.08150470219435738
0 0.9010327022375215 0.44566353187042845 0.16695352839931155 0.13897596656217348
0 0.7444061962134252 0.4582027168234065 0.04647160068846816 0.07210031347962383
0 0.7710843373493976 0.40647857889237204 0.039586919104991396 0.035527690700104496
0 0.8304647160068848 0.45663531870428425 0.039586919104991396 0.025078369905956115
0 0.8141135972461274 0.5057471264367817 0.039586919104991396 0.05433646812957158
0 0.7435456110154905 0.5224660397074191 0.039586919104991396 0.04179728317659352
0 0.7598967297762479 0.5820271682340649 0.02925989672977625 0.031347962382445145
0 0.8339070567986231 0.5689655172413793 0.02925989672977625 0.04284221525600836
0 0.8894148020654045 0.5433646812957158 0.05421686746987952 0.048066875653082555
0 0.9561101549053357 0.6227795193312435 0.027538726333907058 0.03343782654127482
0 0.7779690189328744 0.6400208986415884 0.024096385542168676 0.03448275862068966
0 0.8240103270223752 0.6598746081504703 0.02151462994836489 0.030303030303030307
0 0.9018932874354562 0.652037617554859 0.06540447504302926 0.060606060606060615
0 0.9694492254733219 0.6718913270637409 0.042168674698795185 0.02925809822361547
0 0.9746127366609295 0.7408568443051202 0.03700516351118761 0.07732497387669802
0 0.9259896729776248 0.7220480668756531 0.020654044750430294 0.031347962382445145
0 0.8730636833046472 0.6828631138975967 0.018072289156626505 0.026123301985370953
0 0.7938898450946644 0.7298850574712644 0.07487091222030981 0.04911180773249739
0 0.9259896729776248 0.7915360501567399 0.055077452667814115 0.04911180773249739
0 0.8846815834767642 0.8312434691745038 0.022375215146299483 0.04075235109717869
0 0.9526678141135972 0.8500522466039708 0.08605851979345956 0.09926854754440963
0 0.060240963855421686 0.5256008359456635 0.09294320137693632 0.12539184952978058
0 0.08950086058519793 0.44984326018808785 0.027538726333907058 0.03657262277951934
0 0.10843373493975904 0.3662486938349008 0.06540447504302926 0.09717868338557994
0 0.03141135972461274 0.3866248693834901 0.03528399311531842 0.08359456635318704
0 0.02538726333907057 0.2664576802507837 0.028399311531841654 0.05851619644723094
0 0.06970740103270225 0.6760710553814002 0.10327022375215146 0.11076280041797285
0 0.14070567986230637 0.7476489028213167 0.10068846815834769 0.0574712643678161
0 0.12564543889845095 0.8380355276907002 0.060240963855421686 0.08150470219435738
0 0.0783132530120482 0.9346917450365727 0.08433734939759037 0.12434691745036573
0 0.05378657487091222 0.062173458725182866 0.04388984509466437 0.047021943573667714
0 0.022375215146299483 0.12121212121212123 0.027538726333907058 0.02298850574712644
0 0.1579173838209983 0.09822361546499478 0.05938037865748709 0.07732497387669802
0 0.14845094664371775 0.05329153605015675 0.04388984509466437 0.03761755485893417
0 0.09079173838209983 0.09195402298850576 0.030120481927710843 0.04179728317659352
0 0.117039586919105 0.19070010449320796 0.02925989672977625 0.05329153605015675
0 0.3123924268502582 0.10501567398119123 0.18416523235800344 0.15360501567398122
0 0.4199655765920826 0.06687565308254964 0.09982788296041309 0.08777429467084641
0 0.7753872633390706 0.06792058516196448 0.09982788296041309 0.11912225705329155
0 0.7568846815834768 0.019853709508881923 0.024956970740103272 0.02089864158829676
0 0.6940619621342513 0.06374085684430512 0.05421686746987952 0.08986415882967608
0 0.09552495697074011 0.2983281086729363 0.024096385542168676 0.02821316614420063
