0 0.5309236947791165 0.336283185840708 0.08835341365461848 0.1632251720747296
0 0.47670682730923697 0.4705014749262537 0.13253012048192772 0.11111111111111112
0 0.44096385542168676 0.3569321533923304 0.03534136546184739 0.05309734513274337
0 0.4028112449799197 0.3731563421828909 0.03614457831325301 0.04424778761061947
0 0.5032128514056226 0.3874139626352016 0.052208835341365466 0.08652900688298919
0 0.6369477911646587 0.3534906588003933 0.10281124497991968 0.13470993117010818
0 0.6321285140562249 0.492133726647001 0.12208835341365462 0.13667649950835792
0 0.6240963855421687 0.5899705014749262 0.08353413654618475 0.07669616519174041
0 0.6244979919678715 0.7310717797443461 0.07791164658634539 0.22320550639134712
0 0.5518072289156627 0.6361848574237955 0.09156626506024097 0.11406096361848575
0 0.45903614457831327 0.624385447394297 0.08755020080321285 0.10619469026548674
0 0.5365461847389559 0.7354965585054081 0.05622489959839358 0.04523107177974435
0 0.5622489959839357 0.7748279252704032 0.04979919678714859 0.043264503441494594
0 0.5473895582329318 0.8657817109144543 0.17269076305220885 0.13667649950835792
0 0.43373493975903615 0.7251720747295969 0.05783132530120482 0.032448377581120944
0 0.43694779116465865 0.7895771878072764 0.033734939759036145 0.04129793510324484
0 0.42650602409638555 0.8711897738446411 0.03534136546184739 0.06096361848574238
0 0.3859437751004016 0.9183874139626352 0.09397590361445783 0.08456243854473944
0 0.3469879518072289 0.8195673549655851 0.06586345381526104 0.056047197640118
0 0.25502008032128515 0.7930186823992135 0.10361445783132531 0.11504424778761063
0 0.3096385542168675 0.7379547689282203 0.14216867469879518 0.08947885939036382
0 0.3618473895582329 0.6745329400196657 0.03935742971887551 0.06489675516224189
0 0.26947791164658635 0.5889872173058014 0.06666666666666667 0.1592920353982301
0 0.3855421686746988 0.5545722713864307 0.16867469879518074 0.19075712881022616
0 0.3678714859437751 0.2994100294985251 0.05943775100401607 0.06194690265486726
0 0.3293172690763052 0.37954768928220256 0.040160642570281124 0.049164208456243856
0 0.26867469879518074 0.4051130776794494 0.04417670682730924 0.05899705014749263
0 0.3176706827309237 0.8756145526057031 0.061847389558232935 0.07177974434611603
0 0.9409638554216868 0.2999016715830875 0.11004016064257029 0.10816125860373649
0 0.8710843373493976 0.3225172074729597 0.029718875502008035 0.03933136676499509
0 0.893574297188755 0.37659783677482794 0.06345381526104418 0.03736479842674533
0 0.970281124497992 0.420353982300885 0.04497991967871486 0.08357915437561456
0 0.9096385542168675 0.4665683382497542 0.16947791164658635 0.14257620452310718
0 0.7506024096385543 0.47148475909537857 0.04738955823293173 0.07374631268436578
0 0.7795180722891567 0.4193706981317601 0.03935742971887551 0.036381514257620456
0 0.8377510040160643 0.47492625368731567 0.040160642570281124 0.025565388397246806
0 0.8196787148594378 0.5240904621435595 0.04096385542168675 0.057030481809242875
0 0.7465863453815261 0.5373647984267453 0.03935742971887551 0.04228121927236972
0 0.7614457831325302 0.5988200589970502 0.02891566265060241 0.03146509341199607
0 0.8373493975903615 0.5904621435594887 0.029718875502008035 0.04424778761061947
0 0.8943775100401606 0.5668633235004916 0.055421686746987955 0.04818092428711898
0 0.9590361445783133 0.652409046214356 0.027309236947791166 0.0344149459193707
0 0.7775100401606426 0.6592920353982301 0.024096385542168676 0.036381514257620456
0 0.8228915662650603 0.6819075712881023 0.021686746987951807 0.03048180924287119
0 0.9028112449799197 0.6789577187807276 0.06586345381526104 0.06194690265486726
0 0.9706827309236948 0.7035398230088497 0.042570281124498 0.03048180924287119
0 0.9730923694779117 0.7743362831858408 0.03775100401606426 0.07964601769911504
0 0.9244979919678715 0.752212389380531 0.020883534136546186 0.033431661750245825
0 0.8722891566265061 0.7094395280235989 0.017670682730923697 0.026548672566371685
0 0.7899598393574297 0.7527040314650935 0.07630522088353414 0.05014749262536874
0 0.9220883534136547 0.8235004916420846 0.05622489959839358 0.05014749262536874
0 0.8787148594377511 0.8613569321533924 0.02248995983935743 0.04129793510324484
0 0.9465863453815262 0.8849557522123894 0.08755020080321285 0.10226155358898723
0 0.052208835341365466 0.5 0.09477911646586346 0.12881022615535892
0 0.08473895582329317 0.42379547689282204 0.02811244979919679 0.03736479842674533
0 0.10682730923694779 0.33972468043264503 0.06586345381526104 0.0993117010816126
0 0.02811244979919679 0.3559488692232055 0.03534136546184739 0.08652900688298919
0 0.026907630522088354 0.23352999016715834 0.029718875502008035 0.059980334316617506
0 0.055421686746987955 0.6553588987217306 0.10441767068273093 0.11307767944936087
0 0.12530120481927712 0.7325467059980335 0.10281124497991968 0.05899705014749263
0 0.10642570281124498 0.8244837758112095 0.061847389558232935 0.08357915437561456
0 0.05461847389558233 0.9213372664700099 0.085140562248996 0.12782694198623404
0 0.06385542168674699 0.02507374631268437 0.04417670682730924 0.04818092428711898
0 0.029718875502008035 0.08357915437561456 0.027309236947791166 0.02359882005899705
0 0.1674698795180723 0.06833824975417896 0.060240963855421686 0.07964601769911504
0 0.1598393574297189 0.021632251720747297 0.04497991967871486 0.03933136676499509
0 0.09959839357429719 0.05801376597836775 0.030522088353413655 0.043264503441494594
0 0.12248995983935744 0.16027531956735497 0.029718875502008035 0.05506391347099312
0 0.3248995983935743 0.08357915437561456 0.18714859437751005 0.15732546705998035
0 0.43574297188755023 0.05113077679449361 0.10040160642570281 0.0904621435594887
0 0.7971887550200804 0.07325467059980335 0.10200803212851406 0.12291052114060964
0 0.7799196787148595 0.022615535889872175 0.02570281124497992 0.021632251720747297
0 0.7144578313253013 0.06391347099311702 0.055421686746987955 0.09242871189773845
0 0.09678714859437751 0.26941986234021637 0.024899598393574297 0.029498525073746316
