0 0.4840764331210191 0.6554182509505704 0.08439490445859874 0.15114068441064638
0 0.5254777070063694 0.5256653992395437 0.12579617834394904 0.10266159695817491
0 0.5676751592356688 0.6273764258555133 0.03343949044585987 0.049429657794676805
0 0.6031050955414013 0.6078897338403042 0.03423566878980892 0.0408745247148289
0 0.5063694267515924 0.6050380228136882 0.04936305732484077 0.08079847908745247
0 0.3817675159235669 0.6506653992395437 0.09792993630573249 0.12452471482889733
0 0.3769904458598726 0.5213878326996197 0.11544585987261147 0.12642585551330798
0 0.37738853503184716 0.4306083650190114 0.07961783439490447 0.07034220532319392
0 0.3674363057324841 0.2994296577946768 0.07404458598726114 0.20722433460076045
0 0.44307324840764334 0.38022813688212925 0.08678343949044587 0.10646387832699619
0 0.5314490445859873 0.3811787072243346 0.08359872611464969 0.09885931558935361
0 0.4502388535031847 0.2870722433460076 0.05334394904458599 0.04182509505703422
0 0.4227707006369427 0.25285171102661597 0.04777070063694268 0.039923954372623575
0 0.43073248407643316 0.16730038022813687 0.1640127388535032 0.12737642585551331
0 0.5485668789808917 0.28517110266159695 0.054140127388535034 0.030418250950570342
0 0.5414012738853503 0.2262357414448669 0.03184713375796178 0.03802281368821293
0 0.5453821656050956 0.1497148288973384 0.03343949044585987 0.05608365019011407
0 0.5804140127388535 0.10218631178707224 0.089171974522293 0.07889733840304182
0 0.624203821656051 0.18916349809885932 0.06210191082802548 0.051330798479087454
0 0.713375796178344 0.20484790874524714 0.09872611464968153 0.10741444866920152
0 0.6652070063694268 0.26140684410646386 0.13455414012738853 0.08365019011406843
0 0.6206210191082803 0.3255703422053232 0.037420382165605094 0.05988593155893536
0 0.7137738853503185 0.39448669201520914 0.06289808917197452 0.1482889733840304
0 0.6058917197452229 0.438212927756654 0.16082802547770703 0.17680608365019013
0 0.6405254777070064 0.6730038022813688 0.05652866242038217 0.057034220532319393
0 0.6719745222929937 0.5950570342205324 0.038216560509554146 0.045627376425855515
0 0.7277070063694268 0.564638783269962 0.04140127388535032 0.055133079847908745
0 0.6484872611464968 0.13403041825095058 0.058121019108280256 0.06653992395437262
0 0.09713375796178345 0.7309885931558935 0.10509554140127389 0.10076045627376426
0 0.16202229299363058 0.7029467680608364 0.02786624203821656 0.0370722433460076
0 0.13694267515923567 0.6549429657794676 0.06050955414012739 0.034220532319391636
0 0.06130573248407643 0.6226235741444867 0.04299363057324841 0.0779467680608365
0 0.11504777070063694 0.5736692015209125 0.16162420382165607 0.13212927756653992
0 0.2659235668789809 0.5532319391634981 0.0445859872611465 0.06844106463878327
0 0.24203821656050956 0.6036121673003803 0.038216560509554146 0.034220532319391636
0 0.18272292993630573 0.55893536121673 0.037420382165605094 0.022813688212927757
0 0.19665605095541402 0.5114068441064639 0.038216560509554146 0.051330798479087454
0 0.26472929936305734 0.4914448669201521 0.037420382165605094 0.039923954372623575
0 0.24641719745222931 0.4358365019011407 0.02786624203821656 0.029467680608365018
0 0.17515923566878983 0.4519961977186312 0.028662420382165606 0.0408745247148289
0 0.12261146496815287 0.47956273764258556 0.052547770700636945 0.04467680608365019
0 0.0553343949044586 0.4068441064638783 0.026273885350318472 0.03231939163498099
0 0.22730891719745225 0.38165399239543724 0.023089171974522295 0.03326996197718631
0 0.18232484076433123 0.3650190114068441 0.02070063694267516 0.028517110266159697
0 0.1070859872611465 0.376425855513308 0.06289808917197452 0.057034220532319393
0 0.04060509554140128 0.36074144486692017 0.04140127388535032 0.027566539923954372
0 0.033837579617834394 0.2956273764258555 0.035828025477707005 0.0741444866920152
0 0.08121019108280256 0.3108365019011407 0.019108280254777073 0.030418250950570342
0 0.1337579617834395 0.3450570342205323 0.01751592356687898 0.024714828897338403
0 0.20820063694267518 0.2970532319391635 0.07245222929936306 0.04657794676806084
0 0.0784235668789809 0.24477186311787072 0.05334394904458599 0.04657794676806084
0 0.11743630573248408 0.20484790874524714 0.021496815286624206 0.03897338403041825
0 0.050557324840764334 0.1905893536121673 0.08359872611464969 0.094106463878327
0 0.9263535031847134 0.45484790874524716 0.08996815286624205 0.1188212927756654
0 0.9004777070063694 0.5285171102661597 0.027070063694267517 0.034220532319391636
0 0.8857484076433122 0.6088403041825095 0.06289808917197452 0.09220532319391635
0 0.9593949044585988 0.5855513307984791 0.03343949044585987 0.07984790874524715
0 0.9689490445859873 0.6991444866920152 0.027070063694267517 0.05608365019011407
0 0.9120222929936306 0.311787072243346 0.09952229299363058 0.10456273764258556
0 0.8411624203821656 0.24714828897338403 0.09792993630573249 0.055133079847908745
0 0.8523089171974523 0.16017110266159695 0.058121019108280256 0.07699619771863118
0 0.8949044585987261 0.0655893536121673 0.08121019108280256 0.11787072243346007
0 0.9486464968152867 0.8954372623574145 0.04219745222929937 0.045627376425855515
0 0.9773089171974523 0.8374524714828897 0.026273885350318472 0.022813688212927757
0 0.8471337579617835 0.8664448669201521 0.05732484076433121 0.07319391634980989
0 0.8578821656050956 0.908745247148289 0.04219745222929937 0.03612167300380228
0 0.9120222929936306 0.8688212927756654 0.02945859872611465 0.039923954372623575
0 0.883359872611465 0.776615969581749 0.02786624203821656 0.051330798479087454
0 0.696656050955414 0.8678707224334601 0.178343949044586 0.14638783269961977
0 0.5939490445859873 0.9092205323193916 0.09554140127388536 0.08460076045627377
0 0.2496019108280255 0.9263307984790875 0.0963375796178344 0.11311787072243346
0 0.26910828025477707 0.9714828897338403 0.02388535031847134 0.02091254752851711
0 0.3284235668789809 0.9263307984790875 0.0517515923566879 0.08460076045627377
0 0.9000796178343949 0.6730038022813688 0.023089171974522295 0.026615969581749048
