0 0.6415165165165165 0.36732851985559567 0.09534534534534535 0.09927797833935019
0 0.24286786786786788 0.3370938628158845 0.054804804804804805 0.08212996389891697
0 0.7586336336336337 0.700361010830325 0.09684684684684684 0.13357400722021662
0 0.8400900900900901 0.8822202166064982 0.03453453453453453 0.09115523465703972
0 0.6088588588588588 0.638086642599278 0.10810810810810811 0.06678700361010831
0 0.39789789789789787 0.532942238267148 0.057057057057057055 0.06407942238267149
0 0.5221471471471472 0.8298736462093863 0.0503003003003003 0.08935018050541517
0 0.8265765765765766 0.5618231046931408 0.06756756756756757 0.04783393501805054
0 0.4162912912912913 0.6218411552346571 0.06081081081081081 0.11191335740072203
0 0.4388138138138138 0.43592057761732855 0.03078078078078078 0.043321299638989175
0 0.4027777777777778 0.26263537906137185 0.07282282282282282 0.06678700361010831
0 0.09797297297297297 0.9607400722021661 0.05630630630630631 0.062274368231046935
0 0.5623123123123123 0.743231046931408 0.05555555555555555 0.07851985559566788
0 0.6741741741741741 0.4611913357400722 0.06006006006006006 0.08664259927797835
0 0.31493993993993996 0.34115523465703973 0.033783783783783786 0.03068592057761733
0 0.2924174174174174 0.46254512635379064 0.038288288288288286 0.049638989169675095
0 0.47597597597597596 0.20893501805054152 0.04204204204204204 0.05144404332129964
0 0.36261261261261263 0.7084837545126355 0.03303303303303303 0.036101083032490974
0 0.7244744744744744 0.5834837545126355 0.14864864864864866 0.08212996389891697
0 0.4410660660660661 0.8122743682310469 0.06681681681681681 0.10288808664259928
0 0.5465465465465466 0.48375451263537905 0.0960960960960961 0.13537906137184116
0 0.5168918918918919 0.5676895306859207 0.04129129129129129 0.04512635379061372
0 0.4519519519519519 0.7062274368231047 0.05105105105105105 0.04783393501805054
0 0.6722972972972973 0.6800541516245487 0.03678678678678678 0.05685920577617329
0 0.32995495495495497 0.5442238267148015 0.09084084084084083 0.08483754512635379
0 0.2999249249249249 0.40072202166064985 0.03678678678678678 0.05054151624548737
0 0.5225225225225225 0.6484657039711191 0.02702702702702703 0.0351985559566787
0 0.44932432432432434 0.8889891696750902 0.01876876876876877 0.039711191335740074
0 0.5465465465465466 0.9467509025270758 0.028528528528528527 0.025270758122743684
0 0.4358108108108108 0.35153429602888087 0.0518018018018018 0.08574007220216606
0 0.5296546546546547 0.2897111913357401 0.06081081081081081 0.0631768953068592
0 0.3201951951951952 0.7802346570397112 0.17942942942942944 0.1055956678700361
0 0.37124624624624625 0.8948555956678701 0.06981981981981981 0.0388086642599278
0 0.7432432432432432 0.38853790613718414 0.07357357357357357 0.10018050541516246
0 0.5071321321321322 0.6899819494584838 0.024774774774774775 0.029783393501805054
0 0.3205705705705706 0.6177797833935018 0.05555555555555555 0.06949458483754513
0 0.033408408408408405 0.21750902527075813 0.0518018018018018 0.09927797833935019
0 0.30518018018018017 0.25631768953068595 0.03678678678678678 0.048736462093862815
0 0.3367117117117117 0.30595667870036103 0.01876876876876877 0.03790613718411553
0 0.7751501501501501 0.026624548736462094 0.026276276276276277 0.0351985559566787
0 0.375 0.41425992779783394 0.038288288288288286 0.05415162454873646
0 0.6347597597597597 0.23194945848375453 0.08033033033033032 0.09025270758122744
0 0.3731231231231231 0.31453068592057765 0.03453453453453453 0.04422382671480145
0 0.8066816816816816 0.43772563176895307 0.06381381381381382 0.06859205776173286
0 0.298048048048048 0.6872743682310469 0.04954954954954955 0.046028880866425995
0 0.2087087087087087 0.38131768953068595 0.02252252252252252 0.0315884476534296
0 0.6903153153153153 0.25315884476534295 0.02177177177177177 0.0315884476534296
0 0.22034534534534533 0.47563176895306863 0.06981981981981981 0.04512635379061372
0 0.536036036036036 0.3835740072202166 0.02252252252252252 0.025270758122743684
0 0.7413663663663663 0.273014440433213 0.08483483483483484 0.10198555956678701
0 0.05743243243243243 0.11371841155234658 0.11036036036036036 0.10649819494584838
0 0.1617867867867868 0.9724729241877257 0.03078078078078078 0.029783393501805054
0 0.1006006006006006 0.22337545126353792 0.06156156156156156 0.049638989169675095
0 0.29016516516516516 0.35604693140794225 0.01126126126126126 0.0388086642599278
0 0.4166666666666667 0.9508122743682311 0.04504504504504504 0.0351985559566787
0 0.21921921921921922 0.4368231046931408 0.03153153153153153 0.04151624548736462
0 0.5045045045045045 0.9160649819494585 0.03003003003003003 0.023465703971119134
0 0.5904654654654654 0.23916967509025272 0.033783783783783786 0.036101083032490974
0 0.7642642642642643 0.3018953068592058 0.046546546546546545 0.042418772563176894
0 0.7653903903903904 0.24593862815884476 0.03528528528528529 0.042418772563176894
0 0.6096096096096096 0.5744584837545127 0.04204204204204204 0.0388086642599278
0 0.22672672672672672 0.7378158844765343 0.036036036036036036 0.011732851985559567
0 0.5908408408408409 0.884927797833935 0.02702702702702703 0.033393501805054154
0 0.8033033033033034 0.060018050541516245 0.03303303303303303 0.07671480144404333
0 0.34346846846846846 0.38492779783393505 0.02177177177177177 0.026173285198555957
0 0.2575075075075075 0.43005415162454874 0.03303303303303303 0.042418772563176894
0 0.789039039039039 0.2657942238267148 0.01951951951951952 0.018953068592057764
0 0.8352102102102102 0.625 0.0472972972972973 0.058664259927797835
0 0.22409909909909909 0.5356498194945849 0.04279279279279279 0.0315884476534296
0 0.829954954954955 0.2924187725631769 0.02927927927927928 0.048736462093862815
0 0.975975975975976 0.6033393501805054 0.013513513513513514 0.0315884476534296
0 0.012012012012012012 0.06994584837545127 0.024024024024024024 0.011732851985559567
0 0.10848348348348348 0.06137184115523466 0.033783783783783786 0.009025270758122744
0 0.5574324324324325 0.8754512635379061 0.02177177177177177 0.025270758122743684
0 0.3303303303303303 0.6647111913357401 0.01951951951951952 0.029783393501805054
0 0.7507507507507507 0.8731949458483755 0.04054054054054054 0.05685920577617329
0 0.28566066066066065 0.9715703971119134 0.0457957957957958 0.013537906137184115
