0 0.6403641881638847 0.3707916287534122 0.09559939301972686 0.0991810737033667
0 0.24317147192716237 0.3439490445859873 0.05538694992412747 0.0818926296633303
0 0.7583459787556904 0.7006369426751593 0.09635811836115327 0.13284804367606917
0 0.8406676783004553 0.8803457688808007 0.03490136570561457 0.09190172884440401
0 0.6092564491654021 0.6396724294813467 0.10773899848254932 0.06733393994540492
0 0.3987101669195751 0.5373066424021838 0.05690440060698027 0.06278434940855324
0 0.5242792109256449 0.8312101910828026 0.05007587253414264 0.08826205641492266
0 0.825113808801214 0.5623293903548681 0.06752655538694993 0.047315741583257506
0 0.41767830045523524 0.6251137397634213 0.05993930197268589 0.11101000909918107
0 0.4385432473444613 0.4408553230209281 0.030349013657056147 0.042766151046405826
0 0.40212443095599393 0.26933575978161967 0.07283763277693475 0.06551410373066424
0 0.10280728376327769 0.964513193812557 0.05538694992412747 0.0618744313011829
0 0.5633535660091047 0.7447679708826206 0.05538694992412747 0.07734303912647862
0 0.6733687405159332 0.46360327570518656 0.05993930197268589 0.08644222020018198
0 0.3148710166919575 0.3475887170154686 0.033383915022761765 0.03093721565059145
0 0.293247344461305 0.4686078252957234 0.038694992412746584 0.04913557779799818
0 0.4745827010622155 0.21474067333939947 0.0417298937784522 0.050955414012738856
0 0.364567526555387 0.7115559599636033 0.032625189681335355 0.03639672429481347
0 0.7242033383915023 0.5841674249317561 0.1479514415781487 0.0818926296633303
0 0.44309559939301973 0.8143767060964513 0.06676783004552353 0.10191082802547771
0 0.5462822458270107 0.4872611464968153 0.09559939301972686 0.1337579617834395
0 0.5174506828528073 0.5709736123748863 0.0409711684370258 0.0445859872611465
0 0.4537177541729894 0.7088262056414922 0.05007587253414264 0.047315741583257506
0 0.6726100151745068 0.681073703366697 0.03717754172989378 0.05732484076433121
0 0.3311836115326252 0.5491355777979982 0.09028831562974203 0.08280254777070065
0 0.30007587253414264 0.40718835304822565 0.03717754172989378 0.05004549590536852
0 0.5235204855842185 0.6505914467697907 0.027314112291350532 0.034576888080072796
0 0.45182094081942337 0.8903548680618745 0.01896813353566009 0.039126478616924476
0 0.5485584218512899 0.9467697907188354 0.02883156297420334 0.02456778889899909
0 0.4355083459787557 0.356687898089172 0.051593323216995446 0.08553230209281165
0 0.5280728376327769 0.29435850773430394 0.06069802731411229 0.06278434940855324
0 0.3228376327769348 0.7829845313921747 0.17830045523520485 0.10464058234758872
0 0.3744309559939302 0.8967242948134668 0.06904400606980274 0.03730664240218381
0 0.7416540212443096 0.3908098271155596 0.07359635811836115 0.0991810737033667
0 0.5087253414264037 0.6919927206551411 0.02503793626707132 0.030027297543221112
0 0.3220789074355084 0.62147406733394 0.05538694992412747 0.06915377616014559
0 0.03414264036418817 0.22747952684258418 0.051593323216995446 0.09827115559599636
0 0.30462822458270106 0.26342129208371245 0.03717754172989378 0.048225659690627844
0 0.33611532625189683 0.31255686988171066 0.018209408194233688 0.03730664240218381
0 0.7708649468892261 0.03139217470427662 0.025796661608497723 0.03548680618744313
0 0.37556904400606983 0.4199272065514104 0.03793626707132018 0.05368516833484987
0 0.6327769347496207 0.23612374886260237 0.0804248861911988 0.09008189262966333
0 0.3729135053110774 0.3207461328480437 0.03414264036418817 0.0445859872611465
0 0.8050075872534143 0.4390354868061875 0.0637329286798179 0.06824385805277525
0 0.30007587253414264 0.6915377616014559 0.04931714719271624 0.04549590536851684
0 0.20978755690440062 0.3885350318471338 0.022003034901365705 0.03093721565059145
0 0.687784522003035 0.25659690627843496 0.022003034901365705 0.03093721565059145
0 0.22192716236722307 0.4818016378525933 0.06904400606980274 0.0445859872611465
0 0.5352807283763278 0.38762511373976344 0.022003034901365705 0.025477707006369428
0 0.7393778452200304 0.27616014558689717 0.08421851289833081 0.10100090991810737
0 0.057283763277693474 0.1237488626023658 0.11001517450682853 0.10555050045495906
0 0.1661608497723824 0.975432211101001 0.030349013657056147 0.029117379435850774
0 0.10091047040971168 0.23248407643312102 0.06069802731411229 0.05004549590536852
0 0.2902124430955994 0.36260236578707916 0.011380880121396056 0.03730664240218381
0 0.41995447647951445 0.9522292993630573 0.044764795144157814 0.03548680618744313
0 0.22040971168437026 0.44358507734303915 0.03110773899848255 0.04094631483166515
0 0.5068285280728376 0.9167424931756142 0.030349013657056147 0.02274795268425842
0 0.5883915022761761 0.24431301182893542 0.03414264036418817 0.03548680618744313
0 0.761380880121396 0.3048225659690628 0.046282245827010626 0.04185623293903549
0 0.7625189681335357 0.24931756141947226 0.03490136570561457 0.04185623293903549
0 0.6096358118361154 0.5768880800727935 0.0417298937784522 0.03821656050955414
0 0.2295144157814871 0.7424931756141947 0.03566009104704097 0.01091901728844404
0 0.5925644916540213 0.8848953594176524 0.027314112291350532 0.03366696997270246
0 0.7993171471927163 0.06414922656960874 0.032625189681335355 0.07552320291173795
0 0.34332321699544766 0.3908098271155596 0.022003034901365705 0.026387625113739765
0 0.25872534142640363 0.4367606915377616 0.033383915022761765 0.04185623293903549
0 0.7860394537177542 0.2688808007279345 0.019726858877086494 0.01910828025477707
0 0.8342185128983308 0.6251137397634213 0.04779969650986343 0.05823475887170155
0 0.22610015174506828 0.5414012738853503 0.042488619119878605 0.03093721565059145
0 0.82701062215478 0.2948134667879891 0.02883156297420334 0.04913557779799818
0 0.9742033383915023 0.6023657870791629 0.013657056145675266 0.03093721565059145
0 0.011760242792109257 0.08098271155595997 0.023520485584218515 0.012738853503184714
0 0.10811836115326252 0.07142857142857142 0.03414264036418817 0.00818926296633303
0 0.5595599393019727 0.8762511373976343 0.022003034901365705 0.025477707006369428
0 0.3323216995447648 0.6683348498635123 0.019726858877086494 0.030027297543221112
0 0.7515174506828528 0.8717015468607826 0.0402124430955994 0.056414922656960874
0 0.289453717754173 0.9736123748862603 0.046282245827010626 0.012738853503184714
