0 0.647244094488189 0.6284622731614136 0.09763779527559055 0.10315186246418338
0 0.24133858267716535 0.671919770773639 0.05590551181102362 0.08500477554918816
0 0.7590551181102362 0.2822349570200573 0.09921259842519685 0.13658070678127984
0 0.8389763779527559 0.09312320916905444 0.03543307086614173 0.09455587392550142
0 0.6078740157480315 0.35100286532951286 0.11023622047244094 0.06972301814708691
0 0.3956692913385827 0.4656160458452722 0.05748031496062992 0.0659025787965616
0 0.515748031496063 0.1566380133715377 0.05196850393700787 0.09169054441260745
0 0.8311023622047244 0.42311365807067813 0.06850393700787402 0.049665711556829036
0 0.41220472440944883 0.37392550143266473 0.06220472440944882 0.11556829035339064
0 0.4389763779527559 0.563992359121299 0.030708661417322834 0.044890162368672396
0 0.40629921259842516 0.7430754536771729 0.07401574803149606 0.06876790830945559
0 0.08070866141732283 0.034861509073543455 0.05748031496062992 0.06399235912129894
0 0.5582677165354331 0.24450811843361986 0.05669291338582677 0.08022922636103151
0 0.6787401574803149 0.5310410697230181 0.06141732283464567 0.08978032473734479
0 0.31456692913385825 0.6652340019102196 0.03385826771653543 0.03151862464183381
0 0.28937007874015747 0.541069723018147 0.04015748031496063 0.050620821394460364
0 0.4818897637795275 0.7960840496657116 0.04251968503937008 0.05253104106972302
0 0.35551181102362206 0.2860553963705826 0.03385826771653543 0.03724928366762178
0 0.7271653543307086 0.4035339063992359 0.15196850393700786 0.08500477554918816
0 0.4334645669291339 0.17717287488061126 0.06850393700787402 0.10601719197707736
0 0.5480314960629922 0.5114613180515759 0.09763779527559055 0.13849092645654248
0 0.5161417322834646 0.4259789875835721 0.04173228346456693 0.045845272206303724
0 0.44724409448818897 0.2860553963705826 0.05196850393700787 0.04871060171919771
0 0.6716535433070866 0.30563514804202485 0.03779527559055118 0.05921680993314231
0 0.32598425196850395 0.4560649474689589 0.09291338582677165 0.08691499522445081
0 0.2984251968503937 0.6045845272206304 0.03779527559055118 0.05157593123209169
0 0.5200787401574803 0.3428844317096466 0.027559055118110236 0.03629417382999045
0 0.4401574803149606 0.09789875835721108 0.01889763779527559 0.041069723018147083
0 0.5377952755905512 0.03581661891117478 0.029921259842519685 0.025787965616045846
0 0.4377952755905512 0.6509073543457498 0.05354330708661417 0.08882521489971347
0 0.5350393700787401 0.711556829035339 0.06220472440944882 0.06494746895893028
0 0.3110236220472441 0.21394460362941736 0.1826771653543307 0.10888252148997134
0 0.3606299212598425 0.09407831900668577 0.07086614173228346 0.03915950334288443
0 0.7503937007874015 0.603629417382999 0.07559055118110236 0.10315186246418338
0 0.5035433070866142 0.3008595988538682 0.025984251968503937 0.030563514804202482
0 0.31496062992125984 0.38108882521489973 0.05669291338582677 0.0725883476599809
0 0.030708661417322834 0.8008595988538681 0.05354330708661417 0.10219675262655205
0 0.30708661417322836 0.7526265520534862 0.03779527559055118 0.049665711556829036
0 0.33779527559055117 0.7005730659025787 0.01889763779527559 0.03915950334288443
0 0.7901574803149606 0.9742120343839541 0.027559055118110236 0.03629417382999045
0 0.37480314960629924 0.5883476599808978 0.03937007874015748 0.055396370582617
0 0.6433070866141732 0.7679083094555874 0.08188976377952756 0.0936007640878701
0 0.37519685039370076 0.6910219675262655 0.03543307086614173 0.04680038204393505
0 0.8137795275590551 0.551098376313276 0.06535433070866142 0.07067812798471824
0 0.2905511811023622 0.30945558739255014 0.050393700787401574 0.04775549188156638
0 0.20590551181102362 0.6275071633237822 0.02283464566929134 0.03247373447946514
0 0.6992125984251969 0.7445081184336199 0.02204724409448819 0.033428844317096466
0 0.21574803149606298 0.5300859598853868 0.07086614173228346 0.045845272206303724
0 0.5389763779527559 0.6146131805157593 0.02283464566929134 0.025787965616045846
0 0.7511811023622047 0.7220630372492837 0.08661417322834646 0.10506208213944604
0 0.05708661417322834 0.9073543457497611 0.1125984251968504 0.10888252148997134
0 0.14566929133858267 0.021012416427889206 0.031496062992125984 0.030563514804202482
0 0.09921259842519685 0.7927411652340018 0.06299212598425197 0.05157593123209169
0 0.28937007874015747 0.6509073543457498 0.011811023622047244 0.03915950334288443
0 0.40590551181102363 0.03533906399235912 0.046456692913385826 0.03629417382999045
0 0.21535433070866142 0.5697230181470869 0.03228346456692913 0.04297994269340974
0 0.49606299212598426 0.06876790830945559 0.031496062992125984 0.024832855778414518
0 0.5976377952755906 0.7617000955109837 0.03464566929133858 0.03724928366762178
0 0.7732283464566929 0.6919770773638968 0.047244094488188976 0.04297994269340974
0 0.7755905511811023 0.7492836676217765 0.03622047244094488 0.04297994269340974
0 0.610236220472441 0.4164278892072588 0.04251968503937008 0.040114613180515755
0 0.2169291338582677 0.2597898758357211 0.03700787401574803 0.011461318051575931
0 0.5846456692913385 0.09789875835721108 0.027559055118110236 0.03533906399235912
0 0.818503937007874 0.938872970391595 0.03385826771653543 0.07831900668576885
0 0.3425196850393701 0.6198662846227316 0.02204724409448819 0.02674307545367717
0 0.2547244094488189 0.5759312320916905 0.03385826771653543 0.04393505253104107
0 0.7992125984251969 0.7277936962750716 0.02047244094488189 0.019102196752626553
0 0.8385826771653543 0.3576886341929322 0.048818897637795275 0.06017191977077364
0 0.21850393700787402 0.4680038204393505 0.04330708661417323 0.03247373447946514
0 0.8405511811023622 0.6996179560649475 0.029133858267716535 0.050620821394460364
0 0.9826771653543307 0.3753581661891117 0.014173228346456693 0.03247373447946514
0 0.012204724409448819 0.9536771728748806 0.024409448818897637 0.012416427889207259
0 0.11062992125984251 0.9594078319006686 0.03543307086614173 0.008595988538681949
0 0.5507874015748031 0.10840496657115568 0.02283464566929134 0.025787965616045846
0 0.3240157480314961 0.332378223495702 0.01968503937007874 0.030563514804202482
0 0.7476377952755905 0.10458452722063037 0.04173228346456693 0.05826170009551098
0 0.27165354330708663 0.018147086914995225 0.047244094488188976 0.013371537726838585
