0 0.3446875 0.3723076923076923 0.099375 0.10615384615384615
0 0.76 0.3096153846153846 0.05625 0.08846153846153847
0 0.239375 0.7384615384615385 0.10125 0.14307692307692307
0 0.16375 0.9396153846153846 0.035 0.09769230769230769
0 0.3928125 0.6596153846153846 0.111875 0.07153846153846154
0 0.6078125 0.5315384615384615 0.058125 0.06769230769230769
0 0.49343750000000003 0.8584615384615385 0.053125 0.09538461538461539
0 0.16125 0.5946153846153847 0.07 0.05076923076923077
0 0.59375 0.6273076923076923 0.0625 0.11923076923076924
0 0.56 0.43115384615384617 0.03125 0.045384615384615384
0 0.5890625 0.24307692307692308 0.075625 0.07076923076923076
0 0.9434375 0.9661538461538461 0.058125 0.06461538461538462
0 0.446875 0.7688461538461538 0.0575 0.08384615384615385
0 0.315625 0.47615384615384615 0.0625 0.09230769230769231
0 0.685 0.3192307692307692 0.03375 0.03230769230769231
0 0.7146875 0.44846153846153847 0.040625 0.052307692307692305
0 0.5096875 0.19 0.043125000000000004 0.05384615384615385
0 0.65375 0.7165384615384616 0.03375 0.03769230769230769
0 0.2690625 0.6107692307692307 0.155625 0.0876923076923077
0 0.5778125000000001 0.8334615384615385 0.069375 0.10846153846153846
0 0.45 0.49 0.1 0.14461538461538462
0 0.48562500000000003 0.5776923076923077 0.0425 0.047692307692307694
0 0.5603125 0.7203846153846154 0.051875000000000004 0.05
0 0.32875 0.71 0.0375 0.06
0 0.6793750000000001 0.5376923076923077 0.095 0.08923076923076922
0 0.7040625 0.3819230769230769 0.038125 0.05307692307692308
0 0.48375 0.6642307692307692 0.0275 0.036153846153846154
0 0.5728125000000001 0.9165384615384615 0.019375 0.040769230769230766
0 0.4740625 0.9857692307692307 0.029375000000000002 0.025384615384615384
0 0.5590625 0.3403846153846154 0.054375 0.09153846153846154
0 0.4571875 0.28076923076923077 0.063125 0.06769230769230769
0 0.7021875 0.7896153846153846 0.18812500000000001 0.11307692307692307
0 0.6546875 0.9165384615384615 0.07187500000000001 0.040769230769230766
0 0.239375 0.4026923076923077 0.07625 0.10692307692307693
0 0.5015625 0.7076923076923077 0.025625000000000002 0.03076923076923077
0 0.693125 0.6161538461538462 0.0575 0.07384615384615384
0 0.9728125 0.16576923076923078 0.054375 0.10538461538461538
0 0.6909375 0.22846153846153847 0.038125 0.05076923076923077
0 0.6603125 0.2834615384615385 0.018125 0.03923076923076923
0 0.1875 0.01846153846153846 0.0275 0.03692307692307692
0 0.6253125 0.4026923076923077 0.039375 0.057692307692307696
0 0.3446875 0.22653846153846155 0.083125 0.09615384615384616
0 0.6225 0.29538461538461536 0.03625 0.046153846153846156
0 0.175625 0.46076923076923076 0.0675 0.07384615384615384
0 0.7203125 0.6888461538461539 0.051875000000000004 0.04846153846153846
0 0.7978125 0.3546153846153846 0.023125 0.03230769230769231
0 0.2878125 0.2542307692307692 0.021875000000000002 0.03307692307692308
0 0.790625 0.45576923076923076 0.0725 0.04692307692307692
0 0.455625 0.3819230769230769 0.0225 0.025384615384615384
0 0.2353125 0.2792307692307692 0.088125 0.1076923076923077
0 0.9421875000000001 0.05653846153846154 0.115625 0.11307692307692307
0 0.8775000000000001 0.9830769230769231 0.03125 0.03076923076923077
0 0.9031250000000001 0.1773076923076923 0.06375 0.05307692307692308
0 0.711875 0.3334615384615385 0.01125 0.040769230769230766
0 0.6096875 0.98 0.046875 0.03692307692307692
0 0.7903125 0.415 0.031875 0.04384615384615385
0 0.51625 0.9492307692307692 0.03125 0.024615384615384615
0 0.39156250000000004 0.23115384615384615 0.035625000000000004 0.03769230769230769
0 0.213125 0.31153846153846154 0.04875 0.04461538461538461
0 0.209375 0.2523076923076923 0.03625 0.043076923076923075
0 0.38875 0.5926923076923077 0.0425 0.040769230769230766
0 0.7975 0.7376923076923076 0.03625 0.012307692307692308
0 0.4246875 0.9226923076923077 0.028125 0.036153846153846154
0 0.15937500000000002 0.05576923076923077 0.03375 0.08076923076923077
0 0.6571875 0.36846153846153845 0.021875000000000002 0.026153846153846153
0 0.7490625 0.41 0.034375 0.04461538461538461
0 0.185625 0.2753846153846154 0.02 0.02
0 0.1559375 0.6630769230769231 0.049375 0.06153846153846154
0 0.7896875 0.5207692307692308 0.044375 0.033846153846153845
0 0.1434375 0.3069230769230769 0.029375000000000002 0.052307692307692305
0 0.0071875 0.6511538461538462 0.013125 0.031538461538461536
0 0.9878125 0.006153846153846154 0.024375 0.012307692307692308
0 0.88625 0.004230769230769231 0.035 0.008461538461538461
0 0.4590625 0.9103846153846153 0.021875000000000002 0.025384615384615384
0 0.6853125 0.666923076923077 0.020625 0.03076923076923077
0 0.2565625 0.9223076923076923 0.041875 0.06
0 0.748125 0.9919230769230769 0.0475 0.013076923076923076
