0 0.6457142857142857 0.3710474308300395 0.0963265306122449 0.10177865612648221
0 0.2416326530612245 0.33152173913043476 0.05551020408163265 0.08399209486166008
0 0.7587755102040816 0.7144268774703557 0.09877551020408164 0.13636363636363635
0 0.8387755102040817 0.9016798418972332 0.035102040816326535 0.09387351778656126
0 0.6081632653061225 0.6472332015810276 0.10938775510204082 0.06916996047430829
0 0.39632653061224493 0.5345849802371541 0.05795918367346939 0.06521739130434782
0 0.5171428571428571 0.8409090909090908 0.05142857142857143 0.0909090909090909
0 0.8293877551020409 0.5741106719367589 0.06857142857142857 0.04940711462450593
0 0.41346938775510206 0.6259881422924901 0.06122448979591837 0.11363636363636363
0 0.43918367346938775 0.43725296442687744 0.031020408163265307 0.044466403162055336
0 0.4053061224489796 0.25938735177865613 0.07428571428571429 0.06818181818181818
0 0.08571428571428572 0.9644268774703557 0.05714285714285715 0.06324110671936758
0 0.5591836734693878 0.7534584980237153 0.05714285714285715 0.0800395256916996
0 0.6771428571428572 0.46837944664031617 0.06122448979591837 0.08893280632411067
0 0.3146938775510204 0.33794466403162055 0.03346938775510204 0.03162055335968379
0 0.2902040816326531 0.46096837944664026 0.04 0.05039525691699604
0 0.48000000000000004 0.2060276679841897 0.04244897959183674 0.05237154150197628
0 0.35714285714285715 0.7134387351778656 0.03346938775510204 0.037549407114624504
0 0.7261224489795919 0.5938735177865613 0.1510204081632653 0.08498023715415019
0 0.43551020408163266 0.8211462450592885 0.06775510204081633 0.10474308300395256
0 0.5473469387755102 0.48814229249011853 0.09714285714285714 0.13833992094861658
0 0.5163265306122449 0.5731225296442687 0.04163265306122449 0.04545454545454545
0 0.44857142857142857 0.7129446640316205 0.05142857142857143 0.04841897233201581
0 0.6718367346938776 0.6912055335968379 0.037551020408163265 0.05830039525691699
0 0.3269387755102041 0.5449604743083004 0.09224489795918368 0.0859683794466403
0 0.29877551020408166 0.39822134387351776 0.037551020408163265 0.05138339920948616
0 0.5208163265306123 0.6556324110671936 0.027755102040816326 0.036561264822134384
0 0.4428571428571429 0.8997035573122529 0.018775510204081632 0.04051383399209486
0 0.54 0.9604743083003952 0.028571428571428574 0.02569169960474308
0 0.43714285714285717 0.35079051383399207 0.05306122448979592 0.08893280632411067
0 0.533061224489796 0.28952569169960474 0.062040816326530614 0.06521739130434782
0 0.31306122448979595 0.7850790513833992 0.18204081632653063 0.10770750988142291
0 0.36367346938775513 0.9036561264822134 0.07102040816326531 0.038537549407114624
0 0.7477551020408163 0.3952569169960474 0.07510204081632653 0.10276679841897232
0 0.5040816326530613 0.6976284584980237 0.025306122448979593 0.03162055335968379
0 0.3163265306122449 0.6195652173913043 0.0563265306122449 0.07114624505928853
0 0.03142857142857143 0.2050395256916996 0.05306122448979592 0.10177865612648221
0 0.30612244897959184 0.2509881422924901 0.037551020408163265 0.04940711462450593
0 0.33755102040816326 0.3018774703557312 0.018775510204081632 0.038537549407114624
0 0.7857142857142857 0.0266798418972332 0.026938775510204082 0.035573122529644265
0 0.3746938775510204 0.4140316205533597 0.03918367346938775 0.05533596837944664
0 0.6408163265306123 0.2327075098814229 0.0816326530612245 0.09189723320158102
0 0.3742857142857143 0.31126482213438733 0.035102040816326535 0.04545454545454545
0 0.8114285714285715 0.44713438735177863 0.0653061224489796 0.07015810276679842
0 0.2926530612244898 0.6907114624505928 0.04979591836734694 0.04743083003952569
0 0.20653061224489797 0.3759881422924901 0.022857142857142857 0.03260869565217391
0 0.6963265306122449 0.2554347826086956 0.022857142857142857 0.03260869565217391
0 0.21714285714285714 0.4723320158102767 0.07020408163265307 0.04545454545454545
0 0.5379591836734694 0.38537549407114624 0.022857142857142857 0.02569169960474308
0 0.7481632653061224 0.2771739130434782 0.08571428571428572 0.10375494071146245
0 0.05755102040816327 0.09980237154150197 0.11183673469387756 0.10869565217391304
0 0.15020408163265306 0.9782608695652173 0.031020408163265307 0.029644268774703556
0 0.09959183673469388 0.2124505928853755 0.062040816326530614 0.05138339920948616
0 0.28938775510204084 0.3517786561264822 0.012244897959183675 0.03952569169960474
0 0.4085714285714286 0.9619565217391304 0.04653061224489796 0.036561264822134384
0 0.2163265306122449 0.433300395256917 0.031020408163265307 0.042490118577075096
0 0.4979591836734694 0.9283596837944663 0.031020408163265307 0.024703557312252964
0 0.5955102040816327 0.23962450592885373 0.035102040816326535 0.036561264822134384
0 0.7706122448979592 0.3073122529644269 0.0473469387755102 0.043478260869565216
0 0.7722448979591837 0.25049407114624506 0.035918367346938776 0.042490118577075096
0 0.6097959183673469 0.5825098814229248 0.04244897959183674 0.04051383399209486
0 0.21959183673469387 0.7401185770750988 0.035918367346938776 0.011857707509881422
0 0.5861224489795919 0.8987154150197628 0.027755102040816326 0.034584980237154145
0 0.813469387755102 0.06175889328063241 0.03346938775510204 0.07806324110671936
0 0.34285714285714286 0.3829051383399209 0.02122448979591837 0.0266798418972332
0 0.25551020408163266 0.4268774703557312 0.03428571428571429 0.043478260869565216
0 0.7963265306122449 0.27124505928853754 0.020408163265306124 0.018774703557312252
0 0.8375510204081633 0.6383399209486166 0.0489795918367347 0.05928853754940711
0 0.22 0.5340909090909091 0.04326530612244898 0.03260869565217391
0 0.8375510204081633 0.29891304347826086 0.02938775510204082 0.05039525691699604
0 0.9808163265306122 0.6195652173913043 0.013877551020408163 0.03162055335968379
0 0.012244897959183675 0.05385375494071146 0.02448979591836735 0.01284584980237154
0 0.11020408163265306 0.04693675889328063 0.03428571428571429 0.008893280632411066
0 0.5522448979591837 0.8883399209486166 0.022040816326530613 0.02569169960474308
0 0.32571428571428573 0.6674901185770751 0.019591836734693877 0.030632411067193673
0 0.7481632653061224 0.8898221343873517 0.04163265306122449 0.05830039525691699
0 0.2755102040816327 0.9802371541501975 0.04653061224489796 0.01383399209486166
