0 0.6389558232931727 0.6323106423777565 0.09397590361445783 0.09683604985618408
0 0.24538152610441769 0.6519654841802492 0.05381526104417671 0.08053691275167785
0 0.7598393574297189 0.3087248322147651 0.0963855421686747 0.13039309683604985
0 0.8433734939759037 0.13326941514860977 0.033734939759036145 0.09012464046021093
0 0.6112449799196787 0.3667305848513902 0.10602409638554218 0.06615532118887824
0 0.40160642570281124 0.4645254074784276 0.05622489959839358 0.062320230105465
0 0.5293172690763053 0.17689357622243526 0.04979919678714859 0.087248322147651
0 0.8244979919678715 0.44630872483221473 0.06666666666666667 0.046979865771812075
0 0.4208835341365462 0.37775647171620325 0.05943775100401607 0.10930009587727708
0 0.44016064257028115 0.5599232981783318 0.030522088353413655 0.04218600191754554
0 0.40200803212851405 0.7286673058485139 0.07148594377510041 0.06519654841802493
0 0.11365461847389559 0.03883029721955896 0.055421686746987955 0.060402684563758385
0 0.5670682730923695 0.2627037392138063 0.05461847389558233 0.07670182166826461
0 0.6730923694779116 0.5412272291466922 0.05943775100401607 0.08533077660594439
0 0.31606425702811247 0.6500479386385426 0.03293172690763052 0.030680728667305847
0 0.2963855421686747 0.5306807286673059 0.03855421686746988 0.04889741131351869
0 0.47309236947791167 0.7833173537871524 0.04176706827309237 0.049856184084372
0 0.3698795180722892 0.2919463087248322 0.03293172690763052 0.03547459252157239
0 0.7244979919678716 0.4228187919463087 0.1461847389558233 0.08053691275167785
0 0.44899598393574297 0.1922339405560882 0.06586345381526104 0.10067114093959731
0 0.5473895582329318 0.5162991371045063 0.09397590361445783 0.13135186960690315
0 0.5196787148594377 0.4333652924256951 0.040160642570281124 0.04410354745925216
0 0.45783132530120485 0.2962607861936721 0.04979919678714859 0.046021093000958774
0 0.674698795180723 0.32694151486097794 0.036947791164658635 0.05560882070949185
0 0.3349397590361446 0.45158197507190795 0.08995983935742972 0.08245445829338446
0 0.3028112449799197 0.5910834132310642 0.036947791164658635 0.04889741131351869
0 0.5265060240963856 0.35474592521572385 0.026506024096385545 0.03451581975071908
0 0.45823293172690766 0.11697027804410354 0.018473895582329317 0.03835091083413231
0 0.5546184738955824 0.06327900287631831 0.02811244979919679 0.024928092042186
0 0.43574297188755023 0.6428571428571428 0.05060240963855422 0.08341323106423777
0 0.5273092369477912 0.7056567593480345 0.060240963855421686 0.061361457334611694
0 0.3293172690763052 0.22099712368168742 0.17670682730923695 0.10258868648130393
0 0.3815261044176707 0.10977948226270373 0.06907630522088354 0.037392138063279
0 0.7393574297188755 0.6140939597315436 0.07309236947791165 0.09875359539789069
0 0.5120481927710844 0.3135186960690316 0.024899598393574297 0.02876318312559923
0 0.3269076305220884 0.3801534036433365 0.05461847389558233 0.06807286673058485
0 0.036947791164658635 0.7646212847555129 0.05140562248995984 0.09683604985618408
0 0.30562248995983937 0.7329817833173538 0.03614457831325301 0.046979865771812075
0 0.3373493975903615 0.6850431447746884 0.017670682730923697 0.037392138063279
0 0.7646586345381526 0.9693192713326941 0.02570281124497992 0.03451581975071908
0 0.3771084337349398 0.5795781399808245 0.03775100401606426 0.052732502396931925
0 0.6301204819277109 0.7651006711409396 0.07951807228915662 0.08820709491850431
0 0.3734939759036145 0.6778523489932885 0.033734939759036145 0.04410354745925216
0 0.8028112449799197 0.5675934803451582 0.06345381526104418 0.06711409395973154
0 0.3060240963855422 0.310162991371045 0.04819277108433735 0.045062320230105465
0 0.21244979919678716 0.6083413231064237 0.021686746987951807 0.02972195589645254
0 0.6847389558232932 0.7454458293384467 0.021686746987951807 0.031639501438159155
0 0.22570281124497993 0.5162991371045063 0.06746987951807229 0.04314477468839885
0 0.5353413654618474 0.6136145733461169 0.021686746987951807 0.024928092042186
0 0.7357429718875502 0.7277085330776606 0.08353413654618475 0.099712368168744
0 0.05903614457831326 0.8667305848513902 0.10843373493975904 0.10354745925215723
0 0.17630522088353415 0.02876318312559923 0.029718875502008035 0.02876318312559923
0 0.10321285140562249 0.7598274209012463 0.060240963855421686 0.04889741131351869
0 0.2923694779116466 0.6351869606903163 0.011244979919678716 0.037392138063279
0 0.42730923694779116 0.05560882070949185 0.04497991967871486 0.03451581975071908
0 0.22369477911646587 0.5541706615532118 0.03132530120481928 0.040268456375838924
0 0.5132530120481928 0.09204218600191755 0.030522088353413655 0.023010546500479387
0 0.5863453815261045 0.7564717162032598 0.033734939759036145 0.03451581975071908
0 0.7586345381526105 0.699424736337488 0.045783132530120486 0.04122722914669223
0 0.7586345381526105 0.7540747842761265 0.03453815261044177 0.04122722914669223
0 0.6108433734939759 0.42857142857142855 0.04096385542168675 0.03835091083413231
0 0.23654618473895583 0.2598274209012464 0.03614457831325301 0.011505273250239693
0 0.5975903614457831 0.12511984659635667 0.027309236947791166 0.03355704697986577
0 0.7927710843373494 0.9367209971236816 0.032128514056224904 0.074784276126558
0 0.3449799196787149 0.6078619367209971 0.021686746987951807 0.024928092042186
0 0.26144578313253014 0.5613614573346116 0.03293172690763052 0.04122722914669223
0 0.7823293172690763 0.7353787152444871 0.01927710843373494 0.019175455417066153
0 0.834136546184739 0.38494726749760305 0.04738955823293173 0.05656759348034515
0 0.23052208835341367 0.45733461169702777 0.04176706827309237 0.030680728667305847
0 0.8232931726907631 0.710450623202301 0.02891566265060241 0.047938638542665384
0 0.9722891566265061 0.4093959731543624 0.013654618473895583 0.030680728667305847
0 0.013253012048192772 0.9084372003835091 0.023293172690763052 0.012464046021093
0 0.10843373493975904 0.9189837008628955 0.033734939759036145 0.00862895493767977
0 0.5646586345381527 0.13326941514860977 0.02248995983935743 0.024928092042186
0 0.3373493975903615 0.33413231064237775 0.01927710843373494 0.02972195589645254
0 0.7550200803212852 0.13998082454458294 0.040160642570281124 0.05560882070949185
0 0.29839357429718877 0.03211888782358581 0.045783132530120486 0.012464046021093
