0 0.6585081585081585 0.39315838800374886 0.09557109557109557 0.10028116213683225
0 0.26223776223776224 0.309746954076851 0.05516705516705517 0.08341143392689784
0 0.7443667443667443 0.7432052483598875 0.0979020979020979 0.13495782567947517
0 0.8092463092463092 0.9367385192127461 0.03496503496503497 0.09278350515463918
0 0.6006216006216006 0.6602624179943768 0.10878010878010878 0.06841611996251172
0 0.39937839937839936 0.5271790065604499 0.057498057498057496 0.06466729147141519
0 0.4961149961149961 0.8416119962511716 0.050505050505050504 0.08997188378631678
0 0.8251748251748252 0.612933458294283 0.06837606837606838 0.04873477038425492
0 0.4094794094794095 0.6185567010309279 0.06060606060606061 0.11246485473289597
0 0.4491064491064491 0.4353327085285848 0.03108003108003108 0.044048734770384255
0 0.4289044289044289 0.25679475164011245 0.07303807303807304 0.06747891283973759
0 0.05944055944055944 0.9161199625117151 0.05672105672105672 0.06279287722586692
0 0.5439005439005439 0.7600749765698219 0.055944055944055944 0.07872539831302718
0 0.6822066822066822 0.49203373945641987 0.06060606060606061 0.08809746954076851
0 0.3337218337218337 0.32333645735707595 0.03341103341103341 0.031865042174320526
0 0.2999222999222999 0.4423617619493908 0.03885003885003885 0.05060918462980319
0 0.5073815073815073 0.21227741330834116 0.04195804195804196 0.051546391752577324
0 0.3477078477078477 0.6982193064667291 0.03341103341103341 0.03748828491096533
0 0.7214452214452215 0.6208997188378632 0.14996114996114995 0.08341143392689784
0 0.41647241647241645 0.8130271790065605 0.06682206682206682 0.10402999062792878
0 0.5524475524475524 0.4971883786316776 0.09634809634809635 0.1358950328022493
0 0.5151515151515151 0.577788191190253 0.04195804195804196 0.04592314901593252
0 0.43745143745143744 0.7080599812558576 0.05128205128205128 0.04779756326148079
0 0.66006216006216 0.711340206185567 0.03807303807303807 0.05810684161199625
0 0.33022533022533024 0.5290534208059982 0.09168609168609168 0.08528584817244611
0 0.31313131313131315 0.3814432989690722 0.037296037296037296 0.05060918462980319
0 0.5132090132090132 0.6588566073102156 0.027195027195027196 0.03561387066541706
0 0.41763791763791763 0.8912839737582006 0.019425019425019424 0.03936269915651359
0 0.5093240093240093 0.9620431115276477 0.028749028749028748 0.025304592314901595
0 0.45376845376845376 0.3500468603561387 0.05283605283605283 0.08716026241799438
0 0.5536130536130536 0.2999062792877226 0.061383061383061384 0.06373008434864105
0 0.29836829836829837 0.7642924086223055 0.18026418026418026 0.10590440487347703
0 0.33916083916083917 0.8861293345829429 0.0707070707070707 0.038425492033739454
0 0.7583527583527584 0.42830365510777885 0.07459207459207459 0.10121836925960638
0 0.4937839937839938 0.6991565135895033 0.02564102564102564 0.02999062792877226
0 0.3139083139083139 0.6012183692596064 0.055944055944055944 0.07029053420805999
0 0.06332556332556333 0.16119962511715089 0.052059052059052056 0.09934395501405811
0 0.3317793317793318 0.2371134020618557 0.037296037296037296 0.04873477038425492
0 0.358974358974359 0.2910028116213683 0.018648018648018648 0.038425492033739454
0 0.8228438228438228 0.06935332708528585 0.026418026418026416 0.03561387066541706
0 0.38733488733488736 0.4048734770384255 0.03807303807303807 0.05435801312089972
0 0.6639471639471639 0.2563261480787254 0.08158508158508158 0.09090909090909091
0 0.39432789432789433 0.3041237113402062 0.03496503496503497 0.04592314901593252
0 0.817016317016317 0.48594189315838804 0.0644910644910645 0.07029053420805999
0 0.2851592851592852 0.668697282099344 0.04972804972804973 0.04592314901593252
0 0.22416472416472416 0.34910965323336457 0.022533022533022532 0.030927835051546393
0 0.7175602175602176 0.2849109653233365 0.022533022533022532 0.031865042174320526
0 0.22688422688422688 0.4451733833177132 0.06993006993006994 0.04498594189315839
0 0.5512820512820513 0.3950328022492971 0.022533022533022532 0.025304592314901595
0 0.7668997668997669 0.31208997188378634 0.08547008547008547 0.10309278350515465
0 0.09751359751359752 0.060449859418931585 0.1111111111111111 0.1077788191190253
0 0.12237762237762238 0.936269915651359 0.030303030303030304 0.02999062792877226
0 0.13053613053613053 0.17619493908153702 0.06216006216006216 0.05060918462980319
0 0.3073038073038073 0.3350515463917526 0.011655011655011656 0.038425492033739454
0 0.37956487956487955 0.9493908153701969 0.04584304584304584 0.03561387066541706
0 0.22921522921522922 0.4062792877225867 0.03108003108003108 0.04217432052483599
0 0.4704739704739705 0.9259606373008435 0.030303030303030304 0.02436738519212746
0 0.6184926184926185 0.2577319587628866 0.03418803418803419 0.03561387066541706
0 0.7867132867132867 0.34395501405810686 0.0473970473970474 0.04311152764761012
0 0.7933177933177933 0.2881911902530459 0.035742035742035744 0.04217432052483599
0 0.6072261072261073 0.5970009372071228 0.042735042735042736 0.03936269915651359
0 0.20901320901320902 0.7099343955014058 0.035742035742035744 0.01218369259606373
0 0.5598290598290598 0.9058106841611997 0.027195027195027196 0.03467666354264293
0 0.848096348096348 0.10637300843486411 0.03341103341103341 0.07778819119025304
0 0.3581973581973582 0.3711340206185567 0.021756021756021756 0.026241799437675725
0 0.26845376845376845 0.4048734770384255 0.03341103341103341 0.04311152764761012
0 0.815073815073815 0.31115276476101217 0.0202020202020202 0.018744142455482664
0 0.8282828282828283 0.6780693533270853 0.048174048174048176 0.059044048734770385
0 0.22494172494172493 0.5060918462980318 0.042735042735042736 0.031865042174320526
0 0.8535353535353535 0.3434864104967198 0.028749028749028748 0.04967197750702906
0 0.9712509712509713 0.6752577319587629 0.013986013986013986 0.030927835051546393
0 0.05555555555555555 0.010309278350515464 0.024087024087024088 0.013120899718837863
0 0.15306915306915306 0.014526710402999063 0.03418803418803419 0.008434864104967198
0 0.5271950271950272 0.8922211808809747 0.022533022533022532 0.026241799437675725
0 0.31934731934731936 0.6499531396438613 0.0202020202020202 0.030927835051546393
0 0.7206682206682207 0.915651358950328 0.041181041181041184 0.05810684161199625
0 0.2463092463092463 0.9522024367385192 0.046620046620046623 0.013120899718837863
