0 0.6550535987748852 0.5985401459854014 0.09418070444104135 0.09671532846715328
0 0.26952526799387444 0.6938868613138686 0.053598774885145486 0.0812043795620438
0 0.7300918836140888 0.25684306569343063 0.09571209800918837 0.13047445255474452
0 0.7886676875957122 0.06751824817518248 0.033690658499234305 0.08941605839416059
0 0.5915007656967841 0.34215328467153283 0.10643185298621746 0.06569343065693431
0 0.3981623277182236 0.479014598540146 0.0551301684532925 0.06204379562043796
0 0.4846860643185299 0.17107664233576642 0.05053598774885146 0.08667883211678831
0 0.8124042879019908 0.3800182481751825 0.06584992343032159 0.046532846715328466
0 0.4054364471669219 0.39005474452554745 0.058958652373660034 0.10857664233576642
0 0.4490811638591118 0.5656934306569343 0.02986217457886677 0.041970802919708027
0 0.4341500765696784 0.7385948905109488 0.07197549770290965 0.06478102189781022
0 0.055895865237366005 0.11496350364963503 0.0551301684532925 0.06021897810218978
0 0.5336906584992344 0.24863138686131386 0.0551301684532925 0.07572992700729926
0 0.6757274119448698 0.5022810218978102 0.058958652373660034 0.08485401459854014
0 0.3388208269525268 0.6779197080291971 0.032924961715160794 0.03102189781021898
0 0.30321592649310875 0.5643248175182481 0.03828483920367535 0.04835766423357664
0 0.5118683001531393 0.7787408759124087 0.04058192955589587 0.05018248175182482
0 0.3430321592649311 0.3152372262773723 0.03215926493108729 0.035583941605839414
0 0.7105666156202144 0.3759124087591241 0.14548238897396631 0.08029197080291971
0 0.4073506891271057 0.20164233576642335 0.06584992343032159 0.10036496350364964
0 0.5486217457886677 0.5018248175182481 0.09418070444104135 0.13138686131386862
0 0.5103369065849923 0.4251824817518248 0.04058192955589587 0.043795620437956206
0 0.43070444104134764 0.30246350364963503 0.04977029096477795 0.046532846715328466
0 0.6485451761102604 0.29105839416058393 0.036753445635528334 0.05656934306569343
0 0.33039816232771824 0.479014598540146 0.08958652373660031 0.08211678832116788
0 0.3177641653905054 0.6227189781021898 0.036753445635528334 0.04835766423357664
0 0.5065084226646248 0.34671532846715325 0.026799387442572743 0.03467153284671533
0 0.4065849923430322 0.12591240875912407 0.018376722817764167 0.03832116788321168
0 0.4942572741194487 0.05428832116788321 0.028330781010719758 0.024635036496350363
0 0.4559724349157734 0.6478102189781022 0.05130168453292496 0.08394160583941605
0 0.5547473200612557 0.6920620437956204 0.06049004594180705 0.06113138686131386
0 0.2936447166921899 0.2531934306569343 0.1768759571209801 0.1031021897810219
0 0.3300153139356815 0.13366788321167883 0.06891271056661562 0.03740875912408759
0 0.751531393568147 0.5611313868613138 0.07274119448698316 0.09854014598540145
0 0.4862174578866769 0.30885036496350365 0.02450229709035222 0.03010948905109489
0 0.3127871362940276 0.4101277372262774 0.05436447166921899 0.06843065693430657
0 0.07924961715160797 0.844434306569343 0.05130168453292496 0.09580291970802919
0 0.3395865237366003 0.761405109489051 0.03598774885145482 0.046532846715328466
0 0.36447166921898927 0.708485401459854 0.018376722817764167 0.03740875912408759
0 0.8242725880551302 0.905565693430657 0.02526799387442573 0.03375912408759124
0 0.3893568147013783 0.5971715328467153 0.03751914241960184 0.05200729927007299
0 0.6638591117917305 0.7303832116788321 0.07963246554364473 0.0885036496350365
0 0.39931087289433387 0.6943430656934306 0.03445635528330781 0.043795620437956206
0 0.807427258805513 0.5027372262773723 0.06355283307810107 0.06751824817518248
0 0.2829249617151608 0.34625912408759124 0.04823889739663094 0.04470802919708029
0 0.2312404287901991 0.656934306569343 0.021439509954058193 0.03102189781021898
0 0.7155436447166922 0.7007299270072993 0.0222052067381317 0.03102189781021898
0 0.23162327718223585 0.5638686131386861 0.06814701378254212 0.043795620437956206
0 0.5497702909647779 0.5999087591240876 0.021439509954058193 0.024635036496350363
0 0.7633996937212864 0.6729014598540146 0.08269525267993874 0.09945255474452555
0 0.11485451761102604 0.9406934306569342 0.10872894333843798 0.10401459854014598
0 0.1167687595712098 0.09352189781021898 0.02986217457886677 0.028284671532846715
0 0.14433384379785605 0.8275547445255474 0.06049004594180705 0.049270072992700725
0 0.3135528330781011 0.6678832116788321 0.011485451761102604 0.0364963503649635
0 0.3679173047473201 0.07162408759124088 0.04517611026033691 0.03375912408759124
0 0.23506891271056662 0.6012773722627737 0.030627871362940276 0.040145985401459854
0 0.4575038284839204 0.09078467153284671 0.02986217457886677 0.02281021897810219
0 0.6194486983154671 0.7308394160583941 0.033690658499234305 0.03467153284671533
0 0.7817764165390506 0.6414233576642335 0.045941807044410414 0.041970802919708027
0 0.7894333843797856 0.6952554744525548 0.03522205206738132 0.040145985401459854
0 0.599540581929556 0.4032846715328467 0.04134762633996937 0.03832116788321168
0 0.20750382848392038 0.30885036496350365 0.03522205206738132 0.011861313868613138
0 0.545176110260337 0.10675182481751824 0.026033690658499236 0.032846715328467155
0 0.8480091883614089 0.8681569343065693 0.032924961715160794 0.07390510948905109
0 0.361791730474732 0.6313868613138686 0.020673813169984685 0.025547445255474453
0 0.2729709035222052 0.6017335766423357 0.032924961715160794 0.04105839416058394
0 0.8101071975497703 0.6719890510948905 0.01990811638591118 0.01916058394160584
0 0.8135528330781011 0.3175182481751825 0.046707503828483925 0.05656934306569343
0 0.2285604900459418 0.5054744525547445 0.04211332312404288 0.03102189781021898
0 0.8472434915773354 0.6395985401459854 0.028330781010719758 0.04744525547445255
0 0.9532924961715161 0.31432481751824815 0.013782542113323125 0.03010948905109489
0 0.07542113323124043 0.9904197080291971 0.023736600306278714 0.011861313868613138
0 0.17075038284839206 0.9831204379562043 0.033690658499234305 0.008211678832116789
0 0.5137825421133232 0.1208941605839416 0.021439509954058193 0.024635036496350363
0 0.3169984686064319 0.36313868613138683 0.01990811638591118 0.029197080291970802
0 0.7021439509954058 0.09124087591240876 0.03981623277182236 0.05474452554744525
0 0.23736600306278716 0.07390510948905109 0.045941807044410414 0.012773722627737226
