0 0.34603421461897355 0.6118421052631579 0.09642301710730948 0.10150375939849623
0 0.7441679626749611 0.6936090225563909 0.05598755832037325 0.08458646616541353
0 0.25777604976671853 0.26033834586466165 0.09875583203732503 0.13533834586466165
0 0.1916796267496112 0.06578947368421052 0.034992223950233284 0.09398496240601503
0 0.40279937791601866 0.3425751879699248 0.1088646967340591 0.06860902255639098
0 0.6057542768273717 0.47603383458646614 0.05754276827371695 0.06484962406015038
0 0.5069984447900466 0.15977443609022557 0.05132192846034215 0.09022556390977443
0 0.17729393468118196 0.39191729323308266 0.06842923794712286 0.04887218045112782
0 0.5948678071539658 0.3839285714285714 0.060653188180404355 0.1137218045112782
0 0.5559875583203733 0.5681390977443609 0.031104199066874026 0.044172932330827065
0 0.5765940902021773 0.7481203007518796 0.07387247278382582 0.06766917293233082
0 0.9451788491446346 0.081296992481203 0.056765163297045104 0.06296992481203006
0 0.4587869362363919 0.2420112781954887 0.05598755832037325 0.07988721804511278
0 0.3215396578538103 0.513157894736842 0.061430793157076204 0.08834586466165413
0 0.6722395023328149 0.6804511278195489 0.03343701399688958 0.03195488721804511
0 0.7056765163297045 0.5601503759398496 0.03965785381026438 0.05075187969924812
0 0.4984447900466563 0.793703007518797 0.041990668740279936 0.05169172932330827
0 0.6566874027993779 0.3026315789473684 0.03343701399688958 0.03759398496240601
0 0.28149300155520995 0.38298872180451127 0.15085536547433903 0.08364661654135339
0 0.5867029548989113 0.18796992481203006 0.06765163297045101 0.10526315789473684
0 0.45178849144634525 0.506578947368421 0.09642301710730948 0.13721804511278196
0 0.4891135303265941 0.42528195488721804 0.041990668740279936 0.046052631578947366
0 0.5660964230171073 0.29370300751879697 0.05132192846034215 0.047932330827067667
0 0.3429237947122862 0.29182330827067665 0.03732503888024884 0.05921052631578947
0 0.6749611197511665 0.4732142857142857 0.09175738724727839 0.08552631578947367
0 0.692846034214619 0.6217105263157895 0.03732503888024884 0.05169172932330827
0 0.49027993779160184 0.3430451127819549 0.027216174183514776 0.03571428571428571
0 0.5855365474339036 0.10902255639097744 0.01866251944012442 0.039473684210526314
0 0.49300155520995337 0.03806390977443609 0.029548989113530325 0.02537593984962406
0 0.5517107309486781 0.6546052631578947 0.052099533437014 0.08740601503759399
0 0.4513996889580093 0.7048872180451128 0.061430793157076204 0.06390977443609022
0 0.7056765163297045 0.23590225563909772 0.18118195956454122 0.10714285714285714
0 0.6644634525660964 0.11325187969924812 0.07076205287713841 0.03853383458646616
0 0.24572317262830481 0.5775375939849624 0.07465007776049767 0.10244360902255639
0 0.5097200622083982 0.3031015037593985 0.025660964230171075 0.03101503759398496
0 0.6909020217729394 0.40037593984962405 0.056765163297045104 0.07142857142857142
0 0.9444012441679627 0.8416353383458646 0.052099533437014 0.10056390977443608
0 0.6745723172628305 0.7669172932330827 0.038102643856920686 0.04887218045112782
0 0.6469673405909798 0.7133458646616541 0.01866251944012442 0.039473684210526314
0 0.18195956454121306 0.9398496240601504 0.026438569206842923 0.03571428571428571
0 0.6181959564541213 0.5986842105263157 0.038880248833592534 0.05451127819548872
0 0.34097978227060655 0.75 0.08164852255054432 0.09210526315789473
0 0.6111975116640747 0.700187969924812 0.03576982892690513 0.045112781954887216
0 0.18584758942457233 0.5197368421052632 0.06531881804043546 0.06954887218045112
0 0.7196734059097978 0.33176691729323304 0.05054432348367029 0.046992481203007516
0 0.7826594090202177 0.6536654135338346 0.02255054432348367 0.03101503759398496
0 0.2869362363919129 0.7218045112781954 0.02177293934681182 0.03195488721804511
0 0.7791601866251944 0.556390977443609 0.06998444790046657 0.045112781954887216
0 0.4537325038880249 0.6090225563909775 0.02255054432348367 0.02631578947368421
0 0.23716951788491447 0.6945488721804511 0.08553654743390357 0.10338345864661654
0 0.9109642301710731 0.9431390977443609 0.11119751166407466 0.10808270676691728
0 0.8818040435458787 0.06203007518796992 0.031104199066874026 0.03007518796992481
0 0.8771384136858476 0.8270676691729323 0.06220839813374805 0.05075187969924812
0 0.6986780715396579 0.668703007518797 0.01166407465007776 0.03853383458646616
0 0.6232503888024883 0.05075187969924812 0.045878693623639194 0.03571428571428571
0 0.7768273716951788 0.5958646616541353 0.031104199066874026 0.043233082706766915
0 0.5322706065318819 0.07471804511278195 0.030326594090202177 0.023496240601503758
0 0.38608087091757387 0.7485902255639098 0.034992223950233284 0.03665413533834586
0 0.21695178849144633 0.662593984962406 0.04665629860031104 0.043233082706766915
0 0.21073094867807154 0.7185150375939849 0.03576982892690513 0.042293233082706765
0 0.3961897356143079 0.40601503759398494 0.042768273716951785 0.039473684210526314
0 0.7958786936236392 0.29041353383458646 0.03654743390357698 0.011278195488721804
0 0.442846034214619 0.09539473684210525 0.027216174183514776 0.03477443609022556
0 0.15668740279937793 0.9022556390977443 0.03343701399688958 0.07706766917293233
0 0.6477449455676516 0.6325187969924811 0.02177293934681182 0.02631578947368421
0 0.7375583203732504 0.5977443609022556 0.03343701399688958 0.043233082706766915
0 0.18895800933125972 0.6954887218045113 0.02021772939346812 0.018796992481203006
0 0.17418351477449456 0.3265977443609022 0.04821150855365474 0.05921052631578947
0 0.7803265940902022 0.49530075187969924 0.042768273716951785 0.03195488721804511
0 0.1500777604976672 0.6640037593984962 0.029548989113530325 0.04981203007518797
0 0.030326594090202177 0.33035714285714285 0.013996889580093312 0.03101503759398496
0 0.952954898911353 0.9934210526315789 0.02410575427682737 0.013157894736842105
0 0.8549766718506998 0.9901315789473684 0.034992223950233284 0.008458646616541353
0 0.4755054432348367 0.10902255639097744 0.02255054432348367 0.02631578947368421
0 0.6850699844479005 0.3515037593984962 0.02021772939346812 0.03007518796992481
0 0.281104199066874 0.08646616541353383 0.04121306376360809 0.05827067669172932
0 0.7573872472783826 0.04652255639097744 0.04665629860031104 0.014097744360902255
