0 0.6553125 0.3730769230769231 0.099375 0.10615384615384615
0 0.2396875 0.31 0.056875 0.0876923076923077
0 0.76 0.7388461538461538 0.10125 0.1423076923076923
0 0.8359375 0.9396153846153846 0.035625000000000004 0.09769230769230769
0 0.606875 0.6603846153846153 0.1125 0.07153846153846154
0 0.39187500000000003 0.5315384615384615 0.058750000000000004 0.06769230769230769
0 0.50625 0.8588461538461538 0.0525 0.09461538461538462
0 0.838125 0.5953846153846154 0.07 0.05076923076923077
0 0.40625 0.6280769230769231 0.0625 0.11923076923076924
0 0.439375 0.43115384615384617 0.03125 0.045384615384615384
0 0.4109375 0.24307692307692308 0.075625 0.07076923076923076
0 0.0559375 0.9665384615384616 0.058125 0.06538461538461539
0 0.5525 0.7692307692307693 0.0575 0.08307692307692308
0 0.6843750000000001 0.47615384615384615 0.0625 0.09230769230769231
0 0.3146875 0.32 0.034375 0.03230769230769231
0 0.28500000000000003 0.44846153846153847 0.04 0.052307692307692305
0 0.4903125 0.19076923076923077 0.043125000000000004 0.05384615384615385
0 0.345625 0.7169230769230769 0.03375 0.038461538461538464
0 0.730625 0.6107692307692307 0.155 0.0876923076923077
0 0.4221875 0.8338461538461538 0.069375 0.10923076923076923
0 0.5496875 0.49038461538461536 0.099375 0.14384615384615385
0 0.514375 0.578076923076923 0.0425 0.04692307692307692
0 0.439375 0.7211538461538461 0.0525 0.05
0 0.6709375 0.7103846153846154 0.038125 0.06076923076923077
0 0.32 0.5384615384615384 0.095 0.08923076923076922
0 0.2959375 0.38269230769230766 0.038125 0.05307692307692308
0 0.51625 0.6646153846153846 0.0275 0.03692307692307692
0 0.426875 0.916923076923077 0.01875 0.04153846153846154
0 0.5253125 0.9861538461538462 0.029375000000000002 0.026153846153846153
0 0.440625 0.3403846153846154 0.05375 0.09153846153846154
0 0.5421875 0.28115384615384614 0.063125 0.06692307692307692
0 0.2975 0.79 0.1875 0.1123076923076923
0 0.34500000000000003 0.916923076923077 0.0725 0.04
0 0.7603125000000001 0.4034615384615385 0.076875 0.10692307692307693
0 0.4978125 0.708076923076923 0.025625000000000002 0.031538461538461536
0 0.30625 0.6161538461538462 0.0575 0.07384615384615384
0 0.026875 0.16576923076923078 0.05375 0.10538461538461538
0 0.3090625 0.22846153846153847 0.038125 0.05076923076923077
0 0.339375 0.28384615384615386 0.01875 0.04
0 0.8121875000000001 0.01846153846153846 0.026875 0.03692307692307692
0 0.3740625 0.40307692307692305 0.039375 0.05692307692307692
0 0.655 0.2273076923076923 0.08375 0.09615384615384616
0 0.3771875 0.2957692307692308 0.035625000000000004 0.04692307692307692
0 0.8240625 0.46115384615384614 0.066875 0.07307692307692308
0 0.279375 0.6896153846153846 0.051250000000000004 0.04846153846153846
0 0.201875 0.3546153846153846 0.0225 0.03230769230769231
0 0.711875 0.2542307692307692 0.0225 0.03307692307692308
0 0.2090625 0.45653846153846156 0.07187500000000001 0.04692307692307692
0 0.5437500000000001 0.3823076923076923 0.0225 0.026153846153846153
0 0.7646875 0.2796153846153846 0.088125 0.10846153846153846
0 0.0575 0.05653846153846154 0.115 0.11307692307692307
0 0.121875 0.9838461538461538 0.03125 0.03076923076923077
0 0.096875 0.1773076923076923 0.06375 0.05307692307692308
0 0.288125 0.33384615384615385 0.01125 0.04
0 0.3896875 0.9807692307692307 0.046875 0.03692307692307692
0 0.2096875 0.415 0.031875 0.04384615384615385
0 0.483125 0.95 0.03125 0.024615384615384615
0 0.608125 0.23192307692307693 0.035 0.03769230769230769
0 0.7865625 0.3123076923076923 0.048125 0.04461538461538461
0 0.790625 0.2526923076923077 0.03625 0.04384615384615385
0 0.6109375 0.5926923076923077 0.043125000000000004 0.040769230769230766
0 0.2021875 0.7380769230769231 0.036875 0.011538461538461539
0 0.5750000000000001 0.9230769230769231 0.0275 0.03538461538461538
0 0.84 0.05653846153846154 0.03375 0.08076923076923077
0 0.34218750000000003 0.3688461538461538 0.021875000000000002 0.026923076923076925
0 0.2503125 0.4107692307692308 0.034375 0.04461538461538461
0 0.8143750000000001 0.27576923076923077 0.02 0.019230769230769232
0 0.8440625 0.6638461538461539 0.049375 0.06153846153846154
0 0.21 0.5211538461538462 0.043750000000000004 0.03307692307692308
0 0.8559375 0.3073076923076923 0.029375000000000002 0.05153846153846154
0 0.9925 0.6515384615384615 0.01375 0.03230769230769231
0 0.0121875 0.006153846153846154 0.024375 0.012307692307692308
0 0.11375 0.004230769230769231 0.035 0.008461538461538461
0 0.540625 0.9107692307692308 0.0225 0.026153846153846153
0 0.314375 0.6673076923076923 0.02 0.031538461538461536
0 0.7428125 0.9230769230769231 0.041875 0.06
0 0.25125000000000003 0.9926923076923077 0.0475 0.013076923076923076
