0 0.6445371775417299 0.6332728921124207 0.09484066767830046 0.09882139619220308
0 0.2488619119878604 0.6563916591115141 0.054628224582701064 0.08159564823209428
0 0.7640364188163885 0.30689029918404354 0.09559939301972686 0.1314596554850408
0 0.8471168437025797 0.12964641885766093 0.03414264036418817 0.09066183136899365
0 0.6149468892261002 0.3658204895738894 0.10698027314112292 0.06618313689936536
0 0.40515933232169954 0.46645512239347237 0.05614567526555387 0.06255666364460562
0 0.5314871016691958 0.17588395285584768 0.05083459787556904 0.08703535811423391
0 0.8292867981790593 0.44514959202175886 0.06676783004552353 0.0471441523118767
0 0.42412746585735966 0.37896645512239346 0.05918057663125949 0.11060743427017225
0 0.44423368740515934 0.5621033544877606 0.029590288315629744 0.04170444242973708
0 0.40705614567526555 0.7320942883046238 0.07207890743550835 0.06618313689936536
0 0.11267071320182094 0.03943789664551224 0.05538694992412747 0.06074342701722575
0 0.5701820940819423 0.2615593834995467 0.05538694992412747 0.0770625566636446
0 0.6779210925644916 0.5412511332728921 0.05993930197268589 0.08522212148685404
0 0.32018209408194237 0.6536718041704442 0.033383915022761765 0.030825022665457842
0 0.29931714719271624 0.5330915684496826 0.038694992412746584 0.04895738893925657
0 0.4787556904400607 0.78649138712602 0.0409711684370258 0.04986400725294651
0 0.372154779969651 0.2928377153218495 0.032625189681335355 0.03626473254759746
0 0.729135053110774 0.4215775158658205 0.1471927162367223 0.08159564823209428
0 0.45106221547799696 0.19174977334542156 0.06600910470409711 0.10063463281958296
0 0.5515933232169955 0.5167724388032638 0.09408194233687406 0.13236627379873073
0 0.5235204855842185 0.4338168631006346 0.0409711684370258 0.04442429737080689
0 0.460546282245827 0.2964641885766092 0.05007587253414264 0.0471441523118767
0 0.6783004552352049 0.3254759746146872 0.036418816388467376 0.056210335448776065
0 0.33763277693474963 0.45376246600181325 0.09104704097116845 0.08250226654578423
0 0.30614567526555386 0.5942883046237534 0.03717754172989378 0.04986400725294651
0 0.529969650986343 0.35448776065276516 0.02655538694992413 0.03445149592021759
0 0.4597875569044006 0.11650045330915684 0.018209408194233688 0.038984587488667274
0 0.5565250379362671 0.06074342701722575 0.028072837632776935 0.025385312783318223
0 0.4400606980273141 0.6455122393472348 0.051593323216995446 0.08522212148685404
0 0.5326251896813353 0.7080689029918404 0.06069802731411229 0.061650045330915684
0 0.330804248861912 0.2216681776971895 0.17754172989377845 0.1042611060743427
0 0.38277693474962066 0.10924750679963735 0.06904400606980274 0.037171350861287394
0 0.7454476479514416 0.614233907524932 0.07359635811836115 0.09882139619220308
0 0.5147951441578149 0.31323662737987307 0.02503793626707132 0.029918404351767906
0 0.3292867981790592 0.38168631006346326 0.054628224582701064 0.06890299184043518
0 0.0402124430955994 0.7706255666364461 0.051593323216995446 0.09791477787851315
0 0.3099393019726859 0.7370806890299184 0.03717754172989378 0.0471441523118767
0 0.34142640364188165 0.6885766092475067 0.018209408194233688 0.037171350861287394
0 0.7723823975720789 0.970988213961922 0.025796661608497723 0.03445149592021759
0 0.38088012139605465 0.5825022665457842 0.03793626707132018 0.05349048050770626
0 0.6361911987860395 0.7669990933816863 0.07966616084977239 0.08884859474161377
0 0.37784522003034904 0.6808703535811423 0.03490136570561457 0.043517679057116954
0 0.8088012139605463 0.5666364460562103 0.0637329286798179 0.0670897552130553
0 0.30766312594840667 0.3118766999093382 0.04931714719271624 0.04533091568449683
0 0.21585735963581185 0.6124206708975521 0.022003034901365705 0.029918404351767906
0 0.691578148710167 0.7470534904805077 0.022003034901365705 0.030825022665457842
0 0.2283763277693475 0.5194922937443336 0.06828528072837634 0.043517679057116954
0 0.5398330804248862 0.6155938349954669 0.022003034901365705 0.025385312783318223
0 0.742412746585736 0.7280145058930191 0.08421851289833081 0.09972801450589303
0 0.0629742033383915 0.8735267452402539 0.10925644916540213 0.1042611060743427
0 0.17602427921092564 0.029465095194922936 0.030349013657056147 0.029918404351767906
0 0.10698027314112292 0.7660924750679964 0.06069802731411229 0.04895738893925657
0 0.2962822458270106 0.6387126019945603 0.011380880121396056 0.037171350861287394
0 0.4283004552352049 0.05439709882139619 0.044764795144157814 0.03445149592021759
0 0.22647951441578149 0.5580235720761559 0.03110773899848255 0.04079782411604714
0 0.5147951441578149 0.09066183136899365 0.029590288315629744 0.02357207615593835
0 0.5921851289833081 0.7583862194016319 0.03414264036418817 0.03535811423390753
0 0.7651745068285281 0.699909338168631 0.046282245827010626 0.04170444242973708
0 0.7655538694992413 0.7547597461468721 0.03490136570561457 0.04079782411604714
0 0.6153262518968133 0.428377153218495 0.0409711684370258 0.038984587488667274
0 0.23786039453717756 0.2611060743427017 0.03566009104704097 0.010879419764279238
0 0.5997723823975721 0.1228467815049864 0.02655538694992413 0.03354487760652765
0 0.8008345978755691 0.9383499546690843 0.032625189681335355 0.07434270172257479
0 0.3490136570561457 0.6110607434270172 0.021244309559939303 0.025385312783318223
0 0.26479514415781485 0.5648232094288305 0.033383915022761765 0.04170444242973708
0 0.7890743550834598 0.7357207615593835 0.019726858877086494 0.019038984587488667
0 0.8391502276176025 0.3825929283771532 0.04704097116843703 0.05802357207615594
0 0.23292867981790594 0.4605621033544878 0.042488619119878605 0.030825022665457842
0 0.8300455235204857 0.7103354487760652 0.02883156297420334 0.04805077062556663
0 0.9787556904400607 0.40616500453309157 0.013657056145675266 0.030825022665457842
0 0.017071320182094084 0.915684496826836 0.023520485584218515 0.012692656391659111
0 0.11267071320182094 0.9261106074342702 0.03414264036418817 0.008159564823209429
0 0.5671471927162367 0.13100634632819583 0.022003034901365705 0.024478694469628286
0 0.33990895295902884 0.33499546690843157 0.019726858877086494 0.029918404351767906
0 0.7583459787556904 0.13689936536718042 0.0402124430955994 0.056210335448776065
0 0.29817905918057663 0.03218495013599275 0.045523520485584223 0.013599274705349048
