0 0.6413362701908957 0.6324300699300699 0.09324522760646108 0.09702797202797203
0 0.24853157121879588 0.6503496503496503 0.053597650513950074 0.08041958041958042
0 0.7628487518355359 0.3111888111888112 0.09544787077826725 0.12937062937062938
0 0.8469162995594713 0.13723776223776224 0.03450807635829662 0.08916083916083917
0 0.6145374449339207 0.36756993006993005 0.10572687224669602 0.06555944055944056
0 0.4052863436123348 0.4637237762237762 0.05580029368575624 0.062062937062937064
0 0.5334067547723935 0.17875874125874125 0.04919236417033774 0.08653846153846154
0 0.8267254038179148 0.44842657342657344 0.06607929515418502 0.0472027972027972
0 0.4251101321585903 0.3780594405594406 0.05873715124816446 0.10926573426573427
0 0.4430983847283407 0.5594405594405595 0.030102790014684286 0.04195804195804196
0 0.4045521292217327 0.7268356643356644 0.07195301027900146 0.06555944055944056
0 0.11930983847283406 0.0388986013986014 0.05506607929515418 0.06031468531468531
0 0.5708516886930983 0.2644230769230769 0.05506607929515418 0.07604895104895106
0 0.6751101321585903 0.541958041958042 0.05947136563876652 0.08391608391608392
0 0.31938325991189426 0.6481643356643356 0.032305433186490456 0.030594405594405596
0 0.3002936857562408 0.5292832167832168 0.0381791483113069 0.04807692307692308
0 0.4750367107195301 0.7819055944055944 0.041116005873715125 0.049825174825174824
0 0.37371512481644636 0.291958041958042 0.032305433186490456 0.03496503496503497
0 0.7272393538913362 0.42482517482517484 0.1461086637298091 0.08041958041958042
0 0.4533773861967694 0.19318181818181818 0.06534508076358296 0.09965034965034965
0 0.5502936857562408 0.5166083916083916 0.09324522760646108 0.13111888111888112
0 0.5231277533039648 0.43356643356643354 0.040381791483113064 0.043706293706293704
0 0.4618208516886931 0.29676573426573427 0.049926578560939794 0.04632867132867133
0 0.6776798825256974 0.32867132867132864 0.03671071953010279 0.055944055944055944
0 0.3384728340675477 0.45104895104895104 0.0895741556534508 0.08216783216783216
0 0.30580029368575623 0.590034965034965 0.03597650513950073 0.04895104895104895
0 0.5301027900146843 0.3553321678321678 0.026431718061674006 0.03409090909090909
0 0.46292217327459617 0.11888111888111888 0.018355359765051395 0.038461538461538464
0 0.5594713656387665 0.06555944055944056 0.02790014684287812 0.024475524475524476
0 0.4386930983847283 0.6416083916083916 0.05066079295154185 0.08391608391608392
0 0.5297356828193832 0.7045454545454546 0.05947136563876652 0.06118881118881119
0 0.33370044052863435 0.2215909090909091 0.17547723935389134 0.10227272727272728
0 0.38656387665198233 0.11101398601398602 0.06828193832599118 0.03671328671328671
0 0.7415565345080763 0.6149475524475524 0.07195301027900146 0.09702797202797203
0 0.5157856093979442 0.3146853146853147 0.02422907488986784 0.02972027972027972
0 0.3307635829662261 0.3793706293706294 0.05506607929515418 0.06818181818181818
0 0.040381791483113064 0.7604895104895105 0.0513950073421439 0.09615384615384616
0 0.30837004405286345 0.7303321678321678 0.03671071953010279 0.04632867132867133
0 0.34030837004405284 0.6831293706293706 0.018355359765051395 0.037587412587412584
0 0.7654185022026432 0.9680944055944056 0.02569750367107195 0.03409090909090909
0 0.38032305433186486 0.5786713286713286 0.0381791483113069 0.05244755244755245
0 0.631791483113069 0.7644230769230769 0.07856093979441997 0.08828671328671328
0 0.3762848751835536 0.6761363636363636 0.03450807635829662 0.04283216783216783
0 0.8046989720998531 0.5686188811188811 0.06314243759177679 0.0673076923076923
0 0.31020558002936854 0.3107517482517482 0.04919236417033774 0.044580419580419584
0 0.21622613803230542 0.6062062937062938 0.021292217327459617 0.030594405594405596
0 0.6864904552129222 0.7451923076923077 0.02202643171806167 0.030594405594405596
0 0.22944199706314242 0.5148601398601399 0.06828193832599118 0.043706293706293704
0 0.5374449339207048 0.6136363636363636 0.02202643171806167 0.024475524475524476
0 0.7375183553597651 0.7272727272727273 0.0829662261380323 0.09965034965034965
0 0.06167400881057268 0.8618881118881119 0.10866372980910426 0.10314685314685315
0 0.18208516886930984 0.029283216783216784 0.02936857562408223 0.028846153846153848
0 0.10646108663729809 0.756993006993007 0.06020558002936857 0.04895104895104895
0 0.2955212922173274 0.6328671328671329 0.011013215859030836 0.03671328671328671
0 0.4320851688693098 0.05725524475524475 0.0447870778267254 0.03409090909090909
0 0.22723935389133626 0.5524475524475524 0.030102790014684286 0.04020979020979021
0 0.5179882525697503 0.09396853146853147 0.030102790014684286 0.0236013986013986
0 0.5881057268722467 0.7552447552447552 0.033773861967694566 0.03496503496503497
0 0.7602790014684288 0.6997377622377622 0.046255506607929514 0.04108391608391608
0 0.7602790014684288 0.7543706293706294 0.03450807635829662 0.04020979020979021
0 0.6138032305433186 0.42963286713286714 0.041116005873715125 0.037587412587412584
0 0.24155653450807635 0.25917832167832167 0.035242290748898675 0.011363636363636364
0 0.6020558002936858 0.1271853146853147 0.026431718061674006 0.032342657342657344
0 0.7936857562408223 0.9361888111888111 0.032305433186490456 0.07342657342657342
0 0.34838472834067546 0.6062062937062938 0.021292217327459617 0.025349650349650348
0 0.26505139500734215 0.5598776223776224 0.032305433186490456 0.04108391608391608
0 0.7837738619676945 0.7355769230769231 0.019823788546255505 0.018356643356643356
0 0.8370044052863436 0.38723776223776224 0.04698972099853157 0.055944055944055944
0 0.23458149779735682 0.4562937062937063 0.04185022026431718 0.03146853146853147
0 0.8248898678414096 0.7106643356643356 0.028634361233480173 0.0472027972027972
0 0.974669603524229 0.4125874125874126 0.01395007342143906 0.02972027972027972
0 0.016152716593245228 0.9034090909090909 0.023494860499265784 0.011363636363636364
0 0.11086637298091041 0.9147727272727273 0.033773861967694566 0.007867132867132868
0 0.5690161527165932 0.1354895104895105 0.02202643171806167 0.024475524475524476
0 0.34140969162995594 0.3339160839160839 0.01908957415565345 0.02972027972027972
0 0.7588105726872246 0.14291958041958042 0.040381791483113064 0.05506993006993007
0 0.30359765051395005 0.03365384615384615 0.0447870778267254 0.013111888111888112
