0 0.34782608695652173 0.37221684414327205 0.09960474308300395 0.10551790900290417
0 0.7596837944664031 0.3165537270087125 0.05691699604743083 0.08712487899322362
0 0.24031620553359684 0.7308809293320426 0.10118577075098814 0.14133591481122942
0 0.1632411067193676 0.9273959341723137 0.03557312252964427 0.0968054211035818
0 0.39288537549407115 0.6563407550822846 0.11225296442687747 0.07163601161665054
0 0.6067193675889327 0.5324298160697 0.05928853754940711 0.06776379477250727
0 0.49051383399209486 0.8533397870280736 0.052964426877470355 0.09390125847047436
0 0.16482213438735177 0.5885769603097774 0.07035573122529644 0.05033881897386254
0 0.591699604743083 0.6272991287512101 0.062450592885375494 0.1181026137463698
0 0.5608695652173913 0.4332042594385286 0.03241106719367589 0.04549854791868345
0 0.5909090909090909 0.24830590513068732 0.07509881422924901 0.07066795740561471
0 0.9347826086956522 0.9661181026137464 0.057707509881422925 0.06582768635043562
0 0.44545454545454544 0.7642787996127783 0.057707509881422925 0.08228460793804453
0 0.3181818181818182 0.47386253630203296 0.062450592885375494 0.09196515004840271
0 0.6853754940711463 0.32526621490803487 0.034782608695652174 0.03291384317521781
0 0.7134387351778656 0.45256534365924495 0.040316205533596834 0.05324298160696999
0 0.5126482213438736 0.19554695062923524 0.043478260869565216 0.05421103581800581
0 0.6505928853754941 0.7158760890609874 0.034782608695652174 0.03969022265246854
0 0.2707509881422925 0.6055179090029041 0.1541501976284585 0.08809293320425944
0 0.5739130434782609 0.829622458857696 0.06956521739130435 0.10842207163601161
0 0.4509881422924901 0.48983543078412395 0.09881422924901186 0.14327202323330107
0 0.4853754940711462 0.5764762826718296 0.04268774703557312 0.04743465634075508
0 0.5577075098814229 0.718296224588577 0.052964426877470355 0.05033881897386254
0 0.32885375494071145 0.7042594385285577 0.037944664031620556 0.06098741529525654
0 0.6778656126482213 0.5406582768635044 0.09407114624505929 0.08809293320425944
0 0.7031620553359683 0.3877057115198451 0.03873517786561265 0.05324298160696999
0 0.4826086956521739 0.6616650532429816 0.02766798418972332 0.0377541142303969
0 0.5683794466403161 0.9114230396902226 0.018972332015810278 0.041626331074540175
0 0.47035573122529645 0.9782187802516942 0.030039525691699605 0.026137463697967087
0 0.5604743083003952 0.3436592449177154 0.05375494071146245 0.0909970958373669
0 0.4608695652173913 0.28412391093901257 0.06324110671936758 0.06679574056147145
0 0.6976284584980237 0.7884801548886738 0.1857707509881423 0.11132623426911907
0 0.6490118577075099 0.9128751210067764 0.07272727272727272 0.04065827686350436
0 0.24347826086956523 0.40077444336882867 0.0774703557312253 0.10648596321393998
0 0.5 0.7052274927395934 0.02608695652173913 0.031945788964181994
0 0.6905138339920949 0.6176185866408519 0.057707509881422925 0.07357212003872217
0 0.9715415019762845 0.17812197483059053 0.05375494071146245 0.10454985479186835
0 0.692094861660079 0.2357212003872217 0.03873517786561265 0.051306873184898356
0 0.6612648221343873 0.2894482090997096 0.019762845849802372 0.04065827686350436
0 0.19604743083003953 0.020813165537270088 0.026877470355731226 0.0377541142303969
0 0.625691699604743 0.4060987415295257 0.040316205533596834 0.057115198451113264
0 0.3494071146245059 0.22894482090997095 0.08379446640316206 0.09583736689254599
0 0.6237154150197628 0.3005808325266215 0.03636363636363636 0.04743465634075508
0 0.17984189723320157 0.4564375605033882 0.06719367588932806 0.07260406582768636
0 0.716600790513834 0.6902226524685383 0.05138339920948617 0.0484027105517909
0 0.7964426877470355 0.36108422071636015 0.02292490118577075 0.03291384317521781
0 0.2928853754940711 0.25459825750242016 0.02292490118577075 0.03291384317521781
0 0.7885375494071146 0.4617618586640852 0.07193675889328063 0.046466602129719266
0 0.458102766798419 0.38334946757018395 0.02292490118577075 0.027105517909002903
0 0.24071146245059288 0.2787996127783156 0.08774703557312252 0.10842207163601161
0 0.9426877470355731 0.07066795740561471 0.11462450592885376 0.1122942884801549
0 0.8695652173913043 0.9820909970958374 0.03162055335968379 0.031945788964181994
0 0.9023715415019763 0.1882865440464666 0.06403162055335969 0.05324298160696999
0 0.7114624505928854 0.33978702807357214 0.012648221343873518 0.04065827686350436
0 0.6043478260869565 0.9748305905130688 0.0466403162055336 0.036786060019361085
0 0.7885375494071146 0.42061955469506296 0.03241106719367589 0.04356243949661181
0 0.5122529644268775 0.9428848015488868 0.03162055335968379 0.02516940948693127
0 0.39565217391304347 0.23426911907066797 0.03557312252964427 0.038722168441432725
0 0.21857707509881422 0.3107454017424976 0.048221343873517786 0.04453049370764763
0 0.2150197628458498 0.2521781219748306 0.03636363636363636 0.04356243949661181
0 0.3893280632411067 0.5895450145208132 0.043478260869565216 0.04065827686350436
0 0.7924901185770751 0.7391093901258471 0.03715415019762846 0.012584704743465635
0 0.4217391304347826 0.9152952565343659 0.02766798418972332 0.03581800580832527
0 0.16798418972332016 0.05808325266214908 0.03399209486166008 0.08131655372700872
0 0.6577075098814229 0.37318489835430785 0.022134387351778657 0.028073572120038724
0 0.7478260869565218 0.41626331074540174 0.034782608695652174 0.04453049370764763
0 0.19130434782608696 0.2744433688286544 0.020553359683794466 0.02032913843175218
0 0.15770750988142293 0.6558567279767668 0.04980237154150197 0.06098741529525654
0 0.7869565217391304 0.5251694094869312 0.043478260869565216 0.033881897386253634
0 0.15019762845849802 0.3049370764762827 0.030039525691699605 0.05227492739593417
0 0.011067193675889328 0.6418199419167474 0.014229249011857707 0.03291384317521781
0 0.9877470355731225 0.021297192642787996 0.02450592885375494 0.013552758954501452
0 0.8873517786561265 0.017909002904162634 0.03557312252964427 0.008712487899322363
0 0.45573122529644267 0.9036786060019362 0.02292490118577075 0.026137463697967087
0 0.6822134387351778 0.6674733785091965 0.020553359683794466 0.031945788964181994
0 0.2557312252964427 0.9128751210067764 0.04189723320158103 0.06001936108422072
0 0.7411067193675889 0.9888673765730881 0.048221343873517786 0.01452081316553727
