0 0.6537254901960784 0.390359168241966 0.09647058823529411 0.1001890359168242
0 0.2580392156862745 0.30529300567107753 0.054901960784313725 0.0831758034026465
0 0.7392156862745097 0.7400756143667298 0.09803921568627451 0.1342155009451796
0 0.8035294117647058 0.9328922495274102 0.03529411764705882 0.09262759924385633
0 0.5956862745098039 0.6568998109640832 0.10901960784313725 0.06805293005671077
0 0.3949019607843137 0.5226843100189036 0.05725490196078431 0.06427221172022685
0 0.4905882352941176 0.8369565217391305 0.050980392156862744 0.08979206049149338
0 0.8196078431372549 0.6101134215500945 0.06745098039215686 0.048204158790170135
0 0.40470588235294114 0.6138941398865785 0.06117647058823529 0.11247637051039698
0 0.44431372549019604 0.43147448015122875 0.030588235294117645 0.0444234404536862
0 0.42509803921568623 0.25330812854442347 0.07372549019607842 0.06805293005671077
0 0.054901960784313725 0.9102079395085066 0.05647058823529411 0.062381852551984876
0 0.5392156862745098 0.755671077504726 0.05568627450980392 0.07844990548204159
0 0.6772549019607843 0.4886578449905482 0.06039215686274509 0.08695652173913043
0 0.3298039215686274 0.31994328922495274 0.03372549019607843 0.031190926275992438
0 0.2956862745098039 0.43809073724007563 0.0392156862745098 0.0500945179584121
0 0.5035294117647059 0.20888468809073724 0.042352941176470586 0.05103969754253308
0 0.34274509803921566 0.6937618147448016 0.03294117647058823 0.03780718336483932
0 0.716078431372549 0.6181474480151229 0.14901960784313725 0.0831758034026465
0 0.41137254901960785 0.8081285444234405 0.06666666666666667 0.10396975425330814
0 0.547843137254902 0.4938563327032136 0.09647058823529411 0.13516068052930058
0 0.5101960784313725 0.5737240075614367 0.04156862745098039 0.045368620037807186
0 0.43254901960784314 0.7036862003780718 0.050980392156862744 0.048204158790170135
0 0.6549019607843137 0.7074669187145558 0.03764705882352941 0.057655954631379965
0 0.32588235294117646 0.5245746691871456 0.09176470588235294 0.08506616257088848
0 0.30901960784313726 0.3771266540642722 0.03764705882352941 0.05103969754253308
0 0.5086274509803921 0.6550094517958412 0.027450980392156862 0.035916824196597356
0 0.4125490196078431 0.8865784499054821 0.018823529411764704 0.03969754253308129
0 0.503921568627451 0.9569943289224953 0.029019607843137254 0.02551984877126654
0 0.44941176470588234 0.3464083175803403 0.05176470588235294 0.08601134215500945
0 0.5490196078431372 0.29725897920604916 0.06117647058823529 0.06332703213610587
0 0.2937254901960784 0.7594517958412098 0.1811764705882353 0.10680529300567108
0 0.3341176470588235 0.8813799621928167 0.07058823529411765 0.038752362948960305
0 0.7533333333333333 0.42485822306238186 0.07450980392156863 0.10113421550094519
0 0.48901960784313725 0.6947069943289225 0.02588235294117647 0.030245746691871456
0 0.30941176470588233 0.5968809073724007 0.05568627450980392 0.07088846880907372
0 0.06039215686274509 0.15689981096408318 0.05176470588235294 0.1001890359168242
0 0.32823529411764707 0.2334593572778828 0.03686274509803921 0.04914933837429112
0 0.3545098039215686 0.28686200378071836 0.018823529411764704 0.038752362948960305
0 0.8188235294117646 0.0671077504725898 0.026666666666666665 0.035916824196597356
0 0.38313725490196077 0.4012287334593573 0.038431372549019606 0.05387523629489603
0 0.6596078431372548 0.25330812854442347 0.08156862745098038 0.09073724007561437
0 0.3905882352941176 0.3005671077504726 0.034509803921568626 0.045368620037807186
0 0.8117647058823529 0.4834593572778828 0.06431372549019608 0.06899810964083176
0 0.2803921568627451 0.6639886578449906 0.04941176470588235 0.046313799621928164
0 0.22 0.3454631379962193 0.022745098039215685 0.031190926275992438
0 0.7129411764705882 0.28260869565217395 0.02196078431372549 0.03213610586011342
0 0.2227450980392157 0.44139886578449905 0.06901960784313725 0.045368620037807186
0 0.5466666666666666 0.39177693761814747 0.02196078431372549 0.02551984877126654
0 0.7627450980392156 0.30954631379962194 0.08549019607843136 0.10302457466918714
0 0.09411764705882353 0.05623818525519849 0.11137254901960784 0.10680529300567108
0 0.11725490196078431 0.9305293005671078 0.030588235294117645 0.029300567107750475
0 0.12666666666666665 0.1720226843100189 0.06196078431372549 0.05103969754253308
0 0.30392156862745096 0.33081285444234404 0.011764705882352941 0.03780718336483932
0 0.3741176470588235 0.944234404536862 0.04549019607843137 0.035916824196597356
0 0.22509803921568627 0.40217391304347827 0.03137254901960784 0.04253308128544424
0 0.46470588235294114 0.921077504725898 0.030588235294117645 0.023629489603024575
0 0.6145098039215686 0.2551984877126654 0.03372549019607843 0.035916824196597356
0 0.7819607843137255 0.34120982986767484 0.047058823529411764 0.043478260869565216
0 0.7886274509803921 0.28544423440453687 0.03529411764705882 0.04158790170132325
0 0.6023529411764705 0.5935727788279773 0.042352941176470586 0.03969754253308129
0 0.20470588235294115 0.7051039697542534 0.03607843137254902 0.011342155009451797
0 0.5541176470588235 0.9017013232514178 0.027450980392156862 0.034026465028355386
0 0.8439215686274509 0.10444234404536862 0.03294117647058823 0.07655954631379962
0 0.3537254901960784 0.3667296786389414 0.02196078431372549 0.026465028355387523
0 0.263921568627451 0.4007561436672968 0.03372549019607843 0.043478260869565216
0 0.8101960784313725 0.30907372400756145 0.020392156862745096 0.01890359168241966
0 0.8227450980392157 0.6748582230623819 0.04862745098039215 0.05860113421550095
0 0.22117647058823528 0.501890359168242 0.042352941176470586 0.03213610586011342
0 0.8490196078431372 0.34120982986767484 0.029019607843137254 0.04914933837429112
0 0.9654901960784313 0.6724952741020794 0.014117647058823528 0.031190926275992438
0 0.052941176470588235 0.006616257088846881 0.024313725490196076 0.013232514177693762
0 0.15019607843137253 0.010869565217391304 0.03372549019607843 0.008506616257088847
0 0.5215686274509803 0.8879962192816635 0.02196078431372549 0.02551984877126654
0 0.3149019607843137 0.6455576559546314 0.0196078431372549 0.030245746691871456
0 0.7149019607843137 0.9116257088846881 0.04156862745098039 0.057655954631379965
0 0.2411764705882353 0.947069943289225 0.04627450980392157 0.013232514177693762
