0 0.6467348544453186 0.36837121212121215 0.0959874114870181 0.10037878787878789
0 0.24665617623918173 0.33617424242424243 0.05586152635719906 0.08333333333333334
0 0.7631785995279308 0.7035984848484849 0.0975609756097561 0.13446969696969696
0 0.8442171518489379 0.8863636363636364 0.03461841070023604 0.0928030303030303
0 0.6129032258064516 0.6401515151515151 0.10857592446892211 0.06818181818181818
0 0.4016522423288749 0.5331439393939394 0.057435090479937057 0.06439393939393939
0 0.525177025963808 0.8323863636363636 0.05114083398898505 0.08901515151515152
0 0.8316286388670339 0.5643939393939394 0.06766325727773406 0.04924242424242424
0 0.4197482297403619 0.6226325757575758 0.06058221872541306 0.11268939393939394
0 0.44256490952006294 0.43655303030303033 0.03068450039339103 0.043560606060606064
0 0.4071597167584579 0.26278409090909094 0.07317073170731707 0.06723484848484848
0 0.0995279307631786 0.9621212121212122 0.05586152635719906 0.0625
0 0.566089693154996 0.7457386363636364 0.05586152635719906 0.07859848484848485
0 0.6793863099921322 0.4630681818181818 0.06058221872541306 0.08712121212121213
0 0.3190401258851298 0.3404356060606061 0.03383162863886703 0.03125
0 0.2958300550747443 0.46259469696969696 0.03933910306845004 0.05018939393939394
0 0.481117230527144 0.20833333333333334 0.041699449252557044 0.05113636363636364
0 0.36585365853658536 0.7097537878787878 0.03304484657749803 0.036931818181818184
0 0.7293469708890638 0.5857007575757576 0.14948859166011014 0.08238636363636363
0 0.44413847364280096 0.8139204545454546 0.06687647521636507 0.10321969696969698
0 0.5507474429583006 0.484375 0.0959874114870181 0.13541666666666666
0 0.521243115656963 0.5691287878787878 0.041699449252557044 0.045454545454545456
0 0.45515342250196694 0.7078598484848485 0.05114083398898505 0.048295454545454544
0 0.6762391817466562 0.6822916666666667 0.03697875688434304 0.05776515151515152
0 0.3332022029897718 0.5445075757575758 0.0920535011801731 0.08522727272727273
0 0.3036978756884343 0.4005681818181818 0.03776553894571204 0.05113636363636364
0 0.5263571990558615 0.650094696969697 0.026750590086546025 0.03503787878787879
0 0.45200629425649097 0.8920454545454546 0.01809598741148702 0.03977272727272727
0 0.5491738788355626 0.9502840909090909 0.02832415420928403 0.02556818181818182
0 0.4402045633359559 0.35132575757575757 0.05271439811172305 0.08712121212121213
0 0.5346184107002361 0.28929924242424243 0.06058221872541306 0.0634469696969697
0 0.32297403619197484 0.78125 0.18017309205350118 0.10606060606060606
0 0.37372147915027537 0.8967803030303031 0.07081038552321008 0.03787878787878788
0 0.7486231313926043 0.38967803030303033 0.07474429583005507 0.10132575757575758
0 0.5106215578284815 0.6917613636363636 0.025177025963808025 0.03125
0 0.3237608182533438 0.6183712121212122 0.05586152635719906 0.07007575757575758
0 0.03697875688434304 0.21448863636363638 0.05192761605035405 0.09943181818181819
0 0.3095987411487018 0.2552083333333333 0.03697875688434304 0.048295454545454544
0 0.34067663257277736 0.30492424242424243 0.01888276947285602 0.03787878787878788
0 0.7812745869394178 0.026515151515151516 0.026750590086546025 0.03598484848484849
0 0.37922895357985836 0.41429924242424243 0.03776553894571204 0.05397727272727273
0 0.6400472069236821 0.23200757575757577 0.08103855232100708 0.09090909090909091
0 0.3776553894571204 0.31392045454545453 0.03461841070023604 0.04450757575757576
0 0.8119590873328089 0.43986742424242425 0.06451612903225806 0.06912878787878789
0 0.3009441384736428 0.6884469696969697 0.04956726986624705 0.045454545454545456
0 0.21243115656963021 0.38020833333333337 0.022029897718332022 0.03125
0 0.6959087332808812 0.2537878787878788 0.022816679779701022 0.032196969696969696
0 0.22383949645948073 0.47490530303030304 0.07002360346184107 0.04450757575757576
0 0.5405192761605035 0.38399621212121215 0.022029897718332022 0.02556818181818182
0 0.7474429583005507 0.27367424242424243 0.08497246262785209 0.10227272727272728
0 0.06136900078678206 0.11079545454545454 0.11014948859166011 0.10606060606060606
0 0.16325727773406767 0.9739583333333334 0.03068450039339103 0.029356060606060608
0 0.1042486231313926 0.22111742424242425 0.06215578284815106 0.05018939393939394
0 0.2938630999213218 0.35511363636363635 0.011801730920535013 0.03787878787878788
0 0.41935483870967744 0.9535984848484849 0.045633359559402044 0.03598484848484849
0 0.22265932336742722 0.43607954545454547 0.03147128245476003 0.04261363636363637
0 0.507081038552321 0.9190340909090909 0.03068450039339103 0.023674242424242424
0 0.5955940204563336 0.23958333333333334 0.03461841070023604 0.03598484848484849
0 0.7698662470495673 0.3025568181818182 0.046420141620771044 0.04261363636363637
0 0.7710464201416207 0.2471590909090909 0.03619197482297404 0.04166666666666667
0 0.6140833988985052 0.5762310606060607 0.041699449252557044 0.038825757575757576
0 0.22934697088906372 0.7386363636363636 0.03540519276160504 0.011363636363636364
0 0.5940204563335956 0.8882575757575758 0.026750590086546025 0.03409090909090909
0 0.8095987411487018 0.06013257575757576 0.03304484657749803 0.07670454545454546
0 0.34736428009441384 0.38446969696969696 0.021243115656963022 0.026515151515151516
0 0.2612116443745083 0.42945075757575757 0.03304484657749803 0.04261363636363637
0 0.7950432730133753 0.26704545454545453 0.01966955153422502 0.01893939393939394
0 0.8398898505114083 0.6278409090909091 0.04799370574350905 0.058712121212121215
0 0.22738001573564123 0.5355113636363636 0.042486231313926044 0.03125
0 0.8359559402045633 0.2935606060606061 0.029110936270653028 0.04924242424242424
0 0.9815106215578285 0.6070075757575758 0.013375295043273012 0.030303030303030304
0 0.015735641227380016 0.06676136363636363 0.023603461841070025 0.01231060606060606
0 0.11290322580645161 0.05823863636363637 0.03383162863886703 0.008522727272727272
0 0.560582218725413 0.8783143939393939 0.022816679779701022 0.02556818181818182
0 0.33359559402045635 0.665719696969697 0.02045633359559402 0.030303030303030304
0 0.7545239968528717 0.8768939393939394 0.04091266719118804 0.05681818181818182
0 0.2875688434303698 0.9734848484848485 0.046420141620771044 0.013257575757575758
