0 0.8127443315089914 0.5354107648725213 0.06802189210320563 0.06043437204910293
0 0.4143862392494136 0.7691218130311616 0.05629397967161845 0.08593012275731823
0 0.39601250977326036 0.15627950897072712 0.0398749022673964 0.053824362606232294
0 0.05824863174354965 0.540604343720491 0.07114933541829555 0.06326723323890462
0 0.6950742767787333 0.056657223796033995 0.0328381548084441 0.06610009442870633
0 0.9007036747458952 0.5179414542020775 0.03440187646598905 0.044381491973559964
0 0.6989835809225957 0.10576015108593012 0.03596559812353401 0.037771482530689335
0 0.13174354964816262 0.10151085930122758 0.06333072713057075 0.06704438149197356
0 0.5074276778733385 0.771010387157696 0.040656763096168884 0.061378659112370164
0 0.1422986708365911 0.5051935788479698 0.06411258795934324 0.047214353163361665
0 0.47771696637998434 0.8257790368271956 0.04222048475371384 0.0481586402266289
0 0.7290852228303362 0.5538243626062324 0.03674745895230649 0.04627006610009443
0 0.9112587959343237 0.8295561850802644 0.02580140734949179 0.044381491973559964
0 0.4394057857701329 0.6624173748819642 0.05003909304143862 0.0311614730878187
0 0.9538702111024238 0.7667610953729934 0.040656763096168884 0.06043437204910293
0 0.7552775605942142 0.4763928234183192 0.02971071149335418 0.034938621340887634
0 0.3768569194683346 0.5679886685552408 0.04222048475371384 0.044381491973559964
0 0.5512118842845973 0.20632672332389046 0.028146989835809225 0.0368271954674221
0 0.4687255668491008 0.5349386213408877 0.027365129007036748 0.04060434372049103
0 0.552384675527756 0.28800755429650615 0.033620015637216574 0.06421152030217187
0 0.7756059421422986 0.6798866855524079 0.026583268178264268 0.030217186024551465
0 0.44956997654417513 0.1671388101983003 0.04222048475371384 0.08120868744098206
0 0.9464425332290852 0.4287063267233239 0.02580140734949179 0.037771482530689335
0 0.7666145426114152 0.617091595845137 0.033620015637216574 0.0368271954674221
0 0.9503518373729476 0.4848914069877243 0.0617670054730258 0.04627006610009443
0 0.400312744331509 0.2705382436260623 0.039093041438623924 0.02927289896128423
0 0.5371383893666927 0.9098205854579793 0.0218921032056294 0.05571293673276676
0 0.13995308835027365 0.6005665722379604 0.018764659890539485 0.024551463644948066
0 0.9483971853010164 0.6595845136921624 0.02501954652071931 0.04060434372049103
0 0.36630179827990617 0.7563739376770539 0.03831118060985145 0.024551463644948066
0 0.6247068021892103 0.10623229461756374 0.03752931978107897 0.050047214353163366
0 0.49960906958561374 0.1525023607176582 0.0328381548084441 0.0481586402266289
0 0.49648162627052383 0.6251180358829085 0.08287724784988272 0.056657223796033995
0 0.635652853792025 0.43531633616619453 0.05160281469898358 0.05476864966949953
0 0.3612197028928851 0.31444759206798867 0.04534792806880375 0.037771482530689335
0 0.18491008600469117 0.45797922568460814 0.017982799061767005 0.02077431539187913
0 0.34323690383111805 0.2662889518413598 0.03440187646598905 0.024551463644948066
0 0.5617670054730258 0.7370160528800755 0.028928850664581705 0.059490084985835696
0 0.870992963252541 0.2502360717658168 0.09538702111024237 0.0906515580736544
0 0.12587959343236904 0.9003777148253069 0.017200938232994525 0.03871576959395656
0 0.7365129007036747 0.03541076487252125 0.023455824863174355 0.03871576959395656
0 0.8936669272869429 0.45797922568460814 0.02971071149335418 0.0339943342776204
0 0.8158717748240814 0.46128423040604344 0.08209538702111024 0.08026440037771483
0 0.9800625488663017 0.8531633616619453 0.03049257232212666 0.0481586402266289
0 0.1035965598123534 0.48914069877242683 0.019546520719311962 0.02077431539187913
0 0.681391712275215 0.6166194523135033 0.028928850664581705 0.0226628895184136
0 0.5989053948397185 0.1647780925401322 0.023455824863174355 0.02927289896128423
0 0.4311962470680219 0.9008498583569405 0.028928850664581705 0.030217186024551465
0 0.13604378420641125 0.4135977337110482 0.020328381548084442 0.02644003777148253
0 0.46677091477716964 0.08923512747875355 0.039093041438623924 0.0311614730878187
0 0.8838936669272869 0.7030217186024552 0.03674745895230649 0.053824362606232294
0 0.7181391712275215 0.6237016052880076 0.02423768569194683 0.02927289896128423
0 0.43354182955433934 0.05618508026440038 0.03205629397967162 0.021718602455146365
0 0.5500390930414386 0.862134088762984 0.0617670054730258 0.09254013220018886
0 0.5766223612197029 0.46411709159584513 0.03049257232212666 0.05760151085930123
0 0.9327599687255669 0.22946175637393768 0.02501954652071931 0.030217186024551465
0 0.9483971853010164 0.8394711992445704 0.023455824863174355 0.03210576015108593
0 0.3616106333072713 0.05335221907459868 0.06802189210320563 0.042492917847025496
0 0.6309616888193902 0.21624173748819642 0.023455824863174355 0.04154863078375826
0 0.8053166536356529 0.5878186968838527 0.02501954652071931 0.03871576959395656
0 0.1383893666927287 0.0736543909348442 0.04847537138389366 0.05854579792256846
0 0.06215793588741204 0.6643059490084986 0.043002345582486314 0.08404154863078377
0 0.9483971853010164 0.5302171860245515 0.01563721657544957 0.019830028328611898
0 0.2955433932759969 0.10812086874409821 0.03440187646598905 0.04627006610009443
0 0.5488663017982799 0.7917847025495751 0.020328381548084442 0.0481586402266289
0 0.5250195465207192 0.3578847969782814 0.1055512118842846 0.13975448536355053
0 0.8526192337763878 0.6591123701605288 0.06802189210320563 0.06421152030217187
0 0.5727130570758405 0.6501416430594901 0.033620015637216574 0.05760151085930123
0 0.1653635652853792 0.4730878186968839 0.01641907740422205 0.02644003777148253
0 0.13017982799061767 0.6680830972615676 0.035183737294761534 0.023607176581680833
0 0.8674745895230649 0.8668555240793202 0.02111024237685692 0.037771482530689335
0 0.3674745895230649 0.3611898016997167 0.02501954652071931 0.044381491973559964
0 0.7013291634089132 0.7148253068932956 0.014073494917904612 0.024551463644948066
0 0.19194683346364347 0.9645892351274789 0.02111024237685692 0.0368271954674221
0 0.9096950742767788 0.619452313503305 0.027365129007036748 0.02644003777148253
0 0.9652071931196247 0.560434372049103 0.03831118060985145 0.05760151085930123
0 0.19077404222048475 0.08404154863078377 0.02971071149335418 0.030217186024551465
0 0.3577013291634089 0.19830028328611898 0.0617670054730258 0.047214353163361665
0 0.8115715402658327 0.4164305949008499 0.020328381548084442 0.02644003777148253
0 0.05590304925723221 0.5878186968838527 0.0727130570758405 0.051935788479697834
0 0.535965598123534 0.6964117091595845 0.027365129007036748 0.034938621340887634
0 0.7888975762314308 0.7299338999055713 0.023455824863174355 0.0226628895184136
0 0.392103205629398 0.1019830028328612 0.0398749022673964 0.05476864966949953
0 0.37099296325254105 0.6572237960339944 0.028928850664581705 0.03210576015108593
0 0.9136043784206411 0.32247403210576014 0.02423768569194683 0.023607176581680833
0 0.4163408913213448 0.846081208687441 0.022673964034401875 0.03210576015108593
0 0.09147771696637998 0.3942398489140699 0.023455824863174355 0.04627006610009443
0 0.6106333072713057 0.6548630783758262 0.04222048475371384 0.09159584513692162
0 0.21149335418295542 0.9135977337110482 0.028928850664581705 0.027384324834749764
0 0.6931196247068022 0.15155807365439095 0.0398749022673964 0.03871576959395656
0 0.552384675527756 0.09915014164305949 0.11024237685691947 0.0906515580736544
0 0.058639562157935886 0.47261567516525027 0.03596559812353401 0.033050047214353166
0 0.17357310398749023 0.05335221907459868 0.03596559812353401 0.021718602455146365
0 0.1544175136825645 0.5661000944287063 0.09773260359655982 0.06704438149197356
0 0.7943706020328382 0.08640226628895184 0.023455824863174355 0.0311614730878187
0 0.6348709929632526 0.5854579792256847 0.1125879593432369 0.039660056657223795
0 0.674745895230649 0.6553352219074599 0.05003909304143862 0.0339943342776204
0 0.20797498045347929 0.18649669499527857 0.03596559812353401 0.053824362606232294
0 0.4499609069585614 0.2299338999055713 0.05707584050039093 0.05760151085930123
0 0.12587959343236904 0.267233238904627 0.04847537138389366 0.08876298394711993
0 0.37099296325254105 0.24834749763928235 0.01641907740422205 0.018885741265344667
0 0.5093823299452698 0.5755429650613787 0.046129788897576234 0.042492917847025496
0 0.661845191555903 0.17186024551463647 0.02111024237685692 0.028328611898016998
0 0.5430023455824863 0.5108593012275732 0.08678655199374512 0.0906515580736544
0 0.5301016419077405 0.431067044381492 0.0766223612197029 0.05760151085930123
0 0.7322126661454261 0.10528800755429651 0.03205629397967162 0.0368271954674221
0 0.4284597341673182 0.42209631728045327 0.14073494917904614 0.21340887629839472
0 0.5699765441751368 0.8040604343720491 0.017200938232994525 0.042492917847025496
0 0.03049257232212666 0.4381491973559962 0.03440187646598905 0.047214353163361665
0 0.8174354964816263 0.34749763928234184 0.022673964034401875 0.0339943342776204
0 0.5973416731821736 0.7573182247403211 0.0218921032056294 0.05854579792256846
0 0.2521501172791243 0.9641170915958451 0.1383893666927287 0.04343720491029273
0 0.4112587959343237 0.5741265344664779 0.009382329945269743 0.039660056657223795
0 0.45660672400312746 0.31869688385269124 0.04222048475371384 0.061378659112370164
0 0.17161845191555902 0.6383380547686497 0.03205629397967162 0.028328611898016998
0 0.2818608287724785 0.890462700661001 0.02111024237685692 0.04154863078375826
0 0.41008600469116496 0.333805476864967 0.02580140734949179 0.053824362606232294
0 0.8768569194683347 0.14919735599622286 0.02423768569194683 0.024551463644948066
0 0.23729476153244722 0.04390934844192635 0.013291634089132134 0.010387157695939566
0 0.0688037529319781 0.06468366383380549 0.04534792806880375 0.033050047214353166
0 0.5254104769351056 0.03541076487252125 0.04691164972634871 0.0254957507082153
0 0.7474589523064894 0.1926345609065156 0.026583268178264268 0.056657223796033995
0 0.4831899921813917 0.7322946175637394 0.014073494917904612 0.04627006610009443
0 0.8256450351837373 0.12842304060434373 0.02501954652071931 0.03588290840415487
0 0.7388584831899921 0.05146364494806421 0.023455824863174355 0.06326723323890462
0 0.3706020328381548 0.9386213408876298 0.07193119624706802 0.08120868744098206
0 0.7568412822517592 0.647780925401322 0.01563721657544957 0.02077431539187913
0 0.426505082095387 0.6279508970727101 0.02111024237685692 0.0453257790368272
0 0.07036747458952307 0.3371104815864023 0.023455824863174355 0.02077431539187913
0 0.13995308835027365 0.924929178470255 0.017200938232994525 0.014164305949008499
0 0.05003909304143862 0.1369216241737488 0.09538702111024237 0.0963172804532578
0 0.30727130570758404 0.044853635505193584 0.0218921032056294 0.019830028328611898
0 0.3408913213448006 0.5269121813031161 0.0437842064112588 0.024551463644948066
0 0.0727130570758405 0.9693106704438149 0.017200938232994525 0.023607176581680833
0 0.6426896012509773 0.5193578847969783 0.05629397967161845 0.08498583569405099
0 0.31235340109460513 0.878186968838527 0.02111024237685692 0.030217186024551465
0 0.34910086004691165 0.11520302171860246 0.028928850664581705 0.0339943342776204
0 0.04886630179827991 0.3404154863078376 0.07740422204847537 0.0708215297450425
0 0.06724003127443315 0.10670443814919736 0.020328381548084442 0.03210576015108593
0 0.3236903831118061 0.5708215297450425 0.026583268178264268 0.019830028328611898
0 0.48553557466770914 0.2714825306893296 0.0328381548084441 0.0368271954674221
0 0.06645817044566067 0.5830972615675165 0.09382329945269742 0.14825306893295562
0 0.6653635652853792 0.01935788479697828 0.01563721657544957 0.0084985835694051
0 0.03831118060985145 0.21388101983002833 0.03440187646598905 0.02927289896128423
0 0.5824863174354965 0.07318224740321058 0.04847537138389366 0.044381491973559964
0 0.7928068803752932 0.5826251180358829 0.05003909304143862 0.04910292728989613
0 0.17787333854573886 0.1789423984891407 0.02111024237685692 0.0311614730878187
0 0.7376856919468334 0.5203021718602455 0.02111024237685692 0.02644003777148253
0 0.928068803752932 0.007082152974504249 0.023455824863174355 0.012275731822474033
0 0.11727912431587177 0.18366383380547688 0.01563721657544957 0.03871576959395656
0 0.1673182173573104 0.2813975448536355 0.023455824863174355 0.06043437204910293
0 0.16810007818608289 0.5854579792256847 0.028146989835809225 0.024551463644948066
0 0.8537920250195465 0.22190745986779983 0.0328381548084441 0.03210576015108593
0 0.5078186082877247 0.6968838526912181 0.02423768569194683 0.03588290840415487
0 0.9839718530101642 0.6525023607176582 0.007036747458952306 0.02077431539187913
0 0.11767005473025802 0.9867799811142588 0.02423768569194683 0.013220018885741265
0 0.9120406567630962 0.1364494806421152 0.017982799061767005 0.019830028328611898
0 0.5437842064112588 0.05240793201133145 0.02111024237685692 0.033050047214353166
0 0.5699765441751368 0.13408876298394712 0.0656763096168882 0.05476864966949953
0 0.0887412040656763 0.9107648725212465 0.019546520719311962 0.023607176581680833
0 0.3154808444096951 0.147780925401322 0.013291634089132134 0.02927289896128423
0 0.34910086004691165 0.47261567516525027 0.02580140734949179 0.0311614730878187
0 0.918295543393276 0.6935788479697829 0.017982799061767005 0.019830028328611898
0 0.03752931978107897 0.40037771482530693 0.02501954652071931 0.04343720491029273
0 0.8295543393275997 0.714353163361662 0.026583268178264268 0.034938621340887634
