0 0.7943854324734446 0.5883152173913043 0.06676783004552353 0.058876811594202896
0 0.38429438543247346 0.7549818840579711 0.05538694992412747 0.08242753623188406
0 0.4283004552352049 0.16485507246376813 0.038694992412746584 0.05253623188405797
0 0.0618361153262519 0.4841485507246377 0.06904400606980274 0.06068840579710145
0 0.7287556904400607 0.11231884057971014 0.032625189681335355 0.06340579710144928
0 0.881638846737481 0.5846920289855072 0.033383915022761765 0.042572463768115944
0 0.7268588770864947 0.16032608695652173 0.03490136570561457 0.036231884057971016
0 0.17716236722306525 0.07382246376811594 0.061456752655538696 0.06431159420289854
0 0.4745827010622155 0.7703804347826088 0.038694992412746584 0.058876811594202896
0 0.1471927162367223 0.4628623188405797 0.0622154779969651 0.04528985507246377
0 0.4400606980273141 0.8183876811594203 0.0409711684370258 0.04619565217391305
0 0.7116843702579666 0.5942028985507246 0.036418816388467376 0.04528985507246377
0 0.8603945371775418 0.8845108695652174 0.025796661608497723 0.042572463768115944
0 0.41957511380880125 0.65625 0.048558421851289835 0.029891304347826088
0 0.907814871016692 0.8310688405797102 0.0402124430955994 0.058876811594202896
0 0.7446889226100152 0.5240036231884058 0.029590288315629744 0.03351449275362319
0 0.368361153262519 0.5566123188405797 0.0402124430955994 0.042572463768115944
0 0.5739757207890743 0.23505434782608695 0.028072837632776935 0.035326086956521736
0 0.4609256449165402 0.5380434782608696 0.02655538694992413 0.03804347826086957
0 0.5667678300455236 0.3138586956521739 0.033383915022761765 0.0625
0 0.7439301972685888 0.7219202898550725 0.02655538694992413 0.028985507246376812
0 0.4795144157814871 0.18342391304347827 0.0409711684370258 0.07880434782608696
0 0.9351289833080425 0.5058876811594203 0.02503793626707132 0.03713768115942029
0 0.7412746585735964 0.6598731884057971 0.033383915022761765 0.035326086956521736
0 0.9328528072837633 0.5602355072463768 0.05993930197268589 0.044384057971014496
0 0.42109256449165405 0.2749094202898551 0.03793626707132018 0.028079710144927536
0 0.48975720789074356 0.907608695652174 0.022003034901365705 0.05434782608695652
0 0.13581183611532627 0.5534420289855072 0.018209408194233688 0.02355072463768116
0 0.91350531107739 0.7273550724637681 0.024279210925644917 0.03985507246376812
0 0.33952959028831564 0.7359601449275363 0.03717754172989378 0.024456521739130436
0 0.6547799696509864 0.14945652173913043 0.036418816388467376 0.04891304347826087
0 0.5288315629742033 0.17572463768115942 0.03186646433990895 0.04710144927536232
0 0.4787556904400607 0.6286231884057971 0.0804248861911988 0.05434782608695652
0 0.6327769347496207 0.46693840579710144 0.05007587253414264 0.051630434782608696
0 0.37860394537177544 0.3111413043478261 0.04400606980273141 0.03713768115942029
0 0.19309559939301973 0.42346014492753625 0.017450682852807285 0.020833333333333332
0 0.366464339908953 0.26268115942028986 0.033383915022761765 0.02355072463768116
0 0.5307283763277694 0.7459239130434783 0.028072837632776935 0.05706521739130435
0 0.8797420333839151 0.3233695652173913 0.09332321699544766 0.08695652173913043
0 0.09142640364188165 0.838768115942029 0.017450682852807285 0.03804347826086957
0 0.7704855842185129 0.09782608695652174 0.022003034901365705 0.03804347826086957
0 0.8805007587253415 0.5258152173913043 0.029590288315629744 0.03351449275362319
0 0.8050075872534143 0.5176630434782609 0.0804248861911988 0.0769927536231884
0 0.9252655538694993 0.917572463768116 0.029590288315629744 0.04710144927536232
0 0.11115326251896814 0.44157608695652173 0.01896813353566009 0.019021739130434784
0 0.6589529590288316 0.6471920289855072 0.028072837632776935 0.020833333333333332
0 0.6244309559939302 0.20244565217391305 0.022761760242792112 0.028079710144927536
0 0.3877086494688923 0.8836050724637682 0.02883156297420334 0.029891304347826088
0 0.15022761760242792 0.3740942028985507 0.019726858877086494 0.025362318840579712
0 0.5034142640364189 0.1105072463768116 0.038694992412746584 0.028985507246376812
0 0.8467374810318665 0.7595108695652174 0.036418816388467376 0.051630434782608696
0 0.6938543247344462 0.6598731884057971 0.023520485584218515 0.028079710144927536
0 0.4745827010622155 0.07427536231884058 0.03110773899848255 0.01992753623188406
0 0.5068285280728376 0.8641304347826088 0.06069802731411229 0.08876811594202899
0 0.5724582701062215 0.48641304347826086 0.029590288315629744 0.05615942028985507
0 0.941578148710167 0.3125 0.024279210925644917 0.028985507246376812
0 0.8956752655538696 0.8999094202898551 0.023520485584218515 0.029891304347826088
0 0.40553869499241274 0.06114130434782609 0.06600910470409711 0.04076086956521739
0 0.6498482549317147 0.25634057971014496 0.023520485584218515 0.03985507246376812
0 0.781866464339909 0.6376811594202899 0.02503793626707132 0.036231884057971016
0 0.1866464339908953 0.04846014492753623 0.04704097116843703 0.05706521739130435
0 0.05349013657056146 0.603713768115942 0.0417298937784522 0.0806159420289855
0 0.9264036418816389 0.6028079710144928 0.015174506828528073 0.019021739130434784
0 0.3357359635811836 0.10461956521739131 0.03414264036418817 0.044384057971014496
0 0.5128983308042488 0.7961956521739131 0.019726858877086494 0.04528985507246377
0 0.5333839150227617 0.3763586956521739 0.10318664643399089 0.13496376811594202
0 0.8209408194233687 0.7133152173913043 0.06676783004552353 0.0625
0 0.5496965098634294 0.6639492753623188 0.032625189681335355 0.05434782608695652
0 0.17261001517450683 0.43568840579710144 0.015933232169954476 0.025362318840579712
0 0.11874051593323218 0.6168478260869565 0.03414264036418817 0.02355072463768116
0 0.8144916540212443 0.9139492753623188 0.0204855842185129 0.036231884057971016
0 0.37974203338391505 0.35733695652173914 0.02503793626707132 0.042572463768115944
0 0.6684370257966616 0.7445652173913043 0.013657056145675266 0.02355072463768116
0 0.14908952959028832 0.9098731884057971 0.0204855842185129 0.035326086956521736
0 0.8805007587253415 0.6838768115942029 0.02655538694992413 0.025362318840579712
0 0.9396813353566009 0.6345108695652174 0.03717754172989378 0.0552536231884058
0 0.23634294385432475 0.06567028985507246 0.029590288315629744 0.028079710144927536
0 0.38657056145675267 0.19972826086956522 0.05993930197268589 0.04619565217391305
0 0.8053869499241275 0.473731884057971 0.01896813353566009 0.025362318840579712
0 0.05538694992412747 0.5294384057971014 0.07132018209408195 0.049818840579710144
0 0.5102427921092565 0.7033514492753623 0.02655538694992413 0.03351449275362319
0 0.7518968133535661 0.7717391304347826 0.022761760242792112 0.021739130434782608
0 0.4298179059180577 0.11231884057971014 0.038694992412746584 0.05253623188405797
0 0.3535660091047041 0.6413043478260869 0.02883156297420334 0.030797101449275364
0 0.9138846737481032 0.3990036231884058 0.023520485584218515 0.022644927536231884
0 0.37898330804248864 0.8292572463768116 0.022003034901365705 0.03170289855072464
0 0.10887708649468893 0.3482789855072464 0.023520485584218515 0.044384057971014496
0 0.5861153262518969 0.6743659420289855 0.0417298937784522 0.08786231884057971
0 0.17336874051593323 0.8641304347826088 0.028072837632776935 0.025362318840579712
0 0.7169954476479514 0.20335144927536233 0.03945371775417299 0.03713768115942029
0 0.5853566009104705 0.1322463768115942 0.10698027314112292 0.08695652173913043
0 0.06904400606980274 0.41893115942028986 0.03490136570561457 0.03170289855072464
0 0.22306525037936267 0.033967391304347824 0.03490136570561457 0.020833333333333332
0 0.15250379362670713 0.5221920289855072 0.09559939301972686 0.06431159420289854
0 0.821320182094082 0.15534420289855072 0.023520485584218515 0.029891304347826088
0 0.6168437025796661 0.6109601449275363 0.10925644916540213 0.03894927536231884
0 0.6483308042488619 0.6834239130434783 0.04931714719271624 0.03351449275362319
0 0.24279210925644917 0.16666666666666666 0.03490136570561457 0.05253623188405797
0 0.4730652503793627 0.24365942028985507 0.05538694992412747 0.05615942028985507
0 0.15515933232169954 0.2318840579710145 0.04779969650986343 0.08514492753623189
0 0.3941578148710167 0.24909420289855072 0.015933232169954476 0.018115942028985508
0 0.496206373292868 0.583786231884058 0.045523520485584223 0.04076086956521739
0 0.6843702579666161 0.21829710144927536 0.021244309559939303 0.02717391304347826
0 0.535660091047041 0.5258152173913043 0.08497723823975721 0.08786231884057971
0 0.5311077389984825 0.447463768115942 0.07435508345978756 0.05615942028985507
0 0.7594840667678301 0.1644021739130435 0.03186646433990895 0.035326086956521736
0 0.4328528072837633 0.42436594202898553 0.13732928679817907 0.2056159420289855
0 0.5318664643399089 0.811141304347826 0.016691957511380882 0.04076086956521739
0 0.045523520485584223 0.38224637681159424 0.033383915022761765 0.04528985507246377
0 0.8179059180576631 0.40851449275362317 0.021244309559939303 0.03260869565217391
0 0.5629742033383915 0.7703804347826088 0.021244309559939303 0.05706521739130435
0 0.20751138088012142 0.9184782608695652 0.13429438543247346 0.041666666666666664
0 0.4009863429438543 0.5674818840579711 0.009863429438543247 0.03894927536231884
0 0.4707890743550835 0.3292572463768116 0.0402124430955994 0.058876811594202896
0 0.1619878603945372 0.5942028985507246 0.03110773899848255 0.02717391304347826
0 0.24393019726858878 0.8523550724637681 0.0204855842185129 0.03985507246376812
0 0.42412746585735966 0.33695652173913043 0.025796661608497723 0.05253623188405797
0 0.8949165402124432 0.22780797101449277 0.023520485584218515 0.024456521739130436
0 0.2852807283763278 0.034420289855072464 0.013657056145675266 0.010869565217391304
0 0.12025796661608498 0.029891304347826088 0.044764795144157814 0.03260869565217391
0 0.5660091047040972 0.06748188405797101 0.045523520485584223 0.024456521739130436
0 0.7659332321699545 0.25045289855072467 0.02655538694992413 0.05344202898550725
0 0.4552352048558422 0.730072463768116 0.013657056145675266 0.04528985507246377
0 0.8478755690440061 0.20018115942028986 0.02503793626707132 0.034420289855072464
0 0.7716236722306525 0.11367753623188406 0.022761760242792112 0.06068840579710145
0 0.325113808801214 0.9107789855072463 0.07056145675265554 0.07880434782608696
0 0.7287556904400607 0.6884057971014493 0.015933232169954476 0.01992753623188406
0 0.41084977238239756 0.6213768115942029 0.0204855842185129 0.043478260869565216
0 0.09446130500758726 0.2907608695652174 0.023520485584218515 0.01992753623188406
0 0.10242792109256449 0.8645833333333334 0.016691957511380882 0.01358695652173913
0 0.09446130500758726 0.09646739130434782 0.09332321699544766 0.09329710144927536
0 0.3535660091047041 0.04574275362318841 0.021244309559939303 0.019021739130434784
0 0.33763277693474963 0.5122282608695652 0.042488619119878605 0.024456521739130436
0 0.032625189681335355 0.8971920289855072 0.016691957511380882 0.022644927536231884
0 0.6308801213960546 0.5489130434782609 0.05538694992412747 0.08152173913043478
0 0.27465857359635815 0.845108695652174 0.021244309559939303 0.028985507246376812
0 0.38657056145675267 0.11865942028985507 0.028072837632776935 0.03260869565217391
0 0.07283763277693475 0.291213768115942 0.07587253414264036 0.06974637681159421
0 0.11418816388467375 0.06974637681159421 0.01896813353566009 0.030797101449275364
0 0.31638846737481036 0.5516304347826086 0.025796661608497723 0.018115942028985508
0 0.5034142640364189 0.28804347826086957 0.032625189681335355 0.036231884057971016
0 0.06562974203338391 0.5267210144927537 0.09180576631259485 0.14221014492753623
0 0.7033383915022762 0.07246376811594203 0.015174506828528073 0.007246376811594203
0 0.07587253414264036 0.16847826086956522 0.033383915022761765 0.02717391304347826
0 0.6176024279210925 0.11231884057971014 0.04704097116843703 0.043478260869565216
0 0.7704855842185129 0.6313405797101449 0.04779969650986343 0.04710144927536232
0 0.21433990895295904 0.15534420289855072 0.0204855842185129 0.029891304347826088
0 0.7234446130500759 0.5634057971014493 0.0204855842185129 0.025362318840579712
0 0.9594081942336874 0.09827898550724638 0.023520485584218515 0.01177536231884058
0 0.15477996965098634 0.15081521739130435 0.015174506828528073 0.03713768115942029
0 0.19385432473444614 0.25181159420289856 0.023520485584218515 0.057971014492753624
0 0.1646433990895296 0.5430253623188406 0.027314112291350532 0.024456521739130436
0 0.8657056145675266 0.29393115942028986 0.03186646433990895 0.03170289855072464
0 0.48292867981790594 0.6997282608695652 0.023520485584218515 0.035326086956521736
0 0.9487860394537178 0.7255434782608696 0.006828528072837633 0.01992753623188406
0 0.07473444613050076 0.9211956521739131 0.023520485584218515 0.012681159420289856
0 0.9305766312594841 0.22010869565217392 0.017450682852807285 0.01992753623188406
0 0.5823216995447648 0.08650362318840579 0.0204855842185129 0.03170289855072464
0 0.5993930197268589 0.16847826086956522 0.0637329286798179 0.05253623188405797
0 0.05424886191198786 0.84375 0.01896813353566009 0.022644927536231884
0 0.3512898330804249 0.14492753623188406 0.013657056145675266 0.028985507246376812
0 0.3512898330804249 0.4615036231884058 0.024279210925644917 0.029891304347826088
0 0.8808801213960546 0.7549818840579711 0.016691957511380882 0.019021739130434784
0 0.05538694992412747 0.34692028985507245 0.024279210925644917 0.041666666666666664
0 0.7924886191198787 0.7626811594202899 0.02655538694992413 0.03260869565217391
