0 0.8191911181601903 0.5489341085271318 0.06978588421887391 0.06298449612403101
0 0.4064234734337827 0.7761627906976744 0.05789056304520222 0.08914728682170542
0 0.4032513877874703 0.14147286821705427 0.040444091990483745 0.0562015503875969
0 0.047977795400475816 0.5266472868217055 0.07216494845360824 0.06492248062015504
0 0.7117367168913561 0.04941860465116279 0.03409992069785884 0.06782945736434108
0 0.9099920697858842 0.5343992248062015 0.035685963521015066 0.045542635658914726
0 0.7137192704203014 0.10077519379844961 0.03647898493259318 0.03875968992248062
0 0.13441712926249008 0.0750968992248062 0.06423473433782712 0.0687984496124031
0 0.5015860428231562 0.7819767441860465 0.040444091990483745 0.06395348837209303
0 0.1352101506740682 0.4937015503875969 0.06582077716098335 0.04941860465116279
0 0.4698651863600317 0.8372093023255813 0.04361617763679619 0.04844961240310078
0 0.7339413164155432 0.5658914728682171 0.03727200634417129 0.04844961240310078
0 0.9131641554321966 0.8565891472868217 0.026169706582077717 0.046511627906976744
0 0.4349722442505948 0.6666666666666666 0.05154639175257732 0.03294573643410853
0 0.9583663758921491 0.7940891472868217 0.04203013481363997 0.06298449612403101
0 0.7624900872323552 0.48594961240310075 0.030927835051546393 0.035852713178294575
0 0.37351308485329104 0.5663759689922481 0.04282315622521808 0.045542635658914726
0 0.5606661379857256 0.19912790697674418 0.028548770816812053 0.0377906976744186
0 0.4674861221252974 0.5353682170542635 0.02775574940523394 0.041666666666666664
0 0.5598731165741475 0.28391472868217055 0.034892942109436956 0.06782945736434108
0 0.7779540047581285 0.6976744186046512 0.02696272799365583 0.031007751937984496
0 0.45796986518636 0.15503875968992248 0.04361617763679619 0.08527131782945736
0 0.9591593973037272 0.4442829457364341 0.026169706582077717 0.03972868217054264
0 0.7700237906423474 0.6317829457364341 0.034892942109436956 0.03875968992248062
0 0.9615384615384616 0.502422480620155 0.0626486915146709 0.04748062015503876
0 0.40444091990483744 0.2601744186046512 0.03965107057890563 0.03003875968992248
0 0.5285487708168121 0.9263565891472868 0.022997620935765267 0.05813953488372093
0 0.13045202220459953 0.5920542635658914 0.019825535289452814 0.025193798449612403
0 0.9547977795400476 0.6831395348837209 0.025376685170499604 0.04263565891472868
0 0.35804916732751785 0.7616279069767442 0.03885804916732752 0.025193798449612403
0 0.6379857256145915 0.09786821705426356 0.03885804916732752 0.05232558139534883
0 0.5091197462331483 0.14147286821705427 0.03330689928628073 0.050387596899224806
0 0.49444885011895323 0.6298449612403101 0.08485329103885805 0.05813953488372093
0 0.640761300555115 0.438953488372093 0.052339413164155434 0.0562015503875969
0 0.3636003172085646 0.30377906976744184 0.046788263283108644 0.03972868217054264
0 0.1796193497224425 0.44622093023255816 0.01823949246629659 0.022286821705426355
0 0.3465503568596352 0.25339147286821706 0.034892942109436956 0.02422480620155039
0 0.5582870737509913 0.748546511627907 0.028548770816812053 0.061046511627906974
0 0.8865979381443299 0.2562984496124031 0.09833465503568596 0.0939922480620155
0 0.10824742268041238 0.9011627906976744 0.01823949246629659 0.040697674418604654
0 0.7541633624107851 0.028585271317829456 0.023790642347343377 0.03972868217054264
0 0.9040444091990484 0.47189922480620156 0.03013481363996828 0.03488372093023256
0 0.8247422680412371 0.47238372093023256 0.08406026962727994 0.08236434108527131
0 0.9829500396510705 0.8842054263565892 0.030927835051546393 0.05135658914728682
0 0.09595559080095163 0.4748062015503876 0.020618556701030927 0.02131782945736434
0 0.683187946074544 0.6283914728682171 0.029341792228390166 0.022286821705426355
0 0.6102299762093577 0.15794573643410853 0.022997620935765267 0.031007751937984496
0 0.4203013481363997 0.9132751937984496 0.03013481363996828 0.03197674418604651
0 0.1308485329103886 0.39825581395348836 0.020618556701030927 0.027131782945736434
0 0.47700237906423476 0.0750968992248062 0.040444091990483745 0.03197674418604651
0 0.8885804916732751 0.7252906976744186 0.03727200634417129 0.055232558139534885
0 0.7212529738302934 0.6371124031007752 0.02458366375892149 0.03003875968992248
0 0.44409199048374304 0.03972868217054264 0.0317208564631245 0.02131782945736434
0 0.542823156225218 0.877906976744186 0.0626486915146709 0.09496124031007752
0 0.5800951625693894 0.46705426356589147 0.030927835051546393 0.06007751937984496
0 0.9500396510705789 0.2374031007751938 0.025376685170499604 0.031007751937984496
0 0.950832672482157 0.8691860465116279 0.023790642347343377 0.03294573643410853
0 0.37073750991276766 0.03391472868217054 0.0689928628072958 0.04457364341085271
0 0.6415543219666932 0.21220930232558138 0.023790642347343377 0.04263565891472868
0 0.8108643933386201 0.6031976744186046 0.026169706582077717 0.03972868217054264
0 0.14195083267248215 0.04699612403100775 0.04916732751784298 0.061046511627906974
0 0.04916732751784298 0.6550387596899224 0.04282315622521808 0.0872093023255814
0 0.9583663758921491 0.5484496124031008 0.016653449643140365 0.02131782945736434
0 0.30174464710547183 0.08866279069767442 0.035685963521015066 0.04748062015503876
0 0.5432196669310071 0.8047480620155039 0.020618556701030927 0.04941860465116279
0 0.5301348136399683 0.3546511627906977 0.10864393338620143 0.14534883720930233
0 0.8572561459159397 0.6787790697674418 0.06978588421887391 0.06686046511627906
0 0.5713719270420301 0.6593992248062015 0.03409992069785884 0.05910852713178295
0 0.15939730372720062 0.46124031007751937 0.01586042823156225 0.027131782945736434
0 0.11816019032513878 0.6608527131782945 0.03647898493259318 0.025193798449612403
0 0.8671689135606662 0.8938953488372093 0.02141157811260904 0.0377906976744186
0 0.3687549563838224 0.35319767441860467 0.025376685170499604 0.045542635658914726
0 0.7018239492466296 0.7306201550387597 0.014274385408406027 0.025193798449612403
0 0.1740681998413957 0.9704457364341085 0.02141157811260904 0.0377906976744186
0 0.9171292624900872 0.6400193798449613 0.02775574940523394 0.02810077519379845
0 0.9746233148295004 0.5809108527131783 0.03965107057890563 0.05910852713178295
0 0.1950832672482157 0.059593023255813955 0.0317208564631245 0.03003875968992248
0 0.3628072957969865 0.18362403100775193 0.0626486915146709 0.04941860465116279
0 0.8215701823949246 0.4253875968992248 0.020618556701030927 0.027131782945736434
0 0.04440919904837431 0.5750968992248062 0.07454401268834258 0.05329457364341085
0 0.5329103885804917 0.7059108527131783 0.028548770816812053 0.035852713178294575
0 0.7906423473433782 0.749031007751938 0.023790642347343377 0.023255813953488372
0 0.40007930214115783 0.08527131782945736 0.040444091990483745 0.0562015503875969
0 0.3647898493259318 0.6589147286821705 0.03013481363996828 0.03294573643410853
0 0.9282315622521808 0.3323643410852713 0.02458366375892149 0.025193798449612403
0 0.4064234734337827 0.8561046511627907 0.022997620935765267 0.03391472868217054
0 0.08564631245043616 0.376453488372093 0.023790642347343377 0.04748062015503876
0 0.6098334655035687 0.6656976744186046 0.04282315622521808 0.09496124031007752
0 0.1958762886597938 0.9181201550387597 0.03013481363996828 0.02810077519379845
0 0.7069785884218874 0.14825581395348836 0.040444091990483745 0.040697674418604654
0 0.5642347343378271 0.08817829457364341 0.11181601903251388 0.09302325581395349
0 0.05035685963521015 0.45591085271317827 0.03727200634417129 0.03391472868217054
0 0.17842981760507534 0.026647286821705425 0.03647898493259318 0.022286821705426355
0 0.14591593973037273 0.5562015503875969 0.0999206978588422 0.06976744186046512
0 0.8120539254559873 0.08430232558139535 0.023790642347343377 0.03294573643410853
0 0.6363996827914353 0.5944767441860465 0.11498810467882632 0.041666666666666664
0 0.6752577319587629 0.6681201550387597 0.05154639175257732 0.035852713178294575
0 0.21015067406819984 0.16618217054263565 0.03647898493259318 0.055232558139534885
0 0.4563838223632038 0.21996124031007752 0.05789056304520222 0.06007751937984496
0 0.12410785091197463 0.24660852713178294 0.0499603489294211 0.09205426356589147
0 0.3747026169706582 0.23594961240310078 0.016653449643140365 0.020348837209302327
0 0.5083267248215702 0.5799418604651163 0.047581284694686754 0.0436046511627907
0 0.6744647105471848 0.16763565891472867 0.02141157811260904 0.029069767441860465
0 0.5448057097541633 0.5140503875968992 0.08881839809674862 0.0939922480620155
0 0.5333068992862807 0.4307170542635659 0.07850911974623315 0.061046511627906974
0 0.7482157018239493 0.10125968992248062 0.03251387787470262 0.0377906976744186
0 0.42942109436954795 0.4181201550387597 0.14512291831879462 0.21996124031007752
0 0.5646312450436162 0.8183139534883721 0.017446471054718478 0.0436046511627907
0 0.022204599524187154 0.4200581395348837 0.034892942109436956 0.04941860465116279
0 0.8291038858049168 0.3546511627906977 0.022997620935765267 0.03488372093023256
0 0.5939730372720063 0.7708333333333334 0.022204599524187154 0.061046511627906974
0 0.23552735923869944 0.9718992248062015 0.14115781126090404 0.04457364341085271
0 0.40800951625693893 0.5746124031007752 0.010309278350515464 0.040697674418604654
0 0.46074544012688345 0.311531007751938 0.04282315622521808 0.06298449612403101
0 0.16137985725614593 0.6317829457364341 0.03251387787470262 0.029069767441860465
0 0.26804123711340205 0.8972868217054264 0.022204599524187154 0.04263565891472868
0 0.41316415543219664 0.32558139534883723 0.02696272799365583 0.0562015503875969
0 0.8945281522601111 0.15213178294573643 0.025376685170499604 0.025193798449612403
0 0.24345757335448057 0.01986434108527132 0.014274385408406027 0.01065891472868217
0 0.07097541633624108 0.035368217054263566 0.046788263283108644 0.03391472868217054
0 0.5384615384615384 0.02180232558139535 0.047581284694686754 0.026162790697674417
0 0.7620935765265662 0.19186046511627908 0.02696272799365583 0.05813953488372093
0 0.4781919111816019 0.7412790697674418 0.014274385408406027 0.04844961240310078
0 0.8433782712133228 0.12887596899224807 0.026169706582077717 0.036821705426356585
0 0.7565424266455194 0.046027131782945735 0.023790642347343377 0.06492248062015504
0 0.35725614591593974 0.9500968992248062 0.07375099127676447 0.08430232558139535
0 0.7597145122918318 0.6637596899224806 0.01586042823156225 0.02131782945736434
0 0.422680412371134 0.6303294573643411 0.022204599524187154 0.04748062015503876
0 0.06582077716098335 0.3168604651162791 0.023790642347343377 0.02131782945736434
0 0.12212529738302934 0.9268410852713178 0.017446471054718478 0.014534883720930232
0 0.0499603489294211 0.10901162790697674 0.09833465503568596 0.0998062015503876
0 0.3156225218080888 0.02374031007751938 0.022204599524187154 0.020348837209302327
0 0.337827121332276 0.5227713178294574 0.04440919904837431 0.026162790697674417
0 0.052339413164155434 0.9704457364341085 0.017446471054718478 0.02422480620155039
0 0.6459159397303728 0.5266472868217055 0.05789056304520222 0.08817829457364341
0 0.29976209357652656 0.8851744186046512 0.022204599524187154 0.03197674418604651
0 0.3560666137985726 0.09786821705426356 0.03013481363996828 0.03488372093023256
0 0.04361617763679619 0.3192829457364341 0.07930214115781126 0.07461240310077519
0 0.06819984139571768 0.07848837209302326 0.020618556701030927 0.03294573643410853
0 0.31879460745440125 0.5678294573643411 0.02696272799365583 0.01937984496124031
0 0.4920697858842189 0.2640503875968992 0.03409992069785884 0.0377906976744186
0 0.055114988104678825 0.5717054263565892 0.09595559080095163 0.15310077519379844
0 0.6819984139571769 0.010174418604651164 0.01586042823156225 0.00872093023255814
0 0.03608247422680412 0.187984496124031 0.035685963521015066 0.029069767441860465
0 0.5959555908009516 0.06298449612403101 0.0499603489294211 0.046511627906976744
0 0.7985725614591594 0.5978682170542635 0.05075337034099921 0.050387596899224806
0 0.1796193497224425 0.15746124031007752 0.02141157811260904 0.03197674418604651
0 0.7434575733544806 0.5310077519379844 0.02141157811260904 0.027131782945736434
0 0.950832672482157 0.006782945736434108 0.023790642347343377 0.013565891472868217
0 0.11736716891356067 0.15988372093023256 0.01586042823156225 0.040697674418604654
0 0.16613798572561458 0.2625968992248062 0.02458366375892149 0.06201550387596899
0 0.15939730372720062 0.5770348837209303 0.028548770816812053 0.026162790697674417
0 0.8699444885011896 0.22674418604651161 0.03330689928628073 0.03294573643410853
0 0.5043616177636796 0.7054263565891473 0.025376685170499604 0.036821705426356585
0 0.9916732751784298 0.6773255813953488 0.007137192704203013 0.02131782945736434
0 0.09754163362410785 0.9903100775193798 0.023790642347343377 0.013565891472868217
0 0.9310071371927042 0.14050387596899225 0.017446471054718478 0.02131782945736434
0 0.5570975416336241 0.03924418604651163 0.02141157811260904 0.03391472868217054
0 0.5812846946867566 0.125 0.06661379857256146 0.0562015503875969
0 0.06978588421887391 0.9108527131782945 0.020618556701030927 0.025193798449612403
0 0.32117367168913563 0.1298449612403101 0.014274385408406027 0.031007751937984496
0 0.34773988897700236 0.46705426356589147 0.026169706582077717 0.031007751937984496
0 0.9234734337827122 0.7165697674418604 0.01823949246629659 0.020348837209302327
0 0.03013481363996828 0.3808139534883721 0.025376685170499604 0.04457364341085271
0 0.8322759714512292 0.7349806201550387 0.02775574940523394 0.035852713178294575
