0 0.8028009084027252 0.5770625566636446 0.06737320211960636 0.05893019038984587
0 0.39174867524602575 0.7502266545784225 0.05526116578349735 0.0843155031731641
0 0.43111279333838004 0.1541251133272892 0.03860711582134747 0.05258386219401632
0 0.06510219530658592 0.48050770625566636 0.0696442089326268 0.061650045330915684
0 0.732778198334595 0.09746146872166818 0.03330809992429977 0.0643699002719855
0 0.8906131718395155 0.5720761559383499 0.03406510219530658 0.043517679057116954
0 0.7316426949280848 0.14596554850407978 0.03557910673732021 0.03626473254759746
0 0.17789553368660105 0.06482320942883046 0.06207418622255867 0.0643699002719855
0 0.4822104466313399 0.7651858567543064 0.03936411809235428 0.05983680870353581
0 0.1502649507948524 0.4582955575702629 0.06283118849356548 0.04623753399818677
0 0.44852384557153674 0.8136899365367181 0.041635124905374715 0.04623753399818677
0 0.7199091597274792 0.584315503173164 0.036336109008327025 0.04623753399818677
0 0.8720666161998486 0.8757932910244787 0.025738077214231644 0.043517679057116954
0 0.42657077971233914 0.6500453309156845 0.04920514761544285 0.030825022665457842
0 0.9193792581377744 0.8209428830462375 0.04012112036336109 0.05893019038984587
0 0.7524602573807722 0.5126926563916591 0.028766086298258893 0.03354487760652765
0 0.37395912187736563 0.5498640072529465 0.0408781226343679 0.04261106074342702
0 0.5779712339137018 0.2230281051677244 0.028009084027252083 0.03626473254759746
0 0.4666919000757002 0.5303717135086129 0.026495079485238455 0.03989120580235721
0 0.5715367146101439 0.3028105167724388 0.03330809992429977 0.06346328195829556
0 0.7528387585162756 0.7126019945602902 0.026495079485238455 0.02901178603807797
0 0.4825889477668433 0.17180417044424298 0.041635124905374715 0.07887579329102448
0 0.9439818319454958 0.4927470534904805 0.025738077214231644 0.037171350861287394
0 0.7501892505677517 0.6500453309156845 0.03330809992429977 0.03626473254759746
0 0.9417108251324754 0.5475974614687217 0.06056018168054504 0.04533091568449683
0 0.4242997728993187 0.26518585675430645 0.03860711582134747 0.028105167724388033
0 0.4984859954579864 0.9029918404351768 0.02195306585919758 0.05439709882139619
0 0.139666919000757 0.5494106980961015 0.018925056775170326 0.02357207615593835
0 0.9235427706283119 0.7162284678150499 0.024224072672218017 0.03989120580235721
0 0.34632853898561694 0.7311876699909338 0.03709311127933384 0.024478694469628286
0 0.6589704769114307 0.1359927470534905 0.03709311127933384 0.04895738893925657
0 0.532551097653293 0.16409791477787852 0.03255109765329296 0.0471441523118767
0 0.48561695685087053 0.6214868540344515 0.080999242997729 0.055303717135086125
0 0.6389099167297502 0.45693563009972804 0.04996214988644966 0.05258386219401632
0 0.3819076457229372 0.3023572076155938 0.04466313398940197 0.037171350861287394
0 0.19644208932626797 0.41749773345421576 0.0174110522331567 0.02085222121486854
0 0.36941710825132473 0.25294650951949227 0.03330809992429977 0.02357207615593835
0 0.5386071158213475 0.7393472348141432 0.028009084027252083 0.057116953762466005
0 0.886449659348978 0.3087035358114234 0.09386828160484481 0.08794197642792384
0 0.09727479182437547 0.8381686310063463 0.0174110522331567 0.037171350861287394
0 0.7751703255109765 0.08250226654578423 0.02271006813020439 0.038077969174977334
0 0.8890991672975019 0.5131459655485041 0.029523088569265707 0.032638259292837715
0 0.8130204390613172 0.5058930190389845 0.08024224072672217 0.07796917497733455
0 0.9367903103709311 0.9079782411604714 0.029523088569265707 0.04805077062556663
0 0.11430734292202877 0.4369900271985494 0.01968205904617714 0.019945602901178604
0 0.6669190007570023 0.6382592928377153 0.028766086298258893 0.021758839528558477
0 0.6283118849356548 0.18948322756119673 0.02271006813020439 0.02901178603807797
0 0.3959121877365632 0.8798730734360835 0.028766086298258893 0.029918404351767906
0 0.15291445874337622 0.3680870353581142 0.01968205904617714 0.025385312783318223
0 0.5060560181680545 0.09836808703535811 0.03860711582134747 0.029918404351767906
0 0.8569265707797123 0.7497733454215775 0.036336109008327025 0.05258386219401632
0 0.7024981074943225 0.6504986400725294 0.024224072672218017 0.028105167724388033
0 0.4772899318697956 0.06210335448776065 0.031037093111279335 0.02085222121486854
0 0.5155185465556397 0.8590208522212148 0.06056018168054504 0.08975521305530372
0 0.5787282361847086 0.4768812330009066 0.029523088569265707 0.056210335448776065
0 0.9489023467070401 0.29737080689029916 0.02498107494322483 0.02901178603807797
0 0.9072672218016654 0.8902991840435177 0.023467070401211203 0.030825022665457842
0 0.4072672218016654 0.04941069809610154 0.06661619984859954 0.04079782411604714
0 0.6548069644208933 0.24388032638259294 0.02271006813020439 0.03989120580235721
0 0.7906888720666162 0.6269265639165911 0.02498107494322483 0.037171350861287394
0 0.18735806207418623 0.03943789664551224 0.04769114307342922 0.057116953762466005
0 0.05715367146101438 0.6010879419764279 0.041635124905374715 0.08159564823209428
0 0.9360333080999242 0.5902085222121487 0.015897047691143074 0.019945602901178604
0 0.3372445117335352 0.09383499546690843 0.03406510219530658 0.04442429737080689
0 0.5208175624526874 0.7901178603807797 0.01968205904617714 0.04623753399818677
0 0.5386071158213475 0.36627379873073435 0.10370931112793338 0.1359927470534905
0 0.8304314912944739 0.7026291931097008 0.06661619984859954 0.06346328195829556
0 0.5575321725965178 0.6563916591115141 0.03255109765329296 0.056210335448776065
0 0.17600302800908402 0.42973708068902994 0.015897047691143074 0.025385312783318223
0 0.12301286903860711 0.6137805983680871 0.03406510219530658 0.02357207615593835
0 0.8255109765329296 0.9057116953762466 0.02043906131718395 0.03626473254759746
0 0.3841786525359576 0.3485947416137806 0.02498107494322483 0.04261106074342702
0 0.6775170325510976 0.7361740707162284 0.013626040878122634 0.02357207615593835
0 0.1563209689629069 0.9097914777878513 0.02043906131718395 0.03535811423390753
0 0.8898561695685087 0.672257479601088 0.026495079485238455 0.02629193109700816
0 0.9492808478425435 0.6223934723481415 0.03785011355034065 0.055303717135086125
0 0.23732021196063588 0.056210335448776065 0.029523088569265707 0.02901178603807797
0 0.3898561695685087 0.18902991840435177 0.06056018168054504 0.04623753399818677
0 0.8130204390613172 0.4614687216681777 0.01968205904617714 0.025385312783318223
0 0.05866767600302801 0.5258386219401632 0.07191521574564724 0.050770625566636446
0 0.5174110522331568 0.6962828649138713 0.026495079485238455 0.03445149592021759
0 0.761544284632854 0.7624660018132366 0.02271006813020439 0.021758839528558477
0 0.43224829674489024 0.10063463281958296 0.03936411809235428 0.05258386219401632
0 0.35957607872823616 0.6359927470534905 0.028766086298258893 0.03173164097914778
0 0.9216502649507948 0.38440616500453306 0.023467070401211203 0.02357207615593835
0 0.38644965934897807 0.8254759746146872 0.02195306585919758 0.03173164097914778
0 0.1109008327024981 0.34315503173164097 0.023467070401211203 0.04442429737080689
0 0.5938682816048448 0.6663644605621033 0.041635124905374715 0.08884859474161377
0 0.1801665404996215 0.8626473254759746 0.028766086298258893 0.02629193109700816
0 0.7218016654049962 0.18948322756119673 0.03860711582134747 0.038077969174977334
0 0.5889477668433005 0.11922030825022666 0.10749432248296745 0.08794197642792384
0 0.07191521574564724 0.41477787851314596 0.0348221044663134 0.03173164097914778
0 0.22331566994700985 0.024025385312783316 0.0348221044663134 0.02085222121486854
0 0.1563209689629069 0.5176790571169537 0.09613928841786526 0.06527651858567543
0 0.8266464799394398 0.13961922030825022 0.02271006813020439 0.030825022665457842
0 0.6245268735806208 0.6019945602901179 0.1105223315669947 0.038077969174977334
0 0.6566994700984103 0.6749773345421578 0.04920514761544285 0.03354487760652765
0 0.24451173353520061 0.15775158658204896 0.036336109008327025 0.05258386219401632
0 0.4769114307342922 0.23300090661831369 0.056018168054504165 0.056210335448776065
0 0.1566994700984103 0.22529465095194923 0.046934140802422405 0.08612873980054397
0 0.39780469341408026 0.23934723481414324 0.015897047691143074 0.01813236627379873
0 0.5026495079485238 0.5757026291931097 0.04542013626040878 0.04170444242973708
0 0.6892505677517032 0.20489573889392565 0.02043906131718395 0.027198549410698096
0 0.5416351249053747 0.5176790571169537 0.08554125662376987 0.08884859474161377
0 0.5367146101438305 0.43834995466908433 0.0757002271006813 0.057116953762466005
0 0.7641937925813778 0.1500453309156845 0.031037093111279335 0.03535811423390753
0 0.43792581377744133 0.4156844968268359 0.13853141559424678 0.20761559383499548
0 0.5404996214988645 0.8050770625566637 0.016654049962149885 0.04170444242973708
0 0.04769114307342922 0.3776065276518586 0.03330809992429977 0.04623753399818677
0 0.8247539742619228 0.3957388939256573 0.02195306585919758 0.03354487760652765
0 0.5715367146101439 0.7638259292837716 0.021196063588190765 0.057116953762466005
0 0.2146101438304315 0.9170444242973708 0.13550340651021953 0.04261106074342702
0 0.406888720666162 0.5607434270172258 0.00984102952308857 0.038984587488667274
0 0.4753974261922786 0.31912964641885766 0.0408781226343679 0.05983680870353581
0 0.16654049962149886 0.5902085222121487 0.03179409538228615 0.027198549410698096
0 0.25094625283875854 0.8499546690843155 0.02043906131718395 0.04079782411604714
0 0.4284632853898562 0.3272892112420671 0.025738077214231644 0.05258386219401632
0 0.9012112036336108 0.21169537624660018 0.023467070401211203 0.024478694469628286
0 0.2861468584405753 0.024025385312783316 0.013626040878122634 0.009972801450589302
0 0.11998485995457986 0.02130553037171351 0.04466313398940197 0.03173164097914778
0 0.56888720666162 0.053943789664551225 0.04617713853141559 0.024478694469628286
0 0.7713853141559425 0.23662737987307345 0.025738077214231644 0.05439709882139619
0 0.46252838758516274 0.7239347234814143 0.013626040878122634 0.04623753399818677
0 0.8535200605601817 0.18495013599274707 0.02498107494322483 0.03445149592021759
0 0.7763058289174868 0.09836808703535811 0.023467070401211203 0.06074342701722575
0 0.3330809992429977 0.9084315503173164 0.07115821347464042 0.07978241160471441
0 0.7376987130961393 0.6790571169537625 0.015897047691143074 0.019945602901178604
0 0.417108251324754 0.6151405258386219 0.021196063588190765 0.04442429737080689
0 0.09576078728236184 0.28513145965548503 0.023467070401211203 0.02085222121486854
0 0.10900832702498107 0.8635539437896645 0.016654049962149885 0.013599274705349048
0 0.09462528387585163 0.0883952855847688 0.09386828160484481 0.09338168631006347
0 0.3550340651021953 0.03399818676337262 0.021196063588190765 0.019038984587488667
0 0.3429220287660863 0.5054397098821396 0.04239212717638153 0.024478694469628286
0 0.03936411809235428 0.8980054397098821 0.016654049962149885 0.022665457842248413
0 0.6381529144587433 0.5389845874886673 0.056018168054504165 0.08250226654578423
0 0.2819833459500378 0.8422484134179511 0.02195306585919758 0.030825022665457842
0 0.3890991672975019 0.10788757932910245 0.028766086298258893 0.032638259292837715
0 0.07456472369417108 0.28558476881233 0.07645722937168811 0.06890299184043518
0 0.11430734292202877 0.061650045330915684 0.01968205904617714 0.030825022665457842
0 0.3213474640423921 0.5457842248413418 0.026495079485238455 0.01813236627379873
0 0.5075700227100681 0.2774252039891206 0.03255109765329296 0.03626473254759746
0 0.06888720666161999 0.5235720761559384 0.09235427706283118 0.1441523118766999
0 0.7070401211203634 0.05757026291931097 0.01514004542013626 0.008159564823209429
0 0.07607872823618471 0.1613780598368087 0.03406510219530658 0.027198549410698096
0 0.6211203633610901 0.09882139619220308 0.04769114307342922 0.043517679057116954
0 0.7789553368660106 0.6210335448776065 0.04844814534443603 0.0471441523118767
0 0.2157456472369417 0.1468721668177697 0.021196063588190765 0.030825022665457842
0 0.7308856926570779 0.5530371713508613 0.02043906131718395 0.025385312783318223
0 0.9647993943981832 0.08068902991840435 0.023467070401211203 0.012692656391659111
0 0.15594246782740348 0.14324569356300998 0.01514004542013626 0.038077969174977334
0 0.19568508705526116 0.2443336355394379 0.023467070401211203 0.05893019038984587
0 0.1684330052990159 0.5389845874886673 0.028009084027252083 0.024478694469628286
0 0.872445117335352 0.27923844061650044 0.03255109765329296 0.030825022665457842
0 0.4901589704769114 0.6931097008159565 0.023467070401211203 0.03535811423390753
0 0.9591218773656321 0.71441523118767 0.00757002271006813 0.019945602901178604
0 0.0813777441332324 0.9211242067089755 0.023467070401211203 0.012692656391659111
0 0.9367903103709311 0.20398912058023572 0.0174110522331567 0.019945602901178604
0 0.5851627554882665 0.07298277425203989 0.01968205904617714 0.03173164097914778
0 0.6029523088569265 0.1554850407978241 0.0643451930355791 0.05349048050770626
0 0.06018168054504164 0.843155031731641 0.018925056775170326 0.02357207615593835
0 0.3531415594246783 0.1346328195829556 0.014383043149129447 0.028105167724388033
0 0.3561695685087055 0.45376246600181325 0.02498107494322483 0.029918404351767906
0 0.8913701741105223 0.7447869446962828 0.0174110522331567 0.019038984587488667
0 0.057532172596517786 0.34224841341795104 0.024224072672218017 0.04261106074342702
0 0.8024224072672218 0.7529465095194923 0.025738077214231644 0.03354487760652765
