0 0.8060278207109737 0.5216390423572744 0.06646058732612055 0.05801104972375691
0 0.42542503863987635 0.7628913443830572 0.05486862442040186 0.08195211786372007
0 0.3894899536321484 0.17541436464088397 0.03863987635239567 0.05248618784530387
0 0.0722565687789799 0.5584714548802947 0.0687789799072643 0.05985267034990792
0 0.6777434312210201 0.06675874769797421 0.03245749613601236 0.06353591160220995
0 0.8914219474497681 0.5009208103130756 0.033230293663060274 0.0423572744014733
0 0.6827666151468316 0.1141804788213628 0.0347758887171561 0.03683241252302026
0 0.1302163833075734 0.1339779005524862 0.06105100463678516 0.06353591160220995
0 0.5162287480680062 0.7610497237569062 0.03863987635239567 0.05801104972375691
0 0.15301391035548687 0.5216390423572744 0.061823802163833076 0.04511970534069982
0 0.48879443585780524 0.8144567219152855 0.04095826893353941 0.04511970534069982
0 0.7256568778979907 0.5428176795580111 0.03554868624420402 0.04511970534069982
0 0.910741885625966 0.7992633517495397 0.025502318392581144 0.0423572744014733
0 0.4470633693972179 0.6597605893186004 0.04868624420401855 0.030386740331491715
0 0.9505409582689335 0.7380294659300184 0.0401854714064915 0.05801104972375691
0 0.7484544049459042 0.4673112338858195 0.0285935085007728 0.03222836095764273
0 0.3829211746522411 0.5713627992633518 0.04095826893353941 0.04143646408839779
0 0.5417310664605873 0.21639042357274402 0.027820710973724884 0.034990791896869246
0 0.4710200927357032 0.5359116022099448 0.02704791344667697 0.03867403314917127
0 0.5452086553323029 0.2951197053406998 0.033230293663060274 0.061694290976058934
0 0.7743431221020093 0.6620626151012892 0.026275115919629055 0.029465930018416207
0 0.4420401854714065 0.18370165745856354 0.04173106646058732 0.07826887661141806
0 0.9331530139103554 0.4134438305709024 0.025502318392581144 0.03683241252302026
0 0.7635239567233385 0.6012891344383058 0.03245749613601236 0.034990791896869246
0 0.9385625965996909 0.4677716390423573 0.059505409582689336 0.04419889502762431
0 0.39683153013910355 0.28499079189686927 0.03786707882534776 0.0285451197053407
0 0.5490726429675425 0.8927255985267035 0.02241112828438949 0.05432780847145488
0 0.15378670788253476 0.6127992633517496 0.01854714064914992 0.02302025782688766
0 0.9416537867078825 0.6353591160220995 0.023956723338485315 0.03867403314917127
0 0.3786707882534776 0.7532228360957643 0.03709428129829984 0.02394106813996317
0 0.6101236476043277 0.11740331491712708 0.03632148377125193 0.04880294659300184
0 0.48956723338485314 0.16712707182320444 0.03168469860896445 0.046961325966850834
0 0.5015455950540958 0.6210865561694291 0.080370942812983 0.05432780847145488
0 0.6306027820710973 0.43278084714548803 0.04945904173106646 0.05156537753222836
0 0.3597372488408037 0.3287292817679558 0.04404945904173106 0.03683241252302026
0 0.1928129829984544 0.47421731123388583 0.01777434312210201 0.020257826887661142
0 0.3415765069551777 0.28314917127071826 0.03400309119010819 0.02302025782688766
0 0.5680061823802164 0.7260589318600369 0.027820710973724884 0.056169429097605895
0 0.8543276661514683 0.24493554327808473 0.09350850077279753 0.0865561694290976
0 0.14837712519319937 0.9010128913443831 0.017001545595054096 0.037753222836095765
0 0.7167697063369397 0.04419889502762431 0.02241112828438949 0.03683241252302026
0 0.8825347758887171 0.44383057090239414 0.02936630602782071 0.03314917127071823
0 0.8071870170015456 0.4498158379373849 0.07959814528593509 0.07642725598526703
0 0.9783616692426584 0.819060773480663 0.02936630602782071 0.046961325966850834
0 0.11476043276661514 0.507366482504604 0.019319938176197836 0.020257826887661142
0 0.6808346213292117 0.6049723756906078 0.027820710973724884 0.020257826887661142
0 0.5869397217928902 0.17495395948434622 0.02241112828438949 0.027624309392265196
0 0.4455177743431221 0.8885819521178637 0.0285935085007728 0.029465930018416207
0 0.14412673879443585 0.43370165745856354 0.019319938176197836 0.02578268876611418
0 0.4559505409582689 0.10773480662983426 0.03863987635239567 0.029465930018416207
0 0.8806027820710973 0.6795580110497238 0.03632148377125193 0.05156537753222836
0 0.7171561051004637 0.6104972375690608 0.023183925811437404 0.027624309392265196
0 0.42272024729520863 0.07734806629834254 0.030911901081916538 0.020257826887661142
0 0.5602782071097372 0.8466850828729282 0.06027820710973725 0.08931860036832413
0 0.5741885625965997 0.4631675874769798 0.02936630602782071 0.05524861878453039
0 0.9142194744976816 0.22237569060773482 0.02472952086553323 0.0285451197053407
0 0.9474497681607419 0.8080110497237569 0.023183925811437404 0.030386740331491715
0 0.3527820710973725 0.07826887661141806 0.06568778979907264 0.040515653775322284
0 0.6197836166924265 0.22283609576427257 0.023183925811437404 0.03867403314917127
0 0.8006182380216383 0.5718232044198895 0.02472952086553323 0.03683241252302026
0 0.13639876352395672 0.1072744014732965 0.04714064914992272 0.056169429097605895
0 0.07921174652241113 0.6777163904235728 0.04095826893353941 0.08103130755064457
0 0.9381761978361669 0.5101289134438306 0.015455950540958269 0.01841620626151013
0 0.28979907264296756 0.13351749539594843 0.03400309119010819 0.04419889502762431
0 0.5571870170015456 0.7790055248618785 0.02009273570324575 0.04604051565377532
0 0.5208655332302936 0.3632596685082873 0.10200927357032458 0.13351749539594843
0 0.8489180834621329 0.6385819521178637 0.06568778979907264 0.061694290976058934
0 0.5757341576506955 0.6422651933701657 0.03245749613601236 0.05432780847145488
0 0.17387944358578053 0.4894106813996317 0.015455950540958269 0.024861878453038676
0 0.14528593508500773 0.6781767955801106 0.03400309119010819 0.02302025782688766
0 0.8693972179289026 0.8374769797421732 0.02009273570324575 0.03591160220994475
0 0.36785162287480677 0.3733885819521179 0.02472952086553323 0.04143646408839779
0 0.7036321483771252 0.6984346224677717 0.013137557959814528 0.02302025782688766
0 0.21483771251931993 0.9604051565377533 0.02009273570324575 0.034990791896869246
0 0.9034003091190108 0.5985267034990792 0.026275115919629055 0.02578268876611418
0 0.955177743431221 0.5391344383057091 0.03709428129829984 0.05432780847145488
0 0.187403400309119 0.11464088397790055 0.030139103554868624 0.0285451197053407
0 0.35316846986089645 0.21731123388581952 0.06027820710973725 0.04604051565377532
0 0.8017774343122102 0.40699815837937386 0.019319938176197836 0.02578268876611418
0 0.07109737248840804 0.6040515653775322 0.07109737248840804 0.04972375690607735
0 0.5417310664605873 0.6883057090239411 0.026275115919629055 0.03406998158379374
0 0.7886398763523956 0.70902394106814 0.02241112828438949 0.022099447513812154
0 0.383693972179289 0.12338858195211787 0.03941267387944358 0.05156537753222836
0 0.3798299845440494 0.6574585635359116 0.0285935085007728 0.03130755064456722
0 0.8983771251931993 0.3121546961325967 0.023956723338485315 0.022099447513812154
0 0.42967542503863987 0.8370165745856354 0.021638330757341576 0.03130755064456722
0 0.09969088098918083 0.4162062615101289 0.023183925811437404 0.04419889502762431
0 0.6128284389489953 0.6450276243093923 0.04173106646058732 0.08747697974217311
0 0.23261205564142196 0.9102209944751382 0.027820710973724884 0.026703499079189688
0 0.6785162287480679 0.15837937384898712 0.03863987635239567 0.03683241252302026
0 0.5394126738794436 0.1132596685082873 0.10664605873261206 0.0865561694290976
0 0.07071097372488408 0.49309392265193375 0.0347758887171561 0.03222836095764273
0 0.16962905718701698 0.0856353591160221 0.0347758887171561 0.020257826887661142
0 0.16653786707882534 0.5791896869244936 0.09505409582689335 0.06445672191528545
0 0.7747295208655333 0.09116022099447514 0.02241112828438949 0.029465930018416207
0 0.6348531684698608 0.5768876611418048 0.10896445131375579 0.037753222836095765
0 0.6754250386398764 0.6427255985267035 0.04945904173106646 0.03314917127071823
0 0.2071097372488408 0.212707182320442 0.03554868624420402 0.05156537753222836
0 0.44397217928902627 0.24401473296500922 0.05486862442040186 0.05524861878453039
0 0.12982998454404945 0.2937384898710866 0.04636785162287481 0.0847145488029466
0 0.36746522411128285 0.26427255985267034 0.01622874806800618 0.01841620626151013
0 0.5119783616692426 0.5732044198895028 0.04559505409582689 0.04143646408839779
0 0.6483771251931993 0.17863720073664827 0.02009273570324575 0.027624309392265196
0 0.5432766615146831 0.5096685082872928 0.08500772797527048 0.08747697974217311
0 0.5282071097372488 0.4332412523020258 0.0749613601236476 0.056169429097605895
0 0.7148377125193199 0.11233885819521179 0.030911901081916538 0.034990791896869246
0 0.428516228748068 0.429097605893186 0.13678516228748067 0.20441988950276244
0 0.5780525502318392 0.7900552486187845 0.017001545595054096 0.040515653775322284
0 0.042117465224111285 0.4617863720073665 0.033230293663060274 0.04511970534069982
0 0.8052550231839258 0.3402394106813996 0.021638330757341576 0.03222836095764273
0 0.6031684698608965 0.7440147329650092 0.02086553323029366 0.05524861878453039
0 0.2731839258114374 0.957182320441989 0.13369397217928902 0.04143646408839779
0 0.41653786707882534 0.5759668508287293 0.00927357032457496 0.037753222836095765
0 0.4532457496136012 0.3287292817679558 0.04095826893353941 0.058931860036832415
0 0.1846986089644513 0.6473296500920811 0.030911901081916538 0.027624309392265196
0 0.30023183925811436 0.8853591160220995 0.02086553323029366 0.03959484346224678
0 0.40842349304482223 0.3448434622467772 0.025502318392581144 0.05248618784530387
0 0.856646058732612 0.14825046040515655 0.023956723338485315 0.02394106813996317
0 0.23145285935085008 0.07458563535911603 0.013137557959814528 0.009208103130755065
0 0.06839258114374033 0.10174953959484347 0.04404945904173106 0.03222836095764273
0 0.5115919629057187 0.053406998158379376 0.04482225656877898 0.02394106813996317
0 0.732612055641422 0.19521178637200737 0.026275115919629055 0.053406998158379376
0 0.49149922720247297 0.7251381215469613 0.013910355486862442 0.04511970534069982
0 0.8068006182380216 0.13029465930018416 0.02472952086553323 0.03406998158379374
0 0.7202472952086553 0.05985267034990792 0.023183925811437404 0.06077348066298343
0 0.38794435857805254 0.9277163904235728 0.0695517774343122 0.07826887661141806
0 0.7550231839258115 0.6321362799263351 0.015455950540958269 0.019337016574585635
0 0.4331530139103555 0.6266114180478821 0.02086553323029366 0.0432780847145488
0 0.07805255023183925 0.36279926335174956 0.023183925811437404 0.020257826887661142
0 0.16267387944358577 0.9240331491712708 0.01622874806800618 0.013812154696132598
0 0.052163833075734155 0.17173112338858196 0.09350850077279753 0.09300184162062615
0 0.2998454404945904 0.07228360957642725 0.021638330757341576 0.019337016574585635
0 0.3469860896445131 0.5331491712707183 0.04173106646058732 0.02394106813996317
0 0.09853168469860896 0.9696132596685083 0.01622874806800618 0.022099447513812154
0 0.6402627511591963 0.5138121546961326 0.05486862442040186 0.08103130755064457
0 0.32921174652241114 0.8720073664825047 0.021638330757341576 0.029465930018416207
0 0.34234930448222567 0.13766114180478822 0.027820710973724884 0.03222836095764273
0 0.0571870170015456 0.36694290976058935 0.07573415765069552 0.06906077348066299
0 0.06761978361669242 0.141804788213628 0.019319938176197836 0.029465930018416207
0 0.3311437403400309 0.576427255985267 0.025502318392581144 0.01841620626151013
0 0.47990726429675423 0.28222836095764275 0.03245749613601236 0.03591160220994475
0 0.08114374034003091 0.5994475138121547 0.09119010819165378 0.141804788213628
0 0.6472179289026275 0.03222836095764273 0.014683153013910355 0.007366482504604052
0 0.042890262751159196 0.24585635359116023 0.033230293663060274 0.027624309392265196
0 0.5683925811437404 0.08793738489871086 0.04714064914992272 0.0432780847145488
0 0.7882534775888717 0.5676795580110497 0.04791344667697063 0.046961325966850834
0 0.1777434312210201 0.2067219152854512 0.02009273570324575 0.030386740331491715
0 0.7329984544049459 0.5105893186003684 0.02086553323029366 0.024861878453038676
0 0.9026275115919629 0.008747697974217311 0.023183925811437404 0.011970534069981584
0 0.11862442040185471 0.2136279926335175 0.014683153013910355 0.03683241252302026
0 0.1704018547140649 0.3052486187845304 0.02241112828438949 0.05801104972375691
0 0.1804482225656878 0.5966850828729282 0.02704791344667697 0.02394106813996317
0 0.8373261205564142 0.21869244935543278 0.03168469860896445 0.030386740331491715
0 0.5146831530139103 0.6901473296500921 0.023183925811437404 0.03406998158379374
0 0.9764296754250387 0.6270718232044199 0.006955177743431221 0.020257826887661142
0 0.14296754250386398 0.9848066298342542 0.023183925811437404 0.011970534069981584
0 0.8910355486862442 0.1339779005524862 0.017001545595054096 0.019337016574585635
0 0.5301391035548686 0.06906077348066299 0.02009273570324575 0.03130755064456722
0 0.5579598145285934 0.14640883977900554 0.0633693972179289 0.053406998158379376
0 0.11244204018547141 0.9129834254143647 0.019319938176197836 0.02302025782688766
0 0.3106646058732612 0.17081031307550645 0.013910355486862442 0.0285451197053407
0 0.35316846986089645 0.48066298342541436 0.02472952086553323 0.029465930018416207
0 0.9134466769706336 0.6685082872928177 0.017001545595054096 0.01841620626151013
0 0.047527047913446675 0.4249539594843462 0.023956723338485315 0.04143646408839779
0 0.8276661514683152 0.6924493554327809 0.026275115919629055 0.03314917127071823
