0 0.802248126561199 0.42223330009970084 0.06744379683597003 0.0588235294117647
0 0.39175686927560366 0.25024925224327016 0.055786844296419655 0.08374875373878364
0 0.4317235636969192 0.8459621136590229 0.03913405495420483 0.05284147557328016
0 0.06536219816819318 0.5199401794616151 0.06910907577019151 0.060817547357926216
0 0.7331390507910075 0.9012961116650049 0.032472939217318905 0.06380857427716849
0 0.8896752706078268 0.42671984047856426 0.03413821815154038 0.04386839481555334
0 0.7318900915903414 0.8529411764705882 0.034970857618651124 0.036889332003988036
0 0.17901748542880933 0.9346959122632102 0.06161532056619484 0.06480558325024925
0 0.4825145711906745 0.2352941176470588 0.03913405495420483 0.05982053838484546
0 0.1511240632805995 0.5423728813559322 0.06244796003330558 0.04586241276171485
0 0.4479600333055787 0.18644067796610167 0.041631973355537054 0.04586241276171485
0 0.7194004995836802 0.41525423728813554 0.03663613655287261 0.044865403788634094
0 0.8709408825978352 0.12412761714855433 0.024979184013322234 0.042871385842472576
0 0.42631140716069943 0.34995014955134596 0.04995836802664447 0.02991026919242273
0 0.9184013322231473 0.17846460618145563 0.03996669442131557 0.05982053838484546
0 0.7522897585345546 0.48654037886340973 0.029142381348875937 0.03389830508474576
0 0.37385512073272276 0.4501495513459621 0.041631973355537054 0.042871385842472576
0 0.5782681099084097 0.7766699900299102 0.027477102414654456 0.035892323030907274
0 0.466278101582015 0.46959122632103684 0.026644462947543714 0.0398803589232303
0 0.5720233139050791 0.6969092721834496 0.03330557868442964 0.06380857427716849
0 0.75270607826811 0.2871385842472582 0.026644462947543714 0.02991026919242273
0 0.4829308909242298 0.8275174476570288 0.041631973355537054 0.0797607178464606
0 0.9429641965029143 0.5069790628115652 0.025811823480432972 0.036889332003988036
0 0.7493755203996669 0.3494516450648056 0.03330557868442964 0.03489531405782652
0 0.9412989175686928 0.45214356929212357 0.0607826810990841 0.044865403788634094
0 0.42464612822647796 0.734297108673978 0.03830141548709409 0.02891326021934197
0 0.49833472106577853 0.09720837487537387 0.022481265611990008 0.05483549351944167
0 0.1398834304746045 0.45064805583250245 0.018318068276436304 0.023928215353938184
0 0.9229808492922564 0.2831505483549352 0.02414654454621149 0.0398803589232303
0 0.3459616985845129 0.2686939182452642 0.03746877601998335 0.024925224327018942
0 0.659450457951707 0.8629112662013957 0.03663613655287261 0.04885343968095712
0 0.5328892589508742 0.8354935194416749 0.03164029975020816 0.04785643070787637
0 0.48542880932556204 0.3783649052841475 0.08159866777685262 0.05483549351944167
0 0.6390507910074937 0.5428713858424725 0.0507910074937552 0.05284147557328016
0 0.38259783513738554 0.69740777666999 0.04412989175686928 0.036889332003988036
0 0.19691923397169026 0.5827517447657028 0.017485428809325562 0.02093718843469591
0 0.3701082431307244 0.7467597208374874 0.03413821815154038 0.023928215353938184
0 0.5387177352206495 0.2612163509471585 0.028309741881765195 0.05782652043868394
0 0.8863447127393839 0.6899302093718843 0.09408825978351375 0.08773678963110668
0 0.09783513738551207 0.16251246261216348 0.017485428809325562 0.03788634097706879
0 0.7751873438800999 0.9162512462612162 0.02331390507910075 0.03788634097706879
0 0.888842631140716 0.48604187437686935 0.029142381348875937 0.032901296111665
0 0.8130724396336386 0.493519441674975 0.08076602830974189 0.0777666999002991
0 0.9358867610324729 0.0917248255234297 0.02997502081598668 0.04785643070787637
0 0.1144879267277269 0.563310069790628 0.019150707743547046 0.01994017946161515
0 0.6665278934221482 0.3614157527417746 0.029142381348875937 0.02093718843469591
0 0.6286427976686095 0.8100697906281156 0.02331390507910075 0.02891326021934197
0 0.39592006661115736 0.12063808574277167 0.029142381348875937 0.02991026919242273
0 0.15362198168193172 0.6321036889332003 0.019150707743547046 0.025922233300099698
0 0.506661115736886 0.9012961116650049 0.03913405495420483 0.02991026919242273
0 0.8563696919233972 0.24975074775672979 0.035803497085761866 0.05284147557328016
0 0.70233139050791 0.3494516450648056 0.02414654454621149 0.02891326021934197
0 0.47751873438801 0.9376869391824526 0.03080766028309742 0.02093718843469591
0 0.5154038301415487 0.1410767696909272 0.05995004163197336 0.09072781655034895
0 0.5786844296419651 0.5229312063808574 0.02997502081598668 0.05682951146560319
0 0.9487926727726894 0.701395812562313 0.02414654454621149 0.02891326021934197
0 0.9059117402164862 0.10917248255234296 0.02331390507910075 0.030907278165503486
0 0.40799333888426315 0.950149551345962 0.06661115736885928 0.04187437686939182
0 0.6552872606161533 0.7557328015952143 0.02331390507910075 0.0398803589232303
0 0.7901748542880933 0.37238285144566297 0.024979184013322234 0.036889332003988036
0 0.1877601998334721 0.96061814556331 0.04746044962531224 0.05682951146560319
0 0.05745212323064113 0.39980059820538383 0.041631973355537054 0.08175473579262213
0 0.9354704412989175 0.4087736789631106 0.01582014987510408 0.01994017946161515
0 0.3380516236469609 0.9057826520438683 0.034970857618651124 0.044865403788634094
0 0.5208159866777685 0.20987038883349948 0.019150707743547046 0.04685942173479561
0 0.5383014154870941 0.6331006979062811 0.10407993338884264 0.13559322033898305
0 0.8301415487094088 0.2966101694915254 0.06661115736885928 0.06281156530408773
0 0.5570358034970858 0.34346959122632104 0.03330557868442964 0.05483549351944167
0 0.17610324729392174 0.5702891326021934 0.01582014987510408 0.025922233300099698
0 0.12323064113238968 0.386839481555334 0.034970857618651124 0.023928215353938184
0 0.8247293921731891 0.09371884346959122 0.020815986677768527 0.035892323030907274
0 0.384263114071607 0.6515453639082751 0.025811823480432972 0.042871385842472576
0 0.6773522064945878 0.26321036889332 0.014154870940882597 0.023928215353938184
0 0.15611990008326396 0.0917248255234297 0.020815986677768527 0.035892323030907274
0 0.8892589508742714 0.3270189431704885 0.026644462947543714 0.025922233300099698
0 0.9487926727726894 0.3768693918245264 0.03746877601998335 0.05583250249252243
0 0.23813488759367193 0.9436689930209371 0.02997502081598668 0.02891326021934197
0 0.3900915903413822 0.810568295114656 0.0607826810990841 0.04586241276171485
0 0.8126561199000832 0.5373878364905283 0.019983347210657785 0.025922233300099698
0 0.059117402164862616 0.47457627118644063 0.07160699417152373 0.049850448654037885
0 0.5170691090757702 0.3035892323030907 0.026644462947543714 0.03489531405782652
0 0.760616153205662 0.23728813559322032 0.022481265611990008 0.02193419740777667
0 0.43255620316403 0.898803589232303 0.03913405495420483 0.05284147557328016
0 0.3597002497918401 0.3644067796610169 0.028309741881765195 0.030907278165503486
0 0.921315570358035 0.6146560319042871 0.02414654454621149 0.022931206380857425
0 0.38634471273938387 0.17497507477567298 0.02164862614487927 0.030907278165503486
0 0.11157368859283931 0.6575274177467597 0.02331390507910075 0.044865403788634094
0 0.5936719400499584 0.33349950149551344 0.041631973355537054 0.08873379860418742
0 0.17985012489592006 0.13808574277168492 0.028309741881765195 0.026919242273180457
0 0.7223147377185679 0.8095712861415753 0.03913405495420483 0.03788634097706879
0 0.5895087427144047 0.8798604187437686 0.10824313072439634 0.08873379860418742
0 0.07243963363863447 0.5862412761714855 0.034970857618651124 0.031904287138584245
0 0.22398001665278935 0.9755732801595214 0.034970857618651124 0.02093718843469591
0 0.1569525395503747 0.4825523429710867 0.09575353871773522 0.06580259222333
0 0.8268109908409659 0.8589232303090727 0.02331390507910075 0.030907278165503486
0 0.6240632805995004 0.3978065802592223 0.11074104912572856 0.03788634097706879
0 0.6565362198168193 0.32502492522432697 0.049125728559533725 0.03389830508474576
0 0.24521232306411325 0.8419740777666999 0.035803497085761866 0.05284147557328016
0 0.47751873438801 0.7666999002991026 0.055786844296419655 0.05583250249252243
0 0.15778517901748543 0.775174476570289 0.04746044962531224 0.08673978065802591
0 0.3980016652789342 0.7602193419740777 0.01665278934221482 0.018943170488534396
0 0.5024979184013323 0.4242273180458624 0.04579517069109076 0.040877367896311065
0 0.6890091590341383 0.7946161515453638 0.020815986677768527 0.027916251246261216
0 0.541631973355537 0.4820538384845463 0.08576186511240633 0.08873379860418742
0 0.5366361365528726 0.561814556331007 0.07577019150707744 0.05682951146560319
0 0.7643630308076603 0.8489531405782651 0.03164029975020816 0.03489531405782652
0 0.43796835970024983 0.584247258225324 0.13821815154038303 0.20737786640079758
0 0.5399666944213156 0.19491525423728812 0.017485428809325562 0.040877367896311065
0 0.04829308909242298 0.6226321036889332 0.03330557868442964 0.04685942173479561
0 0.8247293921731891 0.6036889332003987 0.022481265611990008 0.032901296111665
0 0.5711906744379683 0.23678963110667994 0.02164862614487927 0.05682951146560319
0 0.21440466278101583 0.08325024925224327 0.1357202331390508 0.042871385842472576
0 0.406744379683597 0.43918245264207373 0.009159034138218152 0.03888334995014955
0 0.47543713572023316 0.680458624127617 0.041631973355537054 0.0588235294117647
0 0.16652789342214822 0.40977068793619137 0.03164029975020816 0.027916251246261216
0 0.25062447960033307 0.15054835493519442 0.02164862614487927 0.0398803589232303
0 0.4283930058284763 0.672482552342971 0.025811823480432972 0.05284147557328016
0 0.9013322231473773 0.7866400797607178 0.02414654454621149 0.023928215353938184
0 0.2872606161532057 0.9760717846460617 0.013322231473771857 0.009970089730807576
0 0.12114904246461283 0.9790628115653041 0.04412989175686928 0.031904287138584245
0 0.5691090757701915 0.9451645064805583 0.04579517069109076 0.023928215353938184
0 0.7714404662781016 0.7622133599202392 0.025811823480432972 0.05483549351944167
0 0.46253122398001667 0.27617148554336984 0.014154870940882597 0.04586241276171485
0 0.8534554537885096 0.8140578265204386 0.024979184013322234 0.03489531405782652
0 0.7760199833472107 0.9007976071784646 0.02331390507910075 0.060817547357926216
0 0.33263946711074105 0.09222333000997009 0.070774354704413 0.07876370887337986
0 0.7373022481265612 0.3205383848454636 0.01582014987510408 0.02093718843469591
0 0.41673605328892593 0.3853439680957128 0.020815986677768527 0.044865403788634094
0 0.09658617818484597 0.7148554336989033 0.02331390507910075 0.01994017946161515
0 0.10907577019150708 0.1365902293120638 0.01665278934221482 0.013958125623130608
0 0.09533721898417985 0.9112662013958125 0.09408825978351375 0.09371884346959122
0 0.3555370524562864 0.9656031904287138 0.02164862614487927 0.018943170488534396
0 0.3430474604496253 0.49451645064805577 0.04329725228975854 0.023928215353938184
0 0.03913405495420483 0.10319042871385842 0.01665278934221482 0.022931206380857425
0 0.6382181515403831 0.46061814556331004 0.055786844296419655 0.08175473579262213
0 0.28143213988343047 0.15852442671984046 0.02164862614487927 0.02991026919242273
0 0.3896752706078268 0.8918245264207377 0.028309741881765195 0.032901296111665
0 0.0749375520399667 0.7148554336989033 0.07660283097418819 0.06979062811565304
0 0.11490424646128226 0.9386839481555334 0.019983347210657785 0.030907278165503486
0 0.32139883430474603 0.4541375872382851 0.026644462947543714 0.018943170488534396
0 0.5083263946711074 0.7223330009970089 0.032472939217318905 0.036889332003988036
0 0.06952539550374688 0.47756729810568294 0.09242298084929226 0.1435692921236291
0 0.7077435470441299 0.9411764705882352 0.01498751040799334 0.007976071784646061
0 0.07701915070774355 0.8384845463609172 0.03413821815154038 0.027916251246261216
0 0.6215653621981682 0.9002991026919241 0.04746044962531224 0.04386839481555334
0 0.7785179017485429 0.3788634097706879 0.04829308909242298 0.04785643070787637
0 0.2160699417152373 0.8529411764705882 0.020815986677768527 0.030907278165503486
0 0.7306411323896753 0.44666001994017945 0.020815986677768527 0.025922233300099698
0 0.965029142381349 0.9177467597208374 0.02331390507910075 0.012961116650049849
0 0.1565362198168193 0.8569292123629112 0.01498751040799334 0.036889332003988036
0 0.1965029142381349 0.7557328015952143 0.02331390507910075 0.05782652043868394
0 0.16860949208992507 0.4616151545363908 0.027477102414654456 0.023928215353938184
0 0.8721898417985012 0.719840478564307 0.032472939217318905 0.031904287138584245
0 0.4900083263946711 0.30658025922233295 0.02414654454621149 0.03489531405782652
0 0.9587843463780183 0.2851445663010967 0.00749375520399667 0.01994017946161515
0 0.08159866777685262 0.08025922233300099 0.02331390507910075 0.012961116650049849
0 0.9371357202331391 0.7946161515453638 0.017485428809325562 0.01994017946161515
0 0.5857618651124064 0.9262213359920238 0.020815986677768527 0.031904287138584245
0 0.6032472939217319 0.8434695912263209 0.06411323896752706 0.053838484546360914
0 0.060366361365528726 0.1575274177467597 0.019150707743547046 0.023928215353938184
0 0.35345545378850957 0.8649052841475573 0.014154870940882597 0.02891326021934197
0 0.3563696919233972 0.5463609172482552 0.024979184013322234 0.02991026919242273
0 0.8905079100749376 0.2547357926221336 0.017485428809325562 0.018943170488534396
0 0.058284762697751874 0.6580259222333 0.024979184013322234 0.04187437686939182
0 0.8018318068276437 0.24626121635094714 0.026644462947543714 0.03389830508474576
