0 0.8115886415963162 0.46626617375231055 0.06830391404451266 0.06007393715341959
0 0.4174980813507291 0.2301293900184843 0.056792018419033 0.08502772643253234
0 0.3948580199539524 0.8373382624768946 0.039140445126630855 0.053604436229205174
0 0.06216423637759018 0.4533271719038817 0.07060629316960859 0.06192236598890943
0 0.6918649270913277 0.9390018484288355 0.03300076745970836 0.06469500924214418
0 0.8990790483499617 0.4842883548983364 0.03453568687643899 0.04436229205175601
0 0.6953184957789716 0.8904805914972274 0.035303146584804296 0.03789279112754159
0 0.13200306983883345 0.8886321626617375 0.06293169608595549 0.06561922365988909
0 0.509976976208749 0.22920517560073936 0.039140445126630855 0.06099815157116451
0 0.1454336147352264 0.48844731977818856 0.0636991557943208 0.04713493530499076
0 0.48081350729086725 0.17513863216266173 0.0422102839600921 0.04713493530499076
0 0.7290867229470452 0.4468576709796673 0.03683806600153492 0.04713493530499076
0 0.9117421335379893 0.17606284658040666 0.026093630084420567 0.04343807763401109
0 0.44167306216423635 0.3364140480591497 0.0498848810437452 0.031423290203327174
0 0.9535686876438987 0.23798521256931607 0.04067536454336147 0.06007393715341959
0 0.7544128933231006 0.5240295748613678 0.02916346891788181 0.033271719038817
0 0.3791250959324635 0.42929759704251386 0.04144282425172678 0.04343807763401109
0 0.5498848810437452 0.7897412199630314 0.0283960092095165 0.036044362292051754
0 0.4696853415195702 0.46349353049907577 0.02762854950115119 0.03974121996303142
0 0.5510360706062931 0.7084103512014788 0.03376822716807368 0.06377079482439926
0 0.7759017651573292 0.32255083179297594 0.026093630084420567 0.029574861367837338
0 0.44858019953952416 0.8271719038817006 0.0422102839600921 0.08133086876155268
0 0.9439754412893323 0.5730129390018485 0.026093630084420567 0.03696857670979667
0 0.7663085188027629 0.38493530499075784 0.03300076745970836 0.036044362292051754
0 0.9478127398311589 0.5170979667282809 0.06139677666922486 0.04528650646950092
0 0.39984650805832694 0.7241219963031423 0.03837298541826554 0.02865064695009242
0 0.5406753645433615 0.09242144177449169 0.022256331542594012 0.05545286506469501
0 0.14428242517267842 0.3946395563770795 0.01841903300076746 0.024029574861367836
0 0.9470452801227935 0.3442698706099815 0.024558710667689946 0.03974121996303142
0 0.3699155794320798 0.24260628465804066 0.03837298541826554 0.024953789279112754
0 0.6216423637759018 0.88909426987061 0.03683806600153492 0.04990757855822551
0 0.49769762087490405 0.8424214417744916 0.03300076745970836 0.048983364140480594
0 0.4984650805832694 0.37430683918669133 0.08211818879508825 0.05545286506469501
0 0.6350729086722947 0.5637707948243993 0.051419800460475826 0.053604436229205174
0 0.3614735226400614 0.6806839186691312 0.044512663085188024 0.03789279112754159
0 0.1876438986953185 0.5365064695009242 0.017651573292402148 0.021256931608133085
0 0.3434382194934766 0.7282809611829945 0.03453568687643899 0.024029574861367836
0 0.5636991557943208 0.26386321626617376 0.0283960092095165 0.05822550831792976
0 0.8676132003069839 0.7490757855822551 0.09593246354566386 0.08964879852125693
0 0.1316193399846508 0.09796672828096119 0.017651573292402148 0.038817005545286505
0 0.7321565617805065 0.9611829944547134 0.023023791250959325 0.038817005545286505
0 0.8914044512663085 0.5439001848428835 0.029930928626247123 0.034195933456561925
0 0.8142747505755947 0.5397412199630314 0.08135072908672294 0.07948243992606284
0 0.9804297774366846 0.1534195933456562 0.029930928626247123 0.04805914972273567
0 0.10706062931696086 0.5046210720887245 0.01918649270913277 0.02033271719038817
0 0.6818879508825787 0.3844731977818854 0.0283960092095165 0.022181146025878003
0 0.5963161933998465 0.8313308687615527 0.023023791250959325 0.02865064695009242
0 0.4351496546431312 0.10027726432532347 0.02916346891788181 0.030499075785582256
0 0.13891020721412126 0.5794824399260629 0.019953952417498082 0.025878003696857672
0 0.4646968534151957 0.9043438077634011 0.039140445126630855 0.030499075785582256
0 0.884113584036838 0.3008317929759704 0.03683806600153492 0.05268022181146026
0 0.7187260168841135 0.3775415896487985 0.023791250959324634 0.02865064695009242
0 0.4316960859554873 0.9366913123844732 0.031465848042977744 0.021256931608133085
0 0.5533384497313891 0.13909426987061 0.06139677666922486 0.09149722735674676
0 0.5767459708365311 0.5341959334565619 0.029930928626247123 0.05730129390018484
0 0.9290099769762087 0.7703327171903882 0.02532617037605526 0.030499075785582256
0 0.9489639293937068 0.16635859519408502 0.023791250959324634 0.031423290203327174
0 0.35993860322333077 0.9390018484288355 0.06753645433614736 0.04251386321626617
0 0.6285495011511896 0.7804990757855822 0.023023791250959325 0.03974121996303142
0 0.8046815042210284 0.41451016635859517 0.02532617037605526 0.03789279112754159
0 0.1385264773599386 0.916358595194085 0.04834996162701458 0.05822550831792976
0 0.0671527244819647 0.3304066543438078 0.0422102839600921 0.0822550831792976
0 0.9466615502686109 0.4731977818853974 0.016116653875671526 0.02033271719038817
0 0.29470452801227937 0.884011090573013 0.035303146584804296 0.04528650646950092
0 0.5518035303146585 0.20933456561922364 0.019953952417498082 0.04713493530499076
0 0.5245587106676899 0.6395563770794824 0.10514198004604758 0.13863216266173753
0 0.8526477359938603 0.3442698706099815 0.06753645433614736 0.06377079482439926
0 0.5736761320030699 0.349815157116451 0.03300076745970836 0.056377079482439925
0 0.16807367613200308 0.5212569316081331 0.015349194167306216 0.025878003696857672
0 0.1343054489639294 0.32809611829944546 0.035303146584804296 0.024029574861367836
0 0.8683806600153492 0.13863216266173753 0.02072141212586339 0.03696857670979667
0 0.3679969301611665 0.6335489833641405 0.02532617037605526 0.04343807763401109
0 0.7029930928626247 0.2874306839186691 0.013814274750575594 0.024029574861367836
0 0.19800460475825019 0.03465804066543438 0.019953952417498082 0.036044362292051754
0 0.9090560245587107 0.38354898336414045 0.02686108979278588 0.025878003696857672
0 0.9631619339984651 0.4431608133086876 0.03837298541826554 0.056377079482439925
0 0.19071373752877974 0.9071164510166358 0.029930928626247123 0.02865064695009242
0 0.35686876438986953 0.7952865064695009 0.06139677666922486 0.04713493530499076
0 0.8096699923254029 0.5841035120147874 0.019953952417498082 0.025878003696857672
0 0.0602455871066769 0.4066543438077634 0.07290867229470453 0.051756007393715345
0 0.5383729854182655 0.3036044362292052 0.02686108979278588 0.034195933456561925
0 0.7897160399079048 0.2735674676524954 0.023023791250959325 0.022181146025878003
0 0.3906369915579432 0.8909426987060998 0.039907904834996163 0.053604436229205174
0 0.3737528779739064 0.3410351201478743 0.02916346891788181 0.031423290203327174
0 0.9105909439754413 0.6788354898336414 0.023791250959324634 0.02310536044362292
0 0.42018419033000765 0.15388170055452866 0.022256331542594012 0.03234750462107209
0 0.09401381427475057 0.5988909426987061 0.023791250959324634 0.04621072088724584
0 0.61128165771297 0.3456561922365989 0.0422102839600921 0.09057301293900184
0 0.21719109746738297 0.0854898336414048 0.02916346891788181 0.026802218114602587
0 0.6899462778204144 0.844731977818854 0.039907904834996163 0.038817005545286505
0 0.5495011511895626 0.8960258780036968 0.10897927858787414 0.08964879852125693
0 0.06216423637759018 0.5207948243992606 0.035303146584804296 0.03234750462107209
0 0.17344589409056024 0.9371534195933456 0.035303146584804296 0.02033271719038817
0 0.15771297006907137 0.42929759704251386 0.09746738296239447 0.06561922365988909
0 0.7900997697620875 0.9108133086876156 0.023791250959324634 0.030499075785582256
0 0.6350729086722947 0.41451016635859517 0.11128165771297006 0.03974121996303142
0 0.6757482732156561 0.34611829944547134 0.0498848810437452 0.034195933456561925
0 0.2083653108211819 0.805452865064695 0.036070606293169605 0.05268022181146026
0 0.44896392939370683 0.7643253234750462 0.056792018419033 0.05730129390018484
0 0.1273983115886416 0.7245841035120147 0.04758250191864927 0.08687615526802218
0 0.3702993092862625 0.7458410351201479 0.016116653875671526 0.018484288354898334
0 0.5103607060629317 0.4228280961182994 0.04604758250191865 0.041589648798521256
0 0.6588641596316194 0.8248613678373382 0.02072141212586339 0.02865064695009242
0 0.5437452033768227 0.4879852125693161 0.08672294704528012 0.09057301293900184
0 0.5303146584804298 0.566543438077634 0.07674597083653108 0.05730129390018484
0 0.7287029930928626 0.8914048059149723 0.031465848042977744 0.036044362292051754
0 0.42900997697620874 0.5743992606284658 0.13967766692248657 0.2097966728280961
0 0.5721412125863392 0.19731977818853974 0.017651573292402148 0.041589648798521256
0 0.03376822716807368 0.5540665434380776 0.03376822716807368 0.04713493530499076
0 0.8146584804297774 0.6524953789279113 0.022256331542594012 0.033271719038817
0 0.5993860322333078 0.24399260628465805 0.021488871834228703 0.05730129390018484
0 0.25748273215656176 0.0355822550831793 0.13737528779739064 0.04343807763401109
0 0.4128933231005372 0.42375231053604434 0.00920951650038373 0.03974121996303142
0 0.4566385264773599 0.677449168207024 0.04144282425172678 0.06099815157116451
0 0.17498081350729086 0.3576709796672828 0.03223330775134305 0.027726432532347505
0 0.2866462010744436 0.10859519408502773 0.02072141212586339 0.041589648798521256
0 0.4102072141212586 0.6617375231053604 0.02532617037605526 0.053604436229205174
0 0.8722179585571758 0.8493530499075785 0.023791250959324634 0.024029574861367836
0 0.23637759017651572 0.9468576709796672 0.013814274750575594 0.010166358595194085
0 0.06945510360706063 0.9246765249537893 0.04528012279355334 0.03234750462107209
0 0.5226400613967767 0.9584103512014788 0.04604758250191865 0.024029574861367836
0 0.7448196469685341 0.8049907578558225 0.02686108979278588 0.05545286506469501
0 0.48580199539524177 0.26709796672828096 0.013814274750575594 0.04621072088724584
0 0.8215656178050652 0.8696857670979667 0.02532617037605526 0.03512014787430684
0 0.7352264006139677 0.9450092421441775 0.023023791250959325 0.06192236598890943
0 0.37490406753645433 0.062384473197781884 0.0713737528779739 0.08040665434380777
0 0.7570990023023791 0.3539741219963031 0.016116653875671526 0.02033271719038817
0 0.42900997697620874 0.3706099815157116 0.021488871834228703 0.04436229205175601
0 0.07290867229470453 0.655268022181146 0.023023791250959325 0.02033271719038817
0 0.14581734458940906 0.07347504621072089 0.01688411358403684 0.013863216266173753
0 0.051419800460475826 0.8525878003696857 0.09516500383729853 0.09519408502772643
0 0.306216423637759 0.9468576709796672 0.021488871834228703 0.019408502772643253
0 0.3430544896392939 0.4699630314232902 0.042977743668457406 0.024953789279112754
0 0.07981580966999233 0.02911275415896488 0.01688411358403684 0.02310536044362292
0 0.6427475057559479 0.48012939001848426 0.056024558710667687 0.08410351201478743
0 0.31696085955487335 0.12153419593345656 0.021488871834228703 0.030499075785582256
0 0.34804297774366844 0.8775415896487985 0.0283960092095165 0.034195933456561925
0 0.051419800460475826 0.6511090573012939 0.07674597083653108 0.0711645101663586
0 0.06753645433614736 0.883086876155268 0.019953952417498082 0.030499075785582256
0 0.32578664620107445 0.42606284658040666 0.02686108979278588 0.018484288354898334
0 0.48465080583269377 0.7245841035120147 0.03300076745970836 0.03696857670979667
0 0.07060629316960859 0.4108133086876155 0.09363008442056792 0.14695009242144177
0 0.6615502686108979 0.9759704251386322 0.015349194167306216 0.0073937153419593345
0 0.04029163468917882 0.7768022181146026 0.03453568687643899 0.02865064695009242
0 0.5798158096699924 0.9214417744916821 0.04834996162701458 0.04436229205175601
0 0.7924021488871834 0.4186691312384473 0.0498848810437452 0.04805914972273567
0 0.17843438219493477 0.8123844731977818 0.02072141212586339 0.031423290203327174
0 0.737145049884881 0.48012939001848426 0.02072141212586339 0.024953789279112754
0 0.9224865694551035 0.9912199630314232 0.023023791250959325 0.012014787430683918
0 0.11818879508825786 0.8068391866913124 0.015349194167306216 0.038817005545286505
0 0.16845740598618572 0.710720887245841 0.023791250959324634 0.059149722735674676
0 0.17191097467382963 0.4098890942698706 0.02762854950115119 0.024953789279112754
0 0.8503453568687643 0.777264325323475 0.03223330775134305 0.031423290203327174
0 0.5103607060629317 0.30268022181146026 0.024558710667689946 0.036044362292051754
0 0.9827321565617805 0.3512014787430684 0.006907137375287797 0.02033271719038817
0 0.12432847275518036 0.012014787430683918 0.023023791250959325 0.012939001848428836
0 0.90752110514198 0.8622920517560074 0.017651573292402148 0.02033271719038817
0 0.5410590943975441 0.9422365988909427 0.019953952417498082 0.03234750462107209
0 0.5675364543361473 0.8613678373382625 0.06523407521105141 0.053604436229205174
0 0.09478127398311588 0.08687615526802218 0.01918649270913277 0.024029574861367836
0 0.31465848042977745 0.8451940850277264 0.013814274750575594 0.02865064695009242
0 0.35111281657712967 0.5235674676524954 0.02532617037605526 0.030499075785582256
0 0.9174980813507291 0.3109981515711645 0.017651573292402148 0.019408502772643253
0 0.04029163468917882 0.5914972273567467 0.02532617037605526 0.04251386321626617
0 0.829623944742901 0.2888170055452865 0.026093630084420567 0.034195933456561925
