0 0.8227597145122918 0.44390243902439025 0.07057890563045202 0.06439024390243903
0 0.40166534496431405 0.22 0.05947660586835844 0.09073170731707317
0 0.4064234734337827 0.8668292682926829 0.040444091990483745 0.0575609756097561
0 0.04203013481363997 0.4819512195121951 0.07295796986518636 0.06634146341463415
0 0.7200634417129262 0.9546341463414634 0.034892942109436956 0.06926829268292684
0 0.9147501982553529 0.45658536585365855 0.035685963521015066 0.04682926829268293
0 0.7220459952418715 0.9029268292682927 0.03727200634417129 0.04
0 0.1352101506740682 0.9395121951219512 0.06582077716098335 0.0702439024390244
0 0.4980174464710547 0.2126829268292683 0.041237113402061855 0.06439024390243903
0 0.13045202220459953 0.5136585365853659 0.06582077716098335 0.04975609756097561
0 0.46510705789056306 0.15658536585365854 0.04361617763679619 0.04975609756097561
0 0.7359238699444886 0.42878048780487804 0.03806502775574941 0.04975609756097561
0 0.9135606661379857 0.1278048780487805 0.02696272799365583 0.04682926829268293
0 0.43180015860428234 0.3307317073170732 0.05154639175257732 0.033170731707317075
0 0.9599524187153053 0.19121951219512195 0.04203013481363997 0.06439024390243903
0 0.7656621728786678 0.5087804878048781 0.030927835051546393 0.03609756097560975
0 0.37073750991276766 0.43414634146341463 0.04361617763679619 0.04682926829268293
0 0.5650277557494052 0.8053658536585366 0.029341792228390166 0.03804878048780488
0 0.4666931007137193 0.46390243902439027 0.02775574940523394 0.041951219512195125
0 0.56304520222046 0.7190243902439024 0.034892942109436956 0.06829268292682927
0 0.7791435368754956 0.29317073170731706 0.02775574940523394 0.03219512195121951
0 0.4619349722442506 0.8521951219512195 0.04361617763679619 0.08682926829268292
0 0.9659000793021412 0.5478048780487805 0.02696272799365583 0.04
0 0.7720063441712927 0.36 0.035685963521015066 0.03902439024390244
0 0.9670896114195083 0.48829268292682926 0.06423473433782712 0.04780487804878049
0 0.4064234734337827 0.7463414634146341 0.040444091990483745 0.03121951219512195
0 0.5233941316415543 0.06487804878048781 0.023790642347343377 0.05951219512195122
0 0.12490087232355274 0.41365853658536583 0.019825535289452814 0.025365853658536587
0 0.9583663758921491 0.304390243902439 0.026169706582077717 0.04292682926829268
0 0.35289452815226013 0.23658536585365852 0.03965107057890563 0.026341463414634145
0 0.6451229183187946 0.906829268292683 0.03885804916732752 0.05365853658536585
0 0.5134813639968279 0.8648780487804878 0.03409992069785884 0.05170731707317073
0 0.49246629659000796 0.3673170731707317 0.08564631245043616 0.05951219512195122
0 0.6435368754956384 0.5590243902439025 0.05313243457573354 0.05658536585365854
0 0.3643933386201427 0.7024390243902439 0.046788263283108644 0.04097560975609756
0 0.17644726407613007 0.5614634146341464 0.01823949246629659 0.0224390243902439
0 0.34773988897700236 0.7541463414634146 0.035685963521015066 0.025365853658536587
0 0.5555114988104679 0.2448780487804878 0.029341792228390166 0.0624390243902439
0 0.894131641554322 0.7404878048780488 0.09912767644726407 0.09560975609756098
0 0.0979381443298969 0.09853658536585366 0.01823949246629659 0.04097560975609756
0 0.7636796193497224 0.975609756097561 0.023790642347343377 0.04097560975609756
0 0.9091990483743061 0.5204878048780488 0.030927835051546393 0.03609756097560975
0 0.8291038858049168 0.5214634146341464 0.08485329103885805 0.08487804878048781
0 0.9837430610626486 0.09902439024390244 0.030927835051546393 0.05170731707317073
0 0.09119746233148295 0.5331707317073171 0.020618556701030927 0.0224390243902439
0 0.6835844567803331 0.36585365853658536 0.03013481363996828 0.023414634146341463
0 0.6161776367961935 0.8463414634146341 0.023790642347343377 0.03024390243902439
0 0.4139571768437748 0.08048780487804878 0.03013481363996828 0.03219512195121951
0 0.12767644726407612 0.6107317073170732 0.020618556701030927 0.027317073170731707
0 0.4821570182394925 0.9336585365853659 0.041237113402061855 0.033170731707317075
0 0.8905630452022205 0.2624390243902439 0.03806502775574941 0.05658536585365854
0 0.7220459952418715 0.35560975609756096 0.02458366375892149 0.03024390243902439
0 0.4492466296590008 0.9702439024390244 0.03251387787470262 0.0224390243902439
0 0.5384615384615384 0.11414634146341464 0.063441712926249 0.0975609756097561
0 0.5812846946867566 0.5317073170731708 0.0317208564631245 0.06048780487804878
0 0.9591593973037272 0.7585365853658537 0.026169706582077717 0.03219512195121951
0 0.9516256938937351 0.1151219512195122 0.023790642347343377 0.033170731707317075
0 0.37509912767644726 0.9775609756097561 0.06978588421887391 0.0448780487804878
0 0.6467089611419509 0.7902439024390244 0.02458366375892149 0.04292682926829268
0 0.8132434575733545 0.38878048780487806 0.026169706582077717 0.04
0 0.14314036478984932 0.968780487804878 0.0499603489294211 0.0624390243902439
0 0.041237113402061855 0.35073170731707315 0.04440919904837431 0.08878048780487804
0 0.9635210150674068 0.44146341463414634 0.01586042823156225 0.02048780487804878
0 0.30452022204599527 0.9229268292682927 0.03647898493259318 0.04878048780487805
0 0.5400475812846947 0.18829268292682927 0.020618556701030927 0.050731707317073174
0 0.5321173671689136 0.6473170731707317 0.10943695479777954 0.1473170731707317
0 0.8596352101506741 0.31073170731707317 0.07137192704203013 0.06926829268292684
0 0.5697858842188739 0.3360975609756098 0.03409992069785884 0.05951219512195122
0 0.15543219666931007 0.5463414634146342 0.01586042823156225 0.027317073170731707
0 0.11102299762093576 0.3429268292682927 0.03647898493259318 0.026341463414634145
0 0.8667724028548771 0.09121951219512195 0.022204599524187154 0.04
0 0.36915146708961144 0.6526829268292683 0.026169706582077717 0.04682926829268293
0 0.7010309278350515 0.2604878048780488 0.014274385408406027 0.025365853658536587
0 0.16375892149088025 0.026829268292682926 0.02141157811260904 0.03804878048780488
0 0.9203013481363996 0.348780487804878 0.02775574940523394 0.02829268292682927
0 0.979381443298969 0.40780487804878046 0.03965107057890563 0.06048780487804878
0 0.19706582077716098 0.9551219512195122 0.030927835051546393 0.03121951219512195
0 0.36518636003172084 0.8248780487804878 0.06423473433782712 0.04975609756097561
0 0.8263283108643933 0.5692682926829268 0.020618556701030927 0.02829268292682927
0 0.03806502775574941 0.4321951219512195 0.07613005551149882 0.054634146341463415
0 0.5305313243457573 0.2897560975609756 0.028548770816812053 0.037073170731707315
0 0.7906423473433782 0.24 0.023790642347343377 0.023414634146341463
0 0.40444091990483744 0.9243902439024391 0.041237113402061855 0.0575609756097561
0 0.36082474226804123 0.3409756097560976 0.03013481363996828 0.03414634146341464
0 0.9357652656621729 0.6624390243902439 0.025376685170499604 0.025365853658536587
0 0.40087232355273594 0.13902439024390245 0.022997620935765267 0.03414634146341464
0 0.08207771609833465 0.6341463414634146 0.02458366375892149 0.04878048780487805
0 0.6090404440919905 0.32926829268292684 0.04440919904837431 0.09658536585365854
0 0.18636003172085647 0.07951219512195122 0.03013481363996828 0.02829268292682927
0 0.7141157811260904 0.8546341463414634 0.04203013481363997 0.04097560975609756
0 0.570578905630452 0.9185365853658537 0.1134020618556701 0.09463414634146342
0 0.04520222045995242 0.5531707317073171 0.03647898493259318 0.0351219512195122
0 0.18041237113402062 0.988780487804878 0.03727200634417129 0.0224390243902439
0 0.14036478984932593 0.44926829268292684 0.10150674068199841 0.07121951219512195
0 0.8211736716891356 0.9180487804878049 0.02458366375892149 0.033170731707317075
0 0.6371927042030134 0.4004878048780488 0.11657414750198256 0.041951219512195125
0 0.675654242664552 0.3253658536585366 0.052339413164155434 0.03609756097560975
0 0.21094369547977795 0.8458536585365853 0.03806502775574941 0.05658536585365854
0 0.4591593973037272 0.7858536585365854 0.05868358445678033 0.06146341463414634
0 0.12291831879460745 0.7653658536585366 0.05075337034099921 0.09268292682926829
0 0.3766851704996035 0.7717073170731708 0.017446471054718478 0.01951219512195122
0 0.507137192704203 0.41853658536585364 0.04837430610626487 0.0448780487804878
0 0.6808088818398097 0.8356097560975609 0.02141157811260904 0.03024390243902439
0 0.5452022204599524 0.4848780487804878 0.08961141950832673 0.09560975609756098
0 0.5344964314036479 0.5697560975609756 0.07930214115781126 0.0624390243902439
0 0.7565424266455194 0.9009756097560976 0.03330689928628073 0.03804878048780488
0 0.42942109436954795 0.5853658536585366 0.14670896114195084 0.22439024390243903
0 0.5610626486915147 0.17414634146341462 0.01823949246629659 0.04390243902439024
0 0.017446471054718478 0.5907317073170731 0.034892942109436956 0.04975609756097561
0 0.8350515463917526 0.6414634146341464 0.023790642347343377 0.03609756097560975
0 0.591593973037272 0.22195121951219512 0.022204599524187154 0.06146341463414634
0 0.2260111022997621 0.023902439024390244 0.14274385408406026 0.045853658536585365
0 0.40602696272799366 0.42585365853658536 0.009516256938937352 0.041951219512195125
0 0.46272799365582873 0.6926829268292682 0.04361617763679619 0.06439024390243903
0 0.15543219666931007 0.3721951219512195 0.03330689928628073 0.03024390243902439
0 0.2597145122918319 0.1 0.02141157811260904 0.04390243902439024
0 0.4139571768437748 0.6795121951219513 0.02696272799365583 0.0575609756097561
0 0.9040444091990484 0.8463414634146341 0.025376685170499604 0.026341463414634145
0 0.24662965900079303 0.9941463414634146 0.014274385408406027 0.011707317073170732
0 0.07176843774781919 0.9819512195121951 0.046788263283108644 0.03414634146341464
0 0.5452022204599524 0.9868292682926829 0.04837430610626487 0.026341463414634145
0 0.7688342585249802 0.8082926829268293 0.02775574940523394 0.05951219512195122
0 0.4742268041237113 0.2546341463414634 0.014274385408406027 0.04878048780487805
0 0.852101506740682 0.8717073170731707 0.026169706582077717 0.03804878048780488
0 0.7656621728786678 0.9580487804878048 0.02458366375892149 0.06634146341463415
0 0.34972244250594764 0.04390243902439024 0.07454401268834258 0.08585365853658536
0 0.760904044409199 0.3278048780487805 0.016653449643140365 0.02146341463414634
0 0.4203013481363997 0.36829268292682926 0.022204599524187154 0.04780487804878049
0 0.0626486915146709 0.6951219512195121 0.023790642347343377 0.0224390243902439
0 0.11141950832672483 0.07170731707317073 0.01823949246629659 0.014634146341463414
0 0.049563838223632035 0.9073170731707317 0.09912767644726407 0.10146341463414635
0 0.3191911181601903 0.9892682926829268 0.022997620935765267 0.02146341463414634
0 0.33505154639175255 0.4795121951219512 0.04520222045995242 0.026341463414634145
0 0.040444091990483745 0.029268292682926828 0.017446471054718478 0.025365853658536587
0 0.647501982553529 0.4697560975609756 0.05947660586835844 0.08878048780487804
0 0.29183187946074546 0.11073170731707317 0.022204599524187154 0.03219512195121951
0 0.359238699444885 0.9126829268292683 0.03013481363996828 0.03609756097560975
0 0.040444091990483745 0.6926829268292682 0.08088818398096749 0.07609756097560975
0 0.06819984139571768 0.9385365853658536 0.020618556701030927 0.033170731707317075
0 0.31522601110229975 0.43414634146341463 0.02775574940523394 0.01951219512195122
0 0.4948453608247423 0.7404878048780488 0.034892942109436956 0.03902439024390244
0 0.048770816812053926 0.43609756097560975 0.09754163362410785 0.15609756097560976
0 0.6907216494845361 0.995609756097561 0.01586042823156225 0.00878048780487805
0 0.0344964314036479 0.8268292682926829 0.035685963521015066 0.03024390243902439
0 0.6030927835051546 0.9434146341463414 0.0499603489294211 0.04682926829268293
0 0.8005551149881047 0.39463414634146343 0.05154639175257732 0.05170731707317073
0 0.18001586042823156 0.855609756097561 0.022204599524187154 0.033170731707317075
0 0.7458366375892149 0.4634146341463415 0.02141157811260904 0.027317073170731707
0 0.9631245043616178 0.9936585365853658 0.02458366375892149 0.012682926829268294
0 0.11657414750198256 0.8536585365853658 0.01586042823156225 0.04097560975609756
0 0.16534496431403647 0.7482926829268293 0.02458366375892149 0.0624390243902439
0 0.1542426645519429 0.4278048780487805 0.029341792228390166 0.026341463414634145
0 0.8774781919111816 0.771219512195122 0.03409992069785884 0.03414634146341464
0 0.5015860428231562 0.29024390243902437 0.02458366375892149 0.03804878048780488
0 0.9952418715305313 0.3097560975609756 0.007930214115781126 0.0224390243902439
0 0.08604282315622522 0.007804878048780488 0.02458366375892149 0.013658536585365854
0 0.9409199048374306 0.8585365853658536 0.01823949246629659 0.02146341463414634
0 0.563441712926249 0.9678048780487805 0.02141157811260904 0.0351219512195122
0 0.5872323552735924 0.8804878048780488 0.06740681998413957 0.0575609756097561
0 0.05908009516256939 0.0897560975609756 0.019825535289452814 0.025365853658536587
0 0.32355273592386996 0.8804878048780488 0.014274385408406027 0.03024390243902439
0 0.34615384615384615 0.5365853658536586 0.026169706582077717 0.033170731707317075
0 0.9258524980174465 0.2707317073170732 0.01823949246629659 0.02048780487804878
0 0.02577319587628866 0.6302439024390244 0.026169706582077717 0.0448780487804878
0 0.8330689928628073 0.25414634146341464 0.02775574940523394 0.03609756097560975
