0 0.8197056418642682 0.44794794794794796 0.06950122649223221 0.06306306306306306
0 0.40515126737530666 0.2222222222222222 0.0580539656582175 0.09009009009009009
0 0.4039247751430908 0.8598598598598598 0.04088307440719542 0.056056056056056056
0 0.04660670482420278 0.474974974974975 0.07195421095666395 0.06506506506506507
0 0.7130008176614882 0.9504504504504504 0.03434178250204416 0.06906906906906907
0 0.9104660670482421 0.4624624624624625 0.03515944399018806 0.04604604604604605
0 0.7158626328699919 0.8988988988988988 0.03679476696647588 0.04004004004004004
0 0.13450531479967295 0.9274274274274275 0.06459525756336877 0.06906906906906907
0 0.5004088307440719 0.21621621621621623 0.04088307440719542 0.06406406406406406
0 0.13368765331152904 0.5075075075075075 0.06623058053965658 0.050050050050050046
0 0.4681112019623876 0.16066066066066065 0.04333605887162715 0.04904904904904905
0 0.7342600163532298 0.43243243243243246 0.03761242845461979 0.04804804804804805
0 0.9129190515126738 0.13863863863863865 0.02698282910874898 0.04704704704704705
0 0.4337694194603434 0.33183183183183185 0.05151267375306623 0.03303303303303303
0 0.9582992641046607 0.2017017017017017 0.04251839738348324 0.06306306306306306
0 0.7628781684382666 0.5115115115115115 0.031071136549468522 0.036036036036036036
0 0.3724448078495503 0.43293293293293295 0.04333605887162715 0.04504504504504504
0 0.5617334423548651 0.8013013013013013 0.029435813573180702 0.03903903903903904
0 0.46729354047424365 0.46346346346346345 0.028618152085036794 0.04204204204204204
0 0.5600981193785773 0.7162162162162162 0.03434178250204416 0.06706706706706707
0 0.777596075224857 0.29929929929929927 0.027800490596892886 0.03203203203203203
0 0.45870809484873265 0.8463463463463463 0.044153720359771054 0.08508508508508508
0 0.9603434178250205 0.5530530530530531 0.02698282910874898 0.03903903903903904
0 0.7702371218315618 0.36536536536536535 0.03434178250204416 0.03803803803803804
0 0.9623875715453802 0.4944944944944945 0.06377759607522486 0.04804804804804805
0 0.40474243663123466 0.7407407407407407 0.039247751430907606 0.03003003003003003
0 0.526573998364677 0.07057057057057058 0.02289452166802944 0.05905905905905906
0 0.12919051512673754 0.4089089089089089 0.019623875715453803 0.025025025025025023
0 0.955437448896157 0.3128128128128128 0.025347506132461162 0.043043043043043044
0 0.3565004088307441 0.23723723723723725 0.039247751430907606 0.026026026026026026
0 0.6390024529844645 0.9019019019019019 0.038430089942763694 0.05205205205205205
0 0.5098119378577269 0.8593593593593594 0.033524121013900246 0.05105105105105105
0 0.4938675388389207 0.3683683683683684 0.08503679476696648 0.058058058058058054
0 0.6410466067048243 0.5595595595595596 0.05233033524121014 0.056056056056056056
0 0.3634505314799673 0.6966966966966966 0.04660670482420278 0.04004004004004004
0 0.17906786590351595 0.555055055055055 0.017988552739165987 0.023023023023023025
0 0.34709730171708914 0.7477477477477478 0.03515944399018806 0.026026026026026026
0 0.5572363041700736 0.24924924924924924 0.028618152085036794 0.062062062062062065
0 0.8879803761242846 0.7417417417417418 0.09811937857726902 0.0940940940940941
0 0.1054783319705642 0.0980980980980981 0.017988552739165987 0.04004004004004004
0 0.7559280457890434 0.970970970970971 0.023712183156173346 0.04004004004004004
0 0.9047424366312347 0.5255255255255256 0.030253475061324614 0.036036036036036036
0 0.8254292722812756 0.525025025025025 0.08421913327882256 0.08308308308308308
0 0.982829108748978 0.11061061061061062 0.031071136549468522 0.05105105105105105
0 0.09484873262469339 0.526026026026026 0.019623875715453803 0.02102102102102102
0 0.6831561733442355 0.36986986986986986 0.030253475061324614 0.023023023023023025
0 0.6112019623875715 0.8423423423423423 0.023712183156173346 0.031031031031031032
0 0.4182338511856092 0.08408408408408408 0.030253475061324614 0.03203203203203203
0 0.13000817661488145 0.6031031031031031 0.02125919869174162 0.02702702702702703
0 0.4779231398201145 0.9269269269269269 0.04006541291905152 0.03203203203203203
0 0.8883892068683565 0.2707707707707708 0.038430089942763694 0.055055055055055056
0 0.7207686017988553 0.36036036036036034 0.025347506132461162 0.03003003003003003
0 0.4452166802943581 0.9619619619619619 0.03188879803761243 0.022022022022022022
0 0.5417007358953394 0.11911911911911911 0.06295993458708095 0.0960960960960961
0 0.5797219950940311 0.5315315315315315 0.031071136549468522 0.06006006006006006
0 0.9521668029435814 0.7607607607607607 0.025347506132461162 0.03203203203203203
0 0.9505314799672936 0.12662662662662663 0.023712183156173346 0.03303303303303303
0 0.37162714636140637 0.9679679679679679 0.06950122649223221 0.044044044044044044
0 0.642681929681112 0.7872872872872873 0.024529844644317254 0.043043043043043044
0 0.8111201962387572 0.3938938938938939 0.02616516762060507 0.03903903903903904
0 0.14227309893704007 0.9564564564564565 0.04905968928863451 0.06106106106106106
0 0.04701553556827474 0.3458458458458458 0.04333605887162715 0.08708708708708708
0 0.9591169255928046 0.44794794794794796 0.016353229762878167 0.02102102102102102
0 0.3021259198691742 0.9139139139139139 0.03679476696647588 0.04804804804804805
0 0.5425183973834833 0.19269269269269268 0.02044153720359771 0.04904904904904905
0 0.5302534750613246 0.6451451451451451 0.10874897792313983 0.14514514514514515
0 0.85772690106296 0.3178178178178178 0.07031888798037612 0.06706706706706707
0 0.570727718724448 0.33883883883883886 0.03434178250204416 0.05905905905905906
0 0.15821749795584628 0.54004004004004 0.015535568274734261 0.02702702702702703
0 0.116107931316435 0.33883883883883886 0.035977105478331974 0.025025025025025023
0 0.866721177432543 0.1016016016016016 0.02125919869174162 0.03903903903903904
0 0.3687653311529027 0.6476476476476476 0.02616516762060507 0.04604604604604605
0 0.7011447260834015 0.26626626626626626 0.013900245298446443 0.026026026026026026
0 0.17170891251022077 0.028528528528528527 0.02125919869174162 0.03903903903903904
0 0.9174161896974653 0.3563563563563564 0.027800490596892886 0.028028028028028028
0 0.9754701553556828 0.41541541541541543 0.039247751430907606 0.06006006006006006
0 0.19542109566639412 0.9434434434434434 0.031071136549468522 0.031031031031031032
0 0.36304170073589537 0.8173173173173173 0.06377759607522486 0.04904904904904905
0 0.8221586263287 0.5720720720720721 0.02044153720359771 0.02702702702702703
0 0.04251839738348324 0.42542542542542544 0.07522485690923958 0.05405405405405406
0 0.5322976287816844 0.2922922922922923 0.027800490596892886 0.036036036036036036
0 0.7902698282910875 0.24724724724724725 0.023712183156173346 0.024024024024024024
0 0.40106295993458707 0.9159159159159159 0.04170073589533933 0.056056056056056056
0 0.3634505314799673 0.34034034034034033 0.030253475061324614 0.03403403403403403
0 0.9296811120196239 0.6656656656656657 0.024529844644317254 0.024024024024024024
0 0.40474243663123466 0.14164164164164164 0.02289452166802944 0.03303303303303303
0 0.08462796402289452 0.6256256256256256 0.023712183156173346 0.04804804804804805
0 0.6095666394112838 0.33233233233233234 0.04333605887162715 0.0940940940940941
0 0.19337694194603436 0.08108108108108109 0.030253475061324614 0.028028028028028028
0 0.7080948487326247 0.8518518518518519 0.04088307440719542 0.04004004004004004
0 0.5658217497955846 0.9129129129129129 0.11283728536385937 0.0940940940940941
0 0.04865085854456255 0.5455455455455456 0.03679476696647588 0.03403403403403403
0 0.178659035159444 0.975975975975976 0.03679476696647588 0.022022022022022022
0 0.14431725265739984 0.4444444444444444 0.10057236304170074 0.07007007007007007
0 0.813573180703189 0.9154154154154154 0.024529844644317254 0.03303303303303303
0 0.6365494685200327 0.4039039039039039 0.11529026982829109 0.04104104104104104
0 0.6749795584627964 0.32932932932932935 0.05151267375306623 0.036036036036036036
0 0.21013900245298447 0.8358358358358359 0.03761242845461979 0.056056056056056056
0 0.4566639411283729 0.7807807807807807 0.0580539656582175 0.06006006006006006
0 0.12387571545380213 0.7557557557557557 0.04987735077677841 0.0920920920920921
0 0.374897792313982 0.7647647647647647 0.01717089125102208 0.02002002002002002
0 0.5077677841373671 0.4194194194194194 0.04742436631234669 0.044044044044044044
0 0.6757972199509403 0.8323323323323323 0.022076860179885527 0.029029029029029027
0 0.544562551103843 0.484984984984985 0.08994276369582993 0.09509509509509509
0 0.5335241210139002 0.5685685685685685 0.07931316434995912 0.06006006006006006
0 0.749795584627964 0.8978978978978979 0.032706459525756335 0.03803803803803804
0 0.42927228127555195 0.5820820820820821 0.14554374488961572 0.22122122122122123
0 0.5633687653311529 0.17917917917917917 0.017988552739165987 0.044044044044044044
0 0.02125919869174162 0.5820820820820821 0.03434178250204416 0.04904904904904905
0 0.8299264104660671 0.6431431431431431 0.02289452166802944 0.035035035035035036
0 0.5928045789043336 0.22672672672672672 0.02289452166802944 0.06106106106106106
0 0.2330335241210139 0.026526526526526525 0.14227309893704007 0.04504504504504504
0 0.4071954210956664 0.4249249249249249 0.009811937857726901 0.04104104104104104
0 0.46116107931316436 0.6886886886886887 0.04251839738348324 0.06406406406406406
0 0.15944399018806216 0.3683683683683684 0.032706459525756335 0.03003003003003003
0 0.2653311529026983 0.1016016016016016 0.022076860179885527 0.043043043043043044
0 0.4133278822567457 0.6746746746746747 0.02698282910874898 0.056056056056056056
0 0.8965658217497956 0.8468468468468469 0.025347506132461162 0.026026026026026026
0 0.24448078495502862 0.9824824824824825 0.014717906786590351 0.011011011011011011
0 0.07154538021259199 0.9679679679679679 0.04660670482420278 0.03403403403403403
0 0.5396565821749796 0.97997997997998 0.04742436631234669 0.026026026026026026
0 0.7632869991823386 0.8068068068068068 0.02698282910874898 0.058058058058058054
0 0.47669664758789865 0.25725725725725723 0.014717906786590351 0.04804804804804805
0 0.8446443172526574 0.8703703703703703 0.02616516762060507 0.037037037037037035
0 0.7583810302534751 0.9544544544544544 0.023712183156173346 0.06506506506506507
0 0.3552739165985282 0.047547547547547545 0.07440719542109567 0.08508508508508508
0 0.759607522485691 0.3333333333333333 0.016353229762878167 0.022022022022022022
0 0.4219133278822568 0.3688688688688689 0.02125919869174162 0.04704704704704705
0 0.06459525756336877 0.6856856856856857 0.024529844644317254 0.022022022022022022
0 0.11896974652493868 0.07207207207207207 0.01717089125102208 0.014014014014014014
0 0.04987735077677841 0.8938938938938938 0.09811937857726902 0.10010010010010009
0 0.31643499591169255 0.978978978978979 0.02289452166802944 0.02002002002002002
0 0.33687653311529026 0.47647647647647645 0.044153720359771054 0.026026026026026026
0 0.04905968928863451 0.029029029029029027 0.017988552739165987 0.024024024024024024
0 0.6463614063777596 0.47147147147147145 0.0580539656582175 0.08808808808808809
0 0.29721995094031073 0.11311311311311312 0.022076860179885527 0.03203203203203203
0 0.3565004088307441 0.9044044044044044 0.029435813573180702 0.035035035035035036
0 0.04251839738348324 0.6826826826826827 0.08013082583810303 0.07407407407407407
0 0.06827473426001636 0.9254254254254254 0.02044153720359771 0.03303303303303303
0 0.31766148814390843 0.4319319319319319 0.02698282910874898 0.01901901901901902
0 0.4922322158626329 0.7362362362362362 0.03434178250204416 0.03903903903903904
0 0.053556827473426 0.4299299299299299 0.0973017170891251 0.15315315315315314
0 0.6839738348323794 0.9904904904904904 0.015535568274734261 0.009009009009009009
0 0.03556827473426002 0.8148148148148148 0.03515944399018806 0.03003003003003003
0 0.5973017170891252 0.9379379379379379 0.04987735077677841 0.04604604604604605
0 0.7984464431725266 0.3998998998998999 0.05151267375306623 0.05105105105105105
0 0.1794766966475879 0.8453453453453453 0.022076860179885527 0.03303303303303303
0 0.7436631234668848 0.466966966966967 0.022076860179885527 0.02702702702702703
0 0.9533932951757973 0.9924924924924925 0.024529844644317254 0.013013013013013013
0 0.11733442354865087 0.8428428428428428 0.015535568274734261 0.04004004004004004
0 0.16598528209321342 0.7392392392392393 0.024529844644317254 0.06306306306306306
0 0.15821749795584628 0.42342342342342343 0.028618152085036794 0.026026026026026026
0 0.8712183156173344 0.7717717717717718 0.033524121013900246 0.03403403403403403
0 0.5032706459525756 0.2927927927927928 0.025347506132461162 0.037037037037037035
0 0.9922322158626329 0.3188188188188188 0.007358953393295176 0.02102102102102102
0 0.09484873262469339 0.008008008008008008 0.024529844644317254 0.014014014014014014
0 0.9329517579721995 0.8583583583583584 0.017988552739165987 0.02102102102102102
0 0.5584627964022895 0.9614614614614615 0.02125919869174162 0.035035035035035036
0 0.5829926410466068 0.8753753753753754 0.06704824202780049 0.057057057057057055
0 0.06704824202780049 0.08858858858858859 0.019623875715453803 0.025025025025025023
0 0.321340964840556 0.8718718718718719 0.014717906786590351 0.03003003003003003
0 0.3466884709730172 0.5335335335335335 0.02616516762060507 0.03203203203203203
0 0.9235486508585445 0.2797797797797798 0.018806214227309895 0.02102102102102102
0 0.02902698282910875 0.6211211211211212 0.025347506132461162 0.04504504504504504
0 0.8319705641864269 0.26126126126126126 0.02698282910874898 0.036036036036036036
