0 0.17868589743589744 0.44007858546168954 0.07051282051282051 0.06286836935166994
0 0.5989583333333333 0.22298624754420432 0.058493589743589744 0.09037328094302553
0 0.5893429487179487 0.8639489194499017 0.040865384615384616 0.05599214145383104
0 0.9547275641025641 0.48575638506876223 0.07291666666666666 0.06581532416502947
0 0.27684294871794873 0.9479371316306483 0.0344551282051282 0.06876227897838899
0 0.08733974358974358 0.4518664047151277 0.035256410256410256 0.04715127701375245
0 0.2756410256410256 0.8958742632612966 0.03685897435897436 0.03929273084479371
0 0.858573717948718 0.9390962671905697 0.06490384615384615 0.06876227897838899
0 0.5032051282051282 0.21414538310412573 0.041666666666666664 0.06483300589390963
0 0.8661858974358974 0.5166994106090373 0.06570512820512821 0.04911591355599214
0 0.5364583333333333 0.15962671905697445 0.04407051282051282 0.05009823182711198
0 0.26482371794871795 0.42583497053045183 0.03766025641025641 0.048133595284872294
0 0.09054487179487179 0.1262278978388998 0.027243589743589744 0.04616895874263261
0 0.5681089743589743 0.3325147347740668 0.05128205128205128 0.03241650294695481
0 0.04366987179487179 0.18811394891944988 0.04246794871794872 0.06385068762278978
0 0.23477564102564102 0.5054027504911591 0.030448717948717948 0.036345776031434185
0 0.6282051282051282 0.43565815324165025 0.04326923076923077 0.04616895874263261
0 0.43229166666666663 0.8010805500982318 0.029647435897435896 0.03831041257367387
0 0.532451923076923 0.46414538310412573 0.028044871794871792 0.04223968565815324
0 0.43469551282051283 0.7156188605108055 0.0344551282051282 0.06777996070726915
0 0.2235576923076923 0.2907662082514735 0.027243589743589744 0.03143418467583497
0 0.5344551282051282 0.849214145383104 0.04326923076923077 0.08546168958742632
0 0.03565705128205128 0.5417485265225933 0.026442307692307692 0.04027504911591355
0 0.22956730769230768 0.35805500982318267 0.0344551282051282 0.03831041257367387
0 0.0344551282051282 0.48280943025540274 0.0641025641025641 0.048133595284872294
0 0.5905448717948718 0.7441060903732809 0.04006410256410256 0.030451866404715127
0 0.4787660256410256 0.06777996070726915 0.023237179487179488 0.058939096267190565
0 0.8729967948717948 0.41748526522593316 0.02003205128205128 0.02554027504911591
0 0.04487179487179487 0.3005893909626719 0.02564102564102564 0.043222003929273084
0 0.6478365384615384 0.23919449901768172 0.03926282051282051 0.026522593320235755
0 0.3521634615384615 0.9007858546168959 0.03926282051282051 0.05304518664047151
0 0.4831730769230769 0.8605108055009822 0.03365384615384615 0.05108055009823182
0 0.5076121794871795 0.3673870333988212 0.08573717948717949 0.058939096267190565
0 0.3557692307692308 0.555992141453831 0.052884615384615384 0.05697445972495088
0 0.6326121794871795 0.7013752455795678 0.047275641025641024 0.03929273084479371
0 0.8205128205128205 0.5633595284872298 0.017628205128205128 0.022593320235756383
0 0.6482371794871795 0.7524557956777995 0.035256410256410256 0.02554027504911591
0 0.4455128205128205 0.24607072691552062 0.028846153846153844 0.06188605108055009
0 0.10536858974358974 0.7333005893909627 0.0985576923076923 0.09528487229862474
0 0.9018429487179487 0.10559921414538309 0.01842948717948718 0.04027504911591355
0 0.23397435897435898 0.9670923379174852 0.024038461538461536 0.04027504911591355
0 0.09174679487179487 0.5152259332023575 0.03125 0.036345776031434185
0 0.17147435897435898 0.5171905697445972 0.08493589743589744 0.08349705304518663
0 0.02123397435897436 0.09626719056974459 0.03125 0.05108055009823182
0 0.9050480769230769 0.5363457760314342 0.02003205128205128 0.021611001964636542
0 0.3173076923076923 0.36394891944990176 0.030448717948717948 0.022593320235756383
0 0.3814102564102564 0.8413555992141454 0.024038461538461536 0.030451866404715127
0 0.5873397435897436 0.08398821218074655 0.030448717948717948 0.03241650294695481
0 0.8685897435897436 0.6129666011787819 0.020833333333333332 0.027504911591355596
0 0.5140224358974359 0.9292730844793713 0.040865384615384616 0.03143418467583497
0 0.11258012820512821 0.2598231827111984 0.03766025641025641 0.05599214145383104
0 0.2792467948717949 0.3536345776031434 0.024839743589743588 0.03143418467583497
0 0.546073717948718 0.9656188605108055 0.032852564102564104 0.021611001964636542
0 0.46354166666666663 0.11591355599214144 0.06330128205128205 0.09626719056974459
0 0.4178685897435897 0.5299607072691551 0.03125 0.05992141453831041
0 0.040865384615384616 0.7504911591355599 0.02564102564102564 0.03143418467583497
0 0.052884615384615384 0.11296660117878192 0.024038461538461536 0.03339882121807465
0 0.6197916666666666 0.9739685658153241 0.06971153846153846 0.04420432220039292
0 0.35096153846153844 0.7853634577603142 0.024038461538461536 0.04223968565815324
0 0.18870192307692307 0.38555992141453826 0.026442307692307692 0.04027504911591355
0 0.8501602564102564 0.9675834970530451 0.049679487179487176 0.060903732809430254
0 0.9563301282051282 0.356090373280943 0.04407051282051282 0.087426326129666
0 0.038461538461538464 0.43614931237721016 0.016025641025641024 0.021611001964636542
0 0.6903044871794871 0.9209233791748526 0.036057692307692304 0.048133595284872294
0 0.4615384615384615 0.19007858546168957 0.020833333333333332 0.05009823182711198
0 0.46594551282051283 0.6448919449901768 0.10817307692307691 0.14636542239685657
0 0.14262820512820512 0.3079567779960707 0.07051282051282051 0.06777996070726915
0 0.43068910256410253 0.33644400785854617 0.0344551282051282 0.05992141453831041
0 0.8413461538461539 0.5491159135559921 0.016025641025641024 0.027504911591355596
0 0.8866185897435898 0.34774066797642433 0.036057692307692304 0.02554027504911591
0 0.13741987179487178 0.09037328094302553 0.021634615384615384 0.03929273084479371
0 0.6286057692307692 0.6517681728880157 0.026442307692307692 0.04616895874263261
0 0.3004807692307692 0.2598231827111984 0.014423076923076922 0.02455795677799607
0 0.8365384615384616 0.03388998035363457 0.020833333333333332 0.03831041257367387
0 0.08213141025641026 0.3447937131630648 0.028044871794871792 0.027504911591355596
0 0.02283653846153846 0.40324165029469544 0.03926282051282051 0.05992141453831041
0 0.796875 0.9533398821218074 0.03125 0.030451866404715127
0 0.6310096153846153 0.8226915520628683 0.06330128205128205 0.05009823182711198
0 0.17387820512820512 0.5643418467583496 0.020833333333333332 0.02848722986247544
0 0.9591346153846153 0.4366404715127701 0.07532051282051282 0.054027504911591355
0 0.4699519230769231 0.2902750491159135 0.028044871794871792 0.036345776031434185
0 0.21193910256410256 0.23870333988212178 0.023237179487179488 0.023575638506876224
0 0.5909455128205128 0.9209233791748526 0.040865384615384616 0.05599214145383104
0 0.6382211538461539 0.3428290766208251 0.029647435897435896 0.03339882121807465
0 0.06450320512820512 0.655697445972495 0.024839743589743588 0.02455795677799607
0 0.6005608974358975 0.1424361493123772 0.023237179487179488 0.03339882121807465
0 0.9138621794871794 0.637033398821218 0.024839743589743588 0.048133595284872294
0 0.3918269230769231 0.3285854616895874 0.04326923076923077 0.09528487229862474
0 0.8141025641025641 0.08595284872298624 0.030448717948717948 0.02848722986247544
0 0.28365384615384615 0.8482318271119842 0.041666666666666664 0.04027504911591355
0 0.42588141025641024 0.9130648330058938 0.11298076923076923 0.09528487229862474
0 0.9511217948717948 0.5574656188605107 0.03685897435897436 0.034381139489194495
0 0.813301282051282 0.986738703339882 0.03685897435897436 0.022593320235756383
0 0.8569711538461539 0.4528487229862475 0.1001602564102564 0.07072691552062868
0 0.1766826923076923 0.9096267190569743 0.024839743589743588 0.03339882121807465
0 0.36378205128205127 0.399803536345776 0.11538461538461538 0.041257367387033395
0 0.32572115384615385 0.3241650294695481 0.05208333333333333 0.03536345776031434
0 0.7840544871794871 0.8452848722986247 0.03766025641025641 0.05599214145383104
0 0.5372596153846154 0.7829076620825147 0.058493589743589744 0.060903732809430254
0 0.8721955128205128 0.7662082514734774 0.05048076923076923 0.09233791748526522
0 0.6197916666666666 0.7696463654223968 0.016826923076923076 0.020628683693516697
0 0.49198717948717946 0.41797642436149307 0.04807692307692307 0.04420432220039292
0 0.31690705128205127 0.8295677799607072 0.021634615384615384 0.030451866404715127
0 0.4543269230769231 0.48379174852652257 0.08974358974358974 0.09528487229862474
0 0.46394230769230765 0.5677799607072691 0.07852564102564102 0.060903732809430254
0 0.24158653846153846 0.893418467583497 0.032852564102564104 0.03831041257367387
0 0.5685096153846154 0.5839882121807465 0.14503205128205127 0.22298624754420432
0 0.44030448717948717 0.17534381139489194 0.01842948717948718 0.04420432220039292
0 0.9783653846153846 0.5947937131630648 0.035256410256410256 0.05009823182711198
0 0.16466346153846154 0.6355599214145383 0.023237179487179488 0.03536345776031434
0 0.41025641025641024 0.22249508840864438 0.022435897435897436 0.06188605108055009
0 0.7748397435897436 0.030451866404715127 0.14262820512820512 0.045186640471512766
0 0.5933493589743589 0.42681728880157166 0.010416666666666666 0.04223968565815324
0 0.5344551282051282 0.6900785854616895 0.04326923076923077 0.06385068762278978
0 0.8425480769230769 0.37622789783889976 0.032852564102564104 0.029469548133595282
0 0.7407852564102564 0.10510805500982318 0.021634615384615384 0.043222003929273084
0 0.5833333333333333 0.6777996070726915 0.027243589743589744 0.05697445972495088
0 0.09495192307692307 0.8384086444007858 0.024839743589743588 0.026522593320235755
0 0.7475961538461539 0.9916502946954813 0.014423076923076922 0.010805500982318271
0 0.9214743589743589 0.9818271119842829 0.046474358974358976 0.034381139489194495
0 0.45072115384615385 0.9813359528487229 0.047275641025641024 0.02554027504911591
0 0.22916666666666666 0.8015717092337917 0.027243589743589744 0.058939096267190565
0 0.5264423076923077 0.25638506876227896 0.014423076923076922 0.04911591355599214
0 0.14623397435897437 0.8634577603143417 0.026442307692307692 0.03732809430255402
0 0.2315705128205128 0.9503929273084478 0.024038461538461536 0.06581532416502947
0 0.6518429487179487 0.048624754420432216 0.07451923076923077 0.08546168958742632
0 0.24118589743589744 0.3261296660117878 0.016025641025641024 0.021611001964636542
0 0.5797275641025641 0.3693516699410609 0.021634615384615384 0.04715127701375245
0 0.9326923076923077 0.6974459724950883 0.024038461538461536 0.021611001964636542
0 0.8886217948717948 0.07907662082514734 0.017628205128205128 0.014734774066797641
0 0.9443108974358974 0.9076620825147347 0.0985576923076923 0.10019646365422397
0 0.6754807692307692 0.9857563850687622 0.022435897435897436 0.020628683693516697
0 0.6626602564102564 0.480844793713163 0.04487179487179487 0.026522593320235755
0 0.9599358974358974 0.037819253438113945 0.017628205128205128 0.02455795677799607
0 0.35256410256410253 0.46758349705304514 0.05929487179487179 0.08840864440078584
0 0.7091346153846153 0.11591355599214144 0.022435897435897436 0.03143418467583497
0 0.6358173076923077 0.9096267190569743 0.029647435897435896 0.03536345776031434
0 0.9551282051282051 0.6954813359528487 0.08012820512820512 0.07465618860510805
0 0.9254807692307692 0.9381139489194499 0.020833333333333332 0.03339882121807465
0 0.6830929487179487 0.43614931237721016 0.028044871794871792 0.019646365422396856
0 0.5028044871794871 0.737721021611002 0.0344551282051282 0.03929273084479371
0 0.9483173076923077 0.44056974459724946 0.09695512820512821 0.1542239685658153
0 0.30608974358974356 0.9887033398821218 0.016025641025641024 0.008840864440078585
0 0.9599358974358974 0.8280943025540275 0.035256410256410256 0.029469548133595282
0 0.39342948717948717 0.9376227897838899 0.049679487179487176 0.04616895874263261
0 0.20112179487179485 0.39096267190569745 0.05128205128205128 0.05108055009823182
0 0.8149038461538461 0.8551080550098231 0.022435897435897436 0.03241650294695481
0 0.2548076923076923 0.46021611001964635 0.022435897435897436 0.026522593320235755
0 0.035256410256410256 0.9837917485265225 0.024038461538461536 0.012770137524557955
0 0.8774038461538461 0.8541257367387033 0.016025641025641024 0.04027504911591355
0 0.8305288461538461 0.7485265225933202 0.024839743589743588 0.06286836935166994
0 0.8433493589743589 0.43172888015717087 0.028044871794871792 0.026522593320235755
0 0.12179487179487179 0.7642436149312377 0.03365384615384615 0.03339882121807465
0 0.4987980769230769 0.2917485265225933 0.024839743589743588 0.03732809430255402
0 0.007612179487179487 0.3055009823182711 0.007211538461538461 0.021611001964636542
0 0.9142628205128205 0.015717092337917484 0.024038461538461536 0.013752455795677798
0 0.05809294871794871 0.849705304518664 0.01842948717948718 0.021611001964636542
0 0.43269230769230765 0.962180746561886 0.020833333333333332 0.034381139489194495
0 0.4094551282051282 0.8752455795677799 0.0673076923076923 0.05697445972495088
0 0.9403044871794871 0.09724950884086443 0.02003205128205128 0.02554027504911591
0 0.671875 0.8781925343811394 0.015224358974358974 0.03143418467583497
0 0.6518429487179487 0.536836935166994 0.026442307692307692 0.03241650294695481
0 0.07732371794871795 0.2676817288801572 0.01842948717948718 0.020628683693516697
0 0.969551282051282 0.6335952848722985 0.02564102564102564 0.045186640471512766
0 0.16947115384615383 0.25196463654223966 0.028044871794871792 0.036345776031434185
