0 0.8145161290322581 0.5405405405405406 0.06835637480798772 0.06150978564771668
0 0.4112903225806452 0.7726001863932899 0.0576036866359447 0.08760484622553588
0 0.39823348694316435 0.15191053122087605 0.03917050691244239 0.05405405405405405
0 0.054531490015360985 0.5363466915191053 0.0706605222734255 0.06430568499534016
0 0.7004608294930875 0.054520037278657965 0.03379416282642089 0.06616961789375582
0 0.9032258064516129 0.5242311276794035 0.03533026113671275 0.045666356011183594
0 0.7039170506912442 0.1048462255358807 0.03609831029185868 0.03821062441752097
0 0.13210445468509985 0.09319664492078285 0.0629800307219662 0.06710158434296365
0 0.5049923195084486 0.7758620689655172 0.040706605222734255 0.062441752096924506
0 0.13978494623655913 0.5018639328984157 0.06451612903225806 0.047530288909599254
0 0.47427035330261136 0.8303821062441752 0.042242703533026116 0.048462255358807084
0 0.7304147465437788 0.5587138863000932 0.03686635944700461 0.047530288909599254
0 0.9112903225806451 0.8397017707362535 0.026881720430107527 0.04473438956197577
0 0.4377880184331797 0.6644920782851818 0.05069124423963134 0.03168685927306617
0 0.9546850998463902 0.7772600186393289 0.041474654377880185 0.06150978564771668
0 0.7572964669738863 0.4804287045666356 0.029185867895545316 0.034482758620689655
0 0.37519201228878646 0.5680335507921714 0.042242703533026116 0.04380242311276794
0 0.554147465437788 0.20410065237651445 0.028417818740399385 0.03727865796831314
0 0.46774193548387094 0.5358807082945014 0.027649769585253454 0.04100652376514445
0 0.554531490015361 0.2870456663560112 0.03379416282642089 0.06523765144454799
0 0.7761136712749616 0.6868592730661696 0.026881720430107527 0.02982292637465051
0 0.4523809523809524 0.1635601118359739 0.043010752688172046 0.08294501397949673
0 0.9504608294930875 0.434762348555452 0.026881720430107527 0.03821062441752097
0 0.7672811059907834 0.6225535880708294 0.03379416282642089 0.03727865796831314
0 0.9535330261136713 0.49207828518173347 0.06221198156682028 0.046598322460391424
0 0.4013056835637481 0.26747437092264675 0.03917050691244239 0.02982292637465051
0 0.5337941628264209 0.9165890027958993 0.02304147465437788 0.05684995340167754
0 0.13632872503840246 0.5983224603914259 0.019201228878648235 0.024231127679403542
0 0.9500768049155146 0.6686859273066169 0.02457757296466974 0.04193849021435228
0 0.3632872503840246 0.7590866728797763 0.03840245775729647 0.02516309412861137
0 0.6286482334869432 0.10391425908667287 0.03763440860215054 0.05125815470643057
0 0.5023041474654378 0.14958061509785647 0.03225806451612903 0.04939422180801491
0 0.49539170506912444 0.6276794035414724 0.08294930875576037 0.05684995340167754
0 0.6370967741935484 0.43755824790307546 0.05145929339477726 0.05498602050326188
0 0.36136712749615973 0.3112767940354147 0.04531490015360983 0.0391425908667288
0 0.1827956989247312 0.45433364398881637 0.018433179723502304 0.021435228331780055
0 0.3444700460829493 0.2623485554520037 0.03456221198156682 0.02516309412861137
0 0.5602918586789555 0.7418452935694315 0.028417818740399385 0.05964585274930102
0 0.8755760368663594 0.2530288909599254 0.0967741935483871 0.09226467847157502
0 0.11943164362519201 0.9012115563839701 0.017665130568356373 0.0391425908667288
0 0.7419354838709677 0.033550792171481825 0.02304147465437788 0.0391425908667288
0 0.8966973886328725 0.4636533084808947 0.029953917050691243 0.034482758620689655
0 0.8187403993855606 0.46551724137931033 0.08294930875576037 0.08108108108108107
0 0.9804147465437788 0.8643988816402609 0.029953917050691243 0.04939422180801491
0 0.10061443932411675 0.4846225535880708 0.019969278033794162 0.020503261882572225
0 0.6812596006144394 0.6216216216216216 0.029185867895545316 0.022367194780987885
0 0.6021505376344086 0.16309412861137 0.02304147465437788 0.02982292637465051
0 0.42665130568356374 0.9058713886300093 0.029953917050691243 0.03168685927306617
0 0.13402457757296468 0.4091332712022367 0.020737327188940093 0.0260950605778192
0 0.4696620583717358 0.08480894687791239 0.03917050691244239 0.03168685927306617
0 0.8851766513056836 0.712022367194781 0.03763440860215054 0.05405405405405405
0 0.7188940092165899 0.6290773532152842 0.02457757296466974 0.02982292637465051
0 0.43663594470046085 0.05079217148182665 0.0314900153609831 0.021435228331780055
0 0.5472350230414746 0.8685927306616962 0.06221198156682028 0.09319664492078285
0 0.5771889400921659 0.4664492078285182 0.029953917050691243 0.05871388630009319
0 0.9385560675883257 0.2329916123019571 0.02457757296466974 0.02982292637465051
0 0.9489247311827957 0.8508853681267474 0.023809523809523808 0.03168685927306617
0 0.36443932411674346 0.047530288909599254 0.06835637480798772 0.04287045666356011
0 0.6340245775729647 0.21528424976700838 0.023809523809523808 0.04100652376514445
0 0.8064516129032258 0.5936626281453867 0.026113671274961597 0.0391425908667288
0 0.13940092165898618 0.06523765144454799 0.04838709677419355 0.05964585274930102
0 0.057219662058371736 0.6621621621621622 0.042242703533026116 0.08480894687791239
0 0.9512288786482335 0.5368126747437092 0.016129032258064516 0.020503261882572225
0 0.29723502304147464 0.10251630941286113 0.03533026113671275 0.046598322460391424
0 0.5464669738863287 0.7972972972972973 0.020737327188940093 0.047530288909599254
0 0.5264976958525346 0.3569431500465983 0.10675883256528418 0.14165890027958994
0 0.8540706605222734 0.6668219944082013 0.06912442396313365 0.06616961789375582
0 0.5714285714285714 0.6542404473438956 0.03379416282642089 0.05778191985088536
0 0.16282642089093702 0.46971109040074555 0.015360983102918587 0.0260950605778192
0 0.1251920122887865 0.6663560111835973 0.03533026113671275 0.024231127679403542
0 0.8667434715821812 0.8769804287045666 0.020737327188940093 0.03727865796831314
0 0.3675115207373272 0.35880708294501396 0.02534562211981567 0.04473438956197577
0 0.7012288786482335 0.7213420316868593 0.013824884792626727 0.024231127679403542
0 0.18548387096774194 0.967381174277726 0.020737327188940093 0.03727865796831314
0 0.9116743471582182 0.6276794035414724 0.027649769585253454 0.027027027027027025
0 0.967741935483871 0.5684995340167753 0.03840245775729647 0.05778191985088536
0 0.19201228878648233 0.07642124883504194 0.030721966205837174 0.02982292637465051
0 0.35906298003072196 0.19384902143522834 0.06221198156682028 0.048462255358807084
0 0.8145161290322581 0.41985088536812676 0.020737327188940093 0.027027027027027025
0 0.05145929339477726 0.5843429636533085 0.07373271889400922 0.0521901211556384
0 0.5345622119815668 0.700838769804287 0.027649769585253454 0.035414725069897485
0 0.7887864823348695 0.7371854613233924 0.02304147465437788 0.022367194780987885
0 0.39439324116743474 0.09692451071761417 0.040706605222734255 0.05405405405405405
0 0.3686635944700461 0.6584342963653308 0.029185867895545316 0.032618825722273995
0 0.9185867895545314 0.32618825722274 0.02457757296466974 0.024231127679403542
0 0.41244239631336405 0.8504193849021435 0.02304147465437788 0.032618825722273995
0 0.08870967741935484 0.38863000931966446 0.023809523809523808 0.046598322460391424
0 0.6098310291858678 0.6593662628145387 0.043010752688172046 0.09226467847157502
0 0.20583717357910905 0.9156570363466915 0.029185867895545316 0.027027027027027025
0 0.6973886328725039 0.1509785647716682 0.039938556067588324 0.0391425908667288
0 0.5560675883256528 0.09599254426840634 0.11059907834101382 0.09133271202236719
0 0.055683563748079874 0.46738117427772596 0.03609831029185868 0.032618825722273995
0 0.17473118279569894 0.04473438956197577 0.03609831029185868 0.022367194780987885
0 0.15092165898617513 0.5633737185461323 0.09907834101382489 0.06803355079217148
0 0.7999231950844854 0.08620689655172413 0.023809523809523808 0.032618825722273995
0 0.6347926267281107 0.5894687791239516 0.11290322580645161 0.04007455731593663
0 0.674347158218126 0.6602982292637465 0.05069124423963134 0.034482758620689655
0 0.20852534562211983 0.18033550792171482 0.03609831029185868 0.05498602050326188
0 0.45161290322580644 0.22739981360671016 0.05683563748079877 0.05778191985088536
0 0.1251920122887865 0.26095060577819196 0.04915514592933948 0.08946877912395154
0 0.3717357910906298 0.24464119291705497 0.016897081413210446 0.0195712954333644
0 0.5088325652841782 0.5778191985088537 0.04685099846390169 0.04287045666356011
0 0.6655145929339478 0.17101584342963652 0.020737327188940093 0.02889095992544268
0 0.543010752688172 0.5130475302889096 0.08755760368663594 0.09226467847157502
0 0.5311059907834101 0.4315004659832246 0.07757296466973887 0.05964585274930102
0 0.7373271889400922 0.1048462255358807 0.03225806451612903 0.03634669151910531
0 0.42818740399385563 0.4217148182665424 0.14208909370199693 0.21528424976700838
0 0.5675883256528418 0.809878844361603 0.018433179723502304 0.04287045666356011
0 0.027265745007680493 0.4324324324324324 0.03456221198156682 0.048462255358807084
0 0.8210445468509985 0.3504193849021435 0.02304147465437788 0.033550792171481825
0 0.5956221198156681 0.7628145386766076 0.02227342549923195 0.05871388630009319
0 0.2457757296466974 0.967381174277726 0.13978494623655913 0.04473438956197577
0 0.4097542242703533 0.5745573159366263 0.009984639016897081 0.04007455731593663
0 0.4577572964669739 0.3168685927306617 0.041474654377880185 0.06150978564771668
0 0.1674347158218126 0.6369990680335508 0.03225806451612903 0.02889095992544268
0 0.2764976958525346 0.8937558247903076 0.021505376344086023 0.04287045666356011
0 0.4109062980030722 0.33131407269338303 0.026113671274961597 0.05498602050326188
0 0.8824884792626728 0.1509785647716682 0.02457757296466974 0.0260950605778192
0 0.239247311827957 0.03634669151910531 0.014592933947772658 0.011183597390493943
0 0.0695084485407066 0.05498602050326188 0.04531490015360983 0.033550792171481825
0 0.5295698924731183 0.031220876048462253 0.04685099846390169 0.02516309412861137
0 0.7523041474654378 0.19338303821062441 0.026881720430107527 0.05684995340167754
0 0.4807987711213518 0.7362534948741845 0.013824884792626727 0.046598322460391424
0 0.8310291858678955 0.12907735321528424 0.026113671274961597 0.03634669151910531
0 0.7446236559139785 0.05032618825722274 0.023809523809523808 0.06337371854613234
0 0.3655913978494624 0.9436160298229264 0.07219662058371736 0.08294501397949673
0 0.7572964669738863 0.6542404473438956 0.015360983102918587 0.020503261882572225
0 0.42473118279569894 0.6295433364398881 0.021505376344086023 0.045666356011183594
0 0.06874039938556067 0.33084808946877914 0.023809523809523808 0.020503261882572225
0 0.13287250384024576 0.9263746505125815 0.016897081413210446 0.014911463187325256
0 0.04992319508448541 0.12814538676607642 0.0967741935483871 0.097856477166822
0 0.3099078341013825 0.03821062441752097 0.02227342549923195 0.020503261882572225
0 0.33986175115207373 0.5260950605778192 0.04377880184331797 0.02516309412861137
0 0.065284178187404 0.9701770736253494 0.016897081413210446 0.024231127679403542
0 0.6432411674347158 0.5228331780055918 0.0576036866359447 0.08574091332712022
0 0.3076036866359447 0.8816402609506058 0.02227342549923195 0.03168685927306617
0 0.3509984639016897 0.10950605778191985 0.029185867895545316 0.034482758620689655
0 0.04685099846390169 0.3336439888164026 0.07834101382488479 0.07269338303821062
0 0.06720430107526881 0.09739049394221808 0.020737327188940093 0.032618825722273995
0 0.32142857142857145 0.5708294501397949 0.026881720430107527 0.0195712954333644
0 0.4873271889400922 0.26933830382106244 0.03302611367127496 0.03727865796831314
0 0.06221198156682028 0.5801491146318732 0.09523809523809523 0.1500465983224604
0 0.6705069124423964 0.016309412861136997 0.015360983102918587 0.008387698042870456
0 0.037250384024577574 0.2054986020503262 0.03456221198156682 0.02889095992544268
0 0.5867895545314901 0.07036346691519105 0.04915514592933948 0.045666356011183594
0 0.7945468509984639 0.5885368126747437 0.04992319508448541 0.04939422180801491
0 0.1781874039938556 0.17241379310344826 0.021505376344086023 0.03168685927306617
0 0.738863287250384 0.5246971109040074 0.021505376344086023 0.0260950605778192
0 0.935099846390169 0.007455731593662628 0.023809523809523808 0.0130475302889096
0 0.11674347158218126 0.17614165890027958 0.015360983102918587 0.0391425908667288
0 0.1662826420890937 0.27539608574091334 0.023809523809523808 0.06057781919850885
0 0.16474654377880185 0.5829450139794967 0.028417818740399385 0.02516309412861137
0 0.859062980030722 0.22413793103448276 0.03302611367127496 0.032618825722273995
0 0.5061443932411674 0.700838769804287 0.02457757296466974 0.035414725069897485
0 0.9861751152073732 0.6616961789375583 0.007680491551459293 0.020503261882572225
0 0.11021505376344086 0.988816402609506 0.023809523809523808 0.0130475302889096
0 0.9182027649769585 0.13839701770736254 0.017665130568356373 0.021435228331780055
0 0.5480030721966206 0.048462255358807084 0.020737327188940093 0.033550792171481825
0 0.5733486943164362 0.13140726933830382 0.065284178187404 0.05591798695246971
0 0.08179723502304148 0.9114631873252562 0.019201228878648235 0.024231127679403542
0 0.3172043010752688 0.14259086672879775 0.013824884792626727 0.02982292637465051
0 0.34831029185867896 0.4711090400745573 0.02534562211981567 0.03075489282385834
0 0.9193548387096774 0.7022367194780987 0.018433179723502304 0.0195712954333644
0 0.03456221198156682 0.39468779123951536 0.02457757296466974 0.04380242311276794
0 0.8298771121351767 0.7222739981360671 0.026881720430107527 0.035414725069897485
