0 0.7984293193717278 0.41837644959857273 0.06656694091249064 0.058876003568242644
0 0.38967838444278236 0.2546833184656557 0.055347793567688854 0.08296164139161463
0 0.4356768885564697 0.8421052631578948 0.0381451009723261 0.05173951828724353
0 0.06955871353777113 0.5263157894736842 0.068810770381451 0.06066012488849242
0 0.7348541510845176 0.892506690454951 0.03216155572176514 0.06333630686886708
0 0.8851907255048617 0.42194469223907227 0.033657442034405384 0.04281891168599465
0 0.7333582647718773 0.844335414808207 0.035153328347045626 0.03657448706512043
0 0.1862378459237098 0.9335414808206959 0.061331338818249814 0.06333630686886708
0 0.4794315632011967 0.23907225691347012 0.03889304412864622 0.058876003568242644
0 0.1544502617801047 0.5472792149866191 0.06207928197456993 0.045495093666369314
0 0.4446522064323111 0.1913470115967886 0.04113687359760658 0.045495093666369314
0 0.7165295437546746 0.4130240856378234 0.03590127150336574 0.04460303300624443
0 0.8631264023934181 0.12310437109723461 0.025430067314884067 0.04281891168599465
0 0.425205684367988 0.3528099910793934 0.048616305160807775 0.029438001784121322
0 0.9109947643979057 0.17618198037466548 0.04038893044128646 0.05798394290811775
0 0.7494390426327598 0.48305084745762716 0.028421839940164548 0.03300624442462088
0 0.3743455497382199 0.4527207850133809 0.04113687359760658 0.04192685102586976
0 0.5807778608825729 0.7711864406779662 0.027673896783844427 0.034790365744870655
0 0.4663425579655946 0.4705619982158787 0.02617801047120419 0.0383586083853702
0 0.5729244577412117 0.6931311329170384 0.032909498878085267 0.0624442462087422
0 0.7475691847419595 0.2854594112399643 0.02617801047120419 0.028545941123996433
0 0.4865370231862378 0.8233719892952721 0.04113687359760658 0.07850133809099019
0 0.9394166043380703 0.5 0.025430067314884067 0.03657448706512043
0 0.7456993268511592 0.3474576271186441 0.032909498878085267 0.034790365744870655
0 0.9371727748691099 0.44558429973238184 0.05983545250560957 0.043710972346119537
0 0.42782348541510845 0.7323818019625334 0.037397157816005985 0.028545941123996433
0 0.494016454749439 0.10214094558429973 0.02169035153328347 0.0544157002676182
0 0.1424831712789828 0.4567350579839429 0.018698578908002993 0.023193577163247103
0 0.9166043380703066 0.2792149866190901 0.02468212415856395 0.039250669045495096
0 0.34480179506357517 0.27430865298840323 0.037397157816005985 0.02408563782337199
0 0.6615557217651459 0.8554861730597682 0.03664921465968586 0.04817127564674398
0 0.5359012715033658 0.8300624442462088 0.03216155572176514 0.04727921498661909
0 0.48429319371727747 0.38001784121320253 0.0800299177262528 0.05352363960749331
0 0.6379955123410621 0.5396966993755575 0.0493642483171279 0.05173951828724353
0 0.38556469708302166 0.6962533452274755 0.04412864622288706 0.03657448706512043
0 0.20082273747195212 0.5856378233719893 0.01720269259536275 0.020517395182872437
0 0.3735976065818998 0.744870651204282 0.033657442034405384 0.023193577163247103
0 0.5359012715033658 0.2631578947368421 0.027673896783844427 0.057091882247992866
0 0.8844427823485415 0.6810883140053524 0.09349289454001496 0.08652988403211419
0 0.09760658189977561 0.17305976806422838 0.01720269259536275 0.03746654772524532
0 0.7771129394166043 0.9067796610169492 0.02243829468960359 0.03657448706512043
0 0.8848167539267016 0.4803746654772525 0.028421839940164548 0.03300624442462088
0 0.8096484667165296 0.4888492417484389 0.0800299177262528 0.0767172167707404
0 0.9274495138369484 0.09009812667261374 0.029917726252804786 0.04638715432649421
0 0.11892296185489902 0.568242640499554 0.01944652206432311 0.019625334522747548
0 0.6634255796559462 0.360392506690455 0.028421839940164548 0.021409455842997326
0 0.6305160807778609 0.8037466547725246 0.02243829468960359 0.028545941123996433
0 0.39229618548990275 0.12667261373773417 0.029169783096484665 0.03033006244424621
0 0.15781600598354525 0.6351471900089206 0.01944652206432311 0.024977698483496878
0 0.5104712041884817 0.8951828724353257 0.0381451009723261 0.029438001784121322
0 0.850411368735976 0.24754683318465656 0.03590127150336574 0.05084745762711865
0 0.6985789080029917 0.34790365744870655 0.02393418100224383 0.028545941123996433
0 0.4820493642483171 0.931757359500446 0.030665669409124907 0.020517395182872437
0 0.5108451757666417 0.14540588760035683 0.05983545250560957 0.08920606601248886
0 0.5777860882572924 0.520963425512935 0.029169783096484665 0.05530776092774309
0 0.9468960359012715 0.6917930419268511 0.02393418100224383 0.029438001784121322
0 0.8982797307404637 0.1079393398751115 0.02243829468960359 0.03033006244424621
0 0.4132385938668661 0.9451382694023194 0.06507105459985041 0.04014272970561998
0 0.656320119670905 0.7493309545049064 0.023186237845923708 0.039250669045495096
0 0.7857142857142857 0.3697591436217663 0.02468212415856395 0.03657448706512043
0 0.1955871353777113 0.9594112399643177 0.04712041884816754 0.05619982158786798
0 0.060209424083769635 0.4072256913470116 0.04113687359760658 0.08117752007136486
0 0.9304412864622289 0.40321141837644964 0.014958863126402393 0.019625334522747548
0 0.34367988032909497 0.9027653880463872 0.033657442034405384 0.04460303300624443
0 0.5175766641735228 0.2127564674397859 0.01944652206432311 0.045495093666369314
0 0.5396409872849663 0.6306868867082962 0.1024682124158564 0.13380909901873328
0 0.824607329842932 0.2943800178412132 0.06656694091249064 0.0624442462087422
0 0.5545998504113687 0.3447814451382694 0.03216155572176514 0.0544157002676182
0 0.17988032909498877 0.5744870651204282 0.015706806282722512 0.024977698483496878
0 0.1256544502617801 0.39339875111507583 0.0344053851907255 0.023193577163247103
0 0.8171278982797308 0.0936663693131133 0.02019446522064323 0.03568242640499554
0 0.3870605833956619 0.6507582515611062 0.02468212415856395 0.04192685102586976
0 0.6731488406881077 0.26360392506690455 0.013462976813762153 0.02408563782337199
0 0.1544502617801047 0.1016949152542373 0.02019446522064323 0.03568242640499554
0 0.8836948391922214 0.32292595896520965 0.02617801047120419 0.024977698483496878
0 0.9431563201196709 0.37154326494201606 0.037397157816005985 0.0544157002676182
0 0.24495138369483918 0.9415700267618199 0.029169783096484665 0.027653880463871544
0 0.39416604338070305 0.8077609277430866 0.05983545250560957 0.045495093666369314
0 0.8100224382946896 0.532114183764496 0.01944652206432311 0.025869759143621766
0 0.062453253552729994 0.48171275646743983 0.07105459985041136 0.049955396966993755
0 0.5149588631264024 0.30553077609277435 0.02617801047120419 0.03300624442462088
0 0.7554225878833208 0.23639607493309547 0.02243829468960359 0.021409455842997326
0 0.43754674644727 0.8947368421052632 0.03889304412864622 0.05173951828724353
0 0.3593866866118175 0.3679750223015165 0.027673896783844427 0.0312221231043711
0 0.9184741959611069 0.6061552185548618 0.02393418100224383 0.022301516503122214
0 0.38406881077038146 0.18064228367528992 0.02169035153328347 0.0312221231043711
0 0.11667913238593866 0.6610169491525424 0.02243829468960359 0.04460303300624443
0 0.5912490650710546 0.3345227475468332 0.04113687359760658 0.08742194469223907
0 0.17913238593866865 0.14763603925066904 0.027673896783844427 0.025869759143621766
0 0.7232610321615557 0.8019625334522748 0.03889304412864622 0.03746654772524532
0 0.5927449513836949 0.8733273862622659 0.10695587135377711 0.08742194469223907
0 0.07703814510097233 0.5909901873327387 0.0344053851907255 0.0312221231043711
0 0.2318623784592371 0.9736842105263158 0.0344053851907255 0.020517395182872437
0 0.15968586387434555 0.48795718108831404 0.09498878085265519 0.06422836752899197
0 0.8275991024682124 0.8492417484388939 0.023186237845923708 0.03033006244424621
0 0.6215407629020194 0.39696699375557537 0.10919970082273747 0.03746654772524532
0 0.6529543754674645 0.324264049955397 0.0493642483171279 0.03300624442462088
0 0.25093492894540015 0.8412132024977699 0.035153328347045626 0.05173951828724353
0 0.4801795063575168 0.7636039250669046 0.055347793567688854 0.05530776092774309
0 0.16342557965594615 0.7765388046387155 0.04712041884816754 0.08474576271186442
0 0.40164547494390423 0.7582515611061552 0.016454749439042633 0.01784121320249777
0 0.5014958863126402 0.4250669045495094 0.0456245325355273 0.04014272970561998
0 0.6903515332834704 0.7872435325602142 0.020942408376963352 0.027653880463871544
0 0.5411368735976065 0.48171275646743983 0.08451757666417352 0.08742194469223907
0 0.537023186237846 0.5597680642283676 0.07479431563201197 0.05619982158786798
0 0.7655198204936424 0.8398751115075825 0.030665669409124907 0.034790365744870655
0 0.4394166043380703 0.5838537020517396 0.1368735976065819 0.20428189116859946
0 0.5366492146596858 0.19803746654772525 0.01720269259536275 0.04103479036574487
0 0.05385190725504861 0.6275646743978591 0.032909498878085267 0.045495093666369314
0 0.8227374719521316 0.5967885816235504 0.02243829468960359 0.032114183764495985
0 0.5676888556469708 0.23862622658340768 0.020942408376963352 0.05619982158786798
0 0.21278982797307405 0.09322033898305085 0.1338818249813014 0.04192685102586976
0 0.4068810770381451 0.44157002676181983 0.008975317875841436 0.03746654772524532
0 0.47718773373223633 0.6779661016949153 0.04038893044128646 0.058876003568242644
0 0.168661181750187 0.4161462979482605 0.030665669409124907 0.027653880463871544
0 0.24906507105459985 0.15878679750223015 0.020942408376963352 0.039250669045495096
0 0.4308152580403889 0.6708296164139161 0.025430067314884067 0.05173951828724353
0 0.900523560209424 0.7765388046387155 0.02393418100224383 0.02408563782337199
0 0.29394166043380704 0.9727921498661909 0.013462976813762153 0.009812667261373774
0 0.12976813762154077 0.9781445138269402 0.04412864622288706 0.0312221231043711
0 0.5732984293193717 0.9380017841213203 0.0456245325355273 0.02408563782337199
0 0.7715033657442034 0.7546833184656557 0.02617801047120419 0.05352363960749331
0 0.4599850411368736 0.2792149866190901 0.013462976813762153 0.04460303300624443
0 0.8537771129394166 0.804192685102587 0.02468212415856395 0.034790365744870655
0 0.7778608825729244 0.8907225691347012 0.02243829468960359 0.05976806422836753
0 0.3298429319371728 0.09991079393398751 0.07030665669409125 0.07850133809099019
0 0.7329842931937173 0.3193577163247101 0.014958863126402393 0.019625334522747548
0 0.41660433807030667 0.3876003568242641 0.020942408376963352 0.043710972346119537
0 0.1024682124158564 0.7181088314005353 0.02243829468960359 0.019625334522747548
0 0.10845175766641735 0.14763603925066904 0.016454749439042633 0.013380909901873328
0 0.10359012715033657 0.9121320249776985 0.09349289454001496 0.09188224799286351
0 0.3620044876589379 0.9611953612845674 0.020942408376963352 0.01873327386262266
0 0.344053851907255 0.4968777876895629 0.041884816753926704 0.023193577163247103
0 0.03889304412864622 0.11552185548617307 0.016454749439042633 0.022301516503122214
0 0.6361256544502618 0.45896520963425513 0.054599850411368736 0.08117752007136486
0 0.27973074046372476 0.16592328278322926 0.020942408376963352 0.03033006244424621
0 0.3945400149588631 0.8880463871543265 0.027673896783844427 0.03300624442462088
0 0.08115183246073299 0.7185548617305977 0.07554225878833208 0.06868867082961641
0 0.12341062079281974 0.9384478144513827 0.01944652206432311 0.03033006244424621
0 0.32273747195213165 0.4576271186440678 0.02617801047120419 0.01784121320249777
0 0.5104712041884817 0.7190008920606602 0.03216155572176514 0.03568242640499554
0 0.07292445774121166 0.48394290811775204 0.09199700822737472 0.1418376449598573
0 0.7101720269259536 0.932649420160571 0.014210919970082274 0.008028545941123996
0 0.08451757666417352 0.8407671721677075 0.032909498878085267 0.027653880463871544
0 0.6245325355272999 0.8929527207850134 0.046372475691847416 0.04281891168599465
0 0.7748691099476439 0.37600356824264053 0.04786836200448766 0.04727921498661909
0 0.2225130890052356 0.8528099910793935 0.02019446522064323 0.03033006244424621
0 0.7277486910994764 0.44380017841213204 0.020942408376963352 0.02408563782337199
0 0.9652206432311145 0.9049955396966994 0.023186237845923708 0.011596788581623552
0 0.16342557965594615 0.8572702943800179 0.014210919970082274 0.03746654772524532
0 0.20157068062827224 0.7569134701159679 0.023186237845923708 0.05798394290811775
0 0.1712789827973074 0.46699375557537914 0.026925953627524306 0.02408563782337199
0 0.8709798055347794 0.7109723461195362 0.03216155572176514 0.03033006244424621
0 0.48803290949887806 0.3095450490633363 0.023186237845923708 0.03389830508474576
0 0.9517576664173523 0.28055307760927745 0.0067314884068810765 0.020517395182872437
0 0.08040388930441286 0.09143621766280108 0.023186237845923708 0.013380909901873328
0 0.9360508601346298 0.784121320249777 0.01720269259536275 0.019625334522747548
0 0.5890052356020943 0.9192685102586976 0.02019446522064323 0.0312221231043711
0 0.606207928197457 0.8371989295272079 0.06357516828721017 0.052631578947368425
0 0.060209424083769635 0.16859946476360393 0.018698578908002993 0.023193577163247103
0 0.35901271503365745 0.8621766280107047 0.013462976813762153 0.027653880463871544
0 0.35789080029917725 0.5472792149866191 0.02468212415856395 0.029438001784121322
0 0.8844427823485415 0.252007136485281 0.01720269259536275 0.01873327386262266
0 0.06394913986537024 0.6628010704727921 0.02468212415856395 0.04103479036574487
0 0.7961854899027674 0.2448706512042819 0.02617801047120419 0.03300624442462088
