0 0.176875 0.4430769230769231 0.07 0.06307692307692307
0 0.598125 0.21884615384615386 0.0575 0.09
0 0.5928125 0.8673076923076923 0.039375 0.05615384615384615
0 0.9578125000000001 0.4819230769230769 0.07187500000000001 0.06538461538461539
0 0.27875 0.9546153846153846 0.03375 0.06923076923076923
0 0.0846875 0.4553846153846154 0.035625000000000004 0.046153846153846156
0 0.276875 0.9023076923076923 0.03625 0.04
0 0.864375 0.94 0.065 0.06923076923076923
0 0.5021875 0.21192307692307694 0.040625 0.06384615384615384
0 0.8696875000000001 0.5130769230769231 0.065625 0.04923076923076923
0 0.5346875 0.15538461538461537 0.043125000000000004 0.04923076923076923
0 0.26375 0.4276923076923077 0.0375 0.04923076923076923
0 0.08625000000000001 0.12615384615384614 0.02625 0.046153846153846156
0 0.5678125 0.33 0.051875000000000004 0.03230769230769231
0 0.0396875 0.1896153846153846 0.041875 0.06384615384615384
0 0.2334375 0.5076923076923077 0.029375000000000002 0.03538461538461538
0 0.6290625 0.4338461538461538 0.041875 0.04461538461538461
0 0.434375 0.8057692307692308 0.02875 0.03769230769230769
0 0.5328125 0.4634615384615385 0.028125 0.04230769230769231
0 0.4365625 0.7188461538461538 0.034375 0.06846153846153846
0 0.22062500000000002 0.2915384615384615 0.0275 0.03076923076923077
0 0.5375 0.8526923076923076 0.0425 0.08538461538461538
0 0.0334375 0.5473076923076923 0.026875 0.03923076923076923
0 0.2275 0.3596153846153846 0.035 0.03769230769230769
0 0.0321875 0.48730769230769233 0.063125 0.04846153846153846
0 0.5928125 0.7461538461538462 0.039375 0.02923076923076923
0 0.4765625 0.06384615384615384 0.023125 0.05846153846153846
0 0.875 0.41346153846153844 0.01875 0.023846153846153847
0 0.0409375 0.3026923076923077 0.024375 0.04230769230769231
0 0.6475 0.23576923076923076 0.03875 0.025384615384615384
0 0.3540625 0.9065384615384615 0.038125 0.05307692307692308
0 0.48562500000000003 0.865 0.0325 0.05
0 0.5071875 0.3669230769230769 0.085625 0.05846153846153846
0 0.355625 0.558076923076923 0.0525 0.05615384615384615
0 0.6353125000000001 0.7019230769230769 0.045625 0.03923076923076923
0 0.823125 0.5615384615384615 0.0175 0.021538461538461538
0 0.651875 0.7542307692307693 0.035 0.023846153846153847
0 0.444375 0.24384615384615385 0.02875 0.06153846153846154
0 0.105 0.74 0.09875 0.09538461538461539
0 0.9021875 0.09807692307692308 0.018125 0.040769230769230766
0 0.2359375 0.975 0.023125 0.03923076923076923
0 0.0896875 0.5196153846153846 0.030625 0.036153846153846154
0 0.17 0.5203846153846153 0.08375 0.08384615384615385
0 0.0159375 0.0973076923076923 0.030625 0.05
0 0.9087500000000001 0.5330769230769231 0.02 0.021538461538461538
0 0.3153125 0.36423076923076925 0.029375000000000002 0.022307692307692306
0 0.3828125 0.8461538461538461 0.023125 0.02923076923076923
0 0.5856250000000001 0.07923076923076923 0.03 0.03076923076923077
0 0.8721875 0.6107692307692307 0.020625 0.026153846153846153
0 0.5171875 0.9338461538461539 0.039375 0.03076923076923077
0 0.1090625 0.26076923076923075 0.038125 0.055384615384615386
0 0.2778125 0.3546153846153846 0.024375 0.03076923076923077
0 0.55 0.9703846153846154 0.03125 0.02076923076923077
0 0.4615625 0.11269230769230769 0.063125 0.09769230769230769
0 0.41781250000000003 0.5307692307692308 0.030625 0.06
0 0.0396875 0.7576923076923077 0.025625000000000002 0.03076923076923077
0 0.0478125 0.11346153846153846 0.024375 0.031538461538461536
0 0.6246875000000001 0.9780769230769231 0.069375 0.04384615384615385
0 0.351875 0.7896153846153846 0.02375 0.04230769230769231
0 0.1859375 0.3880769230769231 0.025625000000000002 0.03923076923076923
0 0.8562500000000001 0.9696153846153847 0.05 0.06076923076923077
0 0.95875 0.3507692307692308 0.0425 0.0876923076923077
0 0.035312500000000004 0.4403846153846154 0.015625 0.02076923076923077
0 0.6950000000000001 0.9234615384615384 0.035 0.04846153846153846
0 0.4596875 0.18730769230769231 0.020625 0.04846153846153846
0 0.466875 0.6469230769230769 0.10875 0.14615384615384616
0 0.14 0.3096153846153846 0.07 0.06692307692307692
0 0.429375 0.3353846153846154 0.03375 0.06
0 0.8446875 0.5461538461538461 0.015625 0.027692307692307693
0 0.88875 0.3426923076923077 0.035 0.023846153846153847
0 0.133125 0.08961538461538461 0.02125 0.03769230769230769
0 0.630625 0.6519230769230769 0.02625 0.045384615384615384
0 0.29875 0.25961538461538464 0.01375 0.025384615384615384
0 0.83625 0.026153846153846153 0.02 0.03692307692307692
0 0.07906250000000001 0.34807692307692306 0.026875 0.026923076923076925
0 0.02 0.40692307692307694 0.03875 0.06
0 0.8021875 0.955 0.030625 0.03
0 0.634375 0.8246153846153846 0.0625 0.04923076923076923
0 0.1728125 0.5684615384615385 0.020625 0.027692307692307693
0 0.9621875 0.4319230769230769 0.075625 0.054615384615384614
0 0.46875 0.28884615384615386 0.0275 0.036153846153846154
0 0.2084375 0.23884615384615385 0.023125 0.023846153846153847
0 0.5946875 0.9246153846153846 0.040625 0.055384615384615386
0 0.63875 0.3403846153846154 0.03 0.03307692307692308
0 0.063125 0.661923076923077 0.025 0.023846153846153847
0 0.59875 0.1376923076923077 0.0225 0.033846153846153845
0 0.9178125 0.6346153846153846 0.023125 0.047692307692307694
0 0.390625 0.32769230769230767 0.043750000000000004 0.09538461538461539
0 0.8134375 0.07923076923076923 0.029375000000000002 0.027692307692307693
0 0.28500000000000003 0.8542307692307692 0.04125 0.040769230769230766
0 0.4290625 0.9180769230769231 0.113125 0.09461538461538462
0 0.9546875 0.5534615384615384 0.035625000000000004 0.03307692307692308
0 0.8190625 0.9892307692307692 0.036875 0.021538461538461538
0 0.859375 0.44961538461538464 0.1 0.07
0 0.1775 0.916923076923077 0.02375 0.03230769230769231
0 0.3625 0.3996153846153846 0.115 0.040769230769230766
0 0.32406250000000003 0.3242307692307692 0.051875000000000004 0.03461538461538462
0 0.7887500000000001 0.8461538461538461 0.0375 0.05692307692307692
0 0.54 0.7857692307692308 0.058750000000000004 0.05923076923076923
0 0.8768750000000001 0.7653846153846153 0.04875 0.09230769230769231
0 0.6228125 0.7711538461538462 0.015625 0.019230769230769232
0 0.4925 0.4176923076923077 0.0475 0.043076923076923075
0 0.31875000000000003 0.835 0.02125 0.02846153846153846
0 0.45437500000000003 0.48423076923076924 0.08875 0.09461538461538462
0 0.465 0.5688461538461539 0.07875 0.06076923076923077
0 0.24281250000000001 0.9011538461538462 0.031875 0.03769230769230769
0 0.5700000000000001 0.585 0.145 0.22384615384615383
0 0.43843750000000004 0.17346153846153847 0.016875 0.04384615384615385
0 0.9825 0.5911538461538461 0.035 0.04846153846153846
0 0.1640625 0.6407692307692308 0.023125 0.03538461538461538
0 0.408125 0.22076923076923077 0.0225 0.06
0 0.7740625 0.023076923076923078 0.141875 0.04461538461538461
0 0.5934375000000001 0.425 0.009375 0.040769230769230766
0 0.5365625 0.6923076923076923 0.041875 0.06461538461538462
0 0.844375 0.37153846153846154 0.0325 0.02923076923076923
0 0.74 0.09884615384615385 0.02125 0.04230769230769231
0 0.585 0.6788461538461539 0.02625 0.05615384615384615
0 0.095 0.8461538461538461 0.025 0.026153846153846153
0 0.753125 0.995 0.01375 0.01
0 0.928125 0.9826923076923076 0.04625 0.03461538461538462
0 0.45406250000000004 0.9869230769230769 0.046875 0.026153846153846153
0 0.23 0.808076923076923 0.02625 0.057692307692307696
0 0.5253125 0.25384615384615383 0.013125 0.047692307692307694
0 0.146875 0.8711538461538462 0.02625 0.03769230769230769
0 0.23375 0.9576923076923077 0.02375 0.06461538461538462
0 0.650625 0.04346153846153846 0.07375 0.08538461538461538
0 0.2384375 0.3273076923076923 0.015625 0.02076923076923077
0 0.5796875 0.3676923076923077 0.020625 0.046153846153846156
0 0.936875 0.695 0.02375 0.02076923076923077
0 0.8890625 0.07076923076923076 0.016875 0.013846153846153847
0 0.9503125 0.9073076923076923 0.099375 0.10076923076923076
0 0.68 0.99 0.02125 0.02
0 0.664375 0.47884615384615387 0.043750000000000004 0.025384615384615384
0 0.9603125 0.028076923076923076 0.016875 0.023846153846153847
0 0.3521875 0.4696153846153846 0.058125 0.08846153846153847
0 0.708125 0.11 0.0225 0.03076923076923077
0 0.6403125000000001 0.9126923076923077 0.029375000000000002 0.03461538461538462
0 0.96 0.693076923076923 0.08 0.07384615384615384
0 0.9315625000000001 0.9388461538461539 0.019375 0.03307692307692308
0 0.6843750000000001 0.4338461538461538 0.0275 0.02
0 0.5046875 0.7403846153846154 0.033125 0.03923076923076923
0 0.9515625 0.43615384615384617 0.096875 0.15538461538461537
0 0.30843750000000003 0.9957692307692307 0.015625 0.008461538461538461
0 0.9653125 0.8273076923076923 0.034375 0.02846153846153846
0 0.3959375 0.943076923076923 0.049375 0.046153846153846156
0 0.19875 0.3934615384615385 0.051250000000000004 0.05
0 0.8196875 0.8557692307692307 0.020625 0.031538461538461536
0 0.2534375 0.4626923076923077 0.020625 0.026923076923076925
0 0.03625 0.9934615384615385 0.02375 0.013076923076923076
0 0.8828125 0.8542307692307692 0.015625 0.040769230769230766
0 0.8346875 0.7488461538461538 0.023125 0.06230769230769231
0 0.8453125 0.4276923076923077 0.028125 0.026153846153846153
0 0.1215625 0.7707692307692308 0.033125 0.033846153846153845
0 0.498125 0.2896153846153846 0.025 0.03769230769230769
0 0.00375 0.3088461538461538 0.00625 0.02076923076923077
0 0.914375 0.007307692307692308 0.02375 0.013076923076923076
0 0.0575 0.8576923076923076 0.0175 0.02
0 0.43593750000000003 0.9680769230769231 0.020625 0.03307692307692308
0 0.4121875 0.88 0.066875 0.05692307692307692
0 0.94125 0.08884615384615385 0.02 0.025384615384615384
0 0.6759375 0.8807692307692307 0.013125 0.02923076923076923
0 0.6540625 0.5365384615384615 0.025625000000000002 0.031538461538461536
0 0.073125 0.2692307692307692 0.0175 0.02
0 0.9740625 0.63 0.025625000000000002 0.04461538461538461
0 0.16625 0.2530769230769231 0.0275 0.03538461538461538
