0 0.8168582375478928 0.4552656104380242 0.06896551724137931 0.062441752096924506
0 0.4099616858237548 0.2255358807082945 0.05823754789272031 0.08760484622553588
0 0.40076628352490423 0.8508853681267474 0.03984674329501916 0.05591798695246971
0 0.0524904214559387 0.4664492078285182 0.07126436781609195 0.06430568499534016
0 0.7049808429118775 0.9459459459459459 0.033716475095785445 0.06710158434296365
0 0.9065134099616858 0.4711090400745573 0.03524904214559387 0.045666356011183594
0 0.7084291187739464 0.8956197576887232 0.03601532567049809 0.0391425908667288
0 0.13371647509578544 0.912861136999068 0.06360153256704981 0.06803355079217148
0 0.5042145593869732 0.22134203168685926 0.03984674329501916 0.062441752096924506
0 0.13831417624521072 0.5004659832246039 0.06513409961685825 0.048462255358807084
0 0.4727969348659004 0.16589002795899346 0.04291187739463602 0.048462255358807084
0 0.732183908045977 0.43755824790307546 0.037547892720306515 0.047530288909599254
0 0.9126436781609196 0.1533084808946878 0.026053639846743297 0.045666356011183594
0 0.4371647509578544 0.3336439888164026 0.05134099616858238 0.03168685927306617
0 0.9567049808429119 0.21528424976700838 0.0421455938697318 0.06150978564771668
0 0.7597701149425288 0.516309412861137 0.029885057471264367 0.035414725069897485
0 0.37509578544061306 0.4315004659832246 0.0421455938697318 0.04473438956197577
0 0.557088122605364 0.7968313140726934 0.029118773946360154 0.03727865796831314
0 0.4681992337164751 0.46318732525629075 0.027586206896551724 0.04100652376514445
0 0.5567049808429119 0.7134203168685928 0.034482758620689655 0.06616961789375582
0 0.7773946360153257 0.3080149114631873 0.02681992337164751 0.03075489282385834
0 0.45517241379310347 0.8387698042870456 0.04291187739463602 0.08387698042870456
0 0.9544061302681993 0.5610438024231128 0.02681992337164751 0.0391425908667288
0 0.7689655172413793 0.3727865796831314 0.034482758620689655 0.03727865796831314
0 0.9574712643678162 0.5032618825722274 0.06206896551724138 0.046598322460391424
0 0.40306513409961686 0.7343895619757689 0.03984674329501916 0.02982292637465051
0 0.5325670498084292 0.0787511649580615 0.022988505747126436 0.05684995340167754
0 0.13448275862068965 0.40354147250698974 0.019157088122605366 0.024231127679403542
0 0.9528735632183908 0.32479030754892824 0.02528735632183908 0.04193849021435228
0 0.3616858237547893 0.23904939422180801 0.03831417624521073 0.02516309412861137
0 0.6329501915708813 0.8970177073625349 0.03831417624521073 0.05125815470643057
0 0.5053639846743295 0.8527493010251631 0.03295019157088123 0.05032618825722274
0 0.49540229885057474 0.3704566635601118 0.0835249042145594 0.05684995340167754
0 0.639080459770115 0.5610438024231128 0.052107279693486594 0.05591798695246971
0 0.3624521072796935 0.6905871388630009 0.04597701149425287 0.0391425908667288
0 0.18199233716475097 0.5479962721342031 0.017624521072796936 0.022367194780987885
0 0.3455938697318008 0.7399813606710158 0.03524904214559387 0.024231127679403542
0 0.5601532567049808 0.2548928238583411 0.029118773946360154 0.06057781919850885
0 0.8808429118773947 0.7451071761416589 0.09731800766283526 0.09226467847157502
0 0.1153256704980843 0.097856477166822 0.017624521072796936 0.0391425908667288
0 0.7471264367816092 0.967381174277726 0.022988505747126436 0.0391425908667288
0 0.9 0.5326188257222739 0.029885057471264367 0.034482758620689655
0 0.821455938697318 0.5312208760484622 0.08275862068965517 0.0820130475302889
0 0.981992337164751 0.12721342031686858 0.0314176245210728 0.04939422180801491
0 0.0996168582375479 0.5177073625349488 0.01992337164750958 0.021435228331780055
0 0.6827586206896552 0.37558247903075487 0.029118773946360154 0.022367194780987885
0 0.6061302681992338 0.8378378378378378 0.022988505747126436 0.02982292637465051
0 0.424904214559387 0.09040074557315936 0.029885057471264367 0.03168685927306617
0 0.13333333333333333 0.5941286113699906 0.01992337164750958 0.027027027027027025
0 0.4727969348659004 0.9179869524697111 0.03984674329501916 0.03168685927306617
0 0.8869731800766284 0.28238583410997203 0.037547892720306515 0.05405405405405405
0 0.7203065134099617 0.36719478098788444 0.024521072796934867 0.02982292637465051
0 0.4402298850574713 0.9520037278657968 0.0314176245210728 0.021435228331780055
0 0.5459770114942529 0.12721342031686858 0.06206896551724138 0.09412861136999068
0 0.578544061302682 0.5326188257222739 0.030651340996168584 0.05871388630009319
0 0.9436781609195403 0.7646784715750232 0.02528735632183908 0.03075489282385834
0 0.9501915708812261 0.14165890027958994 0.024521072796934867 0.03168685927306617
0 0.3674329501915709 0.956663560111836 0.0681992337164751 0.04380242311276794
0 0.6375478927203065 0.7847157502329916 0.024521072796934867 0.04100652376514445
0 0.8088122605363985 0.40167753960857405 0.02528735632183908 0.0391425908667288
0 0.1409961685823755 0.9412861136999068 0.04904214559386973 0.05964585274930102
0 0.05440613026819924 0.3401677539608574 0.04291187739463602 0.08574091332712022
0 0.9544061302681993 0.4575955265610438 0.016091954022988506 0.020503261882572225
0 0.2996168582375479 0.902143522833178 0.03524904214559387 0.046598322460391424
0 0.5459770114942529 0.1994408201304753 0.020689655172413793 0.048462255358807084
0 0.5283524904214559 0.6425908667287977 0.10651340996168583 0.14259086672879775
0 0.8559386973180076 0.3280521901211556 0.06896551724137931 0.06710158434296365
0 0.571647509578544 0.3429636533084809 0.033716475095785445 0.05778191985088536
0 0.1620689655172414 0.5326188257222739 0.016091954022988506 0.027027027027027025
0 0.12337164750957855 0.3345759552656104 0.03524904214559387 0.024231127679403542
0 0.867432950191571 0.11602982292637465 0.02145593869731801 0.03821062441752097
0 0.3685823754789272 0.6421248835041938 0.026053639846743297 0.04473438956197577
0 0.7019157088122605 0.2744641192917055 0.013793103448275862 0.02516309412861137
0 0.18160919540229886 0.03075489282385834 0.02145593869731801 0.03727865796831314
0 0.914176245210728 0.3667287977632805 0.027586206896551724 0.027027027027027025
0 0.9708812260536399 0.4259086672879776 0.03831417624521073 0.05778191985088536
0 0.19386973180076628 0.929170549860205 0.030651340996168584 0.02982292637465051
0 0.3609195402298851 0.8089468779123952 0.0628352490421456 0.048462255358807084
0 0.8176245210727969 0.5768872320596459 0.01992337164750958 0.0260950605778192
0 0.04942528735632184 0.41845293569431496 0.07432950191570882 0.0521901211556384
0 0.5348659003831417 0.29636533084808947 0.027586206896551724 0.035414725069897485
0 0.7900383141762453 0.2576887232059646 0.022988505747126436 0.023299161230195712
0 0.39731800766283526 0.9063373718546132 0.040613026819923376 0.05498602050326188
0 0.3674329501915709 0.3406337371854613 0.029885057471264367 0.032618825722273995
0 0.9226053639846744 0.6705498602050326 0.024521072796934867 0.023299161230195712
0 0.410727969348659 0.146784715750233 0.022988505747126436 0.032618825722273995
0 0.08850574712643679 0.6150978564771667 0.023754789272030653 0.046598322460391424
0 0.6099616858237548 0.33737185461323393 0.04291187739463602 0.09319664492078285
0 0.20229885057471264 0.08247903075489282 0.029118773946360154 0.027027027027027025
0 0.7015325670498085 0.8490214352283317 0.040613026819923376 0.0391425908667288
0 0.5597701149425287 0.9063373718546132 0.11111111111111112 0.09226467847157502
0 0.054022988505747126 0.5358807082945014 0.03601532567049809 0.033550792171481825
0 0.17662835249042147 0.9613233923578751 0.03601532567049809 0.021435228331780055
0 0.14942528735632185 0.4384902143522833 0.0996168582375479 0.06803355079217148
0 0.8049808429118774 0.9137931034482758 0.023754789272030653 0.032618825722273995
0 0.6360153256704981 0.40773532152842495 0.11340996168582376 0.04007455731593663
0 0.6754789272030651 0.3359739049394222 0.05134099616858238 0.034482758620689655
0 0.2099616858237548 0.8243243243243243 0.0367816091954023 0.05498602050326188
0 0.4540229885057471 0.7739981360671015 0.05747126436781609 0.05871388630009319
0 0.12528735632183907 0.7437092264678471 0.04827586206896552 0.08946877912395154
0 0.3731800766283525 0.7581547064305685 0.016858237547892722 0.0195712954333644
0 0.5091954022988506 0.42031686859273065 0.04674329501915709 0.04287045666356011
0 0.6697318007662836 0.8294501397949674 0.02145593869731801 0.02982292637465051
0 0.5444444444444445 0.48602050326188256 0.08812260536398468 0.09226467847157502
0 0.5325670498084292 0.5675675675675675 0.07816091954022988 0.05964585274930102
0 0.7417624521072798 0.8956197576887232 0.03218390804597701 0.03727865796831314
0 0.4295019157088123 0.5792171481826655 0.14329501915708812 0.21714818266542404
0 0.5670498084291188 0.18592730661696177 0.01839080459770115 0.04380242311276794
0 0.026053639846743297 0.5712954333643988 0.033716475095785445 0.048462255358807084
0 0.8245210727969349 0.6472506989748369 0.022988505747126436 0.034482758620689655
0 0.5957854406130269 0.2329916123019571 0.022222222222222223 0.05964585274930102
0 0.2425287356321839 0.02982292637465051 0.14022988505747128 0.04473438956197577
0 0.4095785440613027 0.42451071761416587 0.00996168582375479 0.04007455731593663
0 0.45938697318007665 0.68452935694315 0.0421455938697318 0.062441752096924506
0 0.16551724137931034 0.36439888164026096 0.03218390804597701 0.02982292637465051
0 0.2735632183908046 0.1043802423112768 0.02145593869731801 0.04287045666356011
0 0.41226053639846744 0.6696178937558248 0.026053639846743297 0.05498602050326188
0 0.8873563218390805 0.84762348555452 0.024521072796934867 0.02516309412861137
0 0.2413793103448276 0.9687791239515378 0.013793103448275862 0.010251630941286113
0 0.07049808429118774 0.9515377446411929 0.04597701149425287 0.033550792171481825
0 0.5333333333333333 0.9715750232991612 0.04750957854406131 0.02516309412861137
0 0.7567049808429119 0.8061509785647717 0.02681992337164751 0.05778191985088536
0 0.48045977011494256 0.2614165890027959 0.013793103448275862 0.047530288909599254
0 0.8363984674329502 0.8699906803355079 0.02528735632183908 0.03634669151910531
0 0.749808429118774 0.9506057781919851 0.023754789272030653 0.06337371854613234
0 0.3628352490421456 0.053588070829450135 0.07279693486590039 0.08294501397949673
0 0.7590038314176245 0.34156570363466915 0.016091954022988506 0.021435228331780055
0 0.4245210727969349 0.36905871388630007 0.02145593869731801 0.046598322460391424
0 0.067816091954023 0.67381174277726 0.023754789272030653 0.020503261882572225
0 0.12950191570881225 0.07222739981360671 0.016858237547892722 0.013979496738117428
0 0.050191570881226055 0.8783783783783784 0.09731800766283526 0.097856477166822
0 0.31264367816091954 0.9664492078285182 0.02145593869731801 0.020503261882572225
0 0.33946360153256705 0.47390493942218076 0.044444444444444446 0.02516309412861137
0 0.06053639846743295 0.02889095992544268 0.016858237547892722 0.024231127679403542
0 0.6448275862068966 0.4748369058713886 0.05747126436781609 0.08667287977632805
0 0.3049808429118774 0.11602982292637465 0.02145593869731801 0.03075489282385834
0 0.35325670498084294 0.8942218080149115 0.029118773946360154 0.034482758620689655
0 0.046360153256704985 0.6705498602050326 0.07892720306513411 0.07362534948741845
0 0.067816091954023 0.9091332712022366 0.020689655172413793 0.032618825722273995
0 0.3206896551724138 0.4296365330848089 0.02681992337164751 0.01863932898415657
0 0.48965517241379314 0.7320596458527493 0.033716475095785445 0.03821062441752097
0 0.06015325670498085 0.4221808014911463 0.09578544061302682 0.1509785647716682
0 0.6758620689655173 0.9846225535880708 0.015325670498084292 0.008387698042870456
0 0.037547892720306515 0.8000931966449207 0.03524904214559387 0.02889095992544268
0 0.5908045977011495 0.9315004659832246 0.04904214559386973 0.045666356011183594
0 0.7961685823754789 0.40726933830382106 0.05057471264367816 0.05032618825722274
0 0.1793103448275862 0.8327120223671948 0.02145593869731801 0.032618825722273995
0 0.7413793103448276 0.4720410065237651 0.022222222222222223 0.027027027027027025
0 0.9421455938697318 0.9916123019571295 0.023754789272030653 0.0130475302889096
0 0.11724137931034483 0.8289841565703634 0.015325670498084292 0.04007455731593663
0 0.16666666666666669 0.7283317800559179 0.023754789272030653 0.06057781919850885
0 0.16360153256704982 0.41798695246971107 0.02835249042145594 0.02516309412861137
0 0.8636015325670499 0.7739981360671015 0.033716475095785445 0.032618825722273995
0 0.5061302681992337 0.29683131407269336 0.02528735632183908 0.03634669151910531
0 0.9888888888888889 0.33131407269338303 0.006896551724137931 0.021435228331780055
0 0.10613026819923373 0.0097856477166822 0.023754789272030653 0.013979496738117428
0 0.9237547892720307 0.8602050326188257 0.017624521072796936 0.020503261882572225
0 0.5521072796934866 0.9543336439888164 0.020689655172413793 0.033550792171481825
0 0.5770114942528736 0.8704566635601118 0.06590038314176246 0.05591798695246971
0 0.07739463601532567 0.08760484622553588 0.01992337164750958 0.024231127679403542
0 0.31915708812260535 0.8611369990680335 0.014559386973180077 0.02982292637465051
0 0.3486590038314176 0.5293569431500466 0.026053639846743297 0.03168685927306617
0 0.921455938697318 0.2917054986020503 0.017624521072796936 0.020503261882572225
0 0.03333333333333333 0.6099720410065237 0.02528735632183908 0.04380242311276794
0 0.8310344827586207 0.2721342031686859 0.02681992337164751 0.035414725069897485
