0 0.1786339754816112 0.4479613733905579 0.07005253940455342 0.06330472103004292
0 0.5941330998248686 0.22103004291845493 0.05866900175131348 0.09012875536480687
0 0.5950087565674256 0.8599785407725322 0.04115586690017513 0.05686695278969957
0 0.9531523642732049 0.4747854077253219 0.07267950963222417 0.06545064377682404
0 0.28502626970227674 0.9506437768240343 0.03415061295971979 0.06866952789699571
0 0.08800350262697022 0.4619098712446352 0.03590192644483363 0.046137339055793994
0 0.28283712784588444 0.8986051502145923 0.03677758318739054 0.03969957081545064
0 0.8642732049036778 0.9286480686695279 0.06479859894921192 0.06974248927038626
0 0.4986865148861646 0.21512875536480686 0.04115586690017513 0.06330472103004292
0 0.8655866900175131 0.5075107296137339 0.06567425569176882 0.04935622317596566
0 0.531523642732049 0.15987124463519314 0.043782837127845885 0.04935622317596566
0 0.2648861646234676 0.4313304721030043 0.03765323992994746 0.04935622317596566
0 0.0862521891418564 0.13733905579399142 0.02714535901926445 0.047210300429184546
0 0.5652364273204904 0.3310085836909871 0.05166374781085814 0.033261802575107295
0 0.040718038528896675 0.20010729613733905 0.04290718038528897 0.06330472103004292
0 0.23598949211908932 0.5112660944206009 0.03064798598949212 0.03540772532188841
0 0.6265323992994746 0.43240343347639487 0.04290718038528897 0.045064377682403435
0 0.4373905429071804 0.8015021459227468 0.028896672504378284 0.03862660944206009
0 0.531523642732049 0.46298283261802575 0.028021015761821366 0.04184549356223176
0 0.43870402802101577 0.7162017167381974 0.03502626970227671 0.06759656652360516
0 0.22110332749562173 0.2982832618025751 0.02714535901926445 0.032188841201716736
0 0.5402802101576182 0.846030042918455 0.043782837127845885 0.08476394849785408
0 0.03809106830122592 0.552038626609442 0.02714535901926445 0.03969957081545064
0 0.22854640980735552 0.3648068669527897 0.03502626970227671 0.03862660944206009
0 0.03590192644483363 0.49356223175965663 0.06304728546409807 0.047210300429184546
0 0.5941330998248686 0.7408798283261803 0.0394045534150613 0.03111587982832618
0 0.4724168126094571 0.06920600858369098 0.023642732049036778 0.059012875536480686
0 0.8704028021015762 0.40879828326180256 0.01926444833625219 0.02575107296137339
0 0.043345008756567424 0.31223175965665234 0.025394045534150613 0.04291845493562232
0 0.6431698774080561 0.23658798283261803 0.0394045534150613 0.02682403433476395
0 0.35901926444833626 0.901824034334764 0.03852889667250438 0.05257510729613734
0 0.4890542907180385 0.8594420600858369 0.03415061295971979 0.05150214592274678
0 0.5056917688266199 0.3674892703862661 0.08493870402802102 0.059012875536480686
0 0.3577057793345009 0.5590128755364807 0.05341506129597198 0.055793991416309016
0 0.6357267950963222 0.6968884120171673 0.047285464098073555 0.03969957081545064
0 0.8204903677758318 0.5552575107296137 0.017513134851138354 0.022532188841201718
0 0.6523642732049036 0.7478540772532188 0.03502626970227671 0.02575107296137339
0 0.44220665499124345 0.2478540772532189 0.0297723292469352 0.06223175965665236
0 0.11077057793345009 0.7414163090128756 0.0989492119089317 0.09442060085836909
0 0.8944833625218914 0.09763948497854077 0.01838879159369527 0.0407725321888412
0 0.24211908931698775 0.971030042918455 0.023642732049036778 0.0407725321888412
0 0.09369527145359019 0.5246781115879828 0.0297723292469352 0.03648068669527897
0 0.1733800350262697 0.5246781115879828 0.0840630472854641 0.08369098712446352
0 0.016637478108581436 0.10944206008583691 0.03152364273204904 0.05150214592274678
0 0.9049912434325744 0.5262875536480687 0.020140105078809107 0.022532188841201718
0 0.3161120840630473 0.36856223175965663 0.0297723292469352 0.022532188841201718
0 0.38747810858143605 0.842274678111588 0.023642732049036778 0.030042918454935622
0 0.5809982486865148 0.08369098712446352 0.03064798598949212 0.032188841201716736
0 0.8695271453590193 0.6030042918454935 0.021015761821366025 0.027896995708154508
0 0.521015761821366 0.927038626609442 0.040280210157618214 0.032188841201716736
0 0.11033274956217162 0.26931330472103004 0.03852889667250438 0.055793991416309016
0 0.27802101576182137 0.3594420600858369 0.025394045534150613 0.030042918454935622
0 0.5538528896672504 0.9624463519313304 0.03239929947460596 0.02145922746781116
0 0.45796847635726795 0.11802575107296137 0.06304728546409807 0.09656652360515021
0 0.4190017513134851 0.5311158798283262 0.03064798598949212 0.060085836909871244
0 0.04640980735551664 0.7601931330472103 0.02626970227670753 0.03111587982832618
0 0.04816112084063047 0.125 0.024518388791593695 0.033261802575107295
0 0.6274080560420315 0.9683476394849785 0.0691768826619965 0.043991416309012876
0 0.3563922942206655 0.7875536480686696 0.024518388791593695 0.04291845493562232
0 0.18826619964973731 0.39324034334763946 0.02626970227670753 0.03969957081545064
0 0.8568301225919439 0.9565450643776824 0.04991243432574431 0.0611587982832618
0 0.9527145359019265 0.34549356223175964 0.043782837127845885 0.08798283261802575
0 0.0394045534150613 0.4468884120171674 0.01576182136602452 0.0203862660944206
0 0.696584938704028 0.9141630901287554 0.03590192644483363 0.047210300429184546
0 0.45709281961471104 0.19206008583690987 0.021015761821366025 0.04935622317596566
0 0.46847635726795095 0.6448497854077253 0.1085814360770578 0.1459227467811159
0 0.14098073555166374 0.31706008583690987 0.07005253940455342 0.06759656652360516
0 0.4286339754816112 0.33798283261802575 0.03415061295971979 0.060085836909871244
0 0.8410683012259195 0.5396995708154506 0.016637478108581436 0.027896995708154508
0 0.8830998248686515 0.33905579399141633 0.03590192644483363 0.02575107296137339
0 0.13266199649737304 0.09978540772532189 0.021891418563922942 0.03862660944206009
0 0.6304728546409808 0.6475321888412017 0.02626970227670753 0.046137339055793994
0 0.29816112084063046 0.26502145922746784 0.0148861646234676 0.02575107296137339
0 0.8283712784588442 0.027896995708154508 0.021015761821366025 0.03862660944206009
0 0.08143607705779335 0.3551502145922747 0.028021015761821366 0.027896995708154508
0 0.02320490367775832 0.41469957081545067 0.0394045534150613 0.059012875536480686
0 0.803415061295972 0.944206008583691 0.03064798598949212 0.030042918454935622
0 0.6357267950963222 0.8175965665236051 0.06304728546409807 0.04935622317596566
0 0.17644483362521893 0.5718884120171673 0.020140105078809107 0.027896995708154508
0 0.9566549912434326 0.4259656652360515 0.07443082311733801 0.0536480686695279
0 0.4671628721541156 0.29130901287553645 0.028896672504378284 0.03755364806866953
0 0.20884413309982486 0.24570815450643776 0.023642732049036778 0.023605150214592273
0 0.5976357267950964 0.9168454935622318 0.04115586690017513 0.05686695278969957
0 0.6357267950963222 0.3395922746781116 0.0297723292469352 0.033261802575107295
0 0.06873905429071804 0.6646995708154506 0.025394045534150613 0.02467811158798283
0 0.5945709281961471 0.14109442060085836 0.02276707530647986 0.033261802575107295
0 0.9146234676007006 0.6260729613733905 0.023642732049036778 0.048283261802575105
0 0.38966725043782835 0.3315450643776824 0.043782837127845885 0.09442060085836909
0 0.8064798598949212 0.07993562231759657 0.0297723292469352 0.028969957081545063
0 0.29028021015761823 0.851931330472103 0.04115586690017513 0.0407725321888412
0 0.4330122591943958 0.9130901287553648 0.11295971978984239 0.09442060085836909
0 0.9500875656742557 0.546137339055794 0.03677758318739054 0.034334763948497854
0 0.8204903677758318 0.976931330472103 0.03677758318739054 0.022532188841201718
0 0.8550788091068301 0.44420600858369097 0.10070052539404553 0.07081545064377683
0 0.18476357267950963 0.9152360515021459 0.024518388791593695 0.032188841201716736
0 0.36252189141856395 0.4028969957081545 0.11558669001751314 0.04184549356223176
0 0.3235551663747811 0.328862660944206 0.05166374781085814 0.03540772532188841
0 0.7889667250437828 0.8363733905579399 0.03677758318739054 0.05686695278969957
0 0.5420315236427321 0.7805793991416309 0.05779334500875657 0.0611587982832618
0 0.8752189141856392 0.7564377682403434 0.04991243432574431 0.09227467811158799
0 0.6239054290718039 0.7655579399141631 0.016637478108581436 0.0203862660944206
0 0.4912434325744308 0.4184549356223176 0.047285464098073555 0.045064377682403435
0 0.3231173380035026 0.8326180257510729 0.02276707530647986 0.030042918454935622
0 0.45446584938704027 0.4844420600858369 0.0893169877408056 0.09549356223175966
0 0.4658493870402802 0.5681330472103004 0.0788091068301226 0.0611587982832618
0 0.2486865148861646 0.898068669527897 0.03327495621716287 0.03862660944206009
0 0.5700525394045535 0.5820815450643777 0.14535901926444833 0.22210300429184548
0 0.43563922942206657 0.1781115879828326 0.01838879159369527 0.045064377682403435
0 0.978108581436077 0.5826180257510729 0.03502626970227671 0.04935622317596566
0 0.16856392294220665 0.6432403433476395 0.023642732049036778 0.03540772532188841
0 0.4063047285464098 0.22585836909871246 0.02276707530647986 0.0611587982832618
0 0.7666374781085814 0.02521459227467811 0.14273204903677758 0.046137339055793994
0 0.5919439579684763 0.42435622317596566 0.010507880910683012 0.04184549356223176
0 0.5380910683012259 0.6883047210300429 0.04290718038528897 0.06330472103004292
0 0.839754816112084 0.36802575107296137 0.03327495621716287 0.030042918454935622
0 0.7342381786339754 0.10085836909871244 0.021891418563922942 0.04291845493562232
0 0.5858143607705779 0.674892703862661 0.02626970227670753 0.055793991416309016
0 0.1020140105078809 0.8465665236051502 0.025394045534150613 0.02575107296137339
0 0.7548161120840631 0.9833690987124464 0.014010507880910683 0.011802575107296136
0 0.9277583187390543 0.9688841201716738 0.04640980735551664 0.034334763948497854
0 0.45884413309982486 0.9801502145922747 0.047285464098073555 0.02682403433476395
0 0.2351138353765324 0.8068669527896996 0.02714535901926445 0.05793991416309013
0 0.5223292469352014 0.25643776824034337 0.0148861646234676 0.04935622317596566
0 0.1532399299474606 0.8707081545064378 0.02626970227670753 0.03755364806866953
0 0.23992994746059546 0.9543991416309013 0.024518388791593695 0.06545064377682404
0 0.6444833625218914 0.04667381974248927 0.07355516637478109 0.08476394849785408
0 0.239492119089317 0.33261802575107297 0.016637478108581436 0.02145922746781116
0 0.5774956217162872 0.36802575107296137 0.021891418563922942 0.047210300429184546
0 0.9343257443082312 0.6856223175965666 0.024518388791593695 0.02145922746781116
0 0.8809106830122592 0.0713519313304721 0.017513134851138354 0.013948497854077254
0 0.9496497373029772 0.8948497854077253 0.0989492119089317 0.10085836909871244
0 0.6825744308231173 0.9796137339055794 0.021891418563922942 0.02145922746781116
0 0.6624343257443083 0.47639484978540775 0.0446584938704028 0.02575107296137339
0 0.9509632224168126 0.028433476394849784 0.017513134851138354 0.02467811158798283
0 0.35288966725043786 0.47103004291845496 0.05779334500875657 0.08798283261802575
0 0.702276707530648 0.11158798283261803 0.02276707530647986 0.032188841201716736
0 0.6422942206654991 0.9050429184549357 0.03064798598949212 0.03540772532188841
0 0.9566549912434326 0.6834763948497854 0.0796847635726795 0.07510729613733906
0 0.931260945709282 0.9259656652360515 0.020140105078809107 0.032188841201716736
0 0.6816987740805605 0.43186695278969955 0.02714535901926445 0.0203862660944206
0 0.5065674255691769 0.7360515021459227 0.03415061295971979 0.03862660944206009
0 0.9457092819614711 0.42972103004291845 0.09632224168126094 0.15343347639484978
0 0.31436077057793343 0.990343347639485 0.01576182136602452 0.008583690987124463
0 0.9636602451838879 0.8154506437768241 0.03590192644483363 0.030042918454935622
0 0.40148861646234674 0.9383047210300429 0.04991243432574431 0.046137339055793994
0 0.20052539404553416 0.39860515021459225 0.050788091068301226 0.05042918454935622
0 0.8191768826619965 0.8454935622317596 0.021891418563922942 0.032188841201716736
0 0.2552539404553415 0.46620171673819744 0.021891418563922942 0.02682403433476395
0 0.0446584938704028 0.9924892703862661 0.024518388791593695 0.012875536480686695
0 0.8817863397548161 0.8433476394849785 0.01576182136602452 0.0407725321888412
0 0.8336252189141856 0.7392703862660944 0.024518388791593695 0.06223175965665236
0 0.8410683012259195 0.4232832618025751 0.028896672504378284 0.02682403433476395
0 0.12740805604203154 0.7714592274678111 0.03415061295971979 0.034334763948497854
0 0.4960595446584939 0.29238197424892703 0.025394045534150613 0.03755364806866953
0 0.006567425569176883 0.31759656652360513 0.00788091068301226 0.02145922746781116
0 0.9054290718038529 0.008047210300429184 0.024518388791593695 0.013948497854077254
0 0.06523642732049037 0.8583690987124464 0.01838879159369527 0.02145922746781116
0 0.4404553415061296 0.9613733905579399 0.021015761821366025 0.034334763948497854
0 0.4159369527145359 0.8755364806866953 0.06654991243432574 0.05793991416309013
0 0.9330122591943958 0.08798283261802575 0.020140105078809107 0.02575107296137339
0 0.6773204903677759 0.8723175965665236 0.0148861646234676 0.030042918454935622
0 0.6523642732049036 0.5332618025751072 0.02626970227670753 0.032188841201716736
0 0.07530647985989491 0.2784334763948498 0.017513134851138354 0.0203862660944206
0 0.9702276707530648 0.621244635193133 0.02626970227670753 0.045064377682403435
0 0.1668126094570928 0.2601931330472103 0.02714535901926445 0.03540772532188841
