0 0.8061305732484076 0.5213472485768501 0.0660828025477707 0.05787476280834915
0 0.42555732484076436 0.7632827324478179 0.05493630573248408 0.0825426944971537
0 0.3893312101910828 0.17599620493358634 0.038216560509554146 0.05218216318785579
0 0.07245222929936306 0.5592979127134725 0.06847133757961783 0.05977229601518027
0 0.6771496815286625 0.06688804554079697 0.03264331210191083 0.0635673624288425
0 0.8909235668789809 0.5004743833017078 0.03343949044585987 0.04269449715370019
0 0.6823248407643312 0.11432637571157496 0.03503184713375796 0.03700189753320683
0 0.1301751592356688 0.1347248576850095 0.06130573248407643 0.06451612903225806
0 0.5163216560509555 0.760910815939279 0.03901273885350319 0.058823529411764705
0 0.15286624203821658 0.5218216318785579 0.06210191082802548 0.04554079696394687
0 0.4888535031847134 0.8149905123339659 0.04140127388535032 0.04554079696394687
0 0.7257165605095541 0.543168880455408 0.035828025477707005 0.04459203036053131
0 0.910828025477707 0.7993358633776091 0.025477707006369428 0.04269449715370019
0 0.44705414012738853 0.6593927893738141 0.04856687898089172 0.030360531309297913
0 0.9506369426751593 0.7376660341555977 0.039808917197452234 0.05787476280834915
0 0.748407643312102 0.4672675521821632 0.028662420382165606 0.033206831119544596
0 0.383359872611465 0.5716318785578748 0.04060509554140128 0.04269449715370019
0 0.5417993630573249 0.2167931688804554 0.02786624203821656 0.03510436432637571
0 0.4713375796178344 0.5355787476280836 0.027070063694267517 0.03889943074003795
0 0.5453821656050956 0.29506641366223907 0.03343949044585987 0.06261859582542695
0 0.7742834394904459 0.6622390891840607 0.026273885350318472 0.028462998102466795
0 0.4418789808917198 0.1840607210626186 0.04140127388535032 0.0777988614800759
0 0.9331210191082803 0.4131878557874763 0.025477707006369428 0.03700189753320683
0 0.7635350318471338 0.6019924098671727 0.03343949044585987 0.03510436432637571
0 0.9382961783439491 0.4672675521821632 0.059713375796178345 0.04459203036053131
0 0.39689490445859876 0.2855787476280835 0.037420382165605094 0.028462998102466795
0 0.5493630573248408 0.8932637571157496 0.02229299363057325 0.054079696394686905
0 0.15406050955414013 0.6133776091081594 0.018312101910828025 0.023719165085388995
0 0.9418789808917198 0.6351992409867173 0.02388535031847134 0.03889943074003795
0 0.3785828025477707 0.7533206831119544 0.037420382165605094 0.024667931688804556
0 0.6098726114649682 0.11717267552182163 0.03662420382165605 0.04838709677419355
0 0.48964968152866245 0.1674573055028463 0.03184713375796178 0.04648956356736243
0 0.5011942675159236 0.6209677419354839 0.08041401273885351 0.054079696394686905
0 0.6309713375796179 0.43311195445920303 0.05015923566878981 0.05218216318785579
0 0.3602707006369427 0.32922201138519924 0.043789808917197456 0.036053130929791274
0 0.1930732484076433 0.47438330170777987 0.016719745222929936 0.020872865275142316
0 0.34156050955414013 0.2836812144212524 0.03343949044585987 0.022770398481973434
0 0.5680732484076434 0.7258064516129032 0.02786624203821656 0.05692599620493359
0 0.8539012738853503 0.2452561669829222 0.09315286624203822 0.08633776091081594
0 0.14888535031847133 0.9018026565464896 0.01751592356687898 0.03700189753320683
0 0.7165605095541402 0.04411764705882353 0.02229299363057325 0.03700189753320683
0 0.8821656050955414 0.4435483870967742 0.028662420382165606 0.033206831119544596
0 0.8073248407643312 0.4501897533206831 0.07961783439490447 0.07685009487666035
0 0.9789012738853504 0.8192599620493359 0.02945859872611465 0.04648956356736243
0 0.11464968152866242 0.5080645161290323 0.019108280254777073 0.019924098671726755
0 0.6807324840764332 0.6053130929791272 0.028662420382165606 0.020872865275142316
0 0.5867834394904459 0.17504743833017078 0.02229299363057325 0.027514231499051234
0 0.445859872611465 0.8889943074003795 0.028662420382165606 0.030360531309297913
0 0.14410828025477707 0.4340607210626186 0.019108280254777073 0.025616698292220113
0 0.4554140127388535 0.10815939278937381 0.038216560509554146 0.030360531309297913
0 0.8809713375796179 0.6793168880455408 0.035828025477707005 0.051233396584440226
0 0.7173566878980893 0.6105313092979128 0.02388535031847134 0.027514231499051234
0 0.4227707006369427 0.07827324478178369 0.030254777070063694 0.019924098671726755
0 0.560907643312102 0.8467741935483871 0.059713375796178345 0.08823529411764706
0 0.5744426751592357 0.4639468690702087 0.02945859872611465 0.05502846299810247
0 0.9140127388535032 0.22248576850094878 0.02388535031847134 0.029411764705882353
0 0.9478503184713376 0.8074003795066413 0.023089171974522295 0.030360531309297913
0 0.35270700636942676 0.07827324478178369 0.06528662420382166 0.04079696394686907
0 0.6190286624203822 0.22296015180265655 0.023089171974522295 0.03984819734345351
0 0.8005573248407644 0.5721062618595826 0.024681528662420384 0.036053130929791274
0 0.13654458598726116 0.10768500948766603 0.046974522292993634 0.055977229601518026
0 0.07961783439490447 0.6783681214421252 0.04140127388535032 0.07969639468690702
0 0.9378980891719746 0.5104364326375712 0.01592356687898089 0.018975332068311195
0 0.29020700636942676 0.1342504743833017 0.03423566878980892 0.04459203036053131
0 0.5573248407643312 0.7789373814041746 0.019108280254777073 0.04554079696394687
0 0.5210987261146497 0.3633776091081594 0.10270700636942676 0.1347248576850095
0 0.8491242038216561 0.6385199240986718 0.0660828025477707 0.06261859582542695
0 0.5760350318471338 0.642314990512334 0.03264331210191083 0.05502846299810247
0 0.17436305732484078 0.49003795066413663 0.01592356687898089 0.025616698292220113
0 0.1460987261146497 0.678842504743833 0.03423566878980892 0.023719165085388995
0 0.8694267515923567 0.8368121442125237 0.02070063694267516 0.036053130929791274
0 0.3674363057324841 0.3738140417457306 0.024681528662420384 0.04174573055028463
0 0.7034235668789809 0.6987666034155597 0.013535031847133758 0.023719165085388995
0 0.21536624203821658 0.9606261859582543 0.019904458598726117 0.03510436432637571
0 0.9032643312101911 0.5981973434535105 0.026273885350318472 0.025616698292220113
0 0.955015923566879 0.538899430740038 0.037420382165605094 0.05502846299810247
0 0.1875 0.11527514231499052 0.02945859872611465 0.027514231499051234
0 0.3531050955414013 0.21821631878557876 0.059713375796178345 0.04554079696394687
0 0.8013535031847134 0.40702087286527516 0.019904458598726117 0.024667931688804556
0 0.07125796178343949 0.6048387096774194 0.07085987261146497 0.05028462998102467
0 0.5421974522292994 0.6883301707779886 0.027070063694267517 0.033206831119544596
0 0.7890127388535032 0.709203036053131 0.02229299363057325 0.021821631878557877
0 0.383359872611465 0.12381404174573055 0.03901273885350319 0.05218216318785579
0 0.37977707006369427 0.6574952561669829 0.028662420382165606 0.030360531309297913
0 0.8980891719745223 0.31214421252371916 0.02388535031847134 0.022770398481973434
0 0.4299363057324841 0.8372865275142315 0.02229299363057325 0.031309297912713474
0 0.0999203821656051 0.41698292220113853 0.023089171974522295 0.04459203036053131
0 0.6130573248407644 0.6451612903225806 0.04140127388535032 0.08728652751423151
0 0.23288216560509556 0.9108159392789374 0.02786624203821656 0.026565464895635674
0 0.6779458598726115 0.15844402277039848 0.03901273885350319 0.03795066413662239
0 0.5398089171974523 0.11385199240986718 0.10668789808917198 0.08728652751423151
0 0.07085987261146497 0.49383301707779886 0.03503184713375796 0.031309297912713474
0 0.16958598726114651 0.08681214421252371 0.03503184713375796 0.019924098671726755
0 0.16679936305732485 0.579696394686907 0.09474522292993631 0.06451612903225806
0 0.7742834394904459 0.09108159392789374 0.023089171974522295 0.030360531309297913
0 0.6349522292993631 0.5777988614800759 0.10907643312101911 0.03795066413662239
0 0.6755573248407644 0.6427893738140418 0.04856687898089172 0.033206831119544596
0 0.2070063694267516 0.21299810246679318 0.03503184713375796 0.05218216318785579
0 0.44386942675159236 0.24478178368121442 0.05493630573248408 0.05502846299810247
0 0.1301751592356688 0.29411764705882354 0.046974522292993634 0.08538899430740038
0 0.36703821656050956 0.265180265654649 0.01592356687898089 0.018026565464895637
0 0.5123407643312102 0.5735294117647058 0.045382165605095545 0.04079696394686907
0 0.6480891719745223 0.178842504743833 0.02070063694267516 0.027514231499051234
0 0.5429936305732485 0.5094876660341556 0.08439490445859874 0.08728652751423151
0 0.5282643312101911 0.4335863377609108 0.07404458598726114 0.05692599620493359
0 0.7145700636942676 0.11242884250474383 0.03105095541401274 0.03510436432637571
0 0.42874203821656054 0.4293168880455408 0.1377388535031847 0.20398481973434535
0 0.5780254777070064 0.7898481973434536 0.01751592356687898 0.04079696394686907
0 0.04219745222929937 0.4620493358633776 0.03343949044585987 0.04554079696394687
0 0.8049363057324841 0.340607210626186 0.02229299363057325 0.03225806451612903
0 0.6035031847133758 0.7443074003795066 0.02070063694267516 0.055977229601518026
0 0.27348726114649685 0.9573055028462998 0.13455414012738853 0.04174573055028463
0 0.41640127388535036 0.5759013282732448 0.009554140127388536 0.03795066413662239
0 0.4534235668789809 0.32922201138519924 0.04060509554140128 0.058823529411764705
0 0.18511146496815287 0.6480075901328274 0.03105095541401274 0.026565464895635674
0 0.3001592356687898 0.8856736242884251 0.02070063694267516 0.04079696394686907
0 0.4084394904458599 0.34535104364326374 0.025477707006369428 0.051233396584440226
0 0.856687898089172 0.14800759013282733 0.02388535031847134 0.024667931688804556
0 0.23128980891719747 0.075426944971537 0.013535031847133758 0.010436432637571158
0 0.06847133757961783 0.10246679316888045 0.0445859872611465 0.03225806451612903
0 0.5115445859872612 0.054079696394686905 0.045382165605095545 0.024667931688804556
0 0.7324840764331211 0.19497153700189754 0.025477707006369428 0.054079696394686905
0 0.4916401273885351 0.7253320683111955 0.013535031847133758 0.04459203036053131
0 0.8061305732484076 0.12998102466793168 0.024681528662420384 0.03415559772296015
0 0.7201433121019108 0.05977229601518027 0.023089171974522295 0.06072106261859583
0 0.38813694267515925 0.9278937381404174 0.06926751592356688 0.0777988614800759
0 0.7551751592356688 0.6323529411764706 0.015127388535031847 0.019924098671726755
0 0.43312101910828027 0.6271347248576851 0.02070063694267516 0.043643263757115754
0 0.07762738853503186 0.36385199240986715 0.023089171974522295 0.019924098671726755
0 0.16321656050955416 0.9250474383301708 0.01592356687898089 0.013282732447817837
0 0.05214968152866242 0.1722011385199241 0.09315286624203822 0.0920303605313093
0 0.2997611464968153 0.0730550284629981 0.021496815286624206 0.018975332068311195
0 0.3471337579617835 0.5336812144212524 0.04299363057324841 0.023719165085388995
0 0.09912420382165606 0.9701138519924098 0.016719745222929936 0.021821631878557877
0 0.6401273885350319 0.5137571157495257 0.05573248407643312 0.08064516129032258
0 0.330015923566879 0.8723908918406073 0.021496815286624206 0.029411764705882353
0 0.3423566878980892 0.13851992409867173 0.028662420382165606 0.03225806451612903
0 0.05692675159235669 0.3681214421252372 0.07563694267515923 0.0683111954459203
0 0.06767515923566879 0.14231499051233396 0.019108280254777073 0.030360531309297913
0 0.3312101910828026 0.5768500948766604 0.025477707006369428 0.018975332068311195
0 0.4796974522292994 0.28225806451612906 0.03264331210191083 0.03510436432637571
0 0.08160828025477708 0.6000948766603416 0.09156050955414013 0.1413662239089184
0 0.6472929936305732 0.03225806451612903 0.014331210191082803 0.007590132827324478
0 0.04299363057324841 0.24667931688804554 0.03343949044585987 0.026565464895635674
0 0.5680732484076434 0.08776091081593929 0.046974522292993634 0.04269449715370019
0 0.7882165605095541 0.5678368121442126 0.04777070063694268 0.04648956356736243
0 0.17754777070063696 0.2073055028462998 0.02070063694267516 0.029411764705882353
0 0.7324840764331211 0.5104364326375712 0.02070063694267516 0.024667931688804556
0 0.902468152866242 0.009013282732447819 0.023089171974522295 0.012333965844402278
0 0.11863057324840764 0.2148956356736243 0.014331210191082803 0.03700189753320683
0 0.17078025477707007 0.305977229601518 0.023089171974522295 0.05787476280834915
0 0.18073248407643314 0.5972485768500949 0.027070063694267517 0.023719165085388995
0 0.8367834394904459 0.21869070208728653 0.03184713375796178 0.031309297912713474
0 0.5147292993630573 0.6902277039848197 0.023089171974522295 0.03510436432637571
0 0.9765127388535032 0.6266603415559773 0.007165605095541401 0.019924098671726755
0 0.14371019108280256 0.9852941176470589 0.023089171974522295 0.012333965844402278
0 0.8905254777070064 0.1342504743833017 0.016719745222929936 0.019924098671726755
0 0.5298566878980892 0.06973434535104364 0.019904458598726117 0.031309297912713474
0 0.5577229299363058 0.14658444022770398 0.06289808917197452 0.05218216318785579
0 0.11305732484076433 0.9136622390891841 0.019108280254777073 0.022770398481973434
0 0.3109076433121019 0.17125237191650855 0.013535031847133758 0.027514231499051234
0 0.3531050955414013 0.4814990512333966 0.024681528662420384 0.029411764705882353
0 0.9136146496815287 0.6684060721062619 0.016719745222929936 0.019924098671726755
0 0.04777070063694268 0.42599620493358636 0.02388535031847134 0.04174573055028463
0 0.8276273885350319 0.6921252371916509 0.026273885350318472 0.033206831119544596
