0 0.17860262008733624 0.4415236051502146 0.07074235807860262 0.06330472103004292
0 0.5991266375545852 0.22210300429184548 0.059388646288209605 0.09012875536480687
0 0.5917030567685589 0.8658798283261803 0.04104803493449782 0.05793991416309013
0 0.9563318777292577 0.4844420600858369 0.07336244541484717 0.06545064377682404
0 0.2786026200873363 0.9517167381974249 0.034934497816593885 0.06866952789699571
0 0.0868995633187773 0.4543991416309013 0.03580786026200873 0.046137339055793994
0 0.27685589519650655 0.8996781115879828 0.036681222707423584 0.03969957081545064
0 0.8620087336244542 0.9404506437768241 0.06462882096069869 0.06974248927038626
0 0.5034934497816594 0.21351931330472104 0.04104803493449782 0.06437768240343347
0 0.8681222707423581 0.5155579399141631 0.06637554585152838 0.05042918454935622
0 0.5362445414847161 0.1582618025751073 0.043668122270742356 0.05042918454935622
0 0.26506550218340613 0.4270386266094421 0.03755458515283843 0.04935622317596566
0 0.08951965065502183 0.12660944206008584 0.027074235807860263 0.047210300429184546
0 0.5685589519650656 0.3320815450643777 0.052401746724890834 0.033261802575107295
0 0.042358078602620086 0.18937768240343347 0.04279475982532751 0.06330472103004292
0 0.23449781659388647 0.5075107296137339 0.030567685589519653 0.03648068669527897
0 0.6292576419213974 0.43508583690987124 0.04279475982532751 0.046137339055793994
0 0.4336244541484716 0.8036480686695279 0.028820960698689956 0.03862660944206009
0 0.5331877729257642 0.4645922746781116 0.028820960698689956 0.04291845493562232
0 0.43580786026200874 0.7178111587982833 0.034934497816593885 0.06866952789699571
0 0.22270742358078602 0.2918454935622318 0.02794759825327511 0.032188841201716736
0 0.5362445414847161 0.8508583690987125 0.043668122270742356 0.08583690987124463
0 0.03537117903930131 0.5445278969957081 0.027074235807860263 0.03969957081545064
0 0.22969432314410482 0.3594420600858369 0.034934497816593885 0.03862660944206009
0 0.03449781659388646 0.4855150214592275 0.06375545851528384 0.048283261802575105
0 0.5921397379912664 0.7457081545064378 0.04017467248908297 0.030042918454935622
0 0.47860262008733623 0.06598712446351931 0.022707423580786028 0.059012875536480686
0 0.8746724890829695 0.41630901287553645 0.020087336244541485 0.02575107296137339
0 0.043668122270742356 0.30257510729613735 0.026200873362445417 0.04291845493562232
0 0.6480349344978166 0.23819742489270387 0.04017467248908297 0.02575107296137339
0 0.3537117903930131 0.903969957081545 0.03842794759825328 0.05257510729613734
0 0.4851528384279476 0.8637339055793991 0.03406113537117904 0.05150214592274678
0 0.508296943231441 0.3674892703862661 0.08558951965065502 0.059012875536480686
0 0.3567685589519651 0.5574034334763949 0.05327510917030568 0.05686695278969957
0 0.6344978165938865 0.7022532188841202 0.0462882096069869 0.03969957081545064
0 0.8222707423580786 0.5627682403433476 0.018340611353711792 0.022532188841201718
0 0.6502183406113538 0.7542918454935622 0.03580786026200873 0.02575107296137339
0 0.44541484716157204 0.24570815450643776 0.029694323144104803 0.06223175965665236
0 0.10567685589519651 0.7371244635193133 0.09956331877729258 0.09442060085836909
0 0.9026200873362445 0.10300429184549356 0.018340611353711792 0.0407725321888412
0 0.23537117903930133 0.971030042918455 0.023580786026200874 0.0407725321888412
0 0.09126637554585153 0.5182403433476395 0.030567685589519653 0.03648068669527897
0 0.17161572052401747 0.51931330472103 0.08471615720524017 0.08369098712446352
0 0.01921397379912664 0.09763948497854077 0.0314410480349345 0.05150214592274678
0 0.9078602620087336 0.5354077253218884 0.020087336244541485 0.02145922746781116
0 0.3170305676855895 0.3648068669527897 0.029694323144104803 0.023605150214592273
0 0.3829694323144105 0.8438841201716738 0.023580786026200874 0.03111587982832618
0 0.5873362445414847 0.08261802575107297 0.030567685589519653 0.032188841201716736
0 0.8707423580786027 0.6126609442060086 0.02096069868995633 0.027896995708154508
0 0.5161572052401747 0.9324034334763949 0.04017467248908297 0.032188841201716736
0 0.11179039301310044 0.2607296137339056 0.03842794759825328 0.055793991416309016
0 0.2790393013100437 0.3546137339055794 0.025327510917030567 0.03111587982832618
0 0.548471615720524 0.9683476394849785 0.03318777292576419 0.022532188841201718
0 0.4633187772925764 0.11534334763948498 0.06375545851528384 0.09763948497854077
0 0.4183406113537118 0.5311158798283262 0.0314410480349345 0.060085836909871244
0 0.04104803493449782 0.7548283261802575 0.026200873362445417 0.03111587982832618
0 0.05152838427947598 0.11373390557939914 0.02445414847161572 0.032188841201716736
0 0.622707423580786 0.9763948497854077 0.06986899563318777 0.045064377682403435
0 0.3519650655021834 0.7880901287553648 0.02445414847161572 0.043991416309012876
0 0.18820960698689956 0.3873390557939914 0.027074235807860263 0.0407725321888412
0 0.8537117903930131 0.9688841201716738 0.04978165938864629 0.06223175965665236
0 0.9580786026200874 0.3540772532188841 0.043668122270742356 0.08798283261802575
0 0.037991266375545854 0.4388412017167382 0.016593886462882096 0.02145922746781116
0 0.6934497816593886 0.9227467811158798 0.036681222707423584 0.04935622317596566
0 0.4611353711790393 0.18937768240343347 0.02096069868995633 0.05042918454935622
0 0.4668122270742358 0.6464592274678111 0.1091703056768559 0.14699570815450644
0 0.14192139737991266 0.3090128755364807 0.07074235807860262 0.06866952789699571
0 0.4310043668122271 0.3363733905579399 0.03406113537117904 0.059012875536480686
0 0.8432314410480349 0.5482832618025751 0.016593886462882096 0.027896995708154508
0 0.8882096069868995 0.34603004291845496 0.036681222707423584 0.02467811158798283
0 0.13580786026200875 0.09066523605150215 0.021834061135371178 0.03969957081545064
0 0.6296943231441048 0.6528969957081545 0.026200873362445417 0.046137339055793994
0 0.30043668122270745 0.2607296137339056 0.013973799126637555 0.02575107296137339
0 0.837117903930131 0.03111587982832618 0.021834061135371178 0.03862660944206009
0 0.08165938864628822 0.3465665236051502 0.028820960698689956 0.027896995708154508
0 0.022270742358078605 0.4055793991416309 0.039301310043668124 0.060085836909871244
0 0.8 0.9549356223175965 0.0314410480349345 0.030042918454935622
0 0.6327510917030568 0.8245708154506438 0.06375545851528384 0.05042918454935622
0 0.17423580786026202 0.5665236051502146 0.020087336244541485 0.027896995708154508
0 0.9611353711790394 0.43508583690987124 0.07598253275109171 0.05472103004291846
0 0.4703056768558952 0.29023605150214593 0.028820960698689956 0.03755364806866953
0 0.2109170305676856 0.23927038626609443 0.023580786026200874 0.023605150214592273
0 0.5934497816593887 0.9232832618025751 0.04104803493449782 0.05686695278969957
0 0.6393013100436682 0.34227467811158796 0.029694323144104803 0.034334763948497854
0 0.06462882096069869 0.6587982832618026 0.02445414847161572 0.02575107296137339
0 0.6004366812227074 0.1405579399141631 0.023580786026200874 0.034334763948497854
0 0.9161572052401747 0.6362660944206009 0.02445414847161572 0.04935622317596566
0 0.3921397379912664 0.328862660944206 0.043668122270742356 0.09549356223175966
0 0.814410480349345 0.08315450643776824 0.030567685589519653 0.028969957081545063
0 0.2851528384279476 0.851931330472103 0.04104803493449782 0.0407725321888412
0 0.4279475982532751 0.9163090128755365 0.11353711790393013 0.09442060085836909
0 0.9532751091703057 0.555793991416309 0.03755458515283843 0.034334763948497854
0 0.8165938864628821 0.9887339055793991 0.036681222707423584 0.022532188841201718
0 0.8585152838427947 0.4517167381974249 0.10131004366812227 0.07081545064377683
0 0.17816593886462884 0.9136266094420601 0.02445414847161572 0.033261802575107295
0 0.36375545851528385 0.4002145922746781 0.11615720524017467 0.0407725321888412
0 0.325764192139738 0.3251072961373391 0.052401746724890834 0.03648068669527897
0 0.7868995633187773 0.846030042918455 0.03842794759825328 0.05686695278969957
0 0.5393013100436681 0.7848712446351931 0.05851528384279476 0.0611587982832618
0 0.8751091703056769 0.7666309012875536 0.050655021834061134 0.09334763948497854
0 0.6218340611353712 0.7709227467811158 0.017467248908296942 0.0203862660944206
0 0.49301310043668123 0.4184549356223176 0.048034934497816595 0.045064377682403435
0 0.3183406113537118 0.8326180257510729 0.021834061135371178 0.030042918454935622
0 0.4550218340611354 0.4844420600858369 0.08908296943231442 0.09549356223175966
0 0.46506550218340614 0.569206008583691 0.0794759825327511 0.0611587982832618
0 0.24279475982532753 0.898068669527897 0.03318777292576419 0.03862660944206009
0 0.5698689956331878 0.5847639484978541 0.14585152838427948 0.22317596566523606
0 0.4406113537117904 0.17489270386266095 0.018340611353711792 0.045064377682403435
0 0.9807860262008734 0.5938841201716738 0.034934497816593885 0.05042918454935622
0 0.16550218340611353 0.6389484978540773 0.023580786026200874 0.03540772532188841
0 0.4096069868995633 0.22263948497854077 0.022707423580786028 0.0611587982832618
0 0.7751091703056768 0.02736051502145923 0.1423580786026201 0.046137339055793994
0 0.5938864628820961 0.42650214592274677 0.010480349344978166 0.04184549356223176
0 0.5362445414847161 0.6920600858369099 0.043668122270742356 0.06437768240343347
0 0.8445414847161572 0.37446351931330474 0.03318777292576419 0.030042918454935622
0 0.7410480349344978 0.10246781115879829 0.021834061135371178 0.043991416309012876
0 0.5847161572052402 0.6791845493562232 0.027074235807860263 0.05793991416309013
0 0.09563318777292576 0.8428111587982833 0.025327510917030567 0.02682403433476395
0 0.7506550218340612 0.9935622317596566 0.014847161572052401 0.01072961373390558
0 0.9248908296943231 0.9828326180257511 0.04716157205240175 0.034334763948497854
0 0.45283842794759827 0.9844420600858369 0.048034934497816595 0.02682403433476395
0 0.23056768558951965 0.8052575107296137 0.02794759825327511 0.059012875536480686
0 0.5262008733624455 0.2553648068669528 0.014847161572052401 0.04935622317596566
0 0.14759825327510917 0.8674892703862661 0.026200873362445417 0.03755364806866953
0 0.2331877729257642 0.9543991416309013 0.02445414847161572 0.06545064377682404
0 0.6519650655021835 0.047210300429184546 0.07423580786026202 0.08583690987124463
0 0.2406113537117904 0.3272532188841202 0.016593886462882096 0.02145922746781116
0 0.5803493449781659 0.36909871244635195 0.021834061135371178 0.047210300429184546
0 0.9353711790393013 0.6974248927038627 0.02445414847161572 0.02145922746781116
0 0.8890829694323145 0.07618025751072961 0.017467248908296942 0.015021459227467811
0 0.9475982532751092 0.9082618025751072 0.09956331877729258 0.10193133047210301
0 0.6777292576419214 0.9881974248927039 0.022707423580786028 0.02145922746781116
0 0.6641921397379913 0.48068669527896996 0.04454148471615721 0.02575107296137339
0 0.9602620087336244 0.03379828326180258 0.018340611353711792 0.02467811158798283
0 0.3528384279475983 0.4694206008583691 0.059388646288209605 0.0890557939914163
0 0.7091703056768559 0.11373390557939914 0.022707423580786028 0.032188841201716736
0 0.6384279475982533 0.9120171673819742 0.029694323144104803 0.03648068669527897
0 0.9576419213973799 0.6952789699570815 0.08122270742358079 0.07510729613733906
0 0.92882096069869 0.9393776824034334 0.020087336244541485 0.033261802575107295
0 0.6842794759825328 0.4356223175965665 0.027074235807860263 0.019313304721030045
0 0.5043668122270742 0.7398068669527897 0.03406113537117904 0.03969957081545064
0 0.9502183406113537 0.4393776824034335 0.09781659388646288 0.1555793991416309
0 0.3078602620087336 0.9924892703862661 0.016593886462882096 0.008583690987124463
0 0.962882096069869 0.8283261802575107 0.03580786026200873 0.030042918454935622
0 0.3956331877729258 0.9409871244635193 0.050655021834061134 0.047210300429184546
0 0.20043668122270744 0.3927038626609442 0.05152838427947598 0.05150214592274678
0 0.8179039301310044 0.8556866952789699 0.021834061135371178 0.033261802575107295
0 0.254585152838428 0.4619098712446352 0.021834061135371178 0.02682403433476395
0 0.036681222707423584 0.9887339055793991 0.02445414847161572 0.013948497854077254
0 0.880349344978166 0.8551502145922747 0.01572052401746725 0.0407725321888412
0 0.8331877729257642 0.7494635193133047 0.02445414847161572 0.06330472103004292
0 0.8449781659388647 0.4302575107296137 0.028820960698689956 0.02575107296137339
0 0.12183406113537118 0.7677038626609443 0.03406113537117904 0.033261802575107295
0 0.49912663755458514 0.29130901287553645 0.025327510917030567 0.03755364806866953
0 0.006550218340611354 0.30740343347639487 0.007860262008733625 0.022532188841201718
0 0.914410480349345 0.012339055793991416 0.02445414847161572 0.013948497854077254
0 0.05895196506550218 0.8540772532188842 0.018340611353711792 0.02145922746781116
0 0.4344978165938865 0.9656652360515021 0.021834061135371178 0.034334763948497854
0 0.41135371179039304 0.8782188841201717 0.06812227074235808 0.05686695278969957
0 0.9414847161572053 0.09388412017167382 0.02096069868995633 0.02467811158798283
0 0.6746724890829694 0.8803648068669527 0.014847161572052401 0.03111587982832618
0 0.6532751091703057 0.5375536480686696 0.026200873362445417 0.032188841201716736
0 0.07641921397379912 0.26931330472103004 0.018340611353711792 0.02145922746781116
0 0.9720524017467249 0.6325107296137339 0.026200873362445417 0.046137339055793994
0 0.1685589519650655 0.2532188841201717 0.02794759825327511 0.03648068669527897
