0 0.5642605633802817 0.9168466522678186 0.1073943661971831 0.09503239740820735
0 0.39524647887323944 0.23866090712742982 0.051056338028169015 0.09071274298056156
0 0.4053697183098592 0.8677105831533478 0.03961267605633803 0.05291576673866091
0 0.4881161971830986 0.22948164146868252 0.03961267605633803 0.06587473002159827
0 0.8996478873239436 0.46382289416846656 0.035211267605633804 0.04859611231101512
0 0.0448943661971831 0.4989200863930886 0.0721830985915493 0.06695464362850972
0 0.8076584507042254 0.4519438444924406 0.07130281690140845 0.061555075593952485
0 0.7240316901408451 0.43790496760259184 0.037852112676056336 0.04859611231101512
0 0.9423415492957746 0.20086393088552917 0.04137323943661972 0.06263498920086394
0 0.8160211267605634 0.5269978401727862 0.08274647887323944 0.08639308855291578
0 0.7117077464788732 0.9524838012958964 0.03433098591549296 0.07127429805615551
0 0.9507042253521127 0.5502159827213823 0.02640845070422535 0.03779697624190065
0 0.15845070422535212 0.9595032397408207 0.024647887323943664 0.03779697624190065
0 0.5356514084507042 0.4892008639308856 0.08890845070422536 0.10799136069114472
0 0.3455105633802817 0.2548596112311015 0.03961267605633803 0.028077753779697626
0 0.9036091549295775 0.3569114470842333 0.025528169014084508 0.02699784017278618
0 0.45510563380281693 0.1765658747300216 0.04401408450704226 0.05075593952483801
0 0.633362676056338 0.5658747300215983 0.05017605633802817 0.05615550755939525
0 0.5088028169014085 0.8666306695464363 0.03169014084507042 0.04643628509719223
0 0.5589788732394366 0.8077753779697625 0.029929577464788734 0.0367170626349892
0 0.8965669014084507 0.14092872570194384 0.0272887323943662 0.04643628509719223
0 0.3631161971830986 0.44870410367170627 0.0448943661971831 0.044276457883369334
0 0.4018485915492958 0.9254859611231102 0.030809859154929578 0.05615550755939525
0 0.35563380281690143 0.35745140388768903 0.029929577464788734 0.032397408207343416
0 0.945862676056338 0.7575593952483802 0.025528169014084508 0.03347732181425486
0 0.5567781690140845 0.7213822894168467 0.03609154929577465 0.06695464362850972
0 0.09507042253521127 0.12257019438444926 0.017605633802816902 0.035637149028077755
0 0.5726232394366197 0.5415766738660908 0.030809859154929578 0.0572354211663067
0 0.4590669014084507 0.47300215982721383 0.0272887323943662 0.032397408207343416
0 0.511443661971831 0.0847732181425486 0.022887323943661973 0.0572354211663067
0 0.7539612676056339 0.515658747300216 0.030809859154929578 0.035637149028077755
0 0.8503521126760564 0.1052915766738661 0.019366197183098594 0.03995680345572354
0 0.9410211267605634 0.3137149028077754 0.024647887323943664 0.04211663066954644
0 0.42473591549295775 0.34719222462203025 0.05017605633802817 0.03131749460043197
0 0.7574823943661972 0.3747300215982722 0.03609154929577465 0.04535637149028078
0 0.636443661971831 0.9065874730021599 0.03697183098591549 0.05291576673866091
0 0.7095070422535211 0.3666306695464363 0.024647887323943664 0.029157667386609073
0 0.4823943661971831 0.38606911447084236 0.08274647887323944 0.05075593952483801
0 0.44630281690140844 0.9697624190064795 0.03169014084507042 0.021598272138228944
0 0.2786091549295775 0.024838012958963283 0.03433098591549296 0.0367170626349892
0 0.6742957746478874 0.37580993520518363 0.03169014084507042 0.02591792656587473
0 0.9524647887323944 0.4924406047516199 0.06514084507042253 0.047516198704103674
0 0.6368838028169014 0.4816414686825054 0.05721830985915493 0.08423326133909288
0 0.34683098591549294 0.759719222462203 0.03345070422535212 0.02699784017278618
0 0.7640845070422535 0.3039956803455724 0.028169014084507043 0.03131749460043197
0 0.13380281690140847 0.9384449244060475 0.051056338028169015 0.05183585313174946
0 0.8111795774647887 0.9157667386609072 0.023767605633802816 0.032397408207343416
0 0.36223591549295775 0.8288336933045357 0.058978873239436624 0.05075593952483801
0 0.5272887323943662 0.13228941684665227 0.06338028169014084 0.0982721382289417
0 0.9793133802816901 0.4292656587473002 0.03433098591549296 0.091792656587473
0 0.6439260563380281 0.32613390928725705 0.07130281690140845 0.05615550755939525
0 0.12544014084507044 0.43358531317494603 0.020246478873239437 0.02699784017278618
0 0.7561619718309859 0.9589632829373651 0.02640845070422535 0.07127429805615551
0 0.894806338028169 0.5259179265658748 0.029049295774647887 0.032397408207343416
0 0.6386443661971831 0.7904967602591794 0.023767605633802816 0.04535637149028078
0 0.519806338028169 0.30561555075593955 0.029049295774647887 0.0367170626349892
0 0.20026408450704225 0.9568034557235422 0.030809859154929578 0.03023758099352052
0 0.5752640845070423 0.2381209503239741 0.030809859154929578 0.061555075593952485
0 0.1289612676056338 0.6225701943844493 0.020246478873239437 0.02699784017278618
0 0.5915492957746479 0.3358531317494601 0.04753521126760563 0.07775377969762419
0 0.4977992957746479 0.4346652267818575 0.0448943661971831 0.044276457883369334
0 0.9339788732394366 0.12688984881209503 0.024647887323943664 0.03347732181425486
0 0.4639084507042254 0.5572354211663068 0.045774647887323945 0.041036717062634995
0 0.4022887323943662 0.7537796976241901 0.040492957746478875 0.0367170626349892
0 0.10959507042253522 0.36285097192224625 0.037852112676056336 0.023758099352051837
0 0.09330985915492958 0.4163066954643629 0.028169014084507043 0.06803455723542116
0 0.8842429577464789 0.7397408207343413 0.09595070422535211 0.09503239740820735
0 0.5294894366197184 0.20518358531317496 0.020246478873239437 0.05183585313174946
0 0.17693661971830987 0.5728941684665227 0.017605633802816902 0.020518358531317497
0 0.7764084507042254 0.2526997840172786 0.022887323943661973 0.023758099352051837
0 0.15316901408450703 0.3876889848812095 0.029929577464788734 0.03455723542116631
0 0.9656690140845071 0.11015118790496761 0.03169014084507042 0.05399568034557236
0 0.08494718309859155 0.6474082073434125 0.023767605633802816 0.04643628509719223
0 0.9537852112676056 0.40388768898488125 0.020246478873239437 0.03455723542116631
0 0.0409330985915493 0.4519438444924406 0.07834507042253522 0.05291576673866091
0 0.3617957746478873 0.9157667386609072 0.03697183098591549 0.04319654427645789
0 0.7121478873239436 0.9017278617710583 0.03873239436619719 0.038876889848812095
0 0.07878521126760564 0.9854211663066955 0.0448943661971831 0.029157667386609073
0 0.7438380281690141 0.8990280777537798 0.022887323943661973 0.03347732181425486
0 0.8732394366197184 0.2726781857451404 0.03697183098591549 0.0572354211663067
0 0.1835387323943662 0.9897408207343413 0.03609154929577465 0.0183585313174946
0 0.03829225352112676 0.05615550755939525 0.01672535211267606 0.023758099352051837
0 0.39920774647887325 0.4400647948164147 0.011443661971830986 0.03995680345572354
0 0.09330985915492958 0.5485961123110151 0.02112676056338028 0.021598272138228944
0 0.9229753521126761 0.6636069114470843 0.023767605633802816 0.024838012958963283
0 0.30633802816901406 0.9249460043196545 0.03169014084507042 0.05075593952483801
0 0.07350352112676056 0.9438444924406048 0.020246478873239437 0.032397408207343416
0 0.8481514084507042 0.3201943844492441 0.06073943661971831 0.06803455723542116
0 0.9828345070422535 0.31911447084233263 0.02200704225352113 0.020518358531317497
0 0.7860915492957746 0.4049676025917927 0.04929577464788733 0.04967602591792657
0 0.8248239436619719 0.6436285097192225 0.019366197183098594 0.03455723542116631
0 0.6712147887323944 0.8347732181425487 0.02200704225352113 0.028077753779697626
0 0.3727992957746479 0.9762419006479482 0.06954225352112677 0.04319654427645789
0 0.39260563380281693 0.15766738660907129 0.022887323943661973 0.03455723542116631
0 0.45422535211267606 0.7921166306695465 0.058098591549295774 0.0572354211663067
0 0.4471830985915493 0.9233261339092873 0.022887323943661973 0.0367170626349892
0 0.9471830985915494 0.4470842332613391 0.017605633802816902 0.023758099352051837
0 0.45026408450704225 0.6868250539956804 0.029049295774647887 0.038876889848812095
0 0.16109154929577466 0.05129589632829374 0.02112676056338028 0.03779697624190065
0 0.22403169014084506 0.038336933045356375 0.07482394366197183 0.061555075593952485
0 0.04401408450704226 0.36987041036717067 0.045774647887323945 0.08531317494600432
0 0.7345950704225352 0.33423326133909287 0.0448943661971831 0.03131749460043197
0 0.5704225352112676 0.6690064794816415 0.03169014084507042 0.024838012958963283
0 0.2992957746478873 0.45464362850971923 0.04753521126760563 0.032397408207343416
0 0.5431338028169014 0.9730021598272138 0.051056338028169015 0.04535637149028078
0 0.9854753521126761 0.27429805615550756 0.020246478873239437 0.03455723542116631
0 0.49119718309859156 0.306695464362851 0.024647887323943664 0.038876889848812095
0 0.9876760563380282 0.5674946004319654 0.019366197183098594 0.06587473002159827
0 0.323943661971831 0.8822894168466523 0.012323943661971832 0.021598272138228944
0 0.4810739436619718 0.9330453563714903 0.03433098591549296 0.032397408207343416
0 0.2852112676056338 0.13390928725701945 0.02112676056338028 0.032397408207343416
0 0.5132042253521127 0.19168466522678188 0.02112676056338028 0.02267818574514039
0 0.4647887323943662 0.27159827213822896 0.01584507042253521 0.04643628509719223
0 0.2574823943661972 0.11825053995680346 0.01672535211267606 0.03779697624190065
0 0.4225352112676056 0.593952483801296 0.13028169014084506 0.20302375809935205
0 0.4044894366197183 0.10097192224622031 0.030809859154929578 0.03347732181425486
0 0.03653169014084507 0.5907127429805616 0.06778169014084508 0.08207343412526999
0 0.026848591549295774 0.02429805615550756 0.029049295774647887 0.03131749460043197
0 0.14348591549295775 0.9875809935205184 0.03697183098591549 0.02267818574514039
0 0.9256161971830986 0.8596112311015119 0.02200704225352113 0.021598272138228944
0 0.2495598591549296 0.9946004319654428 0.011443661971830986 0.008639308855291577
0 0.05721830985915493 0.9125269978401729 0.0897887323943662 0.09935205183585313
0 0.5506161971830986 0.18952483801295897 0.018485915492957746 0.04643628509719223
0 0.33670774647887325 0.4940604751619871 0.030809859154929578 0.024838012958963283
0 0.12984154929577466 0.519438444924406 0.06426056338028169 0.032397408207343416
0 0.7108274647887324 0.8072354211663068 0.032570422535211266 0.05075593952483801
0 0.18045774647887325 0.1031317494600432 0.028169014084507043 0.029157667386609073
0 0.8926056338028169 0.8450323974082073 0.02112676056338028 0.024838012958963283
0 0.06734154929577466 0.705183585313175 0.023767605633802816 0.021598272138228944
0 0.4568661971830986 0.8617710583153348 0.040492957746478875 0.07127429805615551
0 0.18309859154929578 0.8596112311015119 0.022887323943661973 0.032397408207343416
0 0.32702464788732394 0.052375809935205186 0.04137323943661972 0.091792656587473
0 0.7064260563380281 0.8612311015118791 0.0448943661971831 0.12203023758099353
0 0.5360915492957746 0.619330453563715 0.09859154929577466 0.15226781857451405
0 0.08318661971830986 0.03131749460043197 0.023767605633802816 0.019438444924406047
0 0.9110915492957746 0.28023758099352053 0.019366197183098594 0.02267818574514039
0 0.8415492957746479 0.873110151187905 0.024647887323943664 0.029157667386609073
0 0.6276408450704225 0.4146868250539957 0.11619718309859155 0.04535637149028078
0 0.12411971830985916 0.023758099352051837 0.019366197183098594 0.021598272138228944
0 0.9551056338028169 0.9870410367170627 0.019366197183098594 0.010799136069114472
0 0.9929577464788732 0.5485961123110151 0.008802816901408451 0.028077753779697626
0 0.5845070422535211 0.408207343412527 0.03169014084507042 0.032397408207343416
0 0.05721830985915493 0.11501079913606913 0.019366197183098594 0.024838012958963283
0 0.375 0.7003239740820735 0.017605633802816902 0.020518358531317497
0 0.6888204225352113 0.2748380129589633 0.013204225352112676 0.02699784017278618
0 0.15625 0.5610151187904968 0.01672535211267606 0.02699784017278618
0 0.7658450704225352 0.8228941684665227 0.03873239436619719 0.08855291576673867
0 0.12191901408450705 0.8612311015118791 0.013204225352112676 0.03779697624190065
