0 0.5621875000000001 0.07923076923076923 0.106875 0.09538461538461539
0 0.3953125 0.765 0.050625 0.09
0 0.4025 0.1296153846153846 0.03875 0.05153846153846154
0 0.4890625 0.7726923076923077 0.039375 0.06538461538461539
0 0.901875 0.5330769230769231 0.035 0.047692307692307694
0 0.0421875 0.5046153846153846 0.07187500000000001 0.06769230769230769
0 0.8096875 0.5453846153846154 0.07062500000000001 0.06153846153846154
0 0.7253125 0.5603846153846154 0.036875 0.04846153846153846
0 0.94625 0.7976923076923077 0.04125 0.06307692307692307
0 0.8171875000000001 0.4703846153846154 0.081875 0.08692307692307692
0 0.7103125 0.04153846153846154 0.034375 0.07076923076923076
0 0.9521875 0.445 0.025625000000000002 0.03769230769230769
0 0.15375 0.03923076923076923 0.02375 0.03692307692307692
0 0.535625 0.51 0.08875 0.1076923076923077
0 0.3459375 0.7488461538461538 0.038125 0.026923076923076925
0 0.90625 0.6407692307692308 0.02375 0.027692307692307693
0 0.4565625 0.8265384615384616 0.043125000000000004 0.05
0 0.633125 0.4323076923076923 0.05 0.05692307692307692
0 0.5065625 0.12923076923076923 0.030625 0.046153846153846156
0 0.556875 0.18884615384615386 0.02875 0.03769230769230769
0 0.9 0.8592307692307692 0.02625 0.046153846153846156
0 0.3621875 0.5534615384615384 0.044375 0.04384615384615385
0 0.39875 0.07076923076923076 0.03125 0.055384615384615386
0 0.355625 0.6453846153846153 0.02875 0.03230769230769231
0 0.9465625 0.23615384615384616 0.025625000000000002 0.03230769230769231
0 0.555625 0.27576923076923077 0.03625 0.06692307692307692
0 0.094375 0.8842307692307693 0.0175 0.03461538461538462
0 0.5721875 0.4573076923076923 0.029375000000000002 0.05615384615384615
0 0.45875 0.5276923076923077 0.02625 0.03076923076923077
0 0.51375 0.9188461538461539 0.02125 0.05615384615384615
0 0.7553125 0.4823076923076923 0.029375000000000002 0.03538461538461538
0 0.8540625000000001 0.895 0.018125 0.03923076923076923
0 0.944375 0.6838461538461539 0.02375 0.04153846153846154
0 0.4246875 0.6546153846153846 0.049375 0.03076923076923077
0 0.7590625 0.6238461538461538 0.035625000000000004 0.04461538461538461
0 0.634375 0.08846153846153847 0.03625 0.052307692307692305
0 0.7106250000000001 0.6330769230769231 0.02375 0.02923076923076923
0 0.483125 0.615 0.0825 0.05153846153846154
0 0.443125 0.026153846153846153 0.03125 0.021538461538461538
0 0.28 0.9807692307692307 0.03375 0.03538461538461538
0 0.675625 0.6234615384615385 0.03125 0.023846153846153847
0 0.9550000000000001 0.5038461538461538 0.065 0.047692307692307694
0 0.6375000000000001 0.5173076923076924 0.05625 0.0823076923076923
0 0.3446875 0.23923076923076922 0.033125 0.024615384615384615
0 0.76625 0.6953846153846154 0.02625 0.03076923076923077
0 0.1290625 0.06 0.051875000000000004 0.05076923076923077
0 0.81 0.07807692307692307 0.02375 0.031538461538461536
0 0.3590625 0.16884615384615384 0.058125 0.05
0 0.5290625 0.8703846153846154 0.063125 0.09923076923076923
0 0.981875 0.5673076923076923 0.03375 0.09307692307692307
0 0.6453125000000001 0.6742307692307692 0.07062500000000001 0.05615384615384615
0 0.1234375 0.57 0.019375 0.026153846153846153
0 0.7546875000000001 0.035 0.024375 0.07
0 0.89625 0.4703846153846154 0.02875 0.031538461538461536
0 0.6378125 0.20576923076923076 0.023125 0.04384615384615385
0 0.520625 0.6957692307692308 0.02875 0.03461538461538462
0 0.19593750000000001 0.04153846153846154 0.030625 0.02923076923076923
0 0.5765625 0.7630769230769231 0.030625 0.06
0 0.12625 0.37884615384615383 0.02 0.026923076923076925
0 0.5925 0.6646153846153846 0.0475 0.07846153846153846
0 0.4975 0.5661538461538461 0.043750000000000004 0.043076923076923075
0 0.938125 0.8723076923076923 0.025 0.033846153846153845
0 0.4628125 0.4426923076923077 0.044375 0.03923076923076923
0 0.400625 0.245 0.04 0.036153846153846154
0 0.108125 0.6419230769230769 0.03625 0.022307692307692306
0 0.09125 0.5873076923076923 0.02625 0.06692307692307692
0 0.8846875000000001 0.255 0.095625 0.09461538461538462
0 0.53125 0.7965384615384615 0.01875 0.05153846153846154
0 0.1746875 0.4288461538461538 0.016875 0.02076923076923077
0 0.77875 0.7473076923076923 0.0225 0.023846153846153847
0 0.151875 0.6153846153846154 0.03 0.033846153846153845
0 0.97 0.8896153846153846 0.03125 0.05307692307692308
0 0.0815625 0.355 0.023125 0.045384615384615384
0 0.9565625 0.5930769230769231 0.020625 0.033846153846153845
0 0.03875 0.5526923076923077 0.0775 0.05307692307692308
0 0.3584375 0.08115384615384616 0.036875 0.04230769230769231
0 0.7109375 0.0926923076923077 0.038125 0.03769230769230769
0 0.073125 0.013846153846153847 0.043750000000000004 0.027692307692307693
0 0.7428125 0.09538461538461539 0.021875000000000002 0.03230769230769231
0 0.87625 0.7257692307692307 0.03625 0.05615384615384615
0 0.17875 0.008461538461538461 0.03625 0.016923076923076923
0 0.0378125 0.9519230769230769 0.016875 0.022307692307692306
0 0.39875 0.5611538461538461 0.01 0.03923076923076923
0 0.0903125 0.4546153846153846 0.020625 0.02
0 0.9240625 0.3303846153846154 0.023125 0.023846153846153847
0 0.3025 0.07307692307692308 0.03125 0.05076923076923077
0 0.068125 0.05576923076923077 0.02 0.031538461538461536
0 0.8509375 0.678076923076923 0.060625 0.06692307692307692
0 0.9859375 0.6784615384615384 0.020625 0.02
0 0.788125 0.5938461538461538 0.04875 0.04923076923076923
0 0.8253125 0.3526923076923077 0.018125 0.03461538461538462
0 0.6703125 0.16038461538461538 0.020625 0.026923076923076925
0 0.369375 0.021153846153846155 0.06875 0.04230769230769231
0 0.3940625 0.8465384615384616 0.021875000000000002 0.03461538461538462
0 0.4521875 0.20615384615384616 0.056875 0.05692307692307692
0 0.444375 0.07307692307692308 0.02125 0.03538461538461538
0 0.949375 0.5496153846153846 0.01625 0.022307692307692306
0 0.44875 0.3119230769230769 0.0275 0.03769230769230769
0 0.1615625 0.955 0.020625 0.036153846153846154
0 0.2246875 0.9676923076923077 0.074375 0.06153846153846154
0 0.0415625 0.635 0.044375 0.08384615384615385
0 0.7365625 0.6653846153846154 0.044375 0.02923076923076923
0 0.5690625 0.32884615384615384 0.030625 0.023846153846153847
0 0.2984375 0.5476923076923077 0.046875 0.03230769230769231
0 0.5409375 0.022692307692307692 0.050625 0.045384615384615384
0 0.989375 0.7230769230769231 0.01875 0.033846153846153845
0 0.4915625 0.6942307692307692 0.024375 0.03769230769230769
0 0.989375 0.4276923076923077 0.01875 0.06615384615384616
0 0.32 0.11538461538461539 0.01125 0.02
0 0.478125 0.06307692307692307 0.03375 0.03230769230769231
0 0.2859375 0.8703846153846154 0.019375 0.031538461538461536
0 0.5146875 0.8103846153846154 0.020625 0.02076923076923077
0 0.4659375 0.7307692307692307 0.014375 0.046153846153846156
0 0.258125 0.8865384615384615 0.01625 0.036153846153846154
0 0.4215625 0.4053846153846154 0.129375 0.20461538461538462
0 0.4059375 0.9030769230769231 0.029375000000000002 0.033846153846153845
0 0.0334375 0.4126923076923077 0.066875 0.0823076923076923
0 0.026875 0.9838461538461538 0.02875 0.02923076923076923
0 0.138125 0.010769230769230769 0.03625 0.021538461538461538
0 0.925625 0.13346153846153846 0.02125 0.02076923076923077
0 0.245 0.003076923076923077 0.01125 0.006153846153846154
0 0.051562500000000004 0.08730769230769231 0.089375 0.09769230769230769
0 0.551875 0.813076923076923 0.0175 0.046153846153846156
0 0.335625 0.5069230769230769 0.03 0.024615384615384615
0 0.1275 0.48384615384615387 0.06375 0.03076923076923077
0 0.7096875 0.18769230769230769 0.031875 0.05076923076923077
0 0.1809375 0.9030769230769231 0.026875 0.027692307692307693
0 0.8928125 0.14807692307692308 0.019375 0.023846153846153847
0 0.06343750000000001 0.2969230769230769 0.023125 0.021538461538461538
0 0.4546875 0.13538461538461538 0.039375 0.07076923076923076
0 0.17875 0.13884615384615384 0.02125 0.031538461538461536
0 0.3278125 0.953076923076923 0.040625 0.09076923076923077
0 0.7053125 0.13346153846153846 0.044375 0.12076923076923077
0 0.5353125 0.37846153846153846 0.098125 0.1523076923076923
0 0.0828125 0.9757692307692307 0.023125 0.019230769230769232
0 0.9137500000000001 0.7180769230769231 0.01875 0.02076923076923077
0 0.84125 0.12076923076923077 0.02375 0.02923076923076923
0 0.6284375 0.5846153846153846 0.115625 0.04461538461538461
0 0.1246875 0.9834615384615385 0.018125 0.02076923076923077
0 0.9550000000000001 0.004615384615384615 0.01875 0.00923076923076923
0 0.995 0.44653846153846155 0.0075 0.02846153846153846
0 0.5846875 0.5915384615384616 0.030625 0.03076923076923077
0 0.05625 0.8919230769230769 0.01875 0.025384615384615384
0 0.37343750000000003 0.29846153846153844 0.016875 0.02
0 0.6909375 0.725 0.011875 0.026923076923076925
0 0.153125 0.4411538461538462 0.01625 0.025384615384615384
0 0.765 0.17153846153846153 0.03875 0.0876923076923077
0 0.11750000000000001 0.13923076923076924 0.01375 0.03692307692307692
