0 0.5798583792289536 0.11909262759924386 0.1038552321007081 0.0888468809073724
0 0.3886703383162864 0.7443289224952742 0.04878048780487805 0.08412098298676748
0 0.42486231313926043 0.15453686200378072 0.03776553894571204 0.0500945179584121
0 0.4775767112509835 0.7585066162570888 0.03776553894571204 0.0614366729678639
0 0.8815892997639654 0.5642722117202269 0.03383162863886703 0.045368620037807186
0 0.06490952006294257 0.4777882797731569 0.06845003933910307 0.06332703213610587
0 0.7930763178599528 0.5699432892249527 0.06766325727773406 0.05860113421550095
0 0.7124311565696302 0.5779773156899811 0.03697875688434304 0.046313799621928164
0 0.9114870180959874 0.8137996219281664 0.04012588512981904 0.05860113421550095
0 0.8040912667191188 0.5 0.07867820613690008 0.08128544423440454
0 0.7222659323367427 0.0940453686200378 0.03304484657749803 0.0671077504725898
0 0.933910306845004 0.4867674858223063 0.025177025963808025 0.035916824196597356
0 0.19315499606608968 0.05340264650283554 0.022816679779701022 0.03497164461247637
0 0.533831628638867 0.5174858223062382 0.08575924468922108 0.10113421550094519
0 0.3422501966955153 0.725897920604915 0.03776553894571204 0.026465028355387523
0 0.8808025177025964 0.6649338374291115 0.024390243902439025 0.02551984877126654
0 0.4437450826121164 0.8062381852551985 0.042486231313926044 0.04725897920604915
0 0.6309992132179386 0.4517958412098299 0.04878048780487805 0.052930056710775046
0 0.524390243902439 0.16209829867674858 0.03068450039339103 0.0444234404536862
0 0.5696302124311565 0.22069943289224953 0.02832415420928403 0.03497164461247637
0 0.8650668764752164 0.8672022684310019 0.025963808025177025 0.0444234404536862
0 0.36742722265932337 0.5453686200378072 0.042486231313926044 0.04158790170132325
0 0.42486231313926043 0.1001890359168242 0.02989771833202203 0.052930056710775046
0 0.35641227380015733 0.6304347826086957 0.02832415420928403 0.030245746691871456
0 0.9382376081825334 0.29206049149338376 0.024390243902439025 0.030245746691871456
0 0.5641227380015735 0.30151228733459357 0.03461841070023604 0.062381852551984876
0 0.0967741935483871 0.834593572778828 0.01730920535011802 0.034026465028355386
0 0.5715971675845791 0.47117202268431 0.029110936270653028 0.05387523629489603
0 0.46026750590086546 0.5283553875236295 0.026750590086546025 0.030245746691871456
0 0.4940991345397325 0.8955576559546314 0.022029897718332022 0.05387523629489603
0 0.7446892210857592 0.5070888468809074 0.029110936270653028 0.03308128544423441
0 0.8190401258851299 0.8969754253308129 0.01888276947285602 0.03780718336483932
0 0.9150275373721479 0.7079395085066162 0.023603461841070025 0.03969754253308129
0 0.4217151848937844 0.6436672967863895 0.04878048780487805 0.030245746691871456
0 0.7419354838709677 0.639413988657845 0.03461841070023604 0.04253308128544424
0 0.6487018095987411 0.13232514177693763 0.03540519276160504 0.04914933837429112
0 0.6955153422501967 0.6436672967863895 0.023603461841070025 0.02835538752362949
0 0.478756884343037 0.6110586011342155 0.07946498819826908 0.048204158790170135
0 0.46852871754523995 0.0614366729678639 0.03068450039339103 0.020793950850661626
0 0.2682926829268293 0.9376181474480152 0.03304484657749803 0.034026465028355386
0 0.6624704956726987 0.6327977315689981 0.02989771833202203 0.023629489603024575
0 0.9335169158143194 0.5411153119092628 0.06215578284815106 0.0444234404536862
0 0.6309992132179386 0.531663516068053 0.05507474429583006 0.07844990548204159
0 0.3646734854445319 0.2523629489603025 0.03225806451612903 0.02457466918714556
0 0.7450826121164438 0.7055765595463138 0.026750590086546025 0.029300567107750475
0 0.16876475216365067 0.07136105860113422 0.04956726986624705 0.048204158790170135
0 0.8158929976396538 0.13516068052930058 0.023603461841070025 0.030245746691871456
0 0.3823760818253344 0.1880907372400756 0.05664830841856806 0.04725897920604915
0 0.511014948859166 0.8516068052930057 0.06058221872541306 0.09262759924385633
0 0.956726986624705 0.6020793950850661 0.03304484657749803 0.08695652173913043
0 0.6306058221872541 0.6776937618147448 0.06845003933910307 0.052930056710775046
0 0.13847364280094415 0.5444234404536862 0.01888276947285602 0.026465028355387523
0 0.7651455546813533 0.09120982986767485 0.024390243902439025 0.0671077504725898
0 0.8796223446105429 0.5066162570888469 0.02832415420928403 0.030245746691871456
0 0.6455546813532651 0.24149338374291116 0.022816679779701022 0.04253308128544424
0 0.511014948859166 0.6890359168241966 0.02753737214791503 0.034026465028355386
0 0.23288749016522423 0.058128544423440454 0.02989771833202203 0.029300567107750475
0 0.5617623918174666 0.755671077504726 0.02989771833202203 0.057655954631379965
0 0.15027537372147914 0.3672022684310019 0.02045633359559402 0.02551984877126654
0 0.5814319433516916 0.6649338374291115 0.045633359559402044 0.07277882797731569
0 0.4956726986624705 0.5671077504725898 0.042486231313926044 0.04158790170132325
0 0.9000786782061369 0.8823251417769377 0.023603461841070025 0.031190926275992438
0 0.46813532651455547 0.4499054820415879 0.044059795436664044 0.03780718336483932
0 0.4177812745869394 0.2613421550094518 0.03933910306845004 0.03497164461247637
0 0.12116443745082613 0.6101134215500945 0.03619197482297404 0.021739130434782608
0 0.1073957513768686 0.5581285444234405 0.025963808025177025 0.06332703213610587
0 0.8788355625491738 0.30434782608695654 0.09126671911880409 0.0888468809073724
0 0.516522423288749 0.7835538752362949 0.01966955153422502 0.04914933837429112
0 0.1939417781274587 0.41682419659735354 0.016522423288749016 0.01890359168241966
0 0.7545239968528717 0.7551984877126654 0.022029897718332022 0.022684310018903593
0 0.16365066876475215 0.5888468809073725 0.02989771833202203 0.03213610586011342
0 0.9299763965381589 0.9002835538752363 0.02989771833202203 0.0500945179584121
0 0.1093627065302911 0.34120982986767484 0.022029897718332022 0.043478260869565216
0 0.9311565696302124 0.6242911153119093 0.01966955153422502 0.031190926275992438
0 0.05861526357199056 0.5222117202268431 0.07474429583005507 0.0500945179584121
0 0.3859166011014949 0.10680529300567108 0.03540519276160504 0.03969754253308129
0 0.7206923682140047 0.14224952741020794 0.03619197482297404 0.036862003780718335
0 0.11762391817466562 0.024102079395085067 0.041699449252557044 0.027410207939508508
0 0.7505900865460268 0.14603024574669188 0.022029897718332022 0.031190926275992438
0 0.8485444531864673 0.7419659735349716 0.03540519276160504 0.052930056710775046
0 0.2179386309992132 0.026465028355387523 0.03461841070023604 0.017013232514177693
0 0.03933910306845004 0.8927221172022685 0.015735641227380016 0.021739130434782608
0 0.4012588512981904 0.5552930056710775 0.011014948859166011 0.038752362948960305
0 0.11290322580645161 0.43478260869565216 0.01966955153422502 0.020793950850661626
0 0.912667191188041 0.3780718336483932 0.022029897718332022 0.022684310018903593
0 0.3332022029897718 0.09546313799621929 0.03068450039339103 0.04725897920604915
0 0.1109362706530291 0.06332703213610587 0.02045633359559402 0.030245746691871456
0 0.8261211644374509 0.6956521739130435 0.058221872541306056 0.06427221172022685
0 0.955153422501967 0.7051039697542534 0.02045633359559402 0.01890359168241966
0 0.7702596380802518 0.6124763705103969 0.04720692368214005 0.04725897920604915
0 0.8178599527930763 0.391304347826087 0.01809598741148702 0.03213610586011342
0 0.6789929189614476 0.20226843100189038 0.02045633359559402 0.026465028355387523
0 0.3992918961447679 0.05103969754253308 0.06687647521636507 0.03969754253308129
0 0.3831628638867034 0.8199432892249527 0.022029897718332022 0.03308128544423441
0 0.46931549960660895 0.22920604914933837 0.05586152635719906 0.05387523629489603
0 0.46813532651455547 0.10538752362948961 0.022029897718332022 0.03308128544423441
0 0.9264358772619984 0.5827032136105861 0.016522423288749016 0.021739130434782608
0 0.46066089693154993 0.3270321361058601 0.02753737214791503 0.035916824196597356
0 0.15656963021243114 0.9050094517958412 0.02045633359559402 0.03497164461247637
0 0.21636506687647522 0.9215500945179584 0.07238394964594808 0.05860113421550095
0 0.05782848151062156 0.5992438563327033 0.043273013375295044 0.07939508506616258
0 0.7179386309992132 0.6758034026465028 0.043273013375295044 0.02835538752362949
0 0.5751376868607396 0.3511342155009452 0.02989771833202203 0.023629489603024575
0 0.3060582218725413 0.5354442344045369 0.045633359559402044 0.031190926275992438
0 0.5617623918174666 0.06474480151228734 0.04878048780487805 0.04253308128544424
0 0.955940204563336 0.7476370510396976 0.01888276947285602 0.03213610586011342
0 0.4838709677419355 0.6862003780718336 0.023603461841070025 0.035916824196597356
0 0.970102281667978 0.4725897920604915 0.01888276947285602 0.062381852551984876
0 0.34775767112509837 0.13610586011342155 0.011014948859166011 0.01890359168241966
0 0.500786782061369 0.09829867674858224 0.03225806451612903 0.030245746691871456
0 0.2797010228166798 0.8355387523629489 0.01966955153422502 0.030245746691871456
0 0.5003933910306845 0.7953686200378072 0.02045633359559402 0.019848771266540645
0 0.45712037765538943 0.717391304347826 0.014162077104642014 0.043478260869565216
0 0.25177025963808025 0.8478260869565217 0.015735641227380016 0.035916824196597356
0 0.4303697875688434 0.41257088846880907 0.12431156569630213 0.19187145557655955
0 0.3922108575924469 0.8738185255198488 0.029110936270653028 0.031190926275992438
0 0.06058221872541306 0.39177693761814747 0.06451612903225806 0.07655954631379962
0 0.02714398111723053 0.9220226843100189 0.02753737214791503 0.029300567107750475
0 0.17977970102281668 0.025992438563327034 0.03540519276160504 0.021739130434782608
0 0.9232887490165225 0.195179584120983 0.021243115656963022 0.019848771266540645
0 0.2816679779701023 0.025992438563327034 0.011014948859166011 0.006616257088846881
0 0.0936270653029111 0.09073724007561437 0.08654602675059009 0.09262759924385633
0 0.5357985837922895 0.7996219281663516 0.01730920535011802 0.043478260869565216
0 0.34382376081825333 0.500945179584121 0.02832415420928403 0.02457466918714556
0 0.14712824547600314 0.46455576559546313 0.06136900078678206 0.029300567107750475
0 0.7155782848151062 0.23015122873345936 0.03068450039339103 0.048204158790170135
0 0.1778127458693942 0.8572778827977315 0.026750590086546025 0.026465028355387523
0 0.8910306845003934 0.20652173913043478 0.01966955153422502 0.023629489603024575
0 0.09480723839496459 0.28638941398865786 0.022816679779701022 0.020793950850661626
0 0.47442958300550747 0.16398865784499056 0.03776553894571204 0.0671077504725898
0 0.2120377655389457 0.14839319470699433 0.021243115656963022 0.030245746691871456
0 0.3154996066089693 0.9144612476370511 0.03933910306845004 0.08601134215500945
0 0.7136113296616837 0.17958412098298676 0.042486231313926044 0.11342155009451796
0 0.5397324940991345 0.3955576559546314 0.0944138473642801 0.14272211720226843
0 0.08143194335169159 0.918241965973535 0.022816679779701022 0.017958412098298678
0 0.8847364280094414 0.7372400756143668 0.01809598741148702 0.020793950850661626
0 0.8434303697875688 0.1772211720226843 0.023603461841070025 0.027410207939508508
0 0.6191974822974036 0.5935727788279773 0.11172305271439811 0.04158790170132325
0 0.11998426435877262 0.9291115311909263 0.01809598741148702 0.020793950850661626
0 0.9571203776553895 0.07703213610586011 0.01809598741148702 0.010396975425330813
0 0.974822974036192 0.4905482041587902 0.007867820613690008 0.026465028355387523
0 0.5774980330448466 0.5964083175803403 0.02989771833202203 0.030245746691871456
0 0.05979543666404406 0.8388468809073725 0.01888276947285602 0.023629489603024575
0 0.3894571203776554 0.30907372400756145 0.01730920535011802 0.01890359168241966
0 0.6719118804091266 0.7282608695652174 0.012588512981904013 0.02551984877126654
0 0.17348544453186468 0.42674858223062384 0.016522423288749016 0.02551984877126654
0 0.7682926829268293 0.21928166351606806 0.03697875688434304 0.0831758034026465
0 0.15381589299763965 0.14319470699432893 0.013375295043273012 0.03497164461247637
