0 0.5726495726495726 0.11527647610121837 0.10411810411810411 0.08997188378631678
0 0.3853923853923854 0.7492970946579194 0.04972804972804973 0.08528584817244611
0 0.4172494172494173 0.1527647610121837 0.037296037296037296 0.05060918462980319
0 0.47435897435897434 0.7624179943767573 0.03807303807303807 0.06091846298031865
0 0.87995337995338 0.5618556701030928 0.03341103341103341 0.04592314901593252
0 0.05710955710955711 0.4835988753514527 0.06915306915306915 0.06373008434864105
0 0.790986790986791 0.5684161199625117 0.06837606837606838 0.059044048734770385
0 0.7097902097902098 0.577319587628866 0.03651903651903652 0.046860356138706656
0 0.9118104118104118 0.8134957825679475 0.039627039627039624 0.05998125585754452
0 0.8014763014763014 0.49812558575445176 0.08003108003108003 0.08153701968134958
0 0.7160062160062161 0.08856607310215558 0.03341103341103341 0.06841611996251172
0 0.932012432012432 0.4831302717900656 0.02564102564102564 0.036551077788191194
0 0.1825951825951826 0.05295220243673852 0.023310023310023312 0.03467666354264293
0 0.5295260295260296 0.5187441424554827 0.08624708624708624 0.10215557638238051
0 0.3383838383838384 0.7310215557638238 0.03807303807303807 0.026241799437675725
0 0.87995337995338 0.6635426429240863 0.024087024087024088 0.026241799437675725
0 0.44094794094794093 0.8106841611996252 0.042735042735042736 0.046860356138706656
0 0.6266511266511267 0.4512652296157451 0.04895104895104895 0.053420805998125584
0 0.5174825174825175 0.15932521087160262 0.03108003108003108 0.04498594189315839
0 0.5633255633255633 0.21836925960637302 0.027972027972027972 0.03561387066541706
0 0.8651903651903652 0.8683223992502344 0.02564102564102564 0.044048734770384255
0 0.3620823620823621 0.5487347703842549 0.04351204351204351 0.04217432052483599
0 0.4160839160839161 0.0979381443298969 0.030303030303030304 0.053420805998125584
0 0.3515928515928516 0.6349578256794752 0.028749028749028748 0.030927835051546393
0 0.9347319347319347 0.28631677600749766 0.024864024864024864 0.030927835051546393
0 0.5582750582750583 0.2994376757263355 0.03496503496503497 0.06279287722586692
0 0.09207459207459208 0.8434864104967198 0.017871017871017872 0.033739456419868794
0 0.5672105672105672 0.47141518275538896 0.029526029526029528 0.05435801312089972
0 0.4553224553224553 0.5304592314901594 0.026418026418026416 0.02999062792877226
0 0.49184149184149184 0.9006560449859419 0.021756021756021756 0.05435801312089972
0 0.7412587412587412 0.5056232427366448 0.029526029526029528 0.03280224929709466
0 0.8197358197358198 0.8987816307403936 0.018648018648018648 0.03748828491096533
0 0.9141414141414141 0.7066541705716963 0.024087024087024088 0.03936269915651359
0 0.41763791763791763 0.647610121836926 0.04895104895104895 0.02999062792877226
0 0.7393162393162394 0.6391752577319588 0.03496503496503497 0.04311152764761012
0 0.6418026418026418 0.12792877225866917 0.035742035742035744 0.04967197750702906
0 0.6930846930846931 0.6443298969072165 0.023310023310023312 0.029053420805998126
0 0.4751359751359751 0.6138706654170571 0.08003108003108003 0.04873477038425492
0 0.4603729603729604 0.05810684161199625 0.030303030303030304 0.020618556701030927
0 0.26534576534576537 0.9456419868791003 0.03341103341103341 0.033739456419868794
0 0.6592851592851593 0.633552014995314 0.030303030303030304 0.02436738519212746
0 0.932012432012432 0.5379568884723525 0.06293706293706294 0.04498594189315839
0 0.6274281274281275 0.5313964386129335 0.05516705516705517 0.07872539831302718
0 0.35742035742035744 0.25257731958762886 0.03263403263403263 0.025304592314901595
0 0.7435897435897436 0.7057169634489222 0.026418026418026416 0.02999062792877226
0 0.1585081585081585 0.07122774133083412 0.04972804972804973 0.04873477038425492
0 0.8104118104118104 0.1288659793814433 0.023310023310023312 0.030927835051546393
0 0.3749028749028749 0.18791002811621368 0.05672105672105672 0.04779756326148079
0 0.508935508935509 0.8566073102155577 0.06060606060606061 0.09372071227741331
0 0.9553224553224553 0.598875351452671 0.03341103341103341 0.08809746954076851
0 0.6282051282051282 0.6794751640112465 0.06915306915306915 0.05248359887535145
0 0.1317016317016317 0.5501405810684161 0.019425019425019424 0.026241799437675725
0 0.7591297591297591 0.08528584817244611 0.024864024864024864 0.06747891283973759
0 0.8772338772338772 0.5032802249297095 0.027972027972027972 0.02999062792877226
0 0.6398601398601399 0.23898781630740396 0.022533022533022532 0.04311152764761012
0 0.5077700077700078 0.6921274601686973 0.027195027195027196 0.03467666354264293
0 0.22261072261072262 0.057638238050609185 0.030303030303030304 0.029053420805998126
0 0.559052059052059 0.7582005623242737 0.030303030303030304 0.05810684161199625
0 0.14219114219114218 0.37066541705716965 0.0202020202020202 0.025304592314901595
0 0.578088578088578 0.6668228678537957 0.046620046620046623 0.07403936269915652
0 0.49145299145299143 0.5684161199625117 0.042735042735042736 0.04217432052483599
0 0.9009324009324009 0.8828491096532334 0.024087024087024088 0.031865042174320526
0 0.4627039627039627 0.45032802249297094 0.04428904428904429 0.038425492033739454
0 0.411033411033411 0.26101218369259604 0.03885003885003885 0.03467666354264293
0 0.11460761460761461 0.6166822867853796 0.03651903651903652 0.022492970946579195
0 0.10062160062160062 0.5641986879100281 0.027195027195027196 0.06373008434864105
0 0.8749028749028749 0.2994376757263355 0.09168609168609168 0.08903467666354264
0 0.513986013986014 0.7877225866916588 0.019425019425019424 0.04967197750702906
0 0.1864801864801865 0.4203373945641987 0.017094017094017096 0.019681349578256794
0 0.7533022533022533 0.7563261480787254 0.022533022533022532 0.022492970946579195
0 0.15695415695415696 0.5946579194001874 0.029526029526029528 0.03280224929709466
0 0.9308469308469308 0.9006560449859419 0.029526029526029528 0.05060918462980319
0 0.10062160062160062 0.344892221180881 0.022533022533022532 0.04311152764761012
0 0.9300699300699301 0.6218369259606373 0.0202020202020202 0.03280224929709466
0 0.05128205128205128 0.528584817244611 0.07459207459207459 0.05060918462980319
0 0.37723387723387725 0.1049671977507029 0.03496503496503497 0.041237113402061855
0 0.7148407148407149 0.1373008434864105 0.037296037296037296 0.036551077788191194
0 0.10683760683760683 0.02436738519212746 0.042735042735042736 0.028116213683223992
0 0.7451437451437452 0.14104967197750704 0.021756021756021756 0.030927835051546393
0 0.8477078477078477 0.7417994376757263 0.035742035742035744 0.053420805998125584
0 0.20784770784770784 0.025773195876288662 0.03496503496503497 0.01780693533270853
0 0.034576534576534576 0.9029990627928772 0.016317016317016316 0.02155576382380506
0 0.3962703962703963 0.5581068416119963 0.010878010878010878 0.038425492033739454
0 0.1048951048951049 0.43955014058106845 0.0202020202020202 0.020618556701030927
0 0.9094794094794095 0.37347703842549207 0.022533022533022532 0.023430178069353328
0 0.3243978243978244 0.09418931583880037 0.030303030303030304 0.04779756326148079
0 0.10023310023310024 0.06373008434864105 0.0202020202020202 0.02999062792877226
0 0.8251748251748252 0.6949390815370197 0.059052059052059055 0.06466729147141519
0 0.9549339549339549 0.7033739456419869 0.0202020202020202 0.019681349578256794
0 0.7680652680652681 0.6119962511715089 0.0473970473970474 0.046860356138706656
0 0.8139083139083139 0.38847235238987815 0.017871017871017872 0.03280224929709466
0 0.6732711732711733 0.19821930646672914 0.02097902097902098 0.02717900656044986
0 0.39044289044289043 0.04873477038425492 0.0675990675990676 0.041237113402061855
0 0.37995337995337997 0.8256794751640113 0.021756021756021756 0.033739456419868794
0 0.46231546231546233 0.22774133083411435 0.055944055944055944 0.05435801312089972
0 0.45998445998445997 0.10262417994376757 0.021756021756021756 0.03467666354264293
0 0.9246309246309247 0.5801312089971884 0.017094017094017096 0.022492970946579195
0 0.45454545454545453 0.32661668228678536 0.027972027972027972 0.036551077788191194
0 0.15268065268065267 0.9137769447047798 0.02097902097902098 0.03561387066541706
0 0.2128982128982129 0.9301780693533271 0.07303807303807304 0.059044048734770385
0 0.050893550893550896 0.6063730084348641 0.04428904428904429 0.08059981255857544
0 0.7160062160062161 0.676194939081537 0.04428904428904429 0.029053420805998126
0 0.5695415695415695 0.3500468603561387 0.029526029526029528 0.023430178069353328
0 0.3003108003108003 0.5393626991565136 0.04584304584304584 0.030927835051546393
0 0.5543900543900544 0.060449859418931585 0.04895104895104895 0.044048734770384255
0 0.9560994560994561 0.746485473289597 0.019425019425019424 0.03280224929709466
0 0.48057498057498055 0.689315838800375 0.024087024087024088 0.036551077788191194
0 0.9681429681429682 0.4681349578256795 0.018648018648018648 0.06279287722586692
0 0.33916083916083917 0.13542642924086223 0.011655011655011656 0.019681349578256794
0 0.4926184926184926 0.0951265229615745 0.03263403263403263 0.030927835051546393
0 0.27583527583527584 0.8420805998125586 0.0202020202020202 0.030927835051546393
0 0.4976689976689977 0.7994376757263355 0.02097902097902098 0.020618556701030927
0 0.45376845376845376 0.7211808809746955 0.013986013986013986 0.044048734770384255
0 0.24825174825174826 0.8556701030927836 0.016317016317016316 0.03561387066541706
0 0.42424242424242425 0.4133083411433927 0.12432012432012432 0.19306466729147143
0 0.38927738927738925 0.880037488284911 0.029526029526029528 0.031865042174320526
0 0.052059052059052056 0.3969072164948454 0.06526806526806526 0.07778819119025304
0 0.022533022533022532 0.9329896907216495 0.027972027972027972 0.029053420805998126
0 0.16938616938616938 0.025304592314901595 0.035742035742035744 0.022492970946579195
0 0.9191919191919192 0.18837863167760074 0.021756021756021756 0.020618556701030927
0 0.27195027195027194 0.02436738519212746 0.010878010878010878 0.007497656982193065
0 0.08313908313908314 0.09184629803186505 0.08702408702408702 0.09372071227741331
0 0.5334110334110335 0.8036551077788191 0.017871017871017872 0.044048734770384255
0 0.3383838383838384 0.5037488284910966 0.028749028749028748 0.023430178069353328
0 0.13986013986013987 0.46860356138706655 0.06216006216006216 0.02999062792877226
0 0.7101787101787101 0.2268041237113402 0.03108003108003108 0.04873477038425492
0 0.17365967365967366 0.865979381443299 0.027195027195027196 0.026241799437675725
0 0.8869463869463869 0.2000937207122774 0.019425019425019424 0.023430178069353328
0 0.08585858585858586 0.2891283973758201 0.022533022533022532 0.02155576382380506
0 0.466977466977467 0.16213683223992503 0.03885003885003885 0.06747891283973759
0 0.20279720279720279 0.1485473289597001 0.021756021756021756 0.030927835051546393
0 0.31274281274281274 0.922211808809747 0.039627039627039624 0.08622305529522024
0 0.7074592074592074 0.17478912839737581 0.042735042735042736 0.11527647610121837
0 0.5345765345765345 0.3950328022492971 0.0947940947940948 0.14339268978444236
0 0.07692307692307693 0.9287722586691659 0.023310023310023312 0.018744142455482664
0 0.8842268842268842 0.7366447985004686 0.018648018648018648 0.020618556701030927
0 0.8387723387723388 0.17104029990627928 0.024087024087024088 0.02717900656044986
0 0.6157731157731158 0.5941893158388004 0.11266511266511267 0.04311152764761012
0 0.11616161616161616 0.9390815370196813 0.017871017871017872 0.020618556701030927
0 0.9518259518259519 0.06888472352389878 0.018648018648018648 0.010309278350515464
0 0.9728049728049728 0.4864104967197751 0.00777000777000777 0.026241799437675725
0 0.5738150738150738 0.5979381443298969 0.030303030303030304 0.02999062792877226
0 0.05516705516705517 0.8481724461105905 0.018648018648018648 0.02436738519212746
0 0.3822843822843823 0.309746954076851 0.017094017094017096 0.019681349578256794
0 0.6697746697746698 0.7296157450796626 0.012432012432012432 0.025304592314901595
0 0.1658896658896659 0.43064667291471415 0.016317016317016316 0.025304592314901595
0 0.763014763014763 0.21415182755388942 0.037296037296037296 0.08341143392689784
0 0.14413364413364413 0.1443298969072165 0.013209013209013208 0.03561387066541706
