0 0.41660377358490563 0.12848158131177 0.10113207547169811 0.0862533692722372
0 0.6169811320754717 0.7309074573225517 0.047547169811320754 0.08176100628930819
0 0.5690566037735849 0.15813117699910154 0.03622641509433962 0.04851752021563342
0 0.530188679245283 0.7475292003593891 0.0369811320754717 0.05929919137466308
0 0.1290566037735849 0.5700808625336927 0.03320754716981132 0.04402515723270441
0 0.9301886792452829 0.4618149146451033 0.06716981132075471 0.061096136567834684
0 0.21660377358490565 0.573674752920036 0.06641509433962264 0.05660377358490566
0 0.2958490566037736 0.5786163522012578 0.03622641509433962 0.04492362982929021
0 0.10528301886792453 0.8140161725067386 0.038490566037735846 0.05750224618149147
0 0.20415094339622641 0.5058400718778078 0.07773584905660377 0.07906558849955077
0 0.27584905660377357 0.1082659478885894 0.03245283018867924 0.06558849955076371
0 0.07622641509433963 0.49640610961365683 0.024150943396226414 0.03504043126684636
0 0.7950943396226414 0.05256064690026954 0.02188679245283019 0.033243486073674756
0 0.4694339622641509 0.5148247978436657 0.08452830188679245 0.09883198562443846
0 0.6622641509433962 0.711590296495957 0.0369811320754717 0.025157232704402517
0 0.13245283018867923 0.6684636118598383 0.02339622641509434 0.025157232704402517
0 0.5641509433962264 0.7929020664869721 0.04150943396226415 0.04582210242587601
0 0.3732075471698113 0.4537286612758311 0.047547169811320754 0.052111410601976646
0 0.4716981132075471 0.1684636118598383 0.03018867924528302 0.042228212039532795
0 0.4283018867924528 0.22641509433962265 0.02792452830188679 0.034141958670260555
0 0.1520754716981132 0.8647798742138365 0.024905660377358488 0.042228212039532795
0 0.6339622641509434 0.536837376460018 0.04226415094339622 0.04043126684636119
0 0.5686792452830188 0.10512129380053908 0.02943396226415094 0.050314465408805034
0 0.6467924528301886 0.619496855345912 0.027169811320754716 0.02964959568733154
0 0.06792452830188679 0.30727762803234504 0.024150943396226414 0.030548068283917342
0 0.4350943396226415 0.30503144654088055 0.033962264150943396 0.06019766397124888
0 0.9060377358490566 0.8099730458221025 0.017358490566037735 0.033243486073674756
0 0.43169811320754714 0.4707996406109614 0.028679245283018868 0.052111410601976646
0 0.5426415094339623 0.523360287511231 0.025660377358490565 0.02964959568733154
0 0.5169811320754717 0.8814016172506739 0.02113207547169811 0.052111410601976646
0 0.26264150943396225 0.5107816711590297 0.028679245283018868 0.031446540880503145
0 0.19773584905660377 0.8926325247079965 0.01811320754716981 0.03683737646001797
0 0.09962264150943395 0.711141060197664 0.022641509433962263 0.03863432165318958
0 0.5830188679245283 0.6343216531895778 0.047547169811320754 0.028751123090745734
0 0.2683018867924528 0.6397124887690926 0.033962264150943396 0.04132973944294699
0 0.3494339622641509 0.14330637915543576 0.03471698113207547 0.04761904761904762
0 0.31396226415094336 0.6424079065588499 0.022641509433962263 0.026954177897574125
0 0.5256603773584906 0.6046720575022462 0.07773584905660377 0.04672057502246182
0 0.5245283018867924 0.06828391734052111 0.03018867924528302 0.019766397124887692
0 0.7396226415094339 0.9150943396226415 0.03169811320754717 0.033243486073674756
0 0.34641509433962264 0.6307277628032345 0.028679245283018868 0.02336028751123091
0 0.07811320754716981 0.5498652291105122 0.06113207547169811 0.0431266846361186
0 0.37471698113207547 0.5309973045822103 0.05358490566037736 0.07547169811320756
0 0.630188679245283 0.25157232704402516 0.03169811320754717 0.02336028751123091
0 0.2664150943396226 0.7035040431266847 0.025660377358490565 0.028751123090745734
0 0.8196226415094339 0.06918238993710692 0.04830188679245283 0.04672057502246182
0 0.18452830188679245 0.1504941599281222 0.02339622641509434 0.02964959568733154
0 0.6116981132075472 0.19002695417789758 0.05509433962264151 0.04582210242587601
0 0.4996226415094339 0.8391734052111411 0.05886792452830188 0.08984725965858043
0 0.05622641509433962 0.6091644204851753 0.03245283018867924 0.08445642407906559
0 0.37773584905660373 0.6734052111410602 0.06716981132075471 0.05121293800539084
0 0.8584905660377358 0.5292003593890386 0.018867924528301886 0.025157232704402517
0 0.23396226415094337 0.1069182389937107 0.024150943396226414 0.0646900269541779
0 0.13018867924528302 0.51392632524708 0.02792452830188679 0.028751123090745734
0 0.3543396226415094 0.24977538185085357 0.02188679245283019 0.04132973944294699
0 0.49584905660377354 0.6810422282120395 0.027169811320754716 0.03234501347708895
0 0.7558490566037736 0.058849955076370176 0.02943396226415094 0.027852650494159928
0 0.4479245283018868 0.7470799640610962 0.02943396226415094 0.05660377358490566
0 0.8433962264150943 0.35624438454627133 0.018867924528301886 0.02425876010781671
0 0.4264150943396226 0.6599281221922731 0.045283018867924525 0.07097933513027853
0 0.5083018867924528 0.5619946091644206 0.04150943396226415 0.04043126684636119
0 0.11773584905660377 0.8805031446540881 0.024150943396226414 0.030548068283917342
0 0.5332075471698113 0.4469901168014376 0.043018867924528296 0.03683737646001797
0 0.5784905660377359 0.2619047619047619 0.038490566037735846 0.033243486073674756
0 0.8773584905660377 0.5920934411500449 0.03547169811320754 0.0215633423180593
0 0.8898113207547169 0.541329739442947 0.025660377358490565 0.06199460916442049
0 0.12679245283018867 0.31805929919137466 0.0890566037735849 0.0862533692722372
0 0.49245283018867925 0.7731356693620844 0.018867924528301886 0.04761904761904762
0 0.8015094339622642 0.4065588499550764 0.01660377358490566 0.01886792452830189
0 0.25773584905660374 0.752470799640611 0.02188679245283019 0.022461814914645106
0 0.8350943396226415 0.5727762803234502 0.02943396226415094 0.031446540880503145
0 0.0890566037735849 0.8989218328840971 0.028679245283018868 0.04941599281221923
0 0.8833962264150943 0.33018867924528306 0.02188679245283019 0.042228212039532795
0 0.08226415094339622 0.6302785265049416 0.01962264150943396 0.031446540880503145
0 0.9366037735849057 0.504941599281222 0.07245283018867923 0.04851752021563342
0 0.6067924528301887 0.11051212938005392 0.03471698113207547 0.039532794249775384
0 0.2784905660377358 0.15498652291105122 0.03622641509433962 0.03504043126684636
0 0.8683018867924528 0.0215633423180593 0.04150943396226415 0.026954177897574125
0 0.2490566037735849 0.15992812219227315 0.02113207547169811 0.030548068283917342
0 0.1652830188679245 0.7425876010781671 0.03471698113207547 0.05121293800539084
0 0.769433962264151 0.02740341419586703 0.033962264150943396 0.017070979335130278
0 0.9633962264150943 0.8652291105121295 0.015849056603773583 0.0215633423180593
0 0.600754716981132 0.5476190476190477 0.010566037735849056 0.03683737646001797
0 0.8815094339622641 0.42138364779874216 0.01962264150943396 0.019766397124887692
0 0.09509433962264151 0.39038634321653193 0.02113207547169811 0.022461814914645106
0 0.6581132075471697 0.09748427672955975 0.03018867924528302 0.04582210242587601
0 0.8758490566037735 0.059748427672955975 0.018867924528301886 0.02964959568733154
0 0.18641509433962264 0.6967654986522911 0.057358490566037736 0.06199460916442049
0 0.06 0.7102425876010782 0.020377358490566037 0.01886792452830189
0 0.23962264150943394 0.6141060197663971 0.0460377358490566 0.04582210242587601
0 0.18830188679245283 0.4002695417789758 0.017358490566037735 0.031446540880503145
0 0.32075471698113206 0.2115902964959569 0.02113207547169811 0.026055705300988323
0 0.5924528301886792 0.05660377358490566 0.06490566037735848 0.039532794249775384
0 0.6241509433962263 0.8041329739442947 0.02113207547169811 0.03234501347708895
0 0.5275471698113208 0.23180592991913748 0.05433962264150943 0.052111410601976646
0 0.5260377358490566 0.11141060197663971 0.02113207547169811 0.03234501347708895
0 0.08603773584905659 0.5898472596585804 0.01660377358490566 0.020664869721473494
0 0.5373584905660377 0.32659478885893983 0.027169811320754716 0.03504043126684636
0 0.8483018867924528 0.8805031446540881 0.01962264150943396 0.034141958670260555
0 0.790188679245283 0.8980233602875113 0.07094339622641509 0.05660377358490566
0 0.9392452830188679 0.5795148247978437 0.043018867924528296 0.07726864330637916
0 0.29245283018867924 0.674303683737646 0.043018867924528296 0.027852650494159928
0 0.4260377358490566 0.35399820305480684 0.02943396226415094 0.02336028751123091
0 0.6939622641509433 0.5251572327044025 0.04452830188679245 0.02964959568733154
0 0.4328301886792453 0.07457322551662175 0.047547169811320754 0.04132973944294699
0 0.06 0.7515723270440252 0.018867924528301886 0.031446540880503145
0 0.5226415094339623 0.6769991015274035 0.02339622641509434 0.03504043126684636
0 0.04 0.4838274932614556 0.01811320754716981 0.06019766397124888
0 0.6449056603773584 0.13791554357592095 0.011320754716981131 0.01886792452830189
0 0.4935849056603773 0.105570530098832 0.03169811320754717 0.02964959568733154
0 0.7267924528301887 0.8162623539982031 0.01962264150943396 0.02964959568733154
0 0.5086792452830189 0.784366576819407 0.01962264150943396 0.019766397124887692
0 0.5494339622641509 0.706648697214735 0.013584905660377358 0.042228212039532795
0 0.7535849056603773 0.8274932614555256 0.015849056603773583 0.034141958670260555
0 0.5694339622641509 0.4092542677448338 0.12150943396226414 0.18598382749326148
0 0.6166037735849056 0.8571428571428572 0.028679245283018868 0.030548068283917342
0 0.9320754716981131 0.3778077268643307 0.06339622641509433 0.07457322551662175
0 0.9762264150943396 0.8935309973045823 0.02792452830188679 0.027852650494159928
0 0.8075471698113207 0.025157232704402517 0.03471698113207547 0.0215633423180593
0 0.08037735849056603 0.2129380053908356 0.020377358490566037 0.019766397124887692
0 0.7071698113207546 0.028751123090745734 0.010566037735849056 0.0071877807726864335
0 0.8932075471698113 0.0862533692722372 0.08377358490566038 0.08984725965858043
0 0.4743396226415094 0.789308176100629 0.017358490566037735 0.042228212039532795
0 0.6562264150943395 0.4928122192273136 0.02792452830188679 0.022461814914645106
0 0.8483018867924528 0.4510332434860737 0.06037735849056604 0.028751123090745734
0 0.28566037735849054 0.2407906558849955 0.030943396226415093 0.04672057502246182
0 0.8267924528301887 0.835130278526505 0.02641509433962264 0.026055705300988323
0 0.11245283018867924 0.22237196765498654 0.01962264150943396 0.022461814914645106
0 0.8962264150943395 0.2762803234501348 0.02188679245283019 0.020664869721473494
0 0.5207547169811321 0.16891284815813118 0.03773584905660377 0.0646900269541779
0 0.7781132075471697 0.14510332434860737 0.02113207547169811 0.02964959568733154
0 0.6924528301886792 0.8944294699011681 0.038490566037735846 0.08355795148247978
0 0.28641509433962264 0.19092542677448338 0.04150943396226415 0.11051212938005392
0 0.4615094339622641 0.39622641509433965 0.09283018867924528 0.13836477987421383
0 0.9230188679245283 0.8912848158131177 0.022641509433962263 0.017969451931716084
0 0.12981132075471696 0.738993710691824 0.01811320754716981 0.020664869721473494
0 0.15886792452830187 0.192722371967655 0.02339622641509434 0.026055705300988323
0 0.3879245283018868 0.5911949685534591 0.10867924528301887 0.04132973944294699
0 0.8849056603773584 0.9029649595687332 0.017358490566037735 0.019766397124887692
0 0.04490566037735849 0.09838274932614556 0.018867924528301886 0.009883198562443846
0 0.03622641509433962 0.5017969451931716 0.007547169811320755 0.026055705300988323
0 0.4290566037735849 0.5929919137466307 0.02943396226415094 0.028751123090745734
0 0.9418867924528301 0.8131176999101528 0.01811320754716981 0.02336028751123091
0 0.6075471698113207 0.30772686433063795 0.01660377358490566 0.01886792452830189
0 0.3388679245283019 0.7237196765498652 0.012075471698113207 0.02425876010781671
0 0.8215094339622641 0.41554357592093444 0.015849056603773583 0.02425876010781671
0 0.23320754716981132 0.23090745732255166 0.03622641509433962 0.08086253369272238
0 0.8354716981132075 0.13926325247079965 0.013584905660377358 0.034141958670260555
