0 0.4371875 0.92 0.106875 0.09538461538461539
0 0.6040625000000001 0.23423076923076924 0.050625 0.09
0 0.5971875 0.8696153846153846 0.038125 0.05153846153846154
0 0.5103125000000001 0.22653846153846155 0.039375 0.06538461538461539
0 0.0975 0.46615384615384614 0.035 0.047692307692307694
0 0.9575 0.4946153846153846 0.07125000000000001 0.06769230769230769
0 0.1896875 0.45384615384615384 0.07062500000000001 0.06153846153846154
0 0.2740625 0.43884615384615383 0.036875 0.04846153846153846
0 0.053125 0.20153846153846153 0.04125 0.06307692307692307
0 0.1821875 0.5288461538461539 0.081875 0.08692307692307692
0 0.2890625 0.9576923076923077 0.034375 0.07076923076923076
0 0.0471875 0.5542307692307692 0.025625000000000002 0.03769230769230769
0 0.8456250000000001 0.96 0.02375 0.03692307692307692
0 0.46375 0.48923076923076925 0.08875 0.1076923076923077
0 0.6534375 0.25038461538461537 0.038125 0.026923076923076925
0 0.093125 0.35846153846153844 0.02375 0.027692307692307693
0 0.5428125 0.1726923076923077 0.043125000000000004 0.05
0 0.36625 0.566923076923077 0.05 0.05692307692307692
0 0.4928125 0.87 0.030625 0.046153846153846156
0 0.4425 0.8103846153846154 0.02875 0.03769230769230769
0 0.099375 0.14 0.02625 0.046153846153846156
0 0.6371875 0.44576923076923075 0.044375 0.04384615384615385
0 0.600625 0.9284615384615384 0.03125 0.055384615384615386
0 0.64375 0.35384615384615387 0.02875 0.03230769230769231
0 0.0528125 0.7630769230769231 0.025625000000000002 0.03230769230769231
0 0.44375000000000003 0.7234615384615385 0.03625 0.06692307692307692
0 0.905 0.115 0.0175 0.03461538461538462
0 0.4271875 0.541923076923077 0.029375000000000002 0.05615384615384615
0 0.540625 0.4715384615384615 0.02625 0.03076923076923077
0 0.48562500000000003 0.08038461538461539 0.02125 0.05615384615384615
0 0.24406250000000002 0.5173076923076924 0.029375000000000002 0.03461538461538462
0 0.1453125 0.10423076923076922 0.018125 0.03923076923076923
0 0.055 0.3153846153846154 0.02375 0.04153846153846154
0 0.5746875 0.3446153846153846 0.049375 0.03076923076923077
0 0.2403125 0.37538461538461537 0.035625000000000004 0.04461538461538461
0 0.365 0.9107692307692308 0.03625 0.052307692307692305
0 0.28875 0.36615384615384616 0.02375 0.02923076923076923
0 0.51625 0.3842307692307692 0.0825 0.05153846153846154
0 0.55625 0.9730769230769231 0.03125 0.021538461538461538
0 0.7196875 0.01846153846153846 0.033125 0.03538461538461538
0 0.32375 0.37576923076923074 0.03125 0.023846153846153847
0 0.044375 0.49538461538461537 0.065 0.047692307692307694
0 0.3621875 0.4819230769230769 0.056875 0.0823076923076923
0 0.655 0.76 0.03375 0.024615384615384615
0 0.233125 0.3038461538461538 0.02625 0.03076923076923077
0 0.8703125 0.9392307692307692 0.051875000000000004 0.05076923076923077
0 0.18937500000000002 0.9211538461538461 0.02375 0.031538461538461536
0 0.6403125000000001 0.8303846153846154 0.058125 0.05
0 0.4703125 0.12884615384615383 0.063125 0.09923076923076923
0 0.0175 0.4319230769230769 0.03375 0.09307692307692307
0 0.3540625 0.325 0.07062500000000001 0.05615384615384615
0 0.8759375 0.42923076923076925 0.019375 0.026153846153846153
0 0.2446875 0.9646153846153847 0.024375 0.07076923076923076
0 0.10312500000000001 0.5288461538461539 0.02875 0.031538461538461536
0 0.3615625 0.7934615384615384 0.023125 0.04384615384615385
0 0.47875 0.30346153846153845 0.02875 0.03461538461538462
0 0.8034375 0.9576923076923077 0.030625 0.02923076923076923
0 0.42281250000000004 0.23615384615384616 0.030625 0.06
0 0.873125 0.6203846153846154 0.02 0.026923076923076925
0 0.406875 0.3346153846153846 0.0475 0.07846153846153846
0 0.501875 0.4330769230769231 0.043750000000000004 0.043076923076923075
0 0.06125 0.12692307692307692 0.025 0.033846153846153845
0 0.5365625 0.5565384615384615 0.044375 0.03923076923076923
0 0.59875 0.7542307692307693 0.04 0.036153846153846154
0 0.89125 0.3573076923076923 0.03625 0.022307692307692306
0 0.9084375 0.41192307692307695 0.026875 0.06692307692307692
0 0.1146875 0.7442307692307693 0.095625 0.09461538461538462
0 0.468125 0.2026923076923077 0.01875 0.05153846153846154
0 0.8246875 0.5703846153846154 0.016875 0.02076923076923077
0 0.22062500000000002 0.2519230769230769 0.0225 0.023846153846153847
0 0.8475 0.38384615384615384 0.03 0.033846153846153845
0 0.029375000000000002 0.10961538461538461 0.03125 0.05307692307692308
0 0.9178125 0.6442307692307693 0.023125 0.045384615384615384
0 0.0428125 0.40615384615384614 0.020625 0.033846153846153845
0 0.9609375 0.44653846153846155 0.078125 0.05307692307692308
0 0.6409375 0.9180769230769231 0.036875 0.04230769230769231
0 0.2884375 0.9065384615384615 0.038125 0.03769230769230769
0 0.92625 0.9857692307692307 0.043750000000000004 0.02846153846153846
0 0.2565625 0.9038461538461539 0.021875000000000002 0.03230769230769231
0 0.123125 0.2734615384615385 0.03625 0.05615384615384615
0 0.820625 0.9911538461538462 0.03625 0.01769230769230769
0 0.9615625 0.04730769230769231 0.016875 0.022307692307692306
0 0.600625 0.4380769230769231 0.01 0.03923076923076923
0 0.9090625 0.5446153846153846 0.020625 0.02
0 0.0753125 0.6688461538461539 0.023125 0.023846153846153847
0 0.696875 0.9261538461538461 0.03125 0.05076923076923077
0 0.93125 0.9434615384615385 0.02 0.031538461538461536
0 0.1484375 0.3211538461538462 0.060625 0.06692307692307692
0 0.0134375 0.32076923076923075 0.020625 0.02
0 0.21156250000000001 0.4053846153846154 0.048125 0.04923076923076923
0 0.1740625 0.6465384615384615 0.018125 0.03461538461538462
0 0.3290625 0.8388461538461538 0.020625 0.026923076923076925
0 0.63 0.9784615384615385 0.06875 0.043076923076923075
0 0.6053125 0.15269230769230768 0.021875000000000002 0.03461538461538462
0 0.5471875 0.7930769230769231 0.056875 0.05692307692307692
0 0.555 0.9261538461538461 0.02125 0.03538461538461538
0 0.05 0.44961538461538464 0.01625 0.022307692307692306
0 0.550625 0.6873076923076923 0.0275 0.03769230769230769
0 0.838125 0.04423076923076923 0.02 0.036153846153846154
0 0.775 0.031538461538461536 0.075 0.06153846153846154
0 0.9578125000000001 0.36423076923076925 0.044375 0.08384615384615385
0 0.2628125 0.33384615384615385 0.044375 0.02923076923076923
0 0.4303125 0.6703846153846154 0.030625 0.023846153846153847
0 0.7009375 0.45153846153846156 0.046875 0.03230769230769231
0 0.45875 0.9769230769230769 0.051250000000000004 0.046153846153846156
0 0.01 0.27615384615384614 0.01875 0.033846153846153845
0 0.5078125 0.305 0.024375 0.03769230769230769
0 0.01 0.5715384615384616 0.01875 0.06615384615384616
0 0.6793750000000001 0.8838461538461538 0.01125 0.02
0 0.52125 0.9361538461538461 0.03375 0.03230769230769231
0 0.7134375000000001 0.12884615384615383 0.019375 0.031538461538461536
0 0.4846875 0.18884615384615386 0.020625 0.02076923076923077
0 0.5334375 0.2684615384615385 0.014375 0.046153846153846156
0 0.7415625 0.11269230769230769 0.016875 0.036153846153846154
0 0.5778125000000001 0.5938461538461538 0.129375 0.20461538461538462
0 0.5934375000000001 0.09615384615384616 0.029375000000000002 0.033846153846153845
0 0.96625 0.5865384615384616 0.0675 0.0823076923076923
0 0.9725 0.015384615384615385 0.02875 0.02923076923076923
0 0.8612500000000001 0.9888461538461538 0.03625 0.022307692307692306
0 0.07375 0.8657692307692307 0.02125 0.02076923076923077
0 0.754375 0.9965384615384615 0.01125 0.006923076923076923
0 0.9478125000000001 0.911923076923077 0.089375 0.09769230769230769
0 0.4475 0.18615384615384614 0.0175 0.046153846153846156
0 0.6637500000000001 0.49230769230769234 0.03 0.024615384615384615
0 0.8718750000000001 0.5153846153846153 0.06375 0.03076923076923077
0 0.2896875 0.8115384615384615 0.031875 0.05076923076923077
0 0.8184375 0.09615384615384616 0.026875 0.027692307692307693
0 0.1065625 0.8511538461538461 0.019375 0.023846153846153847
0 0.9359375 0.7023076923076923 0.023125 0.021538461538461538
0 0.5446875 0.8638461538461538 0.039375 0.07076923076923076
0 0.820625 0.8603846153846154 0.02125 0.031538461538461536
0 0.6715625000000001 0.046153846153846156 0.040625 0.09076923076923077
0 0.2940625 0.8657692307692307 0.044375 0.12076923076923077
0 0.4640625 0.6207692307692307 0.098125 0.1523076923076923
0 0.9165625000000001 0.02346153846153846 0.023125 0.019230769230769232
0 0.085625 0.28115384615384614 0.01875 0.02076923076923077
0 0.15812500000000002 0.8784615384615385 0.02375 0.02923076923076923
0 0.37093750000000003 0.4146153846153846 0.115625 0.04461538461538461
0 0.8746875000000001 0.015769230769230768 0.018125 0.02076923076923077
0 0.044375 0.995 0.01875 0.01
0 0.004375 0.5526923076923077 0.0075 0.02846153846153846
0 0.4146875 0.4076923076923077 0.030625 0.03076923076923077
0 0.943125 0.10730769230769231 0.01875 0.025384615384615384
0 0.6259375 0.7007692307692308 0.016875 0.02
0 0.30843750000000003 0.2742307692307692 0.011875 0.026923076923076925
0 0.8462500000000001 0.558076923076923 0.01625 0.025384615384615384
0 0.234375 0.8276923076923077 0.03875 0.0876923076923077
0 0.881875 0.86 0.01375 0.03692307692307692
