0 0.5625 0.07961538461538462 0.1075 0.09461538461538462
0 0.3959375 0.765 0.050625 0.09
0 0.4025 0.13 0.03875 0.052307692307692305
0 0.489375 0.7730769230769231 0.03875 0.06461538461538462
0 0.9021875 0.5330769230769231 0.034375 0.047692307692307694
0 0.0425 0.505 0.07125000000000001 0.06692307692307692
0 0.8096875 0.5461538461538461 0.07062500000000001 0.06153846153846154
0 0.725625 0.5611538461538461 0.0375 0.04846153846153846
0 0.9465625 0.7980769230769231 0.040625 0.06230769230769231
0 0.8175 0.4707692307692308 0.0825 0.08615384615384615
0 0.7103125 0.041923076923076924 0.034375 0.07153846153846154
0 0.9528125000000001 0.44576923076923075 0.025625000000000002 0.03769230769230769
0 0.1540625 0.039615384615384615 0.023125 0.036153846153846154
0 0.5359375000000001 0.5107692307692308 0.089375 0.1076923076923077
0 0.34625 0.7488461538461538 0.03875 0.026923076923076925
0 0.9065625 0.6411538461538462 0.024375 0.026923076923076925
0 0.45687500000000003 0.8269230769230769 0.043750000000000004 0.04923076923076923
0 0.63375 0.4326923076923077 0.05 0.05615384615384615
0 0.506875 0.13 0.03125 0.046153846153846156
0 0.5575 0.18923076923076923 0.02875 0.03692307692307692
0 0.900625 0.8592307692307692 0.02625 0.046153846153846156
0 0.3628125 0.5534615384615384 0.044375 0.04384615384615385
0 0.3990625 0.07153846153846154 0.030625 0.055384615384615386
0 0.355625 0.6457692307692308 0.02875 0.031538461538461536
0 0.946875 0.23692307692307693 0.025 0.03230769230769231
0 0.5559375 0.27615384615384614 0.035625000000000004 0.06615384615384616
0 0.095 0.8846153846153846 0.0175 0.03538461538461538
0 0.5725 0.4576923076923077 0.03 0.05692307692307692
0 0.4590625 0.5280769230769231 0.026875 0.031538461538461536
0 0.5140625 0.9188461538461539 0.021875000000000002 0.05615384615384615
0 0.755625 0.4826923076923077 0.03 0.03461538461538462
0 0.854375 0.895 0.01875 0.03923076923076923
0 0.944375 0.6846153846153846 0.02375 0.04153846153846154
0 0.425 0.655 0.05 0.031538461538461536
0 0.7596875000000001 0.6246153846153846 0.035625000000000004 0.04461538461538461
0 0.635 0.08846153846153847 0.03625 0.052307692307692305
0 0.71125 0.6330769230769231 0.02375 0.02923076923076923
0 0.483125 0.6153846153846154 0.0825 0.05076923076923077
0 0.443125 0.02653846153846154 0.03125 0.02076923076923077
0 0.28 0.9815384615384616 0.03375 0.03538461538461538
0 0.6759375 0.6238461538461538 0.030625 0.024615384615384615
0 0.9550000000000001 0.5042307692307693 0.065 0.04692307692307692
0 0.6378125 0.5176923076923077 0.056875 0.08307692307692308
0 0.3446875 0.23961538461538462 0.033125 0.025384615384615384
0 0.7665625 0.6953846153846154 0.026875 0.03076923076923077
0 0.129375 0.06076923076923077 0.051250000000000004 0.05076923076923077
0 0.810625 0.07807692307692307 0.02375 0.031538461538461536
0 0.3596875 0.1696153846153846 0.058125 0.05
0 0.529375 0.8707692307692307 0.0625 0.09846153846153846
0 0.9825 0.5676923076923077 0.03375 0.09230769230769231
0 0.645625 0.6746153846153846 0.07125000000000001 0.055384615384615386
0 0.1234375 0.5703846153846154 0.019375 0.026923076923076925
0 0.755 0.03538461538461538 0.025 0.07076923076923076
0 0.896875 0.47115384615384615 0.02875 0.031538461538461536
0 0.6378125 0.20615384615384616 0.023125 0.04461538461538461
0 0.5209375 0.6961538461538461 0.028125 0.03538461538461538
0 0.19593750000000001 0.041923076923076924 0.030625 0.03
0 0.5771875 0.7634615384615384 0.030625 0.06076923076923077
0 0.12625 0.3792307692307692 0.02 0.026153846153846153
0 0.593125 0.665 0.0475 0.07769230769230769
0 0.498125 0.5665384615384615 0.043750000000000004 0.04384615384615385
0 0.9384375 0.8726923076923077 0.024375 0.03307692307692308
0 0.463125 0.4430769230769231 0.045 0.04
0 0.400625 0.245 0.04 0.036153846153846154
0 0.1084375 0.6423076923076924 0.036875 0.023076923076923078
0 0.0915625 0.5876923076923077 0.026875 0.06769230769230769
0 0.885 0.255 0.095 0.09461538461538462
0 0.5315625 0.7973076923076923 0.019375 0.05153846153846154
0 0.1746875 0.42923076923076925 0.016875 0.02
0 0.779375 0.7476923076923077 0.0225 0.023076923076923078
0 0.151875 0.6161538461538462 0.03 0.033846153846153845
0 0.9703125 0.8896153846153846 0.030625 0.05307692307692308
0 0.081875 0.355 0.0225 0.045384615384615384
0 0.956875 0.5934615384615385 0.02 0.03307692307692308
0 0.03875 0.553076923076923 0.0775 0.052307692307692305
0 0.35875 0.08192307692307692 0.03625 0.04230769230769231
0 0.71125 0.09346153846153846 0.0375 0.03769230769230769
0 0.07375 0.01423076923076923 0.043750000000000004 0.02846153846153846
0 0.7428125 0.09538461538461539 0.021875000000000002 0.03230769230769231
0 0.8768750000000001 0.7265384615384616 0.03625 0.05615384615384615
0 0.1790625 0.008846153846153846 0.035625000000000004 0.01769230769230769
0 0.038125 0.9519230769230769 0.01625 0.022307692307692306
0 0.3990625 0.5615384615384615 0.010625 0.04
0 0.090625 0.455 0.02 0.02076923076923077
0 0.9243750000000001 0.33115384615384613 0.0225 0.023846153846153847
0 0.30312500000000003 0.07346153846153847 0.03125 0.05
0 0.06875 0.05653846153846154 0.02 0.031538461538461536
0 0.8509375 0.6784615384615384 0.060625 0.06769230769230769
0 0.9865625 0.6784615384615384 0.020625 0.02
0 0.788125 0.5938461538461538 0.04875 0.04923076923076923
0 0.8259375 0.35307692307692307 0.018125 0.033846153846153845
0 0.670625 0.16076923076923078 0.02125 0.027692307692307693
0 0.3696875 0.021153846153846155 0.069375 0.04230769230769231
0 0.3940625 0.8465384615384616 0.021875000000000002 0.03461538461538462
0 0.4525 0.20615384615384616 0.0575 0.05692307692307692
0 0.4446875 0.07384615384615384 0.021875000000000002 0.03538461538461538
0 0.9496875 0.5496153846153846 0.016875 0.022307692307692306
0 0.44906250000000003 0.3119230769230769 0.028125 0.03769230769230769
0 0.1615625 0.9553846153846154 0.020625 0.03692307692307692
0 0.225 0.9684615384615385 0.075 0.06153846153846154
0 0.041875 0.6353846153846154 0.045 0.08461538461538462
0 0.7368750000000001 0.6657692307692308 0.045 0.03
0 0.5696875 0.3292307692307692 0.030625 0.024615384615384615
0 0.2984375 0.5476923076923077 0.046875 0.03230769230769231
0 0.5409375 0.022692307692307692 0.050625 0.045384615384615384
0 0.9896875 0.7238461538461538 0.019375 0.033846153846153845
0 0.4921875 0.695 0.024375 0.03769230769230769
0 0.99 0.4280769230769231 0.01875 0.06538461538461539
0 0.320625 0.11615384615384615 0.01125 0.02
0 0.4784375 0.06346153846153846 0.033125 0.031538461538461536
0 0.28625 0.8711538461538462 0.02 0.031538461538461536
0 0.5153125000000001 0.8111538461538461 0.020625 0.02076923076923077
0 0.4659375 0.7307692307692307 0.014375 0.046153846153846156
0 0.258125 0.8869230769230769 0.01625 0.03692307692307692
0 0.4215625 0.40615384615384614 0.129375 0.20461538461538462
0 0.40625 0.9034615384615384 0.03 0.03307692307692308
0 0.0334375 0.41307692307692306 0.066875 0.08153846153846153
0 0.026875 0.9842307692307692 0.02875 0.03
0 0.13875 0.011153846153846153 0.03625 0.022307692307692306
0 0.92625 0.13423076923076924 0.02125 0.02076923076923077
0 0.24531250000000002 0.0034615384615384616 0.010625 0.006923076923076923
0 0.0521875 0.0876923076923077 0.089375 0.09846153846153846
0 0.5525 0.813076923076923 0.0175 0.046153846153846156
0 0.3359375 0.5076923076923077 0.029375000000000002 0.024615384615384615
0 0.128125 0.48384615384615387 0.06375 0.03076923076923077
0 0.7103125 0.18846153846153846 0.031875 0.05076923076923077
0 0.18125 0.9030769230769231 0.0275 0.027692307692307693
0 0.8931250000000001 0.14884615384615385 0.02 0.023846153846153847
0 0.06375 0.2969230769230769 0.0225 0.021538461538461538
0 0.4546875 0.13615384615384615 0.039375 0.07076923076923076
0 0.1790625 0.1396153846153846 0.021875000000000002 0.031538461538461536
0 0.3284375 0.9534615384615385 0.040625 0.09153846153846154
0 0.7056250000000001 0.13384615384615384 0.043750000000000004 0.12153846153846154
0 0.5353125 0.3792307692307692 0.098125 0.1523076923076923
0 0.0834375 0.9761538461538461 0.023125 0.01846153846153846
0 0.914375 0.7184615384615385 0.01875 0.021538461538461538
0 0.8415625 0.12115384615384615 0.024375 0.02846153846153846
0 0.62875 0.5853846153846154 0.11625 0.04461538461538461
0 0.1246875 0.9842307692307692 0.018125 0.02076923076923077
0 0.9550000000000001 0.005 0.01875 0.01
0 0.995625 0.4469230769230769 0.0075 0.027692307692307693
0 0.5853125 0.5919230769230769 0.030625 0.031538461538461536
0 0.056875 0.8923076923076924 0.01875 0.024615384615384615
0 0.37343750000000003 0.2988461538461539 0.016875 0.019230769230769232
0 0.69125 0.7253846153846154 0.0125 0.026153846153846153
0 0.15375 0.44153846153846155 0.01625 0.026153846153846153
0 0.7653125000000001 0.17192307692307693 0.038125 0.08846153846153847
0 0.1178125 0.13923076923076924 0.013125 0.03692307692307692
