0 0.5554662379421221 0.08693516699410608 0.10610932475884244 0.09332023575638507
0 0.4007234726688103 0.7612966601178781 0.05064308681672026 0.08840864440078584
0 0.3983118971061093 0.1399803536345776 0.03938906752411576 0.052062868369351666
0 0.49316720257234725 0.7671905697445972 0.03938906752411576 0.06483300589390963
0 0.8967041800643086 0.5235756385068762 0.03456591639871383 0.04715127701375245
0 0.04903536977491962 0.5147347740667976 0.0707395498392283 0.0667976424361493
0 0.8054662379421221 0.5383104125736738 0.0707395498392283 0.060903732809430254
0 0.7230707395498392 0.5550098231827112 0.03778135048231511 0.04911591355599214
0 0.9441318327974276 0.7824165029469548 0.0409967845659164 0.06188605108055009
0 0.8122990353697749 0.46414538310412573 0.08279742765273312 0.08546168958742632
0 0.7005627009646302 0.04715127701375245 0.03456591639871383 0.07072691552062868
0 0.9453376205787781 0.43713163064833005 0.02572347266881029 0.03732809430255402
0 0.15233118971061094 0.05648330058939096 0.023311897106109324 0.036345776031434185
0 0.5353697749196141 0.5098231827111984 0.08842443729903537 0.10609037328094302
0 0.3516881028938907 0.7465618860510805 0.03938906752411576 0.027504911591355596
0 0.9023311897106109 0.6296660117878192 0.02491961414790997 0.027504911591355596
0 0.46181672025723475 0.8202357563850687 0.04421221864951769 0.04911591355599214
0 0.6306270096463023 0.43074656188605104 0.05064308681672026 0.05599214145383104
0 0.5012057877813505 0.1380157170923379 0.03135048231511254 0.04616895874263261
0 0.5522508038585209 0.19449901768172886 0.028938906752411574 0.03732809430255402
0 0.89991961414791 0.8423379174852652 0.02652733118971061 0.04616895874263261
0 0.3653536977491961 0.5550098231827112 0.04421221864951769 0.043222003929273084
0 0.3942926045016077 0.08251473477406679 0.03135048231511254 0.05500982318271119
0 0.3597266881028939 0.6453831041257367 0.0297427652733119 0.03143418467583497
0 0.9364951768488746 0.23330058939096265 0.02572347266881029 0.03241650294695481
0 0.5518488745980707 0.27946954813359526 0.03617363344051447 0.06581532416502947
0 0.10610932475884244 0.8850687622789783 0.017684887459807074 0.03536345776031434
0 0.5707395498392283 0.4567779960707269 0.03054662379421222 0.05697445972495088
0 0.45980707395498394 0.5284872298624754 0.027331189710610933 0.03143418467583497
0 0.5196945337620579 0.9091355599214145 0.02170418006430868 0.05599214145383104
0 0.7516077170418006 0.47740667976424356 0.03054662379421222 0.03536345776031434
0 0.8545016077170418 0.8791748526522593 0.01929260450160772 0.03929273084479371
0 0.9405144694533762 0.6709233791748526 0.024115755627009645 0.041257367387033395
0 0.4280546623794212 0.6532416502946954 0.05064308681672026 0.03143418467583497
0 0.757636655948553 0.6164047151277013 0.03617363344051447 0.04420432220039292
0 0.6270096463022508 0.09479371316306483 0.03697749196141479 0.052062868369351666
0 0.7098070739549839 0.6257367387033398 0.024115755627009645 0.029469548133595282
0 0.4847266881028939 0.6129666011787819 0.0819935691318328 0.05108055009823182
0 0.43689710610932475 0.037819253438113945 0.03135048231511254 0.020628683693516697
0 0.28979099678456594 0.9754420432220039 0.03456591639871383 0.03536345776031434
0 0.6748392282958199 0.6173870333988212 0.03135048231511254 0.02455795677799607
0 0.9481511254019293 0.4941060903732809 0.06511254019292605 0.04715127701375245
0 0.6358520900321544 0.5142436149312377 0.05627009646302251 0.08153241650294694
0 0.3432475884244373 0.24852652259332023 0.03376205787781351 0.02554027504911591
0 0.7652733118971061 0.6856581532416502 0.027331189710610933 0.03143418467583497
0 0.12861736334405144 0.0780943025540275 0.05144694533762058 0.05009823182711198
0 0.7998392282958199 0.0805500982318271 0.024115755627009645 0.03143418467583497
0 0.35691318327974275 0.17976424361493124 0.05787781350482315 0.04911591355599214
0 0.5341639871382636 0.861984282907662 0.06189710610932476 0.09724950884086443
0 0.9762861736334405 0.555500982318271 0.03456591639871383 0.09135559921414538
0 0.6459003215434084 0.6679764243614931 0.07154340836012861 0.05500982318271119
0 0.12982315112540194 0.5766208251473477 0.02009646302250804 0.027504911591355596
0 0.7443729903536977 0.039783889980353634 0.02572347266881029 0.06974459724950884
0 0.8906752411575563 0.46316306483300584 0.028938906752411574 0.03241650294695481
0 0.6314308681672026 0.20972495088408644 0.023311897106109324 0.04420432220039292
0 0.5233118971061094 0.6915520628683693 0.028938906752411574 0.03536345776031434
0 0.1937299035369775 0.05844793713163064 0.03054662379421222 0.030451866404715127
0 0.5795819935691319 0.755893909626719 0.03054662379421222 0.05992141453831041
0 0.12982315112540194 0.38948919449901764 0.02009646302250804 0.026522593320235755
0 0.5936495176848875 0.6591355599214145 0.04742765273311897 0.07662082514734773
0 0.4987942122186495 0.5653241650294695 0.04421221864951769 0.04420432220039292
0 0.9368971061093248 0.8555992141453831 0.02491961414790997 0.03339882121807465
0 0.46262057877813506 0.44499017681728875 0.04581993569131833 0.03929273084479371
0 0.3979099678456592 0.2529469548133595 0.04019292604501608 0.036345776031434185
0 0.1157556270096463 0.6473477406679764 0.03697749196141479 0.023575638506876224
0 0.09887459807073955 0.5943025540275049 0.027331189710610933 0.0667976424361493
0 0.8758038585209003 0.25196463654223966 0.09405144694533762 0.09332023575638507
0 0.534967845659164 0.7902750491159135 0.02009646302250804 0.052062868369351666
0 0.17845659163987138 0.43762278978388996 0.017684887459807074 0.020628683693516697
0 0.7785369774919614 0.7367387033398821 0.023311897106109324 0.023575638506876224
0 0.15836012861736334 0.6213163064833005 0.03054662379421222 0.034381139489194495
0 0.9686495176848875 0.8713163064833005 0.03054662379421222 0.05304518664047151
0 0.08561093247588425 0.3673870333988212 0.023311897106109324 0.045186640471512766
0 0.9513665594855305 0.581532416502947 0.02009646302250804 0.03339882121807465
0 0.04581993569131833 0.5613948919449901 0.07717041800643087 0.052062868369351666
0 0.35490353697749194 0.09381139489194498 0.03617363344051447 0.04223968565815324
0 0.7021704180064309 0.09774066797642436 0.03778135048231511 0.03831041257367387
0 0.0727491961414791 0.03388998035363457 0.04421221864951769 0.02848722986247544
0 0.7331189710610932 0.09872298624754419 0.022508038585209004 0.03241650294695481
0 0.8745980707395499 0.7136542239685658 0.03697749196141479 0.05599214145383104
0 0.17644694533762056 0.026031434184675833 0.03617363344051447 0.01866404715127701
0 0.051045016077170415 0.9518664047151276 0.016881028938906754 0.023575638506876224
0 0.40112540192926044 0.56237721021611 0.011254019292604502 0.04027504911591355
0 0.09565916398713827 0.46463654223968565 0.02090032154340836 0.021611001964636542
0 0.9155948553054662 0.32563850687622786 0.022508038585209004 0.02455795677799607
0 0.29983922829581994 0.08693516699410608 0.03215434083601286 0.05009823182711198
0 0.06872990353697749 0.07514734774066797 0.02009646302250804 0.03241650294695481
0 0.8480707395498392 0.6669941060903732 0.06109324758842444 0.0667976424361493
0 0.9819131832797428 0.6645383104125736 0.02170418006430868 0.020628683693516697
0 0.784967845659164 0.5854616895874263 0.04903536977491962 0.04911591355599214
0 0.8187299035369775 0.3492141453831041 0.018488745980707395 0.034381139489194495
0 0.6627813504823151 0.16453831041257366 0.02170418006430868 0.02848722986247544
0 0.364951768488746 0.03388998035363457 0.06913183279742766 0.04223968565815324
0 0.4003215434083601 0.8413555992141454 0.022508038585209004 0.034381139489194495
0 0.44895498392282956 0.21316306483300587 0.05707395498392283 0.05697445972495088
0 0.4393086816720257 0.08447937131630648 0.02170418006430868 0.03536345776031434
0 0.9437299035369775 0.5388015717092337 0.017684887459807074 0.022593320235756383
0 0.44694533762057875 0.3167976424361493 0.028938906752411574 0.03831041257367387
0 0.17282958199356913 0.9528487229862475 0.02090032154340836 0.03732809430255402
0 0.23553054662379422 0.9641453831041257 0.07395498392282958 0.06188605108055009
0 0.05064308681672026 0.6419449901768173 0.04501607717041801 0.08349705304518663
0 0.7355305466237942 0.6566797642436148 0.04501607717041801 0.030451866404715127
0 0.5659163987138264 0.33153241650294696 0.03054662379421222 0.02455795677799607
0 0.30184887459807075 0.5505893909626719 0.04742765273311897 0.03241650294695481
0 0.5333601286173634 0.03241650294695481 0.05064308681672026 0.045186640471512766
0 0.9855305466237942 0.7087426326129665 0.01929260450160772 0.034381139489194495
0 0.4947749196141479 0.6910609037328094 0.02491961414790997 0.03831041257367387
0 0.9815112540192926 0.4194499017681729 0.01929260450160772 0.06483300589390963
0 0.317524115755627 0.12819253438113948 0.011254019292604502 0.020628683693516697
0 0.4722668810289389 0.07318271119842829 0.03295819935691318 0.03241650294695481
0 0.2946141479099678 0.8673870333988212 0.02009646302250804 0.03143418467583497
0 0.5192926045016077 0.8040275049115913 0.02090032154340836 0.020628683693516697
0 0.46945337620578775 0.7264243614931237 0.014469453376205787 0.04616895874263261
0 0.26728295819935693 0.8835952848722985 0.016881028938906754 0.036345776031434185
0 0.4212218649517685 0.41011787819253437 0.12861736334405144 0.20137524557956776
0 0.41318327974276525 0.8968565815324164 0.03054662379421222 0.03339882121807465
0 0.038987138263665594 0.424852652259332 0.06672025723472669 0.08153241650294694
0 0.040594855305466235 0.9837917485265225 0.0297427652733119 0.030451866404715127
0 0.1370578778135048 0.029469548133595282 0.03617363344051447 0.023575638506876224
0 0.9143890675241158 0.13261296660117877 0.02170418006430868 0.021611001964636542
0 0.24196141479099678 0.019646365422396856 0.011254019292604502 0.007858546168958742
0 0.05265273311897106 0.10609037328094302 0.08922829581993569 0.09823182711198428
0 0.5558681672025724 0.8050098231827112 0.018488745980707395 0.04616895874263261
0 0.3380225080385852 0.5108055009823183 0.0297427652733119 0.02554027504911591
0 0.13303858520900322 0.49214145383104124 0.0635048231511254 0.03143418467583497
0 0.702572347266881 0.19056974459724949 0.03215434083601286 0.05108055009823182
0 0.1917202572347267 0.9012770137524557 0.028135048231511254 0.02848722986247544
0 0.8822347266881029 0.14783889980353634 0.02009646302250804 0.02455795677799607
0 0.06712218649517684 0.3104125736738703 0.023311897106109324 0.021611001964636542
0 0.4497588424437299 0.1448919449901768 0.03938906752411576 0.06974459724950884
0 0.17845659163987138 0.1542239685658153 0.022508038585209004 0.03143418467583497
0 0.3372186495176849 0.9469548133595285 0.0409967845659164 0.09037328094302553
0 0.6973472668810289 0.13752455795677798 0.04421221864951769 0.11984282907662082
0 0.5329581993569131 0.38064833005893906 0.09807073954983923 0.15029469548133595
0 0.09606109324758842 0.9749508840864439 0.023311897106109324 0.01866404715127701
0 0.9115755627009646 0.7048133595284872 0.01929260450160772 0.022593320235756383
0 0.8307877813504823 0.12180746561886051 0.02491961414790997 0.029469548133595282
0 0.6278135048231511 0.580550098231827 0.1157556270096463 0.045186640471512766
0 0.1370578778135048 0.9818271119842829 0.018488745980707395 0.020628683693516697
0 0.9413183279742765 0.0054027504911591355 0.01929260450160772 0.010805500982318271
0 0.987540192926045 0.43762278978388996 0.008842443729903537 0.02848722986247544
0 0.5852090032154341 0.5879174852652259 0.03054662379421222 0.03241650294695481
0 0.06913183279742766 0.893418467583497 0.01929260450160772 0.02455795677799607
0 0.3721864951768489 0.3055009823182711 0.017684887459807074 0.019646365422396856
0 0.6913183279742765 0.7166011787819253 0.012861736334405145 0.026522593320235755
0 0.1579581993569132 0.45039292730844793 0.016881028938906754 0.026522593320235755
0 0.7564308681672026 0.17337917485265225 0.03858520900321544 0.087426326129666
0 0.11776527331189711 0.15520628683693516 0.013665594855305467 0.03732809430255402
