0 0.5362318840579711 0.8917808219178082 0.10221205186880244 0.08858447488584474
0 0.41571319603356216 0.24840182648401826 0.04881769641495042 0.08401826484018264
0 0.3878718535469108 0.8328767123287671 0.03737604881769642 0.049315068493150684
0 0.5045766590389016 0.24840182648401826 0.03737604881769642 0.06027397260273972
0 0.881769641495042 0.5018264840182648 0.033562166285278416 0.04474885844748858
0 0.06750572082379863 0.45936073059360727 0.06788710907704043 0.062100456621004566
0 0.7951945080091534 0.482648401826484 0.06788710907704043 0.057534246575342465
0 0.7166285278413426 0.4621004566210046 0.03585049580472922 0.045662100456621
0 0.9382151029748285 0.26164383561643834 0.03966437833714722 0.057534246575342465
0 0.7982456140350878 0.5525114155251142 0.07856598016781084 0.08036529680365297
0 0.6739130434782609 0.9383561643835616 0.03279938977879481 0.06666666666666667
0 0.9248665141113654 0.5858447488584475 0.025171624713958812 0.03561643835616438
0 0.14797864225781845 0.8963470319634703 0.022883295194508012 0.033789954337899546
0 0.5347063310450039 0.4931506849315068 0.08543096872616324 0.1004566210045662
0 0.3680396643783372 0.2593607305936073 0.03737604881769642 0.02557077625570776
0 0.8920671243325706 0.40273972602739727 0.02364607170099161 0.02557077625570776
0 0.4767353165522502 0.1958904109589041 0.04271548436308162 0.04657534246575342
0 0.6228070175438597 0.5726027397260274 0.048054919908466824 0.052968036529680365
0 0.48627002288329524 0.8410958904109589 0.029748283752860413 0.043835616438356165
0 0.5373760488176964 0.7908675799086757 0.028222730739893214 0.034703196347031964
0 0.8981693363844394 0.20182648401826483 0.025171624713958812 0.043835616438356165
0 0.37299771167048057 0.44018264840182647 0.04271548436308162 0.04200913242009132
0 0.38100686498855835 0.8863013698630137 0.029748283752860413 0.052054794520547946
0 0.3710907704042716 0.3547945205479452 0.028222730739893214 0.03013698630136986
0 0.908466819221968 0.7776255707762557 0.02440884820747521 0.03013698630136986
0 0.5404271548436308 0.7105022831050228 0.034324942791762014 0.062100456621004566
0 0.13768115942028986 0.1141552511415525 0.01754385964912281 0.03287671232876712
0 0.5659801678108315 0.5452054794520548 0.028985507246376812 0.052968036529680365
0 0.4626239511823036 0.4712328767123288 0.02669717772692601 0.029223744292237442
0 0.5354691075514875 0.11598173515981734 0.02135774218154081 0.052968036529680365
0 0.740655987795576 0.5365296803652968 0.028985507246376812 0.0319634703196347
0 0.8562166285278414 0.16529680365296803 0.01906941266209001 0.0365296803652968
0 0.9298245614035088 0.36575342465753424 0.022883295194508012 0.039269406392694065
0 0.4374523264683448 0.3515981735159817 0.048054919908466824 0.029223744292237442
0 0.7520976353928299 0.4063926940639269 0.03508771929824562 0.04200913242009132
0 0.6048817696414951 0.8894977168949771 0.03508771929824562 0.049315068493150684
0 0.7067124332570557 0.39452054794520547 0.02364607170099161 0.0273972602739726
0 0.49008390541571323 0.3926940639269406 0.07856598016781084 0.047488584474885846
0 0.4202898550724638 0.9315068493150684 0.030511060259344015 0.02009132420091324
0 0.31769641495041956 0.03972602739726027 0.03279938977879481 0.033789954337899546
0 0.6731502669717773 0.39999999999999997 0.029748283752860413 0.023744292237442923
0 0.9302059496567506 0.5324200913242009 0.06178489702517163 0.043835616438356165
0 0.6311975591151793 0.4949771689497717 0.05415713196033563 0.07671232876712329
0 0.33867276887871856 0.7273972602739726 0.032036613272311214 0.024657534246575342
0 0.7623951182303585 0.3415525114155251 0.02669717772692601 0.029223744292237442
0 0.12547673531655226 0.8748858447488584 0.04958047292143402 0.047488584474885846
0 0.7707856598016781 0.9127853881278538 0.02364607170099161 0.03013698630136986
0 0.3489702517162472 0.7931506849315069 0.05568268497330282 0.04657534246575342
0 0.547673531655225 0.16164383561643836 0.059496567505720827 0.091324200913242
0 0.9599542334096111 0.4767123287671233 0.03279938977879481 0.08584474885844749
0 0.6472158657513349 0.3511415525114155 0.06788710907704043 0.052054794520547946
0 0.14759725400457666 0.4054794520547945 0.01906941266209001 0.02557077625570776
0 0.7154843630816171 0.947945205479452 0.02440884820747521 0.06575342465753424
0 0.8737604881769642 0.5584474885844749 0.028222730739893214 0.03013698630136986
0 0.6140350877192983 0.7817351598173515 0.022883295194508012 0.04200913242009132
0 0.5301296720061023 0.32146118721461187 0.027459954233409613 0.03287671232876712
0 0.18726163234172388 0.8972602739726027 0.029748283752860413 0.028310502283105023
0 0.5869565217391305 0.2639269406392694 0.029748283752860413 0.05662100456621005
0 0.13996948893974065 0.5812785388127854 0.01906941266209001 0.024657534246575342
0 0.5964912280701755 0.3557077625570776 0.045766590389016024 0.07214611872146119
0 0.5015255530129672 0.43881278538812785 0.04195270785659802 0.0410958904109589
0 0.9347826086956522 0.19223744292237444 0.02364607170099161 0.0319634703196347
0 0.46186117467582 0.5497716894977169 0.043478260869565216 0.038356164383561646
0 0.39206712433257057 0.7269406392694063 0.03813882532418002 0.034703196347031964
0 0.13729977116704806 0.3378995433789954 0.03508771929824562 0.021917808219178082
0 0.11823035850495806 0.3867579908675799 0.02593440122044241 0.06301369863013699
0 0.8508771929824562 0.7561643835616438 0.09077040427154844 0.08767123287671233
0 0.5457665903890161 0.22922374429223744 0.01906941266209001 0.047488584474885846
0 0.18840579710144928 0.539269406392694 0.016781083142639208 0.019178082191780823
0 0.7776506483600305 0.29497716894977166 0.02212051868802441 0.021917808219178082
0 0.17696414950419528 0.36575342465753424 0.028985507246376812 0.0319634703196347
0 0.9652936689549962 0.17945205479452053 0.029748283752860413 0.0502283105022831
0 0.09649122807017545 0.6004566210045662 0.02212051868802441 0.042922374429223746
0 0.9366895499618613 0.4506849315068493 0.01983218916857361 0.0319634703196347
0 0.06674294431731503 0.4146118721461187 0.07398932112890923 0.049315068493150684
0 0.34401220442410374 0.8735159817351598 0.03508771929824562 0.039269406392694065
0 0.6777269260106789 0.8908675799086758 0.03585049580472922 0.03561643835616438
0 0.07055682684973304 0.91324200913242 0.04195270785659802 0.0273972602739726
0 0.7078565980167811 0.8917808219178082 0.02135774218154081 0.03013698630136986
0 0.8688024408848208 0.3219178082191781 0.03508771929824562 0.052054794520547946
0 0.16971777269260108 0.9264840182648402 0.034324942791762014 0.017351598173515982
0 0.08733790999237225 0.04794520547945205 0.016018306636155607 0.02100456621004566
0 0.4077040427154844 0.43561643835616437 0.011441647597254006 0.038356164383561646
0 0.11060259344012205 0.508675799086758 0.01983218916857361 0.02009132420091324
0 0.8920671243325706 0.689041095890411 0.02212051868802441 0.0228310502283105
0 0.2906178489702517 0.8771689497716895 0.030511060259344015 0.04657534246575342
0 0.06788710907704043 0.8735159817351598 0.01983218916857361 0.03013698630136986
0 0.8413424866514112 0.3639269406392694 0.057971014492753624 0.06301369863013699
0 0.9694889397406561 0.37488584474885844 0.01983218916857361 0.019178082191780823
0 0.7772692601067888 0.436986301369863 0.04729214340198322 0.04657534246575342
0 0.8001525553012968 0.6616438356164384 0.018306636155606407 0.0319634703196347
0 0.6426392067124332 0.826027397260274 0.020594965675057208 0.026484018264840183
0 0.3504958047292144 0.9301369863013699 0.06636155606407323 0.039269406392694065
0 0.4183829138062548 0.1730593607305936 0.02212051868802441 0.0319634703196347
0 0.438977879481312 0.7666666666666666 0.05568268497330282 0.053881278538812784
0 0.4244851258581236 0.8876712328767123 0.02212051868802441 0.03287671232876712
0 0.927536231884058 0.4904109589041096 0.016781083142639208 0.021917808219178082
0 0.4416475972540046 0.6689497716894977 0.027459954233409613 0.03561643835616438
0 0.2044241037376049 0.054337899543379 0.01983218916857361 0.03561643835616438
0 0.26544622425629294 0.047031963470319633 0.07170099160945843 0.057534246575342465
0 0.07398932112890923 0.33926940639269404 0.04271548436308162 0.07945205479452054
0 0.7326468344774981 0.36666666666666664 0.043478260869565216 0.028310502283105023
0 0.5564454614797865 0.6630136986301369 0.029748283752860413 0.023744292237442923
0 0.3115942028985507 0.44018264840182647 0.04500381388253242 0.031050228310502283
0 0.5125858123569794 0.9424657534246575 0.04881769641495042 0.04200913242009132
0 0.975209763539283 0.3333333333333333 0.01906941266209001 0.03287671232876712
0 0.5030511060259344 0.32009132420091324 0.02364607170099161 0.03561643835616438
0 0.9595728451563692 0.6054794520547945 0.018306636155606407 0.06027397260273972
0 0.3093058733790999 0.8388127853881279 0.011441647597254006 0.019178082191780823
0 0.456140350877193 0.9 0.032036613272311214 0.03013698630136986
0 0.31807780320366136 0.14200913242009133 0.01983218916857361 0.03013698630136986
0 0.5312738367658276 0.21552511415525114 0.020594965675057208 0.02009132420091324
0 0.4801678108314264 0.2853881278538813 0.014492753623188406 0.042922374429223746
0 0.2917620137299771 0.12511415525114156 0.016018306636155607 0.034703196347031964
0 0.4206712433257056 0.5803652968036529 0.12280701754385966 0.18904109589041096
0 0.433257055682685 0.12146118721461187 0.028985507246376812 0.031050228310502283
0 0.05415713196033563 0.5429223744292238 0.06407322654462243 0.07579908675799087
0 0.07856598016781084 0.016894977168949773 0.027459954233409613 0.028310502283105023
0 0.13196033562166287 0.9210045662100457 0.03508771929824562 0.02100456621004566
0 0.8829138062547673 0.8703196347031963 0.020594965675057208 0.02009132420091324
0 0.2318840579710145 0.9369863013698629 0.010678871090770405 0.0073059360730593605
0 0.05415713196033563 0.8438356164383561 0.08543096872616324 0.091324200913242
0 0.5663615560640732 0.21643835616438356 0.01754385964912281 0.043835616438356165
0 0.34515636918382914 0.480365296803653 0.028222730739893214 0.023744292237442923
0 0.14721586575133486 0.4858447488584475 0.06102212051868803 0.029223744292237442
0 0.6819221967963387 0.8036529680365296 0.030511060259344015 0.047488584474885846
0 0.2200610221205187 0.10365296803652968 0.02669717772692601 0.026484018264840183
0 0.8527841342486652 0.854337899543379 0.01983218916857361 0.0228310502283105
0 0.07665903890160183 0.6525114155251142 0.02212051868802441 0.02100456621004566
0 0.437070938215103 0.8310502283105022 0.03813882532418002 0.06575342465753424
0 0.17696414950419528 0.8059360730593607 0.02135774218154081 0.03013698630136986
0 0.36193745232646835 0.06940639269406393 0.038901601830663615 0.08584474885844749
0 0.6746758199847445 0.8534246575342466 0.04195270785659802 0.11232876712328767
0 0.526697177726926 0.6141552511415524 0.09382151029748284 0.1415525114155251
0 0.13157894736842105 0.029223744292237442 0.02212051868802441 0.0182648401826484
0 0.9035087719298246 0.3324200913242009 0.01906941266209001 0.02009132420091324
0 0.8020594965675057 0.8757990867579908 0.02364607170099161 0.0273972602739726
0 0.6262395118230358 0.43196347031963467 0.11136536994660565 0.04200913242009132
0 0.17124332570556827 0.024657534246575342 0.01754385964912281 0.02009132420091324
0 0.9031273836765829 0.9917808219178081 0.018306636155606407 0.010958904109589041
0 0.965675057208238 0.5885844748858448 0.007627765064836004 0.026484018264840183
0 0.5854309687261633 0.4223744292237443 0.029748283752860413 0.03013698630136986
0 0.10221205186880244 0.10410958904109589 0.018306636155606407 0.023744292237442923
0 0.3691838291380626 0.6748858447488584 0.016781083142639208 0.0182648401826484
0 0.6929824561403509 0.3082191780821918 0.012967200610221205 0.024657534246575342
0 0.16895499618611748 0.5264840182648401 0.016018306636155607 0.024657534246575342
0 0.73302822273074 0.8228310502283105 0.036613272311212815 0.0821917808219178
0 0.11899313501144165 0.8018264840182648 0.013729977116704806 0.034703196347031964
