0 0.5793460925039873 0.11350574712643678 0.10287081339712918 0.08908045977011494
0 0.3883572567783094 0.7385057471264368 0.04944178628389155 0.08429118773946359
0 0.4246411483253589 0.14894636015325668 0.03748006379585327 0.048850574712643674
0 0.4768740031897927 0.7528735632183907 0.03827751196172249 0.06130268199233716
0 0.8811802232854864 0.5584291187739463 0.03349282296650718 0.04597701149425287
0 0.06379585326953748 0.4722222222222222 0.0685805422647528 0.0632183908045977
0 0.7926634768740032 0.564176245210728 0.0685805422647528 0.05747126436781609
0 0.7121212121212122 0.57183908045977 0.03668261562998405 0.04597701149425287
0 0.9110845295055822 0.8079501915708812 0.03907496012759171 0.05842911877394636
0 0.8038277511961722 0.4947318007662835 0.07974481658692185 0.08141762452107279
0 0.7216905901116427 0.0886015325670498 0.03349282296650718 0.06800766283524903
0 0.9338118022328549 0.4808429118773946 0.025518341307814992 0.036398467432950186
0 0.19178628389154706 0.047892720306513405 0.023125996810207338 0.034482758620689655
0 0.5334928229665071 0.5119731800766283 0.0861244019138756 0.10057471264367815
0 0.3417065390749601 0.7203065134099617 0.03748006379585327 0.026819923371647507
0 0.8803827751196173 0.6594827586206896 0.023923444976076555 0.02586206896551724
0 0.4433811802232855 0.800287356321839 0.0430622009569378 0.04693486590038314
0 0.6303827751196173 0.446360153256705 0.04864433811802233 0.053639846743295014
0 0.5239234449760766 0.1561302681992337 0.030303030303030304 0.044061302681992334
0 0.569377990430622 0.2150383141762452 0.028708133971291867 0.035440613026819924
0 0.8644338118022329 0.8615900383141762 0.025518341307814992 0.043103448275862065
0 0.3668261562998405 0.5397509578544061 0.0430622009569378 0.04118773946360153
0 0.42384370015948963 0.09434865900383141 0.029505582137161084 0.05268199233716475
0 0.35526315789473684 0.625 0.027910685805422646 0.02969348659003831
0 0.9381977671451356 0.28639846743295017 0.024720893141945775 0.03065134099616858
0 0.5637958532695375 0.29549808429118773 0.03508771929824561 0.06226053639846743
0 0.09569377990430622 0.8290229885057471 0.017543859649122806 0.033524904214559385
0 0.5709728867623605 0.46551724137931033 0.028708133971291867 0.053639846743295014
0 0.4597288676236045 0.5229885057471264 0.02631578947368421 0.03065134099616858
0 0.49322169059011167 0.8898467432950191 0.0215311004784689 0.053639846743295014
0 0.7444178628389154 0.5014367816091954 0.029505582137161084 0.033524904214559385
0 0.8189792663476874 0.8912835249042145 0.019138755980861243 0.037356321839080456
0 0.914274322169059 0.7021072796934865 0.023125996810207338 0.040229885057471264
0 0.42105263157894735 0.6384099616858238 0.04784688995215311 0.02969348659003831
0 0.7412280701754386 0.6336206896551724 0.0342902711323764 0.043103448275862065
0 0.64792663476874 0.1264367816091954 0.03588516746411483 0.04980842911877394
0 0.6949760765550239 0.6379310344827586 0.023125996810207338 0.028735632183908046
0 0.4784688995215311 0.6058429118773946 0.07974481658692185 0.048850574712643674
0 0.46810207336523124 0.05555555555555555 0.030303030303030304 0.021072796934865898
0 0.2675438596491228 0.9319923371647509 0.03269537480063796 0.034482758620689655
0 0.6614832535885168 0.6269157088122606 0.029505582137161084 0.023946360153256702
0 0.9330143540669856 0.5354406130268199 0.06220095693779904 0.044061302681992334
0 0.6303827751196173 0.5258620689655172 0.05502392344497608 0.07854406130268199
0 0.36403508771929827 0.24664750957854406 0.03269537480063796 0.023946360153256702
0 0.7444178628389154 0.6997126436781609 0.02631578947368421 0.02969348659003831
0 0.1674641148325359 0.06561302681992337 0.04944178628389155 0.048850574712643674
0 0.8157894736842105 0.1293103448275862 0.023923444976076555 0.03065134099616858
0 0.38197767145135564 0.18295019157088122 0.05582137161084529 0.047892720306513405
0 0.5103668261562998 0.8462643678160919 0.06060606060606061 0.09291187739463601
0 0.9565390749601276 0.5962643678160919 0.03269537480063796 0.0871647509578544
0 0.6303827751196173 0.6719348659003831 0.06937799043062201 0.05268199233716475
0 0.1379585326953748 0.5387931034482758 0.019138755980861243 0.02586206896551724
0 0.7643540669856459 0.08524904214559387 0.024720893141945775 0.06704980842911877
0 0.8791866028708134 0.5004789272030651 0.027910685805422646 0.02969348659003831
0 0.6451355661881978 0.2361111111111111 0.022328548644338118 0.043103448275862065
0 0.5107655502392344 0.6834291187739463 0.027910685805422646 0.033524904214559385
0 0.23165869218500798 0.05268199233716475 0.029505582137161084 0.028735632183908046
0 0.5610047846889952 0.75 0.029505582137161084 0.05747126436781609
0 0.14952153110047847 0.3611111111111111 0.019936204146730464 0.02490421455938697
0 0.580542264752791 0.6594827586206896 0.046251993620414676 0.07375478927203065
0 0.4948165869218501 0.5613026819923371 0.04226475279106858 0.042145593869731796
0 0.9003189792663477 0.8769157088122604 0.023923444976076555 0.03160919540229885
0 0.4677033492822967 0.4444444444444444 0.043859649122807015 0.038314176245210725
0 0.41746411483253587 0.2557471264367816 0.03907496012759171 0.034482758620689655
0 0.12001594896331738 0.6048850574712643 0.03588516746411483 0.022030651340996167
0 0.10645933014354067 0.5526819923371648 0.02631578947368421 0.0632183908045977
0 0.8779904306220095 0.2983716475095785 0.09090909090909091 0.08908045977011494
0 0.5159489633173844 0.7782567049808429 0.019138755980861243 0.048850574712643674
0 0.1933811802232855 0.41139846743295017 0.01674641148325359 0.020114942528735632
0 0.7543859649122807 0.7495210727969348 0.022328548644338118 0.022030651340996167
0 0.16307814992025518 0.5833333333333333 0.029505582137161084 0.032567049808429116
0 0.9294258373205742 0.8946360153256705 0.029505582137161084 0.04980842911877394
0 0.10845295055821372 0.335727969348659 0.022328548644338118 0.043103448275862065
0 0.9310207336523126 0.6182950191570881 0.019936204146730464 0.03160919540229885
0 0.05781499202551834 0.5172413793103448 0.07416267942583732 0.04980842911877394
0 0.38516746411483255 0.10153256704980843 0.03508771929824561 0.040229885057471264
0 0.7200956937799043 0.1364942528735632 0.03668261562998405 0.035440613026819924
0 0.11682615629984051 0.018199233716475093 0.04226475279106858 0.026819923371647507
0 0.75 0.14032567049808428 0.0215311004784689 0.03160919540229885
0 0.8484848484848485 0.7365900383141762 0.03508771929824561 0.053639846743295014
0 0.21730462519936206 0.021072796934865898 0.0342902711323764 0.017241379310344827
0 0.0386762360446571 0.8874521072796935 0.01674641148325359 0.022030651340996167
0 0.4007177033492823 0.5498084291187739 0.01036682615629984 0.038314176245210725
0 0.1120414673046252 0.42959770114942525 0.019936204146730464 0.020114942528735632
0 0.912280701754386 0.3726053639846743 0.022328548644338118 0.022988505747126436
0 0.33253588516746413 0.08955938697318007 0.030303030303030304 0.04693486590038314
0 0.10964912280701754 0.05747126436781609 0.019936204146730464 0.03065134099616858
0 0.8257575757575758 0.6901340996168582 0.058213716108452954 0.06417624521072797
0 0.9549441786283892 0.6992337164750958 0.019936204146730464 0.019157088122605363
0 0.7699362041467305 0.6068007662835249 0.04704944178628389 0.04693486590038314
0 0.817384370015949 0.38601532567049807 0.017543859649122806 0.032567049808429116
0 0.6786283891547049 0.19636015325670497 0.02073365231259968 0.026819923371647507
0 0.39832535885167464 0.045019157088122604 0.06618819776714513 0.040229885057471264
0 0.38237639553429026 0.814655172413793 0.0215311004784689 0.033524904214559385
0 0.46850079744816586 0.2231800766283525 0.05502392344497608 0.053639846743295014
0 0.46690590111642744 0.09961685823754789 0.0215311004784689 0.034482758620689655
0 0.9262360446570973 0.5771072796934865 0.01674641148325359 0.022030651340996167
0 0.46012759170653905 0.321360153256705 0.02711323763955343 0.035440613026819924
0 0.1559011164274322 0.8994252873563218 0.019936204146730464 0.034482758620689655
0 0.2157097288676236 0.9161877394636014 0.07256778309409888 0.05842911877394636
0 0.05701754385964913 0.5933908045977011 0.043859649122807015 0.07950191570881225
0 0.7177033492822966 0.6704980842911877 0.0430622009569378 0.028735632183908046
0 0.5741626794258373 0.3457854406130268 0.030303030303030304 0.022988505747126436
0 0.30582137161084527 0.5296934865900382 0.045454545454545456 0.03065134099616858
0 0.5614035087719298 0.05890804597701149 0.04944178628389155 0.043103448275862065
0 0.956140350877193 0.7418582375478927 0.019138755980861243 0.03160919540229885
0 0.48325358851674644 0.6805555555555555 0.023923444976076555 0.035440613026819924
0 0.9700956937799043 0.46695402298850575 0.018341307814992026 0.06226053639846743
0 0.34688995215311 0.13026819923371646 0.011164274322169059 0.019157088122605363
0 0.5 0.09243295019157087 0.03189792663476874 0.02969348659003831
0 0.27870813397129185 0.8299808429118773 0.019936204146730464 0.02969348659003831
0 0.5 0.7897509578544061 0.02073365231259968 0.020114942528735632
0 0.4565390749601276 0.7116858237547893 0.015151515151515152 0.044061302681992334
0 0.2511961722488038 0.8424329501915708 0.01594896331738437 0.035440613026819924
0 0.42942583732057416 0.407088122605364 0.12360446570972887 0.19157088122605362
0 0.3915470494417863 0.8682950191570881 0.028708133971291867 0.03160919540229885
0 0.05940988835725678 0.38601532567049807 0.0645933014354067 0.07662835249042145
0 0.02631578947368421 0.9166666666666666 0.028708133971291867 0.028735632183908046
0 0.17862838915470494 0.020114942528735632 0.03508771929824561 0.021072796934865898
0 0.9230462519936204 0.18917624521072796 0.0215311004784689 0.020114942528735632
0 0.2807017543859649 0.020114942528735632 0.011164274322169059 0.007662835249042145
0 0.09250398724082935 0.08524904214559387 0.0861244019138756 0.09195402298850575
0 0.5350877192982456 0.7940613026819923 0.017543859649122806 0.044061302681992334
0 0.34290271132376393 0.49568965517241376 0.028708133971291867 0.023946360153256702
0 0.1463317384370016 0.45881226053639845 0.06140350877192983 0.028735632183908046
0 0.7149122807017544 0.22461685823754787 0.03110047846889952 0.048850574712643674
0 0.17703349282296652 0.8524904214559387 0.02711323763955343 0.026819923371647507
0 0.8911483253588517 0.20019157088122605 0.019936204146730464 0.022988505747126436
0 0.09409888357256778 0.28065134099616856 0.022328548644338118 0.021072796934865898
0 0.4736842105263158 0.15804597701149425 0.03827751196172249 0.06704980842911877
0 0.2109250398724083 0.1422413793103448 0.0215311004784689 0.02969348659003831
0 0.3149920255183413 0.9090038314176244 0.03987240829346093 0.08620689655172413
0 0.7129186602870814 0.17385057471264367 0.0430622009569378 0.1139846743295019
0 0.5390749601275917 0.3898467432950191 0.09409888357256778 0.1417624521072797
0 0.08054226475279107 0.9133141762452107 0.022328548644338118 0.018199233716475093
0 0.8843700159489634 0.7318007662835249 0.019138755980861243 0.021072796934865898
0 0.8429027113237639 0.17097701149425287 0.023923444976076555 0.027777777777777776
0 0.6188197767145136 0.5881226053639846 0.11164274322169059 0.042145593869731796
0 0.11961722488038277 0.9238505747126436 0.017543859649122806 0.020114942528735632
0 0.9565390749601276 0.07136015325670497 0.018341307814992026 0.010536398467432949
0 0.9744816586921851 0.4846743295019157 0.007974481658692184 0.026819923371647507
0 0.5769537480063796 0.5909961685823755 0.029505582137161084 0.03065134099616858
0 0.05940988835725678 0.8338122605363985 0.018341307814992026 0.023946360153256702
0 0.388755980861244 0.303639846743295 0.01674641148325359 0.019157088122605363
0 0.671451355661882 0.7227011494252873 0.012759170653907496 0.02586206896551724
0 0.1726475279106858 0.421455938697318 0.01674641148325359 0.02490421455938697
0 0.7679425837320574 0.21312260536398467 0.03668261562998405 0.08333333333333333
0 0.15271132376395535 0.13745210727969348 0.013556618819776715 0.035440613026819924
