0 0.436875 0.07961538461538462 0.1075 0.09461538461538462
0 0.6034375 0.765 0.050625 0.09
0 0.596875 0.13 0.03875 0.052307692307692305
0 0.51 0.7730769230769231 0.03875 0.06461538461538462
0 0.0971875 0.5330769230769231 0.034375 0.047692307692307694
0 0.956875 0.505 0.07125000000000001 0.06692307692307692
0 0.1896875 0.5461538461538461 0.07062500000000001 0.06153846153846154
0 0.27375 0.5611538461538461 0.0375 0.04846153846153846
0 0.0528125 0.7980769230769231 0.040625 0.06230769230769231
0 0.181875 0.4707692307692308 0.0825 0.08615384615384615
0 0.2890625 0.041923076923076924 0.034375 0.07153846153846154
0 0.0465625 0.44576923076923075 0.025625000000000002 0.03769230769230769
0 0.8453125 0.039615384615384615 0.023125 0.036153846153846154
0 0.4634375 0.5107692307692308 0.089375 0.1076923076923077
0 0.6531250000000001 0.7488461538461538 0.03875 0.026923076923076925
0 0.0928125 0.6411538461538462 0.024375 0.026923076923076925
0 0.5425 0.8269230769230769 0.043750000000000004 0.04923076923076923
0 0.36562500000000003 0.4326923076923077 0.05 0.05615384615384615
0 0.4925 0.13 0.03125 0.046153846153846156
0 0.441875 0.18923076923076923 0.02875 0.03692307692307692
0 0.09875 0.8592307692307692 0.02625 0.046153846153846156
0 0.6365625 0.5534615384615384 0.044375 0.04384615384615385
0 0.6003125 0.07153846153846154 0.030625 0.055384615384615386
0 0.64375 0.6457692307692308 0.02875 0.031538461538461536
0 0.0525 0.23692307692307693 0.025 0.03230769230769231
0 0.4434375 0.27615384615384614 0.035625000000000004 0.06615384615384616
0 0.904375 0.8846153846153846 0.0175 0.03538461538461538
0 0.426875 0.4576923076923077 0.03 0.05692307692307692
0 0.5403125 0.5280769230769231 0.026875 0.031538461538461536
0 0.48531250000000004 0.9188461538461539 0.021875000000000002 0.05615384615384615
0 0.24375 0.4826923076923077 0.03 0.03461538461538462
0 0.145 0.895 0.01875 0.03923076923076923
0 0.055 0.6846153846153846 0.02375 0.04153846153846154
0 0.574375 0.655 0.05 0.031538461538461536
0 0.2396875 0.6246153846153846 0.035625000000000004 0.04461538461538461
0 0.364375 0.08846153846153847 0.03625 0.052307692307692305
0 0.288125 0.6330769230769231 0.02375 0.02923076923076923
0 0.51625 0.6153846153846154 0.0825 0.05076923076923077
0 0.55625 0.02653846153846154 0.03125 0.02076923076923077
0 0.719375 0.9815384615384616 0.03375 0.03538461538461538
0 0.3234375 0.6238461538461538 0.030625 0.024615384615384615
0 0.044375 0.5042307692307693 0.065 0.04692307692307692
0 0.3615625 0.5176923076923077 0.056875 0.08307692307692308
0 0.6546875 0.23961538461538462 0.033125 0.025384615384615384
0 0.2328125 0.6953846153846154 0.026875 0.03076923076923077
0 0.87 0.06076923076923077 0.051250000000000004 0.05076923076923077
0 0.18875 0.07807692307692307 0.02375 0.031538461538461536
0 0.6396875 0.1696153846153846 0.058125 0.05
0 0.47000000000000003 0.8707692307692307 0.0625 0.09846153846153846
0 0.016875 0.5676923076923077 0.03375 0.09230769230769231
0 0.35375 0.6746153846153846 0.07125000000000001 0.055384615384615386
0 0.8759375 0.5703846153846154 0.019375 0.026923076923076925
0 0.244375 0.03538461538461538 0.025 0.07076923076923076
0 0.10250000000000001 0.47115384615384615 0.02875 0.031538461538461536
0 0.3615625 0.20615384615384616 0.023125 0.04461538461538461
0 0.4784375 0.6961538461538461 0.028125 0.03538461538461538
0 0.8034375 0.041923076923076924 0.030625 0.03
0 0.4221875 0.7634615384615384 0.030625 0.06076923076923077
0 0.873125 0.3792307692307692 0.02 0.026153846153846153
0 0.40625 0.665 0.0475 0.07769230769230769
0 0.50125 0.5665384615384615 0.043750000000000004 0.04384615384615385
0 0.0609375 0.8726923076923077 0.024375 0.03307692307692308
0 0.53625 0.4430769230769231 0.045 0.04
0 0.59875 0.245 0.04 0.036153846153846154
0 0.8909375 0.6423076923076924 0.036875 0.023076923076923078
0 0.9078125 0.5876923076923077 0.026875 0.06769230769230769
0 0.114375 0.255 0.095 0.09461538461538462
0 0.4678125 0.7973076923076923 0.019375 0.05153846153846154
0 0.8246875 0.42923076923076925 0.016875 0.02
0 0.22 0.7476923076923077 0.0225 0.023076923076923078
0 0.8475 0.6161538461538462 0.03 0.033846153846153845
0 0.0290625 0.8896153846153846 0.030625 0.05307692307692308
0 0.9175 0.355 0.0225 0.045384615384615384
0 0.0425 0.5934615384615385 0.02 0.03307692307692308
0 0.9606250000000001 0.553076923076923 0.0775 0.052307692307692305
0 0.640625 0.08192307692307692 0.03625 0.04230769230769231
0 0.288125 0.09346153846153846 0.0375 0.03769230769230769
0 0.925625 0.01423076923076923 0.043750000000000004 0.02846153846153846
0 0.2565625 0.09538461538461539 0.021875000000000002 0.03230769230769231
0 0.1225 0.7265384615384616 0.03625 0.05615384615384615
0 0.8203125 0.008846153846153846 0.035625000000000004 0.01769230769230769
0 0.96125 0.9519230769230769 0.01625 0.022307692307692306
0 0.6003125 0.5615384615384615 0.010625 0.04
0 0.9087500000000001 0.455 0.02 0.02076923076923077
0 0.075 0.33115384615384613 0.0225 0.023846153846153847
0 0.69625 0.07346153846153847 0.03125 0.05
0 0.930625 0.05653846153846154 0.02 0.031538461538461536
0 0.1484375 0.6784615384615384 0.060625 0.06769230769230769
0 0.012812500000000001 0.6784615384615384 0.020625 0.02
0 0.21125 0.5938461538461538 0.04875 0.04923076923076923
0 0.1734375 0.35307692307692307 0.018125 0.033846153846153845
0 0.32875 0.16076923076923078 0.02125 0.027692307692307693
0 0.6296875000000001 0.021153846153846155 0.069375 0.04230769230769231
0 0.6053125 0.8465384615384616 0.021875000000000002 0.03461538461538462
0 0.546875 0.20615384615384616 0.0575 0.05692307692307692
0 0.5546875 0.07384615384615384 0.021875000000000002 0.03538461538461538
0 0.0496875 0.5496153846153846 0.016875 0.022307692307692306
0 0.5503125 0.3119230769230769 0.028125 0.03769230769230769
0 0.8378125000000001 0.9553846153846154 0.020625 0.03692307692307692
0 0.774375 0.9684615384615385 0.075 0.06153846153846154
0 0.9575 0.6353846153846154 0.045 0.08461538461538462
0 0.2625 0.6657692307692308 0.045 0.03
0 0.4296875 0.3292307692307692 0.030625 0.024615384615384615
0 0.7009375 0.5476923076923077 0.046875 0.03230769230769231
0 0.4584375 0.022692307692307692 0.050625 0.045384615384615384
0 0.0096875 0.7238461538461538 0.019375 0.033846153846153845
0 0.5071875 0.695 0.024375 0.03769230769230769
0 0.009375 0.4280769230769231 0.01875 0.06538461538461539
0 0.67875 0.11615384615384615 0.01125 0.02
0 0.5209375 0.06346153846153846 0.033125 0.031538461538461536
0 0.713125 0.8711538461538462 0.02 0.031538461538461536
0 0.4840625 0.8111538461538461 0.020625 0.02076923076923077
0 0.5334375 0.7307692307692307 0.014375 0.046153846153846156
0 0.74125 0.8869230769230769 0.01625 0.03692307692307692
0 0.5778125000000001 0.40615384615384614 0.129375 0.20461538461538462
0 0.593125 0.9034615384615384 0.03 0.03307692307692308
0 0.9659375 0.41307692307692306 0.066875 0.08153846153846153
0 0.9725 0.9842307692307692 0.02875 0.03
0 0.860625 0.011153846153846153 0.03625 0.022307692307692306
0 0.073125 0.13423076923076924 0.02125 0.02076923076923077
0 0.7540625 0.0034615384615384616 0.010625 0.006923076923076923
0 0.9471875000000001 0.0876923076923077 0.089375 0.09846153846153846
0 0.446875 0.813076923076923 0.0175 0.046153846153846156
0 0.6634375 0.5076923076923077 0.029375000000000002 0.024615384615384615
0 0.87125 0.48384615384615387 0.06375 0.03076923076923077
0 0.2890625 0.18846153846153846 0.031875 0.05076923076923077
0 0.818125 0.9030769230769231 0.0275 0.027692307692307693
0 0.10625 0.14884615384615385 0.02 0.023846153846153847
0 0.935625 0.2969230769230769 0.0225 0.021538461538461538
0 0.5446875 0.13615384615384615 0.039375 0.07076923076923076
0 0.8203125 0.1396153846153846 0.021875000000000002 0.031538461538461536
0 0.6709375 0.9534615384615385 0.040625 0.09153846153846154
0 0.29375 0.13384615384615384 0.043750000000000004 0.12153846153846154
0 0.4640625 0.3792307692307692 0.098125 0.1523076923076923
0 0.9159375000000001 0.9761538461538461 0.023125 0.01846153846153846
0 0.085 0.7184615384615385 0.01875 0.021538461538461538
0 0.1578125 0.12115384615384615 0.024375 0.02846153846153846
0 0.370625 0.5853846153846154 0.11625 0.04461538461538461
0 0.8746875000000001 0.9842307692307692 0.018125 0.02076923076923077
0 0.044375 0.005 0.01875 0.01
0 0.00375 0.4469230769230769 0.0075 0.027692307692307693
0 0.4140625 0.5919230769230769 0.030625 0.031538461538461536
0 0.9425 0.8923076923076924 0.01875 0.024615384615384615
0 0.6259375 0.2988461538461539 0.016875 0.019230769230769232
0 0.308125 0.7253846153846154 0.0125 0.026153846153846153
0 0.8456250000000001 0.44153846153846155 0.01625 0.026153846153846153
0 0.2340625 0.17192307692307693 0.038125 0.08846153846153847
0 0.8815625 0.13923076923076924 0.013125 0.03692307692307692
