0 0.58559670781893 0.12549019607843137 0.10123456790123457 0.08627450980392157
0 0.38559670781893 0.7299019607843137 0.048559670781893 0.08333333333333333
0 0.43251028806584363 0.15588235294117647 0.037037037037037035 0.049019607843137254
0 0.47201646090534977 0.746078431372549 0.037037037037037035 0.058823529411764705
0 0.874074074074074 0.5681372549019608 0.03292181069958848 0.044117647058823525
0 0.07160493827160494 0.46127450980392154 0.06748971193415637 0.061764705882352944
0 0.7864197530864198 0.571078431372549 0.06666666666666667 0.055882352941176466
0 0.7069958847736625 0.5764705882352941 0.03621399176954732 0.045098039215686274
0 0.8983539094650206 0.8122549019607843 0.03868312757201646 0.05784313725490196
0 0.7987654320987654 0.5034313725490196 0.07818930041152264 0.07941176470588235
0 0.7259259259259259 0.1053921568627451 0.03292181069958848 0.06568627450980392
0 0.9267489711934156 0.49411764705882355 0.024691358024691357 0.03529411764705882
0 0.20617283950617282 0.050490196078431374 0.022222222222222223 0.03431372549019608
0 0.5329218106995884 0.513235294117647 0.08477366255144032 0.09901960784313725
0 0.3403292181069959 0.7107843137254902 0.037037037037037035 0.025490196078431372
0 0.87119341563786 0.6666666666666666 0.023868312757201644 0.025490196078431372
0 0.4382716049382716 0.7916666666666666 0.04197530864197531 0.04607843137254902
0 0.6296296296296297 0.4514705882352941 0.04773662551440329 0.051960784313725486
0 0.5304526748971193 0.16568627450980392 0.03045267489711934 0.043137254901960784
0 0.5736625514403292 0.22401960784313726 0.027983539094650206 0.03431372549019608
0 0.851440329218107 0.8632352941176471 0.02551440329218107 0.04215686274509804
0 0.3683127572016461 0.5352941176470588 0.04197530864197531 0.041176470588235294
0 0.43333333333333335 0.10294117647058823 0.02880658436213992 0.050980392156862744
0 0.35555555555555557 0.6181372549019608 0.027983539094650206 0.030392156862745098
0 0.9349794238683128 0.3044117647058823 0.024691358024691357 0.030392156862745098
0 0.5666666666666667 0.3029411764705882 0.033744855967078186 0.060784313725490195
0 0.0962962962962963 0.8098039215686275 0.01646090534979424 0.03333333333333333
0 0.5707818930041152 0.46862745098039216 0.02880658436213992 0.052941176470588235
0 0.4596707818930041 0.5215686274509804 0.02551440329218107 0.029411764705882353
0 0.4860082304526749 0.8803921568627451 0.0205761316872428 0.050980392156862744
0 0.7403292181069959 0.5083333333333333 0.02880658436213992 0.032352941176470584
0 0.8057613168724279 0.8911764705882352 0.01810699588477366 0.03725490196078431
0 0.9037037037037037 0.7093137254901961 0.023045267489711932 0.03823529411764706
0 0.41975308641975306 0.6333333333333333 0.04773662551440329 0.029411764705882353
0 0.7345679012345678 0.6372549019607843 0.033744855967078186 0.041176470588235294
0 0.6526748971193416 0.14019607843137255 0.0345679012345679 0.049019607843137254
0 0.6888888888888889 0.6401960784313725 0.023045267489711932 0.027450980392156862
0 0.4769547325102881 0.6029411764705882 0.07818930041152264 0.047058823529411764
0 0.4773662551440329 0.06568627450980392 0.02962962962962963 0.0196078431372549
0 0.26296296296296295 0.9147058823529411 0.03209876543209877 0.03333333333333333
0 0.6563786008230452 0.6284313725490196 0.02880658436213992 0.023529411764705882
0 0.9251028806584362 0.5470588235294117 0.06090534979423868 0.043137254901960784
0 0.6275720164609053 0.528921568627451 0.053497942386831275 0.07549019607843137
0 0.37160493827160496 0.24950980392156863 0.03209876543209877 0.024509803921568627
0 0.7366255144032922 0.7019607843137254 0.02633744855967078 0.029411764705882353
0 0.18148148148148147 0.06764705882352941 0.048559670781893 0.047058823529411764
0 0.8181069958847736 0.14754901960784314 0.023045267489711932 0.030392156862745098
0 0.3897119341563786 0.18774509803921569 0.0551440329218107 0.04607843137254902
0 0.5037037037037037 0.8382352941176471 0.05925925925925926 0.09019607843137255
0 0.9469135802469135 0.6068627450980392 0.03209876543209877 0.08431372549019608
0 0.6246913580246913 0.6715686274509803 0.06748971193415637 0.050980392156862744
0 0.14362139917695474 0.5279411764705882 0.018930041152263374 0.024509803921568627
0 0.768312757201646 0.10392156862745097 0.023868312757201644 0.06470588235294117
0 0.8728395061728395 0.5117647058823529 0.027160493827160494 0.029411764705882353
0 0.6477366255144033 0.24705882352941178 0.023045267489711932 0.041176470588235294
0 0.5065843621399176 0.6794117647058824 0.027160493827160494 0.03333333333333333
0 0.24526748971193416 0.056372549019607844 0.02962962962962963 0.028431372549019607
0 0.5547325102880658 0.7455882352941177 0.02962962962962963 0.055882352941176466
0 0.1580246913580247 0.3553921568627451 0.019753086419753086 0.024509803921568627
0 0.5765432098765432 0.6583333333333333 0.04526748971193416 0.07156862745098039
0 0.49382716049382713 0.5598039215686275 0.0411522633744856 0.041176470588235294
0 0.8860082304526748 0.878921568627451 0.023868312757201644 0.030392156862745098
0 0.4691358024691358 0.44509803921568625 0.04279835390946502 0.03725490196078431
0 0.42345679012345677 0.25980392156862747 0.03868312757201646 0.03333333333333333
0 0.12469135802469136 0.5916666666666667 0.03539094650205761 0.022549019607843137
0 0.11234567901234567 0.5406862745098039 0.02551440329218107 0.061764705882352944
0 0.8761316872427983 0.31470588235294117 0.0897119341563786 0.08627450980392157
0 0.5098765432098765 0.7720588235294118 0.018930041152263374 0.048039215686274506
0 0.19999999999999998 0.40490196078431373 0.01646090534979424 0.0196078431372549
0 0.7452674897119341 0.7509803921568627 0.022222222222222223 0.021568627450980392
0 0.16666666666666666 0.5720588235294117 0.02880658436213992 0.032352941176470584
0 0.91440329218107 0.8970588235294118 0.02962962962962963 0.049019607843137254
0 0.11810699588477366 0.328921568627451 0.022222222222222223 0.04215686274509804
0 0.9209876543209876 0.6279411764705882 0.019753086419753086 0.030392156862745098
0 0.0654320987654321 0.5044117647058823 0.07325102880658436 0.048039215686274506
0 0.3950617283950617 0.10784313725490197 0.0345679012345679 0.0392156862745098
0 0.7238683127572016 0.15196078431372548 0.03539094650205761 0.03529411764705882
0 0.13292181069958847 0.020098039215686272 0.04197530864197531 0.026470588235294117
0 0.7530864197530864 0.1568627450980392 0.02139917695473251 0.029411764705882353
0 0.8378600823045267 0.740686274509804 0.0345679012345679 0.051960784313725486
0 0.2316872427983539 0.025 0.033744855967078186 0.016666666666666666
0 0.03868312757201646 0.8651960784313726 0.01646090534979424 0.020588235294117647
0 0.4012345679012346 0.546078431372549 0.010699588477366255 0.03725490196078431
0 0.12016460905349793 0.42058823529411765 0.019753086419753086 0.0196078431372549
0 0.9078189300411522 0.3877450980392157 0.02139917695473251 0.022549019607843137
0 0.3436213991769547 0.09558823529411764 0.03045267489711934 0.04607843137254902
0 0.12510288065843622 0.05784313725490196 0.019753086419753086 0.029411764705882353
0 0.8164609053497942 0.6946078431372549 0.05761316872427984 0.061764705882352944
0 0.9432098765432099 0.707843137254902 0.019753086419753086 0.0196078431372549
0 0.7633744855967078 0.6122549019607844 0.046913580246913576 0.04607843137254902
0 0.8139917695473251 0.3980392156862745 0.01810699588477366 0.03137254901960784
0 0.6814814814814815 0.20931372549019608 0.02139917695473251 0.026470588235294117
0 0.4090534979423868 0.05392156862745098 0.06584362139917696 0.0392156862745098
0 0.3786008230452675 0.8034313725490196 0.02139917695473251 0.032352941176470584
0 0.4744855967078189 0.22941176470588234 0.0551440329218107 0.052941176470588235
0 0.4757201646090535 0.10882352941176471 0.02139917695473251 0.03333333333333333
0 0.917283950617284 0.5877450980392157 0.01728395061728395 0.020588235294117647
0 0.4646090534979424 0.325 0.027160493827160494 0.03431372549019608
0 0.15390946502057612 0.8799019607843137 0.019753086419753086 0.03431372549019608
0 0.21234567901234566 0.8980392156862745 0.07078189300411522 0.056862745098039215
0 0.06255144032921811 0.5789215686274509 0.04279835390946502 0.07745098039215687
0 0.7106995884773663 0.6725490196078431 0.043621399176954734 0.027450980392156862
0 0.5761316872427984 0.35196078431372546 0.02962962962962963 0.023529411764705882
0 0.30864197530864196 0.5240196078431373 0.044444444444444446 0.030392156862745098
0 0.5691358024691358 0.07205882352941176 0.048559670781893 0.04215686274509804
0 0.9436213991769548 0.7490196078431373 0.018930041152263374 0.03137254901960784
0 0.4802469135802469 0.6754901960784314 0.023868312757201644 0.03529411764705882
0 0.9629629629629629 0.48137254901960785 0.01810699588477366 0.060784313725490195
0 0.35720164609053495 0.13578431372549019 0.011522633744855966 0.018627450980392157
0 0.5082304526748971 0.10294117647058823 0.03209876543209877 0.029411764705882353
0 0.2757201646090535 0.8156862745098039 0.019753086419753086 0.029411764705882353
0 0.494238683127572 0.7833333333333333 0.0205761316872428 0.0196078431372549
0 0.4530864197530864 0.7058823529411764 0.013991769547325103 0.043137254901960784
0 0.248559670781893 0.8269607843137254 0.01646090534979424 0.03431372549019608
0 0.43292181069958846 0.40784313725490196 0.12181069958847736 0.18627450980392157
0 0.38641975308641974 0.8563725490196078 0.02880658436213992 0.030392156862745098
0 0.06954732510288066 0.3769607843137255 0.06337448559670782 0.07549019607843137
0 0.02633744855967078 0.8936274509803921 0.027983539094650206 0.028431372549019607
0 0.19382716049382714 0.023529411764705882 0.03539094650205761 0.021568627450980392
0 0.9222222222222222 0.20931372549019608 0.0205761316872428 0.020588235294117647
0 0.294238683127572 0.026470588235294117 0.010699588477366255 0.00784313725490196
0 0.10781893004115226 0.08431372549019608 0.08395061728395062 0.09019607843137255
0 0.5288065843621399 0.788235294117647 0.01728395061728395 0.043137254901960784
0 0.3460905349794239 0.49117647058823527 0.02880658436213992 0.023529411764705882
0 0.15308641975308643 0.45 0.06090534979423868 0.029411764705882353
0 0.7164609053497942 0.23823529411764705 0.03045267489711934 0.047058823529411764
0 0.1757201646090535 0.8343137254901961 0.027160493827160494 0.025490196078431372
0 0.8905349794238683 0.21911764705882353 0.019753086419753086 0.022549019607843137
0 0.10493827160493827 0.275 0.022222222222222223 0.020588235294117647
0 0.4810699588477366 0.16666666666666666 0.037037037037037035 0.06470588235294117
0 0.22304526748971193 0.14313725490196078 0.02139917695473251 0.029411764705882353
0 0.3098765432098765 0.8941176470588235 0.03868312757201646 0.08431372549019608
0 0.7156378600823046 0.18774509803921569 0.04197530864197531 0.11078431372549019
0 0.5407407407407407 0.3941176470588235 0.09218106995884773 0.1392156862745098
0 0.0794238683127572 0.8911764705882352 0.022222222222222223 0.01764705882352941
0 0.8732510288065843 0.7367647058823529 0.01810699588477366 0.020588235294117647
0 0.8440329218106996 0.18970588235294117 0.023868312757201644 0.026470588235294117
0 0.6148148148148148 0.5892156862745098 0.1102880658436214 0.041176470588235294
0 0.1176954732510288 0.9029411764705882 0.01810699588477366 0.0196078431372549
0 0.9572016460905349 0.09509803921568627 0.01810699588477366 0.00980392156862745
0 0.9666666666666667 0.49901960784313726 0.007407407407407408 0.025490196078431372
0 0.5736625514403292 0.5911764705882353 0.02962962962962963 0.029411764705882353
0 0.06008230452674897 0.8127450980392157 0.01810699588477366 0.023529411764705882
0 0.3946502057613169 0.3058823529411765 0.01728395061728395 0.01764705882352941
0 0.6641975308641975 0.7220588235294118 0.01316872427983539 0.024509803921568627
0 0.17983539094650206 0.4142156862745098 0.015637860082304528 0.024509803921568627
0 0.7691358024691358 0.22794117647058823 0.037037037037037035 0.08137254901960785
0 0.1662551440329218 0.13676470588235293 0.01316872427983539 0.03431372549019608
