0 0.4180522565320665 0.8864068441064639 0.10292953285827394 0.08840304182509506
0 0.6096595407759303 0.26188212927756654 0.049089469517022956 0.08460076045627377
0 0.5732383214568487 0.8507604562737643 0.03800475059382423 0.049429657794676805
0 0.5209817893903405 0.24714828897338403 0.03800475059382423 0.060836501901140684
0 0.1163895486935867 0.44153992395437264 0.0332541567695962 0.04467680608365019
0 0.9338875692794932 0.528041825095057 0.0688836104513064 0.06368821292775666
0 0.20506730007917656 0.4358365019011407 0.06809184481393507 0.05798479087452472
0 0.28582739509105304 0.42775665399239543 0.03642121931908155 0.045627376425855515
0 0.08630245447347584 0.1920152091254753 0.0395882818685669 0.058935361216730035
0 0.19398258115597783 0.5052281368821293 0.0791765637371338 0.08079847908745247
0 0.2755344418052256 0.9111216730038023 0.0332541567695962 0.06749049429657794
0 0.06413301662707838 0.5190114068441065 0.025336500395882817 0.03612167300380228
0 0.8056215360253365 0.9524714828897338 0.022961203483768802 0.034220532319391636
0 0.4639746634996041 0.4876425855513308 0.0855106888361045 0.10076045627376426
0 0.6559778305621535 0.2799429657794677 0.03721298495645289 0.025665399239543727
0 0.11718131433095803 0.34077946768060835 0.023752969121140142 0.025665399239543727
0 0.5542359461599367 0.20009505703422054 0.04275534441805225 0.04657794676806084
0 0.3669833729216152 0.5532319391634981 0.04829770387965162 0.053231939163498096
0 0.4738717339667458 0.844106463878327 0.030878859857482184 0.043726235741444866
0 0.42834520981789387 0.7846958174904943 0.02850356294536817 0.03517110266159696
0 0.13341250989707046 0.13878326996197718 0.026128266033254157 0.043726235741444866
0 0.6310372129849564 0.4600760456273764 0.04275534441805225 0.04182509505703422
0 0.5732383214568487 0.9054182509505704 0.030087094220110844 0.05228136882129278
0 0.6421219319081551 0.3754752851711027 0.02850356294536817 0.030418250950570342
0 0.05977830562153602 0.7134030418250951 0.024544734758511478 0.03136882129277566
0 0.43388756927949323 0.7043726235741444 0.03483768804433887 0.06273764258555133
0 0.901821060965954 0.17157794676806085 0.017418844022169436 0.03326996197718631
0 0.42636579572446553 0.5346958174904943 0.02929532858273951 0.05418250950570342
0 0.5380047505938242 0.4771863117870722 0.026128266033254157 0.030418250950570342
0 0.5039588281868567 0.11026615969581749 0.021377672209026127 0.053231939163498096
0 0.25376088677751385 0.498574144486692 0.02929532858273951 0.03326996197718631
0 0.1789390340459224 0.1088403041825095 0.019002375296912115 0.0370722433460076
0 0.0831353919239905 0.2980038022813688 0.023752969121140142 0.03897338403041825
0 0.5768012668250198 0.3616920152091255 0.04829770387965162 0.029467680608365018
0 0.2565320665083135 0.3664448669201521 0.03483768804433887 0.04277566539923954
0 0.3495645288994457 0.873574144486692 0.035629453681710214 0.049429657794676805
0 0.3028503562945368 0.36216730038022815 0.022961203483768802 0.028517110266159697
0 0.5193982581155978 0.39448669201520914 0.0791765637371338 0.04752851711026616
0 0.5292953285827395 0.9443916349809885 0.030878859857482184 0.019961977186311788
0 0.7300079176563736 0.06844106463878327 0.0332541567695962 0.034220532319391636
0 0.336104513064133 0.37309885931558934 0.02929532858273951 0.02376425855513308
0 0.06452889944576405 0.46435361216730037 0.0625494853523357 0.04467680608365019
0 0.36737925574030084 0.47433460076045625 0.055423594615993665 0.0779467680608365
0 0.6330166270783848 0.7533269961977186 0.03246239113222486 0.02376425855513308
0 0.2529691211401425 0.29990494296577946 0.026128266033254157 0.029467680608365018
0 0.8297703879651622 0.9344106463878327 0.049089469517022956 0.04752851711026616
0 0.18210609659540775 0.870722433460076 0.023752969121140142 0.030418250950570342
0 0.6155977830562154 0.8174904942965779 0.056215360253365 0.04752851711026616
0 0.48733174980205857 0.15399239543726237 0.06096595407759303 0.09315589353612168
0 0.04156769596199525 0.4035171102661597 0.03246239113222486 0.08650190114068441
0 0.36737925574030084 0.3284220532319392 0.06809184481393507 0.05228136882129278
0 0.8598574821852731 0.4615019011406844 0.019002375296912115 0.025665399239543727
0 0.23317498020585906 0.9144486692015209 0.024544734758511478 0.06653992395437262
0 0.11836896278701504 0.4995247148288973 0.027711797307996833 0.029467680608365018
0 0.3527315914489311 0.7637832699619772 0.022961203483768802 0.04277566539923954
0 0.48733174980205857 0.31653992395437264 0.027711797307996833 0.034220532319391636
0 0.7656373713380838 0.9472433460076045 0.030087094220110844 0.029467680608365018
0 0.4370546318289786 0.2504752851711027 0.030087094220110844 0.05798479087452472
0 0.8475851148060174 0.6387832699619772 0.01979414093428345 0.024714828897338403
0 0.4168646080760095 0.34077946768060835 0.04671417260490895 0.07319391634980989
0 0.5027711797307997 0.4391634980988593 0.04275534441805225 0.04182509505703422
0 0.09778305621536025 0.12357414448669202 0.024544734758511478 0.03231939163498099
0 0.5300870942201108 0.5560836501901141 0.04354711005542359 0.03802281368821293
0 0.5799683293745052 0.7442965779467681 0.038796516231195566 0.034220532319391636
0 0.8772763262074426 0.3959125475285171 0.03642121931908155 0.021863117870722433
0 0.891132224861441 0.44771863117870725 0.026128266033254157 0.06463878326996197
0 0.11955661124307204 0.7010456273764258 0.09184481393507521 0.08840304182509506
0 0.4817893903404592 0.22195817490494296 0.01979414093428345 0.04847908745247148
0 0.8040380047505938 0.5888783269961977 0.0166270783847981 0.019961977186311788
0 0.24346793349168644 0.2509505703422053 0.022961203483768802 0.022813688212927757
0 0.834916864608076 0.41730038022813687 0.02929532858273951 0.03231939163498099
0 0.06809184481393507 0.10551330798479087 0.030087094220110844 0.049429657794676805
0 0.8891528107680127 0.6644486692015209 0.022169437846397466 0.043726235741444866
0 0.06690419635787806 0.38165399239543724 0.01979414093428345 0.03136882129277566
0 0.9398258115597783 0.4838403041825095 0.07442596991290577 0.049429657794676805
0 0.61243072050673 0.8987642585551331 0.035629453681710214 0.0408745247148289
0 0.2771179730799683 0.8631178707224334 0.03642121931908155 0.03612167300380228
0 0.880443388756928 0.9814638783269962 0.04275534441805225 0.027566539923954372
0 0.24742676167854313 0.8593155893536122 0.021377672209026127 0.030418250950570342
0 0.1496437054631829 0.2633079847908745 0.03483768804433887 0.053231939163498096
0 0.779889152810768 0.9790874524714829 0.03483768804433887 0.017110266159695818
0 0.959224069675376 0.11311787072243346 0.0166270783847981 0.02091254752851711
0 0.5969912905779889 0.4505703422053232 0.011084718923198733 0.03802281368821293
0 0.8855898653998416 0.5708174904942965 0.01979414093428345 0.019961977186311788
0 0.0855106888361045 0.6273764258555133 0.022169437846397466 0.022813688212927757
0 0.665083135391924 0.9106463878326996 0.030087094220110844 0.04752851711026616
0 0.8871733966745843 0.9429657794676806 0.01979414093428345 0.030418250950570342
0 0.17181314330958036 0.310361216730038 0.05859065716547902 0.06368821292775666
0 0.04275534441805225 0.30038022813688214 0.02058590657165479 0.019011406844106463
0 0.22802850356294535 0.39306083650190116 0.047505938242280284 0.04657794676806084
0 0.1801266825019794 0.6140684410646388 0.018210609659540775 0.03231939163498099
0 0.31908155186064924 0.8032319391634981 0.02058590657165479 0.026615969581749048
0 0.5989707046714172 0.9543726235741444 0.06730007917656373 0.039923954372623575
0 0.614806017418844 0.18583650190114068 0.021377672209026127 0.03326996197718631
0 0.5288994457640538 0.776615969581749 0.055423594615993665 0.053231939163498096
0 0.5300870942201108 0.9001901140684411 0.021377672209026127 0.034220532319391636
0 0.07165479018210609 0.4225285171102662 0.0166270783847981 0.021863117870722433
0 0.5372129849564529 0.6787072243346007 0.027711797307996833 0.03612167300380228
0 0.8416468725257323 0.10123574144486693 0.02058590657165479 0.03517110266159696
0 0.7818685669041964 0.08460076045627377 0.07205067300079177 0.058935361216730035
0 0.9402216943784639 0.4068441064638783 0.04354711005542359 0.07984790874524715
0 0.279889152810768 0.32984790874524716 0.04354711005542359 0.028517110266159697
0 0.4235946159936659 0.654467680608365 0.030087094220110844 0.02376425855513308
0 0.6920031670625495 0.4700570342205323 0.045922406967537605 0.03136882129277566
0 0.43626286619160726 0.94106463878327 0.049089469517022956 0.043726235741444866
0 0.04196357878068092 0.2585551330798479 0.019002375296912115 0.03231939163498099
0 0.5146476642913698 0.3198669201520912 0.023752969121140142 0.03517110266159696
0 0.027711797307996833 0.5327946768060836 0.019002375296912115 0.06178707224334601
0 0.6504354711005542 0.8697718631178707 0.011876484560570071 0.019011406844106463
0 0.497624703087886 0.9077946768060836 0.03246239113222486 0.030418250950570342
0 0.7189231987331749 0.17062737642585551 0.02058590657165479 0.029467680608365018
0 0.4980205859065716 0.2105513307984791 0.02058590657165479 0.019961977186311788
0 0.5411718131433095 0.2884980988593156 0.015043547110055422 0.04467680608365019
0 0.7462391132224862 0.15826996197718632 0.0166270783847981 0.03517110266159696
0 0.568091844813935 0.5931558935361216 0.12430720506730007 0.19011406844106463
0 0.6060965954077593 0.13212927756653992 0.02929532858273951 0.03231939163498099
0 0.9378463974663499 0.6140684410646388 0.06413301662707838 0.07604562737642585
0 0.9714964370546317 0.08365019011406843 0.02850356294536817 0.028517110266159697
0 0.8186856690419635 0.9795627376425855 0.03483768804433887 0.021863117870722433
0 0.07442596991290577 0.810361216730038 0.02058590657165479 0.019961977186311788
0 0.716547901821061 0.9795627376425855 0.011084718923198733 0.006653992395437262
0 0.9045922406967537 0.9149239543726235 0.08630245447347584 0.09220532319391635
0 0.46239113222486145 0.20627376425855512 0.017418844022169436 0.043726235741444866
0 0.6543942992874109 0.5052281368821293 0.02929532858273951 0.02376425855513308
0 0.8511480601741884 0.5413498098859315 0.06175771971496437 0.029467680608365018
0 0.2826603325415677 0.7751901140684411 0.03167062549485352 0.04847908745247148
0 0.8202692003167062 0.1482889733840304 0.026920031670625493 0.026615969581749048
0 0.10649247822644496 0.7994296577946768 0.01979414093428345 0.022813688212927757
0 0.9034045922406967 0.7195817490494296 0.022169437846397466 0.02091254752851711
0 0.5237529691211401 0.841254752851711 0.038796516231195566 0.06653992395437262
0 0.7862232779097387 0.8574144486692015 0.022169437846397466 0.030418250950570342
0 0.6825019794140934 0.09125475285171103 0.0395882818685669 0.08555133079847908
0 0.284639746634996 0.8260456273764258 0.04196357878068092 0.11406844106463879
0 0.45803642121931903 0.6102661596958174 0.09422011084718923 0.14258555133079848
0 0.9172604908946951 0.08697718631178707 0.022961203483768802 0.01806083650190114
0 0.11361836896278701 0.26806083650190116 0.018210609659540775 0.02091254752851711
0 0.1543942992874109 0.8284220532319392 0.023752969121140142 0.027566539923954372
0 0.37925574030087095 0.4120722433460076 0.11084718923198733 0.04277566539923954
0 0.8780680918448139 0.07699619771863118 0.017418844022169436 0.02091254752851711
0 0.04117181314330958 0.9282319391634981 0.019002375296912115 0.010456273764258554
0 0.022961203483768802 0.5152091254752852 0.00791765637371338 0.026615969581749048
0 0.42082343626286617 0.40874524714828897 0.02929532858273951 0.030418250950570342
0 0.9382422802850355 0.16682509505703422 0.019002375296912115 0.02376425855513308
0 0.6084718923198733 0.6962927756653993 0.0166270783847981 0.01806083650190114
0 0.32620744259699125 0.27756653992395436 0.012668250197941409 0.024714828897338403
0 0.8246239113222485 0.5788973384030418 0.0166270783847981 0.024714828897338403
0 0.22921615201900236 0.7865969581749049 0.03721298495645289 0.08269961977186312
0 0.844418052256532 0.8626425855513308 0.013460015835312747 0.03517110266159696
