0 0.5560448358686949 0.08610567514677103 0.10648518815052041 0.09393346379647749
0 0.40072057646116893 0.7612524461839529 0.05044035228182546 0.09001956947162426
0 0.39911929543634905 0.13894324853228962 0.039231385108086464 0.05283757338551859
0 0.49279423538831063 0.7671232876712328 0.039231385108086464 0.06457925636007827
0 0.8971176941553242 0.523972602739726 0.0344275420336269 0.04794520547945205
0 0.04843875100080064 0.5132093933463796 0.07125700560448359 0.0675146771037182
0 0.8062449959967973 0.5386497064579256 0.07045636509207365 0.06164383561643835
0 0.7233787029623698 0.5552837573385518 0.03763010408326661 0.04794520547945205
0 0.9443554843875099 0.7832681017612524 0.04083266613290632 0.06164383561643835
0 0.8130504403522818 0.46477495107632094 0.08246597277822257 0.08610567514677103
0 0.7017614091273018 0.04647749510763209 0.0344275420336269 0.07142857142857142
0 0.9459567654123298 0.437866927592955 0.02642113690952762 0.03816046966731898
0 0.15252201761409126 0.055283757338551856 0.02321857485988791 0.036203522504892366
0 0.5352281825460368 0.5092954990215264 0.088871096877502 0.10665362035225048
0 0.35108086469175337 0.7465753424657534 0.039231385108086464 0.0273972602739726
0 0.9027221777421937 0.6301369863013698 0.024819855884707764 0.0273972602739726
0 0.4615692554043234 0.8209393346379648 0.044035228182546036 0.04892367906066536
0 0.6309047237790232 0.4310176125244618 0.04963971176941553 0.05577299412915851
0 0.5020016012810248 0.13649706457925637 0.032025620496397116 0.04598825831702544
0 0.5524419535628502 0.19373776908023482 0.028823058446757404 0.03718199608610567
0 0.899919935948759 0.8439334637964775 0.02722177742193755 0.04598825831702544
0 0.3650920736589271 0.5543052837573386 0.04483586869495596 0.04403131115459882
0 0.39471577261809443 0.08170254403131115 0.030424339471577258 0.05577299412915851
0 0.35908726981585265 0.6453033268101761 0.029623698959167333 0.03228962818003914
0 0.9375500400320256 0.23336594911937375 0.025620496397117692 0.03228962818003914
0 0.5520416333066452 0.2793542074363992 0.036028823058446756 0.06555772994129158
0 0.10488390712570056 0.8840508806262231 0.017614091273018412 0.036203522504892366
0 0.5708566853482786 0.4569471624266145 0.030424339471577258 0.05675146771037182
0 0.4595676541232986 0.5278864970645792 0.02722177742193755 0.03228962818003914
0 0.5188150520416333 0.909491193737769 0.02241793434747798 0.05577299412915851
0 0.7518014411529222 0.4774951076320939 0.030424339471577258 0.03522504892367906
0 0.854283426741393 0.8796477495107632 0.01921537229783827 0.03913894324853229
0 0.9407526020816652 0.6722113502935421 0.024019215372297835 0.0410958904109589
0 0.4279423538831065 0.6531311154598826 0.05044035228182546 0.03228962818003914
0 0.7578062449959967 0.6164383561643836 0.036028823058446756 0.04500978473581213
0 0.6277021617293834 0.09344422700587084 0.03682946357085668 0.05185909980430528
0 0.7101681345076061 0.6262230919765166 0.024019215372297835 0.029354207436399216
0 0.48478783026421135 0.613013698630137 0.08246597277822257 0.049902152641878667
0 0.4375500400320256 0.03669275929549902 0.031224979983987187 0.02054794520547945
0 0.288630904723779 0.9755381604696672 0.0344275420336269 0.03522504892367906
0 0.6753402722177742 0.6174168297455969 0.031224979983987187 0.025440313111545987
0 0.9491593274619695 0.49510763209393344 0.06485188150520416 0.046966731898238745
0 0.6361088871096877 0.5141878669275929 0.05684547638110488 0.08317025440313111
0 0.34347477982385904 0.24755381604696672 0.03362690152121697 0.025440313111545987
0 0.7654123298638911 0.6859099804305283 0.02722177742193755 0.03131115459882583
0 0.12850280224179342 0.07632093933463796 0.05204163330664531 0.050880626223091974
0 0.8010408326661329 0.08023483365949119 0.024819855884707764 0.03131115459882583
0 0.3570856685348278 0.17857142857142855 0.05764611689351481 0.049902152641878667
0 0.533226581265012 0.8625244618395302 0.062449959967974374 0.09686888454011741
0 0.976781425140112 0.5567514677103718 0.03362690152121697 0.09197651663405088
0 0.6457165732586069 0.6678082191780822 0.07125700560448359 0.05577299412915851
0 0.12930344275420336 0.5753424657534246 0.020016012810248198 0.0273972602739726
0 0.7453963170536428 0.03913894324853229 0.025620496397117692 0.07045009784735812
0 0.8911128903122497 0.4637964774951076 0.028823058446757404 0.03131115459882583
0 0.632105684547638 0.2089041095890411 0.02321857485988791 0.04403131115459882
0 0.5228182546036829 0.6912915851272016 0.028823058446757404 0.036203522504892366
0 0.1941553242594075 0.05626223091976516 0.031224979983987187 0.030332681017612523
0 0.5792634107285828 0.7563600782778864 0.031224979983987187 0.060665362035225046
0 0.12930344275420336 0.3879647749510763 0.020016012810248198 0.026418786692759294
0 0.5936749399519615 0.659491193737769 0.047237790232185745 0.07632093933463796
0 0.49919935948759003 0.5650684931506849 0.044035228182546036 0.04403131115459882
0 0.9371497197758206 0.8561643835616438 0.024819855884707764 0.033268101761252444
0 0.46277021617293834 0.4447162426614481 0.04483586869495596 0.040117416829745595
0 0.3987189751801441 0.2514677103718199 0.040032025620496396 0.03718199608610567
0 0.11529223378702962 0.646771037181996 0.03682946357085668 0.023483365949119372
0 0.0976781425140112 0.5934442270058709 0.02722177742193755 0.0675146771037182
0 0.8767013610888711 0.25244618395303325 0.09447558046437149 0.09393346379647749
0 0.5344275420336269 0.7901174168297456 0.020016012810248198 0.05185909980430528
0 0.177742193755004 0.43688845401174164 0.017614091273018412 0.02054794520547945
0 0.7786228983186548 0.7367906066536203 0.02321857485988791 0.023483365949119372
0 0.1577261809447558 0.6198630136986301 0.030424339471577258 0.03424657534246575
0 0.9691753402722177 0.87279843444227 0.031224979983987187 0.05283757338551859
0 0.08526821457165731 0.36545988258317025 0.02321857485988791 0.04598825831702544
0 0.9519615692554042 0.5821917808219178 0.020816653322658127 0.033268101761252444
0 0.045236188951160924 0.5601761252446184 0.077662129703763 0.05185909980430528
0 0.35508406725380304 0.09246575342465753 0.036028823058446756 0.04207436399217221
0 0.7033626901521216 0.09735812133072407 0.03763010408326661 0.03816046966731898
0 0.0732586068855084 0.031800391389432484 0.044035228182546036 0.02837573385518591
0 0.7341873498799039 0.09833659491193737 0.02241793434747798 0.03228962818003914
0 0.8746997598078462 0.7142857142857142 0.036028823058446756 0.05675146771037182
0 0.1765412329863891 0.02446183953033268 0.036028823058446756 0.01761252446183953
0 0.05004003202562049 0.9515655577299412 0.016813450760608487 0.022504892367906065
0 0.4011208967173739 0.562133072407045 0.01120896717373899 0.040117416829745595
0 0.09527622097678141 0.46330724070450097 0.020816653322658127 0.02054794520547945
0 0.9163330664531625 0.32632093933463796 0.02321857485988791 0.02446183953033268
0 0.30024019215372294 0.08561643835616438 0.032025620496397116 0.049902152641878667
0 0.06845476381104884 0.07289628180039139 0.020016012810248198 0.03228962818003914
0 0.8486789431545235 0.6678082191780822 0.060848678943154516 0.0675146771037182
0 0.9823859087269815 0.6648727984344422 0.020816653322658127 0.02054794520547945
0 0.7854283426741393 0.586105675146771 0.04963971176941553 0.04892367906066536
0 0.8194555644515612 0.34931506849315064 0.01841473178542834 0.033268101761252444
0 0.6641313050440352 0.16389432485322897 0.021617293835068052 0.02837573385518591
0 0.3650920736589271 0.03277886497064579 0.0688550840672538 0.04207436399217221
0 0.399519615692554 0.8414872798434442 0.02241793434747798 0.03522504892367906
0 0.44915932746196957 0.21232876712328766 0.05764611689351481 0.05675146771037182
0 0.4395516413130504 0.08317025440313111 0.02241793434747798 0.03522504892367906
0 0.9443554843875099 0.5396281800391389 0.016813450760608487 0.022504892367906065
0 0.44715772618094474 0.3165362035225049 0.028022417934347475 0.03816046966731898
0 0.17173738991192952 0.9520547945205479 0.021617293835068052 0.03718199608610567
0 0.23418734987990392 0.9637964774951076 0.07445956765412329 0.060665362035225046
0 0.049239391513210565 0.6409001956947162 0.04563650920736589 0.08414872798434442
0 0.7357886309047237 0.6570450097847358 0.04483586869495596 0.030332681017612523
0 0.566453162530024 0.33072407045009783 0.031224979983987187 0.025440313111545987
0 0.30144115292233786 0.5503913894324853 0.047237790232185745 0.03228962818003914
0 0.5340272217774219 0.030821917808219176 0.051240992794235385 0.04598825831702544
0 0.9859887910328262 0.7098825831702543 0.020016012810248198 0.03424657534246575
0 0.49439551641313045 0.6908023483365948 0.024819855884707764 0.03718199608610567
0 0.9823859087269815 0.41976516634050876 0.01921537229783827 0.06457925636007827
0 0.31825460368294634 0.1267123287671233 0.012009607686148917 0.02054794520547945
0 0.47317854283426736 0.07191780821917808 0.03362690152121697 0.03228962818003914
0 0.29383506805444354 0.8674168297455969 0.020816653322658127 0.03228962818003914
0 0.5188150520416333 0.8043052837573386 0.020816653322658127 0.021526418786692758
0 0.46917534027221774 0.7265166340508806 0.014411529223378702 0.04598825831702544
0 0.26621297037630104 0.8835616438356164 0.016813450760608487 0.03718199608610567
0 0.42113690952762206 0.4090019569471624 0.12810248198558846 0.20156555772994128
0 0.41232986389111287 0.896771037181996 0.030424339471577258 0.03424657534246575
0 0.038030424339471576 0.42318982387475534 0.06645316253002402 0.0812133072407045
0 0.039231385108086464 0.982876712328767 0.028823058446757404 0.030332681017612523
0 0.13690952762209768 0.0273972602739726 0.03682946357085668 0.023483365949119372
0 0.9159327461969575 0.13307240704500978 0.02241793434747798 0.021526418786692758
0 0.2421937550040032 0.01761252446183953 0.012009607686148917 0.007827788649706457
0 0.05244195356285028 0.10420743639921722 0.088871096877502 0.09686888454011741
0 0.55564451561249 0.8057729941291585 0.017614091273018412 0.04598825831702544
0 0.3382706164931945 0.5102739726027397 0.029623698959167333 0.02446183953033268
0 0.13250600480384306 0.4911937377690802 0.0632506004803843 0.03131115459882583
0 0.7033626901521216 0.1898238747553816 0.03282626100880704 0.050880626223091974
0 0.19015212169735787 0.9006849315068493 0.028022417934347475 0.02837573385518591
0 0.8835068054443554 0.14823874755381605 0.020016012810248198 0.02446183953033268
0 0.06685348278622898 0.30870841487279843 0.02321857485988791 0.022504892367906065
0 0.45036028823058444 0.14383561643835616 0.039231385108086464 0.07045009784735812
0 0.1785428342674139 0.15264187866927592 0.02241793434747798 0.03131115459882583
0 0.33626901521216973 0.9471624266144814 0.041633306645316254 0.09001956947162426
0 0.6981585268214571 0.13649706457925637 0.043234587670136104 0.12035225048923678
0 0.533226581265012 0.38062622309197647 0.0976781425140112 0.1506849315068493
0 0.09487590072057646 0.9740704500978473 0.02321857485988791 0.018590998043052837
0 0.9119295436349079 0.7059686888454011 0.01921537229783827 0.022504892367906065
0 0.83226581265012 0.12181996086105674 0.024819855884707764 0.02837573385518591
0 0.6281024819855884 0.5807240704500978 0.11609287429943954 0.04403131115459882
0 0.1357085668534828 0.9814090019569471 0.01841473178542834 0.021526418786692758
0 0.9423538831064852 0.0053816046966731895 0.01921537229783827 0.010763209393346379
0 0.988390712570056 0.437866927592955 0.008807045636509206 0.02837573385518591
0 0.5852682145716573 0.5880626223091976 0.030424339471577258 0.03131115459882583
0 0.06725380304243395 0.8923679060665362 0.01921537229783827 0.025440313111545987
0 0.37229783827061647 0.3047945205479452 0.017614091273018412 0.02054794520547945
0 0.6913530824659727 0.7167318982387475 0.013610888710968775 0.026418786692759294
0 0.15732586068855084 0.44863013698630133 0.016813450760608487 0.026418786692759294
0 0.7574059247397917 0.17318982387475537 0.03843074459567654 0.08806262230919765
0 0.11809447558046436 0.15362035225048923 0.013610888710968775 0.03718199608610567
