0 0.6004901960784313 0.8293532338308457 0.12908496732026145 0.136318407960199
0 0.5751633986928105 0.6741293532338308 0.11437908496732027 0.10049751243781094
0 0.49387254901960786 0.0835820895522388 0.059640522875817 0.07761194029850746
0 0.44812091503267976 0.25572139303482583 0.0661764705882353 0.08955223880597014
0 0.6584967320261438 0.15920398009950248 0.12091503267973856 0.06766169154228856
0 0.2034313725490196 0.5278606965174129 0.11111111111111112 0.136318407960199
0 0.3227124183006536 0.6308457711442785 0.06372549019607843 0.1253731343283582
0 0.33415032679738566 0.20945273631840794 0.07352941176470588 0.06865671641791045
0 0.19648692810457516 0.10149253731343283 0.04656862745098039 0.09950248756218905
0 0.3917483660130719 0.6935323383084576 0.12336601307189543 0.1373134328358209
0 0.42933006535947715 0.08159203980099503 0.0661764705882353 0.08955223880597014
0 0.4852941176470588 0.39502487562189054 0.10620915032679738 0.14328358208955222
0 0.38153594771241833 0.4825870646766169 0.16339869281045752 0.19303482587064674
0 0.13643790849673204 0.21641791044776118 0.11274509803921569 0.17014925373134326
0 0.42116013071895425 0.8711442786069651 0.22794117647058823 0.23184079601990049
0 0.18178104575163398 0.6621890547263681 0.0661764705882353 0.08059701492537313
0 0.6658496732026143 0.2298507462686567 0.024509803921568627 0.04975124378109452
0 0.8852124183006537 0.6393034825870646 0.09395424836601307 0.07064676616915422
0 0.579248366013072 0.4651741293532338 0.06209150326797386 0.07661691542288557
0 0.5245098039215687 0.17562189054726368 0.029411764705882353 0.03283582089552239
0 0.22630718954248366 0.20497512437810944 0.05392156862745098 0.06766169154228856
0 0.38929738562091504 0.39104477611940297 0.03676470588235294 0.09552238805970148
0 0.23733660130718956 0.6736318407960199 0.08088235294117647 0.08756218905472636
0 0.7071078431372549 0.40746268656716417 0.03349673202614379 0.050746268656716415
0 0.03880718954248366 0.4343283582089552 0.05473856209150327 0.06666666666666667
0 0.2638888888888889 0.11343283582089551 0.057189542483660136 0.09552238805970148
0 0.801062091503268 0.19999999999999998 0.059640522875817 0.06567164179104477
0 0.26838235294117646 0.45671641791044776 0.035130718954248366 0.031840796019900496
0 0.1090686274509804 0.0880597014925373 0.025326797385620915 0.054726368159203974
0 0.7140522875816994 0.35472636815920394 0.013071895424836602 0.030845771144278604
0 0.5571895424836601 0.2810945273631841 0.119281045751634 0.08258706467661692
0 0.6887254901960784 0.04875621890547263 0.049019607843137254 0.07960199004975124
0 0.5367647058823529 0.10646766169154229 0.011437908496732027 0.02189054726368159
0 0.5923202614379085 0.9532338308457711 0.10130718954248366 0.055721393034825865
0 0.8872549019607844 0.40199004975124375 0.042483660130718956 0.03980099502487562
0 0.3786764705882353 0.9562189054726368 0.07598039215686275 0.06368159203980099
0 0.7986111111111112 0.3935323383084577 0.09885620915032681 0.11243781094527362
0 0.24918300653594772 0.6 0.04084967320261438 0.03980099502487562
0 0.27736928104575165 0.7134328358208955 0.022058823529411766 0.025870646766169153
0 0.4754901960784314 0.18756218905472635 0.026143790849673203 0.04278606965174129
0 0.19975490196078433 0.4313432835820895 0.049836601307189546 0.06865671641791045
0 0.9366830065359477 0.42487562189054723 0.05147058823529412 0.04776119402985074
0 0.7246732026143791 0.5845771144278606 0.08986928104575163 0.1462686567164179
0 0.35580065359477125 0.03980099502487562 0.03022875816993464 0.03980099502487562
0 0.2937091503267974 0.17412935323383083 0.04656862745098039 0.0835820895522388
0 0.8553921568627452 0.49850746268656715 0.05392156862745098 0.06368159203980099
0 0.02369281045751634 0.5646766169154228 0.0196078431372549 0.0626865671641791
0 0.7054738562091504 0.735820895522388 0.09395424836601307 0.1582089552238806
0 0.6924019607843137 0.2975124378109453 0.04820261437908497 0.06965174129353234
0 0.763888888888889 0.026865671641791045 0.07026143790849673 0.03980099502487562
0 0.27655228758169936 0.20348258706467662 0.012254901960784314 0.026865671641791045
0 0.029411764705882353 0.481592039800995 0.03431372549019608 0.05970149253731343
0 0.7724673202614379 0.916915422885572 0.0857843137254902 0.07064676616915422
0 0.025326797385620915 0.6567164179104478 0.0196078431372549 0.055721393034825865
0 0.1286764705882353 0.3442786069651741 0.11846405228758171 0.09751243781094526
0 0.5535130718954249 0.04029850746268657 0.035130718954248366 0.054726368159203974
0 0.352124183006536 0.7338308457711442 0.0392156862745098 0.05870646766169154
0 0.7708333333333334 0.7248756218905472 0.01715686274509804 0.026865671641791045
0 0.6977124183006537 0.917412935323383 0.058823529411764705 0.10945273631840795
0 0.47058823529411764 0.5945273631840796 0.06862745098039216 0.09054726368159204
0 0.15114379084967322 0.42736318407960194 0.013071895424836602 0.012935323383084577
0 0.33251633986928103 0.445273631840796 0.06862745098039216 0.11641791044776119
0 0.2561274509803922 0.3353233830845771 0.12663398692810457 0.09552238805970148
0 0.4783496732026144 0.7487562189054726 0.06781045751633988 0.06666666666666667
0 0.7598039215686275 0.5194029850746268 0.04575163398692811 0.055721393034825865
0 0.7834967320261438 0.8154228855721393 0.1454248366013072 0.12039800995024875
