0 0.3931558935361216 0.19034608378870674 0.1247148288973384 0.12932604735883424
0 0.42319391634980985 0.3365209471766849 0.11026615969581749 0.09562841530054644
0 0.5216730038022813 0.895264116575592 0.05779467680608365 0.07468123861566485
0 0.5604562737642586 0.7285974499089253 0.06387832699619772 0.08561020036429873
0 0.3596958174904943 0.831511839708561 0.11711026615969582 0.06375227686703097
0 0.788212927756654 0.45719489981785066 0.10722433460076045 0.12932604735883424
0 0.6688212927756654 0.3652094717668488 0.06159695817490494 0.12021857923497267
0 0.6718631178707224 0.7668488160291439 0.07072243346007605 0.06557377049180328
0 0.8095057034220532 0.8633879781420765 0.044866920152091254 0.0947176684881603
0 0.6 0.30965391621129323 0.11863117870722432 0.13114754098360656
0 0.5847908745247148 0.8934426229508197 0.06387832699619772 0.08561020036429873
0 0.5193916349809886 0.5979052823315119 0.10342205323193916 0.13570127504553733
0 0.6167300380228137 0.5091074681238615 0.15817490494296577 0.18397085610200364
0 0.8634980988593155 0.7504553734061931 0.10874524714828897 0.1621129326047359
0 0.5650190114068441 0.14207650273224043 0.22053231939163498 0.2204007285974499
0 0.8041825095057034 0.3283242258652095 0.06311787072243345 0.07741347905282331
0 0.350190114068441 0.7645719489981785 0.023574144486692015 0.04644808743169399
0 0.12395437262357413 0.38570127504553736 0.09125475285171102 0.06648451730418943
0 0.42585551330798477 0.5355191256830601 0.05931558935361216 0.07285974499089254
0 0.48897338403041823 0.8091985428051002 0.028897338403041824 0.031876138433515486
0 0.7764258555133079 0.7659380692167578 0.05171102661596958 0.06375227686703097
0 0.6125475285171103 0.5974499089253188 0.03574144486692015 0.09107468123861566
0 0.750190114068441 0.3205828779599271 0.07832699619771863 0.08378870673952642
0 0.3041825095057034 0.5979052823315119 0.03193916349809886 0.0482695810564663
0 0.9505703422053231 0.5382513661202186 0.053231939163498096 0.06375227686703097
0 0.7433460076045627 0.854735883424408 0.05551330798479087 0.09016393442622951
0 0.22053231939163498 0.7996357012750456 0.05779467680608365 0.061930783242258654
0 0.7273764258555132 0.5282331511839709 0.034220532319391636 0.030965391621129327
0 0.894296577946768 0.8720400728597449 0.024334600760456272 0.05191256830601093
0 0.29923954372623573 0.6484517304189436 0.012927756653992395 0.029143897996357013
0 0.45399239543726233 0.7099271402550091 0.1155893536121673 0.07923497267759563
0 0.33422053231939164 0.9380692167577414 0.047908745247148284 0.07468123861566485
0 0.479467680608365 0.8747723132969034 0.011406844106463877 0.020947176684881604
0 0.3965779467680608 0.07194899817850638 0.09809885931558934 0.052823315118397086
0 0.1300380228136882 0.6115664845173042 0.041064638783269956 0.037340619307832425
0 0.6034220532319391 0.058287795992714025 0.07376425855513308 0.060109289617486336
0 0.21634980988593155 0.6152094717668488 0.09505703422053231 0.10655737704918032
0 0.7410646387832699 0.3911657559198543 0.03878326996197718 0.037340619307832425
0 0.7098859315589353 0.284608378870674 0.022053231939163497 0.02459016393442623
0 0.5361216730038022 0.7950819672131147 0.02585551330798479 0.04007285974499089
0 0.794296577946768 0.5487249544626593 0.047908745247148284 0.06466302367941712
0 0.08136882129277566 0.5924408014571949 0.05019011406844106 0.044626593806921674
0 0.28136882129277563 0.42987249544626593 0.08669201520912546 0.1384335154826958
0 0.6570342205323193 0.9298724954462659 0.028897338403041824 0.03825136612021858
0 0.7125475285171102 0.7991803278688525 0.04410646387832699 0.07923497267759563
0 0.15779467680608364 0.5182149362477231 0.052471482889733835 0.060109289617486336
0 0.9600760456273764 0.4134790528233151 0.019011406844106463 0.060109289617486336
0 0.29467680608365016 0.28506375227686703 0.09049429657794676 0.151183970856102
0 0.3224334600760456 0.7008196721311475 0.04714828897338403 0.06648451730418943
0 0.26235741444866917 0.9626593806921676 0.06844106463878327 0.03825136612021858
0 0.7277566539923954 0.7700364298724954 0.012167300380228136 0.026411657559198543
0 0.9577946768060835 0.49271402550091076 0.032699619771863114 0.056466302367941715
0 0.22319391634980987 0.11566484517304189 0.08288973384030418 0.06739526411657559
0 0.9555133079847908 0.325591985428051 0.019011406844106463 0.05373406193078324
0 0.8665399239543725 0.6284153005464481 0.11482889733840304 0.09289617486338798
0 0.46577946768060835 0.9385245901639344 0.034220532319391636 0.05191256830601093
0 0.6368821292775665 0.2691256830601093 0.03878326996197718 0.05555555555555555
0 0.23193916349809884 0.2987249544626594 0.016730038022813688 0.025500910746812384
0 0.2954372623574144 0.11202185792349727 0.05703422053231939 0.10382513661202186
0 0.526615969581749 0.4075591985428051 0.0661596958174905 0.08652094717668488
0 0.8422053231939163 0.5500910746812386 0.012927756653992395 0.012750455373406192
0 0.6653992395437262 0.5423497267759563 0.06692015209125475 0.11020036429872496
0 0.7433460076045627 0.6434426229508197 0.12243346007604562 0.09016393442622951
0 0.5140684410646388 0.2609289617486339 0.06539923954372623 0.06466302367941712
0 0.2494296577946768 0.4936247723132969 0.04410646387832699 0.052823315118397086
0 0.21634980988593155 0.21265938069216758 0.14068441064638781 0.11384335154826958
