0 0.5786092214663643 0.16834400731930468 0.12773998488284202 0.13357731015553523
0 0.5627362055933485 0.3220494053064959 0.1126228269085412 0.09881061299176579
0 0.5158730158730159 0.9075937785910339 0.058201058201058205 0.0768526989935956
0 0.46069538926681786 0.7429094236047575 0.06575963718820863 0.0878316559926807
0 0.673469387755102 0.8197621225983532 0.11942554799697658 0.06587374199451053
0 0.20445956160241874 0.4958828911253431 0.10959939531368103 0.13357731015553523
0 0.3163265306122449 0.3856358645928637 0.06273620559334846 0.12351326623970724
0 0.35147392290249435 0.7968892955169259 0.07256235827664399 0.0677035681610247
0 0.22108843537414966 0.9149130832570906 0.04610733182161754 0.0969807868252516
0 0.3805744520030234 0.3188472095150961 0.1216931216931217 0.1344922232387923
0 0.45162509448223737 0.9149130832570906 0.06575963718820863 0.0878316559926807
0 0.4894179894179894 0.6033851784080513 0.10506424792139078 0.13998170173833485
0 0.382464096749811 0.5256175663311986 0.1617535903250189 0.18938700823421775
0 0.15570672713529857 0.8064958828911254 0.11186696900982615 0.16742909423604757
0 0.399848828420257 0.14272644098810613 0.2252456538170824 0.22689844464775846
0 0.17535903250188964 0.3664226898444648 0.06500377928949358 0.07959743824336689
0 0.6768707482993197 0.7506861848124429 0.024943310657596373 0.0484903934126258
0 0.8703703703703703 0.3311985361390668 0.09297052154195011 0.06953339432753888
0 0.5786092214663643 0.5265324794144557 0.061224489795918366 0.07593778591033852
0 0.5408163265306123 0.8151875571820677 0.02947845804988662 0.032936870997255265
0 0.245275888133031 0.8106129917657823 0.05366591080876795 0.06587374199451053
0 0.39531368102796677 0.615736505032022 0.036281179138321996 0.09332113449222325
0 0.22978080120937264 0.35086916742909424 0.0801209372637944 0.08691674290942361
0 0.7074829931972789 0.5731930466605673 0.03325774754346183 0.050320219579139985
0 0.04761904761904762 0.6015553522415371 0.054421768707483 0.06495882891125343
0 0.2868480725623583 0.8970722781335774 0.05668934240362812 0.09423604757548033
0 0.8117913832199547 0.7685269899359561 0.05895691609977324 0.06404391582799634
0 0.2724867724867725 0.5608417200365966 0.034013605442176874 0.03110704483074108
0 0.1360544217687075 0.9354986276303752 0.025699168556311415 0.053979871912168347
0 0.717687074829932 0.6244281793229643 0.012849584278155708 0.030192131747483992
0 0.5668934240362812 0.7086001829826167 0.11791383219954649 0.08142726440988106
0 0.7097505668934241 0.9258920402561757 0.04837490551776266 0.0768526989935956
0 0.5566893424036281 0.8815187557182068 0.011337868480725623 0.021043000914913085
0 0.563869992441421 0.04757548032936871 0.09977324263038549 0.05489478499542544
0 0.8854875283446713 0.5635864592863679 0.04157218442932729 0.0384263494967978
0 0.35336356764928195 0.06221408966148216 0.07482993197278912 0.06221408966148216
0 0.7981859410430839 0.5786825251601099 0.09674981103552532 0.11070448307410796
0 0.245275888133031 0.4222323879231473 0.0400604686318972 0.039341262580054895
0 0.2671957671957672 0.3087831655992681 0.021919879062736205 0.024702653247941447
0 0.4916855631141346 0.8069533394327539 0.026455026455026457 0.04208600182982617
0 0.20672713529856387 0.5910338517840805 0.0491307634164777 0.0677035681610247
0 0.9331065759637188 0.5370539798719122 0.050642479213907785 0.04574565416285453
0 0.7150415721844293 0.3979871912168344 0.08919123204837491 0.14272644098810613
0 0.381708238851096 0.9620311070448307 0.030234315948601664 0.039341262580054895
0 0.3129251700680272 0.8357731015553522 0.045351473922902494 0.08142726440988106
0 0.8484504913076342 0.47209515096065874 0.05366591080876795 0.06221408966148216
0 0.025699168556311415 0.47483989021043005 0.019652305366591082 0.06221408966148216
0 0.6874527588813303 0.2516010978956999 0.09297052154195011 0.1555352241537054
0 0.698790627362056 0.6816102470265325 0.04761904761904762 0.0677035681610247
0 0.7849584278155707 0.9409881061299177 0.07029478458049887 0.039341262580054895
0 0.29478458049886624 0.8083257090576396 0.012093726379440665 0.026532479414455627
0 0.03552532123960696 0.555352241537054 0.03325774754346183 0.0585544373284538
0 0.7437641723356009 0.0686184812442818 0.08465608465608465 0.06953339432753888
0 0.022297808012093728 0.3847209515096066 0.01889644746787604 0.05580969807868253
0 0.14096749811035525 0.682067703568161 0.11715797430083144 0.09606587374199452
0 0.5763416477702192 0.944647758462946 0.034013605442176874 0.053979871912168347
0 0.3393801965230537 0.28225068618481247 0.039304610733182165 0.05763952424519671
0 0.7528344671201814 0.25709057639524246 0.016628873771730914 0.02561756633119854
0 0.6700680272108843 0.07456541628545288 0.058201058201058205 0.10704483074107961
0 0.46409674981103555 0.40896614821591953 0.06802721088435375 0.08966148215919488
0 0.1583522297808012 0.5988106129917659 0.012849584278155708 0.011893870082342177
0 0.3363567649281935 0.5667886550777677 0.06802721088435375 0.11436413540713633
0 0.2671957671957672 0.6806953339432754 0.12471655328798187 0.09332113449222325
0 0.46296296296296297 0.25709057639524246 0.0672713529856387 0.06587374199451053
0 0.7535903250188964 0.45882891125343095 0.045351473922902494 0.053979871912168347
0 0.7603930461073318 0.16697163769441903 0.1436130007558579 0.11802378774016468
