0 0.3975 0.8430769230769231 0.13125 0.14
0 0.4196875 0.6823076923076923 0.115625 0.10307692307692308
0 0.489375 0.07 0.06 0.08
0 0.5403125 0.24615384615384617 0.066875 0.09230769230769231
0 0.323125 0.15346153846153845 0.1225 0.06846153846153846
0 0.79625 0.5192307692307693 0.1125 0.14
0 0.6765625000000001 0.6292307692307693 0.064375 0.12923076923076923
0 0.6553125 0.195 0.074375 0.07
0 0.7940625 0.07846153846153846 0.046875 0.10153846153846154
0 0.6075 0.6957692307692308 0.125 0.14076923076923076
0 0.5559375 0.06576923076923077 0.066875 0.09153846153846154
0 0.5053125 0.39115384615384613 0.108125 0.14692307692307693
0 0.613125 0.47846153846153844 0.16625 0.19846153846153847
0 0.8578125 0.19538461538461538 0.114375 0.1753846153846154
0 0.58125 0.88 0.2325 0.23846153846153847
0 0.82125 0.6569230769230769 0.06625 0.08307692307692308
0 0.3171875 0.22653846153846155 0.024375 0.05
0 0.1021875 0.6565384615384615 0.095625 0.07153846153846154
0 0.410625 0.46692307692307694 0.0625 0.07846153846153846
0 0.4603125 0.16576923076923078 0.029375000000000002 0.03307692307692308
0 0.7653125000000001 0.18653846153846154 0.054375 0.06846153846153846
0 0.6034375 0.38346153846153846 0.036875 0.09769230769230769
0 0.7646875 0.6703846153846154 0.081875 0.09
0 0.2790625 0.41115384615384615 0.033125 0.05153846153846154
0 0.9621875 0.4169230769230769 0.055625 0.06769230769230769
0 0.7253125 0.09346153846153846 0.058125 0.09769230769230769
0 0.1784375 0.20038461538461538 0.060625 0.06692307692307692
0 0.728125 0.44769230769230767 0.035 0.03230769230769231
0 0.8828125 0.06153846153846154 0.025625000000000002 0.055384615384615386
0 0.270625 0.3569230769230769 0.0125 0.03076923076923077
0 0.429375 0.27615384615384614 0.12125 0.08461538461538462
0 0.2896875 0.04038461538461539 0.049375 0.08076923076923077
0 0.44625000000000004 0.09538461538461539 0.01125 0.021538461538461538
0 0.408125 0.9707692307692307 0.10250000000000001 0.05692307692307692
0 0.095 0.4115384615384615 0.0425 0.04
0 0.6265625 0.9669230769230769 0.076875 0.06461538461538462
0 0.185625 0.4 0.1 0.11538461538461539
0 0.7509375 0.5946153846153847 0.040625 0.04
0 0.7246875 0.7126923076923077 0.021875000000000002 0.025384615384615384
0 0.510625 0.17692307692307693 0.02625 0.043076923076923075
0 0.7975 0.4196153846153846 0.05 0.07
0 0.0446875 0.4369230769230769 0.051875000000000004 0.047692307692307694
0 0.265 0.5946153846153847 0.09125 0.14923076923076922
0 0.63 0.020384615384615383 0.03 0.040769230769230766
0 0.69625 0.15653846153846154 0.04625 0.08538461538461538
0 0.1296875 0.51 0.054375 0.06461538461538462
0 0.9803125 0.5511538461538461 0.019375 0.06384615384615384
0 0.288125 0.75 0.095 0.16307692307692306
0 0.291875 0.2976923076923077 0.04875 0.07076923076923076
0 0.2125 0.020384615384615383 0.07125000000000001 0.040769230769230766
0 0.7140625 0.18653846153846154 0.011875 0.026923076923076925
0 0.9728125 0.46576923076923077 0.034375 0.06076923076923077
0 0.2234375 0.9392307692307692 0.08687500000000001 0.07230769230769231
0 0.980625 0.6461538461538462 0.01875 0.05692307692307692
0 0.8684375 0.3269230769230769 0.120625 0.1
0 0.42812500000000003 0.027692307692307693 0.035 0.055384615384615386
0 0.64875 0.7365384615384616 0.04 0.05923076923076923
0 0.2209375 0.7407692307692307 0.016875 0.026153846153846153
0 0.2996875 0.936923076923077 0.059375000000000004 0.1123076923076923
0 0.5246875 0.5965384615384616 0.069375 0.09307692307692307
0 0.8475 0.41384615384615386 0.0125 0.012307692307692308
0 0.6621875 0.4380769230769231 0.069375 0.11923076923076924
0 0.7384375 0.3223076923076923 0.128125 0.09692307692307692
0 0.520625 0.7565384615384615 0.06875 0.06846153846153846
0 0.2278125 0.5288461538461539 0.045625 0.05615384615384615
0 0.2103125 0.8353846153846154 0.148125 0.12307692307692308
