0 0.5928125 0.8434615384615385 0.130625 0.14076923076923076
0 0.570625 0.6826923076923077 0.115 0.10384615384615385
0 0.5009375 0.07 0.060625 0.08
0 0.45 0.2469230769230769 0.06625 0.09230769230769231
0 0.666875 0.15423076923076923 0.1225 0.06846153846153846
0 0.194375 0.5196153846153846 0.1125 0.14076923076923076
0 0.31375000000000003 0.63 0.06375 0.12923076923076923
0 0.3353125 0.195 0.074375 0.07
0 0.1965625 0.07846153846153846 0.046875 0.10153846153846154
0 0.383125 0.6961538461538461 0.125 0.14
0 0.434375 0.06615384615384616 0.06625 0.09076923076923077
0 0.485 0.39115384615384613 0.10875 0.14692307692307693
0 0.3771875 0.47846153846153844 0.165625 0.19846153846153847
0 0.1325 0.19576923076923078 0.11375 0.17461538461538462
0 0.40875 0.8803846153846154 0.2325 0.23923076923076922
0 0.1690625 0.6569230769230769 0.065625 0.08307692307692308
0 0.6728125 0.2273076923076923 0.024375 0.05
0 0.8884375 0.6565384615384615 0.095625 0.07153846153846154
0 0.58 0.4676923076923077 0.0625 0.07846153846153846
0 0.53 0.16576923076923078 0.02875 0.03307692307692308
0 0.225 0.18730769230769231 0.05375 0.06846153846153846
0 0.38656250000000003 0.38346153846153846 0.036875 0.09769230769230769
0 0.2259375 0.6711538461538461 0.081875 0.09
0 0.71125 0.41115384615384615 0.03375 0.05153846153846154
0 0.028125 0.4173076923076923 0.055 0.06692307692307692
0 0.265 0.09346153846153846 0.058750000000000004 0.09769230769230769
0 0.811875 0.20076923076923076 0.06125 0.06769230769230769
0 0.2621875 0.44846153846153847 0.034375 0.03230769230769231
0 0.1078125 0.06192307692307692 0.025625000000000002 0.054615384615384614
0 0.7196875 0.3569230769230769 0.011875 0.03076923076923077
0 0.5609375 0.27692307692307694 0.120625 0.08461538461538462
0 0.7009375 0.040769230769230766 0.049375 0.08
0 0.5440625 0.09576923076923077 0.011875 0.022307692307692306
0 0.5821875 0.9715384615384616 0.10187500000000001 0.05692307692307692
0 0.8953125000000001 0.4123076923076923 0.041875 0.04
0 0.36375 0.9676923076923077 0.07625 0.06461538461538462
0 0.8046875 0.4003846153846154 0.100625 0.11461538461538462
0 0.239375 0.595 0.04 0.03923076923076923
0 0.265625 0.7134615384615385 0.0225 0.025384615384615384
0 0.48 0.1776923076923077 0.02625 0.043076923076923075
0 0.1925 0.42 0.05 0.06923076923076923
0 0.9459375 0.4369230769230769 0.051875000000000004 0.047692307692307694
0 0.7253125 0.595 0.090625 0.14846153846153845
0 0.3603125 0.021153846153846155 0.030625 0.040769230769230766
0 0.2940625 0.15653846153846154 0.045625 0.08538461538461538
0 0.860625 0.5107692307692308 0.055 0.06461538461538462
0 0.01 0.5515384615384615 0.01875 0.06307692307692307
0 0.7025 0.7503846153846154 0.095 0.16384615384615384
0 0.6984375 0.2976923076923077 0.049375 0.07076923076923076
0 0.7778125 0.021153846153846155 0.07062500000000001 0.040769230769230766
0 0.27625 0.18692307692307691 0.0125 0.027692307692307693
0 0.017812500000000002 0.46615384615384614 0.034375 0.06153846153846154
0 0.766875 0.9396153846153846 0.08750000000000001 0.07307692307692308
0 0.01 0.6465384615384615 0.01875 0.05615384615384615
0 0.121875 0.3273076923076923 0.12125 0.09923076923076923
0 0.5621875000000001 0.028076923076923076 0.035625000000000004 0.054615384615384614
0 0.34125 0.7365384615384616 0.04 0.05923076923076923
0 0.7696875 0.7407692307692307 0.016875 0.026153846153846153
0 0.690625 0.936923076923077 0.06 0.1123076923076923
0 0.465625 0.5973076923076923 0.07 0.09307692307692307
0 0.1428125 0.41384615384615386 0.013125 0.012307692307692308
0 0.328125 0.43884615384615383 0.07 0.11923076923076924
0 0.2521875 0.3223076923076923 0.128125 0.09692307692307692
0 0.47000000000000003 0.7565384615384615 0.06875 0.06846153846153846
0 0.7628125 0.5288461538461539 0.045625 0.05615384615384615
0 0.7803125 0.8353846153846154 0.148125 0.12307692307692308
