0 0.4235245220282627 0.17001003009027083 0.12718204488778054 0.1334002006018054
0 0.4384871155444722 0.3229689067201605 0.11221945137157108 0.09829488465396188
0 0.48254364089775564 0.9047141424272819 0.05901911886949294 0.07622868605817452
0 0.5382377389858687 0.7412236710130391 0.0656691604322527 0.08826479438314945
0 0.3254364089775561 0.8164493480441324 0.11886949293433084 0.06619859578736209
0 0.7946799667497922 0.4979939819458375 0.10972568578553617 0.1334002006018054
0 0.6837073981712386 0.3876629889669007 0.06234413965087282 0.12337011033099297
0 0.6471321695760599 0.7958876629889668 0.07231920199501247 0.06720160481444333
0 0.7759767248545304 0.9137412236710131 0.0457190357439734 0.0962888665997994
0 0.6197007481296758 0.320962888665998 0.12053200332502079 0.13440320962888666
0 0.5461346633416458 0.9122367101303912 0.06483790523690773 0.08726178535606821
0 0.5099750623441397 0.6023069207622869 0.10556940980881131 0.13941825476429287
0 0.6172069825436409 0.5260782347041123 0.16043225270157938 0.18756268806419257
0 0.8416458852867831 0.8069207622868606 0.11055694098088113 0.16549648946840523
0 0.6018287614297589 0.14593781344032097 0.22443890274314215 0.22567703109327983
0 0.8237738985868662 0.3696088264794383 0.06483790523690773 0.07923771313941826
0 0.3229426433915212 0.7472417251755266 0.024106400665004156 0.0481444332998997
0 0.13216957605985039 0.3294884653961886 0.09310058187863675 0.06920762286860582
0 0.42186201163757275 0.5255767301905717 0.060681629260182876 0.07422266800401203
0 0.45843724023275145 0.8124373119358074 0.029093931837073983 0.0320962888665998
0 0.7522859517871987 0.8099297893681043 0.05320033250207814 0.06519558676028084
0 0.6039068994181214 0.6153460381143431 0.03574397339983375 0.09327983951855567
0 0.7697423108894431 0.35356068204613844 0.0798004987531172 0.08525576730190572
0 0.29301745635910226 0.5707121364092277 0.032418952618453865 0.05015045135406219
0 0.9505403158769743 0.6038114343029087 0.05403158769742311 0.0641925777331996
0 0.7103075644222776 0.89518555667001 0.057356608478802994 0.09327983951855567
0 0.18827930174563592 0.7642928786359078 0.05901911886949294 0.0641925777331996
0 0.7265170407315046 0.5616850551654965 0.034912718204488775 0.0320962888665998
0 0.8607647547797174 0.9343029087261785 0.025768911055694097 0.05315947843530592
0 0.2830423940149626 0.6218655967903711 0.012468827930174564 0.03009027081243731
0 0.4326683291770574 0.7066198595787362 0.1172069825436409 0.08124373119358075
0 0.2892768079800499 0.9212637913741224 0.04821280133000831 0.07723169508525576
0 0.44222776392352453 0.8781344032096289 0.011637572734829594 0.02106318956870612
0 0.4384871155444722 0.05015045135406219 0.09891936824605153 0.05416248746238716
0 0.11637572734829593 0.5601805416248746 0.04156275976724855 0.03911735205616851
0 0.6483790523690773 0.06619859578736209 0.07481296758104738 0.062186559679037114
0 0.20282626766417292 0.5762286860581746 0.09642560266001662 0.10932798395185557
0 0.7539484621778886 0.4242728184553661 0.0399002493765586 0.03811434302908726
0 0.7331670822942643 0.3114343029087262 0.021612635078969242 0.025075225677031094
0 0.5070656691604323 0.804914744232698 0.02660016625103907 0.041123370110330994
0 0.7917705735660848 0.5922768304914744 0.049044056525353284 0.06720160481444333
0 0.0685785536159601 0.5336008024072216 0.05070656691604323 0.04613841524573721
0 0.2863674147963425 0.3966900702106319 0.0889443059019119 0.14142427281845538
0 0.6159600997506235 0.9593781344032096 0.029925187032418952 0.03911735205616851
0 0.6845386533665836 0.8345035105315948 0.0457190357439734 0.08224674022066199
0 0.15295095594347466 0.46940822467402205 0.05320033250207814 0.062186559679037114
0 0.9729842061512884 0.47793380140421265 0.019118869492934332 0.06118355065195587
0 0.31463009143807147 0.25175526579739216 0.09226932668329177 0.15446339017051153
0 0.30133000831255197 0.6785356068204614 0.04738154613466334 0.06720160481444333
0 0.21404821280133002 0.9353059177532598 0.06899418121363259 0.03911735205616851
0 0.7028262676641729 0.8074222668004012 0.012468827930174564 0.026078234704112337
0 0.9621778886118039 0.5586760280842528 0.03408146300914381 0.058174523570712136
0 0.2597672485453034 0.06970912738214644 0.08395677472984206 0.06920762286860582
0 0.9767248545303409 0.38866599799398194 0.01828761429758936 0.055165496489468405
0 0.8566084788029925 0.6835506519558676 0.1172069825436409 0.09528585757271815
0 0.42186201163757275 0.9408224674022067 0.03408146300914381 0.05416248746238716
0 0.6612635078969243 0.2848545636910732 0.03906899418121363 0.05616850551654965
0 0.24979218620116375 0.2567703109327984 0.017456359102244388 0.026078234704112337
0 0.3329177057356609 0.07622868605817452 0.057356608478802994 0.10631895687061184
0 0.5365752285951787 0.40972918756268806 0.06733167082294264 0.08926780341023069
0 0.8399833748960931 0.6003009027081244 0.012468827930174564 0.013039117352056168
0 0.6625103906899418 0.5672016048144434 0.06816292601828762 0.11334002006018054
0 0.7310889443059019 0.6810431293881645 0.12385702410640066 0.09227683049147442
0 0.5382377389858687 0.2592778335005015 0.06733167082294264 0.06519558676028084
0 0.24771404821280132 0.4573721163490471 0.04488778054862843 0.05416248746238716
0 0.2427265170407315 0.1670010030090271 0.142975893599335 0.11735205616850551
