0 0.4127301841473178 0.16095890410958902 0.13050440352281825 0.1379647749510763
0 0.43234587670136104 0.31898238747553814 0.11529223378702962 0.10176125244618395
0 0.49279423538831063 0.9202544031311154 0.06004803843074459 0.07925636007827788
0 0.5456365092073658 0.74853228962818 0.06645316253002402 0.09197651663405088
0 0.3298638911128903 0.8351272015655576 0.12169735788630903 0.0675146771037182
0 0.8018414731785428 0.485812133072407 0.11128903122497998 0.1379647749510763
0 0.6853482786228983 0.37573385518590996 0.06405124099279423 0.12720156555772993
0 0.6585268214571657 0.800880626223092 0.07445956765412329 0.06947162426614481
0 0.7938350680544435 0.9182974559686888 0.047237790232185745 0.10078277886497064
0 0.6176941553242594 0.30919765166340507 0.12409927942353882 0.13894324853228962
0 0.5588470776621297 0.9256360078277885 0.06725380304243395 0.09001956947162426
0 0.5132105684547638 0.6056751467710372 0.10728582866293034 0.14481409001956946
0 0.6204963971176941 0.5225048923679061 0.16493194555644514 0.19569471624266144
0 0.8582866293034427 0.8047945205479452 0.11369095276220977 0.17318982387475537
0 0.5940752602081665 0.12818003913894324 0.23058446757405923 0.23483365949119372
0 0.8282626100880705 0.3512720156555773 0.06645316253002402 0.0821917808219178
0 0.3254603682946357 0.7636986301369862 0.024819855884707764 0.049902152641878667
0 0.11889511609287429 0.33806262230919765 0.09527622097678141 0.07142857142857142
0 0.42033626901521215 0.5298434442270058 0.062449959967974374 0.07729941291585127
0 0.4655724579663731 0.8258317025440313 0.029623698959167333 0.033268101761252444
0 0.7670136108887109 0.8116438356164383 0.0544435548438751 0.0675146771037182
0 0.6096877502001601 0.6149706457925636 0.03763010408326661 0.09686888454011741
0 0.7726180944755804 0.3370841487279843 0.08166533226581264 0.08904109589041095
0 0.28983186549239387 0.5817025440313112 0.03362690152121697 0.05185909980430528
0 0.9643714971977582 0.5895303326810176 0.055244195356285025 0.0675146771037182
0 0.7261809447558046 0.9016634050880625 0.05764611689351481 0.09686888454011741
0 0.18815052041633307 0.786692759295499 0.060848678943154516 0.06653620352250489
0 0.733386709367494 0.5547945205479452 0.035228182546036824 0.033268101761252444
0 0.8811048839071256 0.936399217221135 0.02642113690952762 0.0547945205479452
0 0.2810248198558847 0.6350293542074363 0.012810248198558846 0.03131115459882583
0 0.43674939951961567 0.7172211350293541 0.1208967173738991 0.08414872798434442
0 0.2954363490792634 0.9452054794520548 0.04963971176941553 0.08023483365949119
0 0.45116092874299435 0.8948140900195695 0.012009607686148917 0.022504892367906065
0 0.4247397918334667 0.036203522504892366 0.10168134507606084 0.05675146771037182
0 0.10848678943154523 0.5777886497064579 0.04243394715772618 0.040117416829745595
0 0.6401120896717374 0.04403131115459882 0.07606084867894315 0.06457925636007827
0 0.1977582065652522 0.5909980430528375 0.09927942353883105 0.11350293542074363
0 0.7578062449959967 0.41144814090019566 0.04083266613290632 0.040117416829745595
0 0.733386709367494 0.29500978473581213 0.02241793434747798 0.026418786692759294
0 0.5156124899919936 0.8160469667318981 0.02722177742193755 0.043052837573385516
0 0.8018414731785428 0.5836594911937377 0.05044035228182546 0.06947162426614481
0 0.0588470776621297 0.5523483365949119 0.05204163330664531 0.04794520547945205
0 0.2786228983186549 0.4016634050880626 0.09127301841473177 0.14774951076320939
0 0.6309047237790232 0.971624266144814 0.030424339471577258 0.0410958904109589
0 0.6981585268214571 0.8395303326810175 0.04643714971977582 0.08414872798434442
0 0.14411529223378702 0.4823874755381604 0.0544435548438751 0.06457925636007827
0 0.9835868694955964 0.4584148727984344 0.020016012810248198 0.06360078277886497
0 0.3034427542033627 0.25 0.09447558046437149 0.16144814090019569
0 0.30144115292233786 0.6937377690802348 0.0488390712570056 0.07045009784735812
0 0.21897518014411527 0.9637964774951076 0.07125700560448359 0.0410958904109589
0 0.7165732586068855 0.8101761252446184 0.012810248198558846 0.0273972602739726
0 0.9755804643714971 0.5420743639921721 0.0344275420336269 0.060665362035225046
0 0.2417934347477982 0.06311154598825831 0.08646917534027221 0.07142857142857142
0 0.9855884707766213 0.36497064579256355 0.01921537229783827 0.05675146771037182
0 0.8702962369895916 0.6756360078277887 0.12009607686148918 0.09882583170254403
0 0.43234587670136104 0.9608610567514677 0.035228182546036824 0.0547945205479452
0 0.6589271417133706 0.2700587084148728 0.040032025620496396 0.05870841487279843
0 0.23698959167333866 0.25782778864970646 0.017614091273018412 0.026418786692759294
0 0.31705364291433147 0.06702544031311154 0.059247397918334666 0.11056751467710371
0 0.5348278622898318 0.4050880626223092 0.0688550840672538 0.09197651663405088
0 0.8510808646917534 0.5905088062622309 0.012810248198558846 0.012720156555772993
0 0.6685348278622898 0.5631115459882583 0.0688550840672538 0.11839530332681017
0 0.7417934347477982 0.6780821917808219 0.12730184147317852 0.0958904109589041
0 0.5324259407526021 0.24853228962818003 0.0688550840672538 0.0684931506849315
0 0.24059247397918332 0.46624266144814086 0.04563650920736589 0.05577299412915851
0 0.22738190552441953 0.16536203522504891 0.14731785428342672 0.12133072407045009
