0 0.5959595959595959 0.8372978116079924 0.13053613053613053 0.1389153187440533
0 0.5726495726495726 0.6793529971455756 0.11499611499611499 0.10275927687916271
0 0.49689199689199687 0.07802093244529021 0.05982905982905983 0.07992388201712655
0 0.4483294483294483 0.25166508087535683 0.06682206682206682 0.0922930542340628
0 0.6623931623931624 0.1569933396764986 0.12198912198912198 0.06850618458610847
0 0.19813519813519814 0.5242626070409134 0.11188811188811189 0.1389153187440533
0 0.3174048174048174 0.6308277830637489 0.0644910644910645 0.12749762131303521
0 0.3341103341103341 0.20313986679353 0.07459207459207459 0.06945765937202665
0 0.1958041958041958 0.09134157944814462 0.046620046620046623 0.10085632730732635
0 0.38694638694638694 0.6955280685061846 0.12432012432012432 0.1389153187440533
0 0.43123543123543123 0.0746907706945766 0.06682206682206682 0.09039010466222645
0 0.48445998445998445 0.3943862987630828 0.108003108003108 0.1455756422454805
0 0.3787878787878788 0.48144624167459565 0.1655011655011655 0.19600380589914368
0 0.13403263403263405 0.20694576593720268 0.11421911421911422 0.1741198858230257
0 0.41452991452991456 0.8763082778306375 0.23076923076923078 0.23596574690770697
0 0.17482517482517482 0.6607992388201713 0.06682206682206682 0.08277830637488107
0 0.668997668997669 0.22882968601332065 0.024864024864024864 0.05042816365366318
0 0.8861693861693861 0.648430066603235 0.09557109557109557 0.071360608943863
0 0.5792540792540792 0.467174119885823 0.06293706293706294 0.07802093244529021
0 0.5268065268065268 0.17174119885823028 0.029526029526029528 0.03330161750713606
0 0.22533022533022534 0.19695528068506185 0.05439005439005439 0.06850618458610847
0 0.3877233877233877 0.3882017126546147 0.037296037296037296 0.09705042816365367
0 0.23115773115773117 0.6726926736441484 0.08158508158508158 0.08943862987630828
0 0.7086247086247086 0.4100856327307327 0.03418803418803419 0.051379638439581356
0 0.033022533022533024 0.4267364414843007 0.05516705516705517 0.0675547098001903
0 0.2637917637917638 0.10466222645099905 0.05827505827505827 0.09705042816365367
0 0.8057498057498057 0.20076117982873454 0.06060606060606061 0.06660323501427212
0 0.26495726495726496 0.45290199809705045 0.035742035742035744 0.03235014272121789
0 0.108003108003108 0.07564224548049477 0.026418026418026416 0.05613701236917222
0 0.7160062160062161 0.35632730732635587 0.013209013209013208 0.03139866793529972
0 0.5582750582750583 0.27973358705994295 0.12043512043512043 0.08372978116079924
0 0.6938616938616938 0.04519505233111323 0.04972804972804973 0.08087535680304472
0 0.54001554001554 0.10228353948620363 0.012432012432012432 0.021883920076117985
0 0.5866355866355867 0.9628924833491913 0.10256410256410256 0.05708848715509039
0 0.8908313908313908 0.40770694576593725 0.042735042735042736 0.04091341579448145
0 0.37101787101787104 0.9624167459562322 0.07692307692307693 0.06374881065651761
0 0.8010878010878011 0.3977164605137964 0.09945609945609946 0.11417697431018078
0 0.24358974358974358 0.5980019029495719 0.041181041181041184 0.04091341579448145
0 0.2707847707847708 0.7140818268315889 0.022533022533022532 0.025689819219790678
0 0.47707847707847706 0.18315889628924834 0.026418026418026416 0.0428163653663178
0 0.1958041958041958 0.4267364414843007 0.04972804972804973 0.06945765937202665
0 0.9405594405594405 0.4319695528068506 0.052059052059052056 0.04757373929590866
0 0.7245532245532246 0.5903901046622265 0.09090909090909091 0.14747859181731685
0 0.35742035742035744 0.03092293054234063 0.03108003108003108 0.04091341579448145
0 0.29331779331779334 0.16603235014272122 0.04584304584304584 0.08468125594671741
0 0.8574203574203574 0.50523311132255 0.05516705516705517 0.06470028544243578
0 0.016317016317016316 0.5589914367269267 0.0202020202020202 0.06374881065651761
0 0.7031857031857032 0.7435775451950524 0.0947940947940948 0.16079923882017128
0 0.695027195027195 0.2987630827783064 0.04895104895104895 0.07040913415794482
0 0.7703962703962703 0.024262607040913417 0.0707070707070707 0.04091341579448145
0 0.27583527583527584 0.19600380589914368 0.012432012432012432 0.02664129400570885
0 0.02292152292152292 0.47478591817316845 0.03496503496503497 0.060894386298763085
0 0.7692307692307693 0.928639391056137 0.08702408702408702 0.07231208372978117
0 0.017482517482517484 0.6527117031398668 0.019425019425019424 0.05708848715509039
0 0.1247086247086247 0.3363463368220742 0.12043512043512043 0.09990485252140818
0 0.5571095571095571 0.03520456707897241 0.035742035742035744 0.05518553758325405
0 0.34654234654234656 0.736441484300666 0.0404040404040404 0.05899143672692674
0 0.7696192696192696 0.7335870599429115 0.017871017871017872 0.02664129400570885
0 0.6934731934731935 0.928163653663178 0.05982905982905983 0.11132254995242627
0 0.46736596736596736 0.5960989533777356 0.06915306915306915 0.0922930542340628
0 0.14646464646464646 0.42150333016175073 0.013209013209013208 0.013320647002854425
0 0.3298368298368298 0.44243577545195056 0.06915306915306915 0.11798287345385348
0 0.2533022533022533 0.329686013320647 0.12742812742812742 0.0960989533777355
0 0.47358197358197357 0.7535680304471932 0.06915306915306915 0.06850618458610847
0 0.7610722610722611 0.5247383444338726 0.04584304584304584 0.05613701236917222
0 0.7812742812742812 0.8258801141769744 0.14685314685314685 0.12178877259752617
