0 0.4065625 0.15576923076923077 0.130625 0.14076923076923076
0 0.42875 0.31653846153846155 0.115 0.10384615384615385
0 0.49875 0.9292307692307692 0.06 0.08
0 0.5493750000000001 0.7523076923076923 0.06625 0.09230769230769231
0 0.3325 0.845 0.1225 0.06846153846153846
0 0.805 0.4796153846153846 0.1125 0.14076923076923076
0 0.685625 0.36923076923076925 0.06375 0.12923076923076923
0 0.6640625 0.8042307692307692 0.074375 0.07
0 0.8028125 0.9207692307692308 0.046875 0.10153846153846154
0 0.61625 0.3030769230769231 0.125 0.14
0 0.5650000000000001 0.933076923076923 0.06625 0.09076923076923077
0 0.514375 0.6080769230769231 0.10875 0.14692307692307693
0 0.6221875 0.5207692307692308 0.165625 0.19846153846153847
0 0.8668750000000001 0.8034615384615384 0.11375 0.17461538461538462
0 0.5906250000000001 0.11923076923076924 0.2325 0.23846153846153847
0 0.8303125 0.3423076923076923 0.065625 0.08307692307692308
0 0.32656250000000003 0.7719230769230769 0.024375 0.05
0 0.11093750000000001 0.3426923076923077 0.095625 0.07153846153846154
0 0.419375 0.5315384615384615 0.0625 0.07846153846153846
0 0.46968750000000004 0.8334615384615385 0.029375000000000002 0.03307692307692308
0 0.774375 0.811923076923077 0.05375 0.06846153846153846
0 0.6128125 0.6157692307692307 0.036875 0.09769230769230769
0 0.7734375 0.3280769230769231 0.081875 0.09
0 0.288125 0.588076923076923 0.03375 0.05153846153846154
0 0.9712500000000001 0.5819230769230769 0.055 0.06692307692307692
0 0.734375 0.9057692307692308 0.058750000000000004 0.09769230769230769
0 0.1875 0.7984615384615384 0.06125 0.06769230769230769
0 0.7371875 0.5507692307692308 0.034375 0.03230769230769231
0 0.8915625 0.9373076923076923 0.025625000000000002 0.054615384615384614
0 0.27968750000000003 0.6423076923076924 0.011875 0.03076923076923077
0 0.43843750000000004 0.7223076923076923 0.120625 0.08461538461538462
0 0.2984375 0.9584615384615385 0.049375 0.08
0 0.4553125 0.9034615384615384 0.011875 0.022307692307692306
0 0.4175 0.028076923076923076 0.10250000000000001 0.05615384615384615
0 0.1040625 0.5869230769230769 0.041875 0.04
0 0.635625 0.03192307692307692 0.07625 0.06384615384615384
0 0.1946875 0.5988461538461538 0.100625 0.11461538461538462
0 0.76 0.4042307692307692 0.04 0.03923076923076923
0 0.73375 0.2857692307692308 0.0225 0.025384615384615384
0 0.519375 0.8215384615384616 0.02625 0.043076923076923075
0 0.806875 0.5792307692307692 0.05 0.06923076923076923
0 0.0534375 0.5623076923076923 0.051875000000000004 0.047692307692307694
0 0.2740625 0.4042307692307692 0.090625 0.14846153846153845
0 0.6390625 0.9780769230769231 0.030625 0.040769230769230766
0 0.7053125 0.8426923076923077 0.045625 0.08538461538461538
0 0.13875 0.48846153846153845 0.055 0.06461538461538462
0 0.989375 0.44769230769230767 0.01875 0.06307692307692307
0 0.2971875 0.24884615384615386 0.094375 0.16384615384615384
0 0.3009375 0.7015384615384616 0.049375 0.07076923076923076
0 0.2215625 0.9780769230769231 0.07062500000000001 0.040769230769230766
0 0.723125 0.8123076923076923 0.0125 0.027692307692307693
0 0.9815625 0.5330769230769231 0.034375 0.06153846153846154
0 0.2325 0.05961538461538462 0.08750000000000001 0.07307692307692308
0 0.989375 0.3526923076923077 0.01875 0.05615384615384615
0 0.8775000000000001 0.671923076923077 0.12125 0.09923076923076923
0 0.4371875 0.9711538461538461 0.035625000000000004 0.054615384615384614
0 0.658125 0.26269230769230767 0.04 0.05923076923076923
0 0.22968750000000002 0.25846153846153846 0.016875 0.026153846153846153
0 0.30875 0.06230769230769231 0.06 0.1123076923076923
0 0.5337500000000001 0.40192307692307694 0.07 0.09307692307692307
0 0.8565625 0.5853846153846154 0.013125 0.012307692307692308
0 0.67125 0.5603846153846154 0.07 0.11923076923076924
0 0.7471875 0.676923076923077 0.128125 0.09692307692307692
0 0.529375 0.24269230769230768 0.06875 0.06846153846153846
0 0.2365625 0.4703846153846154 0.045625 0.05615384615384615
0 0.2190625 0.16384615384615384 0.148125 0.12307692307692308
