0 0.38259878419452886 0.18727272727272729 0.12537993920972645 0.1290909090909091
0 0.4122340425531915 0.3331818181818182 0.11018237082066869 0.09545454545454546
0 0.5113981762917933 0.8909090909090909 0.057750759878419454 0.07454545454545454
0 0.5501519756838906 0.7245454545454545 0.06382978723404255 0.08545454545454545
0 0.3499240121580547 0.8272727272727273 0.11626139817629179 0.06363636363636363
0 0.7769756838905775 0.4531818181818182 0.10714285714285714 0.13
0 0.6580547112462006 0.3618181818181818 0.06231003039513678 0.12
0 0.6614741641337386 0.7622727272727273 0.07066869300911854 0.06454545454545454
0 0.7990121580547113 0.8581818181818182 0.044832826747720364 0.09454545454545454
0 0.5892857142857143 0.3059090909090909 0.11930091185410334 0.13
0 0.574468085106383 0.889090909090909 0.06382978723404255 0.08545454545454545
0 0.5091185410334347 0.5940909090909091 0.1033434650455927 0.13545454545454547
0 0.6063829787234043 0.5054545454545455 0.1580547112462006 0.18363636363636363
0 0.8529635258358662 0.7454545454545455 0.10866261398176291 0.1618181818181818
0 0.5543313069908815 0.1390909090909091 0.22112462006079028 0.22
0 0.7933130699088146 0.3240909090909091 0.06382978723404255 0.07727272727272727
0 0.34004559270516715 0.7604545454545455 0.023556231003039513 0.046363636363636364
0 0.11322188449848024 0.38227272727272726 0.0911854103343465 0.06636363636363636
0 0.41527355623100304 0.5318181818181819 0.06003039513677812 0.07272727272727272
0 0.4787234042553192 0.805 0.028875379939209727 0.031818181818181815
0 0.7659574468085106 0.7613636363636364 0.05167173252279635 0.06454545454545454
0 0.6022036474164134 0.5936363636363636 0.03571428571428571 0.09090909090909091
0 0.7389817629179332 0.31636363636363635 0.07826747720364742 0.08363636363636363
0 0.29407294832826747 0.5940909090909091 0.031914893617021274 0.04818181818181818
0 0.9395896656534954 0.5336363636363637 0.053951367781155016 0.06363636363636363
0 0.7332826747720365 0.85 0.05623100303951368 0.09090909090909091
0 0.21048632218844984 0.7959090909090909 0.057750759878419454 0.06272727272727273
0 0.7165653495440729 0.5245454545454545 0.03343465045592705 0.03090909090909091
0 0.8841185410334347 0.8668181818181818 0.02507598784194529 0.05181818181818182
0 0.28913373860182373 0.6445454545454545 0.012917933130699088 0.02909090909090909
0 0.44376899696048633 0.7059090909090909 0.11550151975683891 0.07909090909090909
0 0.324468085106383 0.9336363636363636 0.04711246200607903 0.07454545454545454
0 0.46922492401215804 0.8704545454545455 0.011398176291793313 0.02090909090909091
0 0.38563829787234044 0.06909090909090909 0.09802431610942249 0.05272727272727273
0 0.12006079027355623 0.6081818181818182 0.041033434650455926 0.038181818181818185
0 0.5923252279635258 0.05545454545454546 0.0737082066869301 0.06
0 0.20630699088145896 0.6118181818181818 0.09498480243161095 0.10727272727272727
0 0.7302431610942249 0.38727272727272727 0.03951367781155015 0.038181818181818185
0 0.6990881458966566 0.2809090909090909 0.02127659574468085 0.023636363636363636
0 0.5258358662613982 0.7904545454545454 0.025835866261398176 0.04090909090909091
0 0.7838145896656535 0.5445454545454546 0.047872340425531915 0.06545454545454546
0 0.07104863221884498 0.5886363636363636 0.04939209726443769 0.04454545454545455
0 0.2708966565349544 0.4263636363636364 0.08738601823708207 0.13818181818181818
0 0.6470364741641338 0.9245454545454546 0.029635258358662615 0.038181818181818185
0 0.7025075987841946 0.7945454545454546 0.044832826747720364 0.08
0 0.1474164133738602 0.515 0.05167173252279635 0.060909090909090906
0 0.9494680851063829 0.4090909090909091 0.018996960486322188 0.06
0 0.28419452887537994 0.2818181818181818 0.0911854103343465 0.1509090909090909
0 0.3123100303951368 0.6972727272727273 0.04711246200607903 0.06545454545454546
0 0.25227963525835867 0.9581818181818181 0.06838905775075987 0.038181818181818185
0 0.7173252279635258 0.7654545454545455 0.0121580547112462 0.025454545454545455
0 0.9468085106382979 0.48818181818181816 0.03343465045592705 0.056363636363636366
0 0.2127659574468085 0.11272727272727273 0.08358662613981763 0.06727272727272728
0 0.9445288753799392 0.32181818181818184 0.0182370820668693 0.05272727272727273
0 0.8560030395136778 0.6236363636363637 0.11474164133738601 0.09272727272727273
0 0.45592705167173253 0.9340909090909091 0.03343465045592705 0.05181818181818182
0 0.6257598784194529 0.265 0.03875379939209726 0.05545454545454546
0 0.22112462006079028 0.29545454545454547 0.016717325227963525 0.025454545454545455
0 0.28495440729483285 0.10909090909090909 0.05623100303951368 0.10363636363636364
0 0.5163373860182371 0.4040909090909091 0.06610942249240122 0.08636363636363636
0 0.831306990881459 0.5459090909090909 0.0121580547112462 0.011818181818181818
0 0.6546352583586627 0.5381818181818182 0.06610942249240122 0.11090909090909092
0 0.73290273556231 0.6386363636363637 0.12234042553191489 0.09
0 0.503419452887538 0.25727272727272726 0.06610942249240122 0.06363636363636363
0 0.23898176291793313 0.49 0.04331306990881459 0.05272727272727273
0 0.20554711246200608 0.21 0.1405775075987842 0.11454545454545455
