0 0.39303691275167785 0.19126506024096385 0.125 0.12951807228915663
0 0.4228187919463087 0.3368473895582329 0.11073825503355704 0.09538152610441766
0 0.522231543624161 0.894578313253012 0.057885906040268456 0.07429718875502007
0 0.5604026845637584 0.7284136546184738 0.06375838926174497 0.08534136546184738
0 0.3603187919463087 0.8308232931726907 0.11661073825503356 0.06325301204819277
0 0.787751677852349 0.45682730923694775 0.10738255033557047 0.13052208835341364
0 0.6686241610738255 0.3649598393574297 0.06208053691275168 0.11947791164658633
0 0.6723993288590604 0.766566265060241 0.07130872483221476 0.06526104417670682
0 0.8095637583892618 0.8624497991967871 0.04530201342281879 0.09437751004016064
0 0.5998322147651006 0.3092369477911646 0.11912751677852348 0.13052208835341364
0 0.5851510067114094 0.8930722891566264 0.06459731543624161 0.08534136546184738
0 0.5197147651006712 0.5978915662650602 0.10318791946308725 0.1355421686746988
0 0.6166107382550335 0.5090361445783133 0.15771812080536912 0.1827309236947791
0 0.8632550335570469 0.7494979919678714 0.10906040268456375 0.1616465863453815
0 0.56501677852349 0.142570281124498 0.22063758389261745 0.22088353413654616
0 0.8036912751677853 0.32781124497991965 0.06375838926174497 0.07730923694779115
0 0.3506711409395973 0.7645582329317269 0.02348993288590604 0.04718875502008032
0 0.12416107382550336 0.3860441767068273 0.09060402684563758 0.06726907630522087
0 0.4261744966442953 0.5356425702811245 0.060402684563758385 0.07329317269076305
0 0.4890939597315436 0.8087349397590361 0.028523489932885907 0.03112449799196787
0 0.7768456375838926 0.7650602409638554 0.05201342281879195 0.0642570281124498
0 0.6128355704697986 0.5968875502008032 0.0360738255033557 0.09136546184738956
0 0.7495805369127516 0.32028112449799195 0.07802013422818792 0.08433734939759036
0 0.30453020134228187 0.5973895582329317 0.031879194630872486 0.048192771084337345
0 0.9500838926174496 0.5376506024096385 0.05285234899328859 0.06325301204819277
0 0.7437080536912751 0.8539156626506024 0.05620805369127517 0.09136546184738956
0 0.22105704697986578 0.7991967871485943 0.057885906040268456 0.06224899598393574
0 0.7273489932885906 0.5281124497991967 0.03355704697986577 0.03012048192771084
0 0.8942953020134228 0.8704819277108433 0.025167785234899327 0.05220883534136546
0 0.2999161073825503 0.6480923694779116 0.012583892617449664 0.029116465863453813
0 0.45385906040268453 0.7098393574297188 0.11577181208053691 0.07831325301204818
0 0.3347315436241611 0.9372489959839356 0.04697986577181208 0.0753012048192771
0 0.4798657718120805 0.8744979919678714 0.01174496644295302 0.020080321285140562
0 0.3963926174496644 0.07279116465863453 0.09815436241610738 0.053212851405622486
0 0.1304530201342282 0.6119477911646586 0.04110738255033557 0.03714859437751004
0 0.6031879194630873 0.05923694779116465 0.0738255033557047 0.06024096385542168
0 0.21686241610738255 0.6154618473895582 0.09479865771812081 0.10642570281124497
0 0.7407718120805369 0.3910642570281124 0.03859060402684564 0.03714859437751004
0 0.709731543624161 0.28463855421686746 0.02181208053691275 0.0251004016064257
0 0.536493288590604 0.7941767068273091 0.026006711409395974 0.040160642570281124
0 0.7940436241610738 0.5486947791164658 0.047818791946308725 0.06526104417670682
0 0.08179530201342282 0.592871485943775 0.04949664429530201 0.04518072289156626
0 0.28145973154362414 0.4302208835341365 0.08640939597315436 0.13755020080321284
0 0.6577181208053691 0.9287148594377509 0.028523489932885907 0.038152610441767064
0 0.7126677852348993 0.7981927710843373 0.044463087248322146 0.08032128514056225
0 0.15813758389261745 0.5190763052208834 0.05285234899328859 0.06024096385542168
0 0.9601510067114094 0.4126506024096385 0.01929530201342282 0.06024096385542168
0 0.29446308724832215 0.285140562248996 0.09060402684563758 0.1506024096385542
0 0.32298657718120805 0.7008032128514056 0.04697986577181208 0.06626506024096385
0 0.26300335570469796 0.9618473895582328 0.06795302013422819 0.038152610441767064
0 0.7281879194630873 0.7690763052208834 0.01174496644295302 0.02610441767068273
0 0.9576342281879194 0.49196787148594373 0.03271812080536913 0.056224899598393566
0 0.2235738255033557 0.11696787148594376 0.08305369127516779 0.06726907630522087
0 0.9551174496644295 0.32580321285140557 0.01929530201342282 0.053212851405622486
0 0.8661912751677853 0.628012048192771 0.11493288590604027 0.09337349397590361
0 0.4664429530201342 0.9382530120481927 0.03355704697986577 0.05120481927710843
0 0.636744966442953 0.268574297188755 0.03859060402684564 0.05522088353413654
0 0.23154362416107382 0.29969879518072284 0.016778523489932886 0.0251004016064257
0 0.2953020134228188 0.11244979919678713 0.05704697986577181 0.10441767068273092
0 0.5268456375838926 0.4076305220883534 0.06711409395973154 0.08634538152610441
0 0.8418624161073825 0.5496987951807228 0.012583892617449664 0.013052208835341365
0 0.6656879194630873 0.5421686746987951 0.0662751677852349 0.11044176706827308
0 0.7437080536912751 0.642570281124498 0.12164429530201341 0.09036144578313252
0 0.5138422818791947 0.2610441767068273 0.0662751677852349 0.0642570281124498
0 0.24958053691275167 0.4939759036144578 0.044463087248322146 0.05220883534136546
0 0.21644295302013422 0.21385542168674695 0.14093959731543623 0.1144578313253012
