0 0.595 0.15615384615384614 0.13125 0.14
0 0.5728125000000001 0.3169230769230769 0.115625 0.10307692307692308
0 0.503125 0.9292307692307692 0.06 0.08
0 0.4521875 0.7530769230769231 0.066875 0.09230769230769231
0 0.669375 0.8457692307692307 0.1225 0.06846153846153846
0 0.19625 0.48 0.1125 0.14
0 0.3159375 0.37 0.064375 0.12923076923076923
0 0.33718750000000003 0.8042307692307692 0.074375 0.07
0 0.19843750000000002 0.9207692307692308 0.046875 0.10153846153846154
0 0.385 0.30346153846153845 0.125 0.14076923076923076
0 0.4365625 0.9334615384615385 0.066875 0.09153846153846154
0 0.4871875 0.6080769230769231 0.108125 0.14692307692307693
0 0.379375 0.5207692307692308 0.16625 0.19846153846153847
0 0.13468750000000002 0.8038461538461539 0.114375 0.1753846153846154
0 0.41125 0.11923076923076924 0.2325 0.23846153846153847
0 0.17125 0.3423076923076923 0.06625 0.08307692307692308
0 0.6753125 0.7726923076923077 0.024375 0.05
0 0.8903125000000001 0.3426923076923077 0.095625 0.07153846153846154
0 0.581875 0.5323076923076923 0.0625 0.07846153846153846
0 0.5321875 0.8334615384615385 0.029375000000000002 0.03307692307692308
0 0.22718750000000001 0.8126923076923077 0.054375 0.06846153846153846
0 0.38906250000000003 0.6157692307692307 0.036875 0.09769230769230769
0 0.2278125 0.32884615384615384 0.081875 0.09
0 0.7134375000000001 0.588076923076923 0.033125 0.05153846153846154
0 0.0303125 0.5823076923076923 0.055625 0.06769230769230769
0 0.2671875 0.9057692307692308 0.058125 0.09769230769230769
0 0.8140625 0.7988461538461539 0.060625 0.06692307692307692
0 0.264375 0.5515384615384615 0.035 0.03230769230769231
0 0.10968750000000001 0.9376923076923077 0.025625000000000002 0.055384615384615386
0 0.721875 0.6423076923076924 0.0125 0.03076923076923077
0 0.563125 0.7230769230769231 0.12125 0.08461538461538462
0 0.7028125000000001 0.9588461538461538 0.049375 0.08076923076923077
0 0.54625 0.9038461538461539 0.01125 0.021538461538461538
0 0.584375 0.02846153846153846 0.10250000000000001 0.05692307692307692
0 0.8975 0.5876923076923077 0.0425 0.04
0 0.3659375 0.03230769230769231 0.076875 0.06461538461538462
0 0.806875 0.5992307692307692 0.1 0.11538461538461539
0 0.2415625 0.4046153846153846 0.040625 0.04
0 0.2678125 0.2865384615384615 0.021875000000000002 0.025384615384615384
0 0.481875 0.8223076923076923 0.02625 0.043076923076923075
0 0.195 0.5796153846153846 0.05 0.07
0 0.9478125000000001 0.5623076923076923 0.051875000000000004 0.047692307692307694
0 0.7275 0.4046153846153846 0.09125 0.14923076923076922
0 0.3625 0.9788461538461538 0.03 0.040769230769230766
0 0.29625 0.8426923076923077 0.04625 0.08538461538461538
0 0.8628125 0.48923076923076925 0.054375 0.06461538461538462
0 0.0121875 0.4480769230769231 0.019375 0.06384615384615384
0 0.704375 0.24923076923076923 0.095 0.16307692307692306
0 0.700625 0.7015384615384616 0.04875 0.07076923076923076
0 0.78 0.9788461538461538 0.07125000000000001 0.040769230769230766
0 0.2784375 0.8126923076923077 0.011875 0.026923076923076925
0 0.0196875 0.5334615384615384 0.034375 0.06076923076923077
0 0.7690625 0.06 0.08687500000000001 0.07230769230769231
0 0.011875 0.35307692307692307 0.01875 0.05692307692307692
0 0.1240625 0.6723076923076923 0.120625 0.1
0 0.564375 0.9715384615384616 0.035 0.055384615384615386
0 0.34375 0.26269230769230767 0.04 0.05923076923076923
0 0.7715625 0.25846153846153846 0.016875 0.026153846153846153
0 0.6928125 0.06230769230769231 0.059375000000000004 0.1123076923076923
0 0.4678125 0.4026923076923077 0.069375 0.09307692307692307
0 0.145 0.5853846153846154 0.0125 0.012307692307692308
0 0.3303125 0.5611538461538461 0.069375 0.11923076923076924
0 0.2546875 0.676923076923077 0.128125 0.09692307692307692
0 0.47250000000000003 0.24269230769230768 0.06875 0.06846153846153846
0 0.7653125000000001 0.4703846153846154 0.045625 0.05615384615384615
0 0.7828125 0.16384615384615384 0.148125 0.12307692307692308
