0 0.579449961802903 0.8320999074930621 0.12757830404889228 0.1341350601295097
0 0.5630252100840336 0.6780758556891767 0.11306340718105423 0.09990749306197966
0 0.5148968678380443 0.09158186864014801 0.059587471352177235 0.07770582793709528
0 0.45989304812834225 0.25716928769657726 0.06569900687547746 0.08880666049953748
0 0.6730328495034378 0.1790009250693802 0.11917494270435447 0.06567992599444959
0 0.20359052711993889 0.5050878815911194 0.1092436974789916 0.13506012950971324
0 0.3158899923605806 0.6151711378353377 0.06340718105423988 0.12395929694727105
0 0.3502673796791444 0.2030527289546716 0.07257448433919023 0.06753006475485662
0 0.219633307868602 0.0851063829787234 0.04660045836516424 0.09805735430157263
0 0.38082505729564553 0.6817761332099908 0.12146676852559206 0.13506012950971324
0 0.4507257448433919 0.08464384828862165 0.06569900687547746 0.08788159111933395
0 0.48968678380443087 0.3968547641073081 0.10542398777692895 0.14061054579093432
0 0.38235294117647056 0.4750231267345051 0.16119174942704353 0.18963922294172064
0 0.15431627196333078 0.19380203515263647 0.11153552330022919 0.16743755781683628
0 0.400305576776165 0.8589269195189639 0.22612681436210846 0.2284921369102683
0 0.17532467532467533 0.6350601295097132 0.06493506493506493 0.08048103607770583
0 0.6768525592055004 0.2488436632747456 0.024446142093200916 0.0481036077705828
0 0.8712757830404889 0.6683626271970398 0.09396485867074102 0.06938020351526365
0 0.5786860198624905 0.47363552266419984 0.06187929717341482 0.07585568917668825
0 0.5401069518716577 0.18408880666049954 0.029029793735676088 0.03330249768732655
0 0.2440794499618029 0.18963922294172064 0.052711993888464474 0.0666049953746531
0 0.39457601222307104 0.3848288621646624 0.03590527119938885 0.09435707678075857
0 0.22956455309396487 0.6503237742830713 0.08021390374331551 0.08695652173913043
0 0.7077922077922078 0.42645698427382056 0.03284950343773873 0.04995374653098983
0 0.046218487394957986 0.4000925069380204 0.054239877769289534 0.06567992599444959
0 0.2857142857142857 0.1026827012025902 0.056531703590527116 0.09435707678075857
0 0.8120702826585179 0.2303422756706753 0.059587471352177235 0.06475485661424607
0 0.2719633307868602 0.44033302497687327 0.03514132925897632 0.03145235892691952
0 0.13407181054239878 0.06475485661424607 0.025210084033613446 0.05365402405180389
0 0.7177234530175707 0.3751156336725255 0.012987012987012986 0.030527289546716005
0 0.56646294881589 0.2904717853839038 0.11841100076394194 0.08140610545790934
0 0.7093200916730328 0.07261794634597594 0.0481283422459893 0.0786308973172988
0 0.5557677616501145 0.1179463459759482 0.01145912910618793 0.02127659574468085
0 0.564935064935065 0.9532839962997225 0.10007639419404125 0.054579093432007404
0 0.8857906799083269 0.43524514338575393 0.04201680672268907 0.039777983348751156
0 0.3537051184110008 0.9394079555966698 0.0748663101604278 0.061979648473635525
0 0.7987012987012987 0.419981498612396 0.09702062643239114 0.11100832562442184
0 0.2452253628724217 0.5790934320074006 0.03972498090145149 0.03885291396854764
0 0.2669977081741788 0.6924144310823312 0.02215431627196333 0.024976873265494914
0 0.4912146676852559 0.1924144310823312 0.025974025974025972 0.0425531914893617
0 0.2055003819709702 0.410268270120259 0.04889228418640183 0.06753006475485662
0 0.9339190221543162 0.46160962072155415 0.05118411000763942 0.04625346901017577
0 0.715431627196333 0.6017576318223867 0.08938120702826585 0.14338575393154487
0 0.380061115355233 0.03746530989824237 0.029793735676088617 0.039777983348751156
0 0.3116883116883117 0.16419981498612396 0.04583651642475172 0.08233117483811286
0 0.8495034377387318 0.5272895467160037 0.053475935828877004 0.06290471785383904
0 0.024446142093200916 0.526827012025902 0.019862490450725745 0.061979648473635525
0 0.6883116883116883 0.7488436632747456 0.09320091673032849 0.1563367252543941
0 0.6990068754774637 0.31729879740980577 0.04736440030557677 0.06845513413506013
0 0.7845683728036669 0.05689176688251619 0.07028265851795264 0.039777983348751156
0 0.29335370511841097 0.19195189639222943 0.012223071046600458 0.026827012025901945
0 0.03437738731856379 0.44588344125809437 0.03361344537815126 0.05920444033302498
0 0.7452253628724217 0.9320074005550417 0.08479755538579067 0.06938020351526365
0 0.021008403361344536 0.6174838112858465 0.019098548510313215 0.054579093432007404
0 0.13980137509549273 0.31822386679000925 0.11764705882352941 0.0962072155411656
0 0.5756302521008403 0.05365402405180389 0.03437738731856379 0.05365402405180389
0 0.33957219251336895 0.7187789084181314 0.03896103896103896 0.05735430157261795
0 0.7536287242169595 0.7428307123034228 0.01757066462948816 0.02590194264569843
0 0.6715049656226126 0.9264569842738206 0.058059587471352175 0.10823311748381129
0 0.46409472880061114 0.5915818686401481 0.06799083269671505 0.08973172987974098
0 0.1573720397249809 0.4024051803885292 0.012223071046600458 0.012950971322849215
0 0.3357524828113063 0.4338575393154487 0.06799083269671505 0.1147086031452359
0 0.2662337662337662 0.31961147086031455 0.12452253628724216 0.09343200740055504
0 0.4637127578304049 0.7437557816836263 0.06722689075630252 0.0666049953746531
0 0.7540106951871658 0.5407030527289547 0.04430863254392666 0.054579093432007404
0 0.7612681436210847 0.8334875115633673 0.1443850267379679 0.11840888066604996
