0 0.40986257073565074 0.16025641025641027 0.12934518997574776 0.13708086785009863
0 0.4292643492320129 0.3170611439842209 0.11479385610347614 0.10157790927021697
0 0.4874696847210994 0.9161735700197239 0.05982215036378334 0.07889546351084813
0 0.5408245755860953 0.7455621301775148 0.06628940986257073 0.09072978303747535
0 0.32578819725141467 0.8308678500986194 0.12126111560226353 0.06804733727810651
0 0.7970897332255457 0.4857001972386588 0.11156022635408246 0.13708086785009863
0 0.6810832659660468 0.37524654832347143 0.06386418755052546 0.12721893491124261
0 0.652789005658852 0.7983234714003945 0.07356507679870654 0.07001972386587771
0 0.7873888439773645 0.9151873767258383 0.04688763136620857 0.10059171597633136
0 0.6139854486661277 0.3086785009861933 0.1236863379143088 0.13806706114398423
0 0.5529506871463217 0.9220907297830375 0.06628940986257073 0.09072978303747535
0 0.5084882780921585 0.6035502958579883 0.1067097817299919 0.14398422090729784
0 0.6160064672594987 0.5212031558185405 0.1649151172190784 0.19428007889546353
0 0.8520614389652384 0.8027613412228797 0.1131770412287793 0.1715976331360947
0 0.5909458367016976 0.12869822485207102 0.2295877122069523 0.23372781065088757
0 0.8237671786580436 0.3520710059171598 0.06628940986257073 0.08284023668639054
0 0.32093775262732416 0.7593688362919132 0.024252223120452707 0.04930966469428008
0 0.116410670978173 0.3348126232741617 0.09539207760711398 0.07001972386587771
0 0.41673403395311237 0.527120315581854 0.06224737267582862 0.07790927021696253
0 0.46038803556992725 0.821992110453649 0.02991107518189167 0.03254437869822485
0 0.7611156022635408 0.8091715976331362 0.05416329830234438 0.06804733727810651
0 0.6046887631366208 0.6134122287968442 0.037186742118027485 0.09664694280078896
0 0.7683912691996766 0.33727810650887574 0.08164915117219078 0.08875739644970415
0 0.28658043654001614 0.5788954635108482 0.033144704931285365 0.05128205128205129
0 0.9583670169765561 0.5897435897435898 0.05578011317704123 0.06706114398422092
0 0.7202910266774454 0.8989151873767259 0.0582053354890865 0.09566074950690336
0 0.18391269199676635 0.7815581854043393 0.06063055780113177 0.06607495069033531
0 0.7287793047696038 0.5537475345167653 0.034761519805982216 0.03254437869822485
0 0.8746968472109943 0.9339250493096647 0.025869037995149554 0.05522682445759369
0 0.2772837510105093 0.631163708086785 0.012934518997574777 0.03155818540433925
0 0.4320937752627324 0.7135108481262328 0.12045270816491511 0.08382642998027613
0 0.29062247372675826 0.9403353057199212 0.04931285367825384 0.07988165680473373
0 0.4458367016976556 0.8905325443786982 0.012126111560226353 0.021696252465483234
0 0.4223928860145513 0.03599605522682446 0.10105092966855295 0.05621301775147929
0 0.10549717057396928 0.5734714003944773 0.04284559417946645 0.04043392504930967
0 0.637429264349232 0.04487179487179487 0.07679870654810024 0.06410256410256411
0 0.19442198868229588 0.5872781065088758 0.0994341147938561 0.11341222879684419
0 0.7534357316087308 0.4112426035502959 0.04042037186742118 0.03944773175542406
0 0.7295877122069523 0.2948717948717949 0.021827000808407437 0.025641025641025644
0 0.5105092966855295 0.8126232741617357 0.026677445432497976 0.04339250493096647
0 0.7962813257881972 0.5828402366863905 0.050121261115602264 0.06903353057199212
0 0.05658852061438965 0.5473372781065089 0.05173807599029911 0.04733727810650888
0 0.27566693613581245 0.3994082840236687 0.09054163298302344 0.14595660749506903
0 0.6253031527890056 0.967948717948718 0.02991107518189167 0.04043392504930967
0 0.6924009700889248 0.8367850098619329 0.046079223928860144 0.08382642998027613
0 0.14106709781729992 0.47879684418145957 0.05416329830234438 0.06410256410256411
0 0.9785772029102667 0.45907297830374755 0.02021018593371059 0.06410256410256411
0 0.30072756669361356 0.24852071005917162 0.09377526273241714 0.15976331360946747
0 0.29708973322554566 0.6898422090729783 0.04931285367825384 0.07001972386587771
0 0.21463217461600645 0.958086785009862 0.07033144704931285 0.04043392504930967
0 0.7105901374292644 0.8081854043392506 0.012934518997574777 0.026627218934911243
0 0.969684721099434 0.5419132149901381 0.034761519805982216 0.0601577909270217
0 0.240501212611156 0.062130177514792904 0.08649959579628132 0.07100591715976332
0 0.9805982215036377 0.366370808678501 0.019401778496362165 0.05621301775147929
0 0.8649959579628133 0.6745562130177515 0.11964430072756668 0.09861932938856016
0 0.4268391269199676 0.9556213017751479 0.035569927243330635 0.05522682445759369
0 0.6552142279708973 0.2702169625246548 0.039611964430072755 0.0591715976331361
0 0.23443815683104283 0.25591715976331364 0.017784963621665317 0.026627218934911243
0 0.3152789005658852 0.06607495069033531 0.05982215036378334 0.11045364891518739
0 0.5311236863379143 0.40384615384615385 0.06952303961196443 0.09171597633136096
0 0.8455941794664511 0.5897435897435898 0.012934518997574777 0.013806706114398423
0 0.6637025060630557 0.5616370808678501 0.06952303961196443 0.11735700197238659
0 0.7368633791430881 0.6770216962524656 0.1269199676637025 0.09566074950690336
0 0.5291026677445432 0.24802761341222881 0.068714632174616 0.06804733727810651
0 0.23767178658043653 0.46301775147929 0.04527081649151172 0.05621301775147929
0 0.22514147130153597 0.16321499013806706 0.14632174616006466 0.121301775147929
