0 0.6060473269062226 0.1630901287553648 0.13058720420683612 0.13948497854077252
0 0.5823838737949167 0.3208154506437768 0.11481156879929887 0.10300429184549356
0 0.5065731814198072 0.9216738197424893 0.0595968448729185 0.07939914163090128
0 0.45836985100788785 0.7478540772532188 0.06660823838737949 0.09227467811158799
0 0.6717791411042945 0.842274678111588 0.12182296231375986 0.06866952789699571
0 0.20858895705521474 0.4747854077253219 0.11218229623137599 0.13841201716738197
0 0.32778264680105174 0.36856223175965663 0.06485539000876424 0.1276824034334764
0 0.34399649430324275 0.796137339055794 0.07449605609114812 0.07081545064377683
0 0.20595968448729185 0.9087982832618026 0.04732690622261174 0.10085836909871244
0 0.3970201577563541 0.30472103004291845 0.12445223488168274 0.13948497854077252
0 0.44084136722173534 0.9243562231759657 0.06660823838737949 0.09120171673819742
0 0.4947414548641543 0.6056866952789699 0.10780017528483786 0.14484978540772533
0 0.3886941279579316 0.5177038626609443 0.16564417177914112 0.1963519313304721
0 0.1437335670464505 0.7923819742489271 0.11393514460999124 0.17274678111587982
0 0.42462751971954427 0.12392703862660945 0.23049956178790534 0.2349785407725322
0 0.18492550394390886 0.3395922746781116 0.06660823838737949 0.08261802575107297
0 0.6783523225241017 0.7709227467811158 0.024539877300613498 0.05042918454935622
0 0.8957055214723927 0.35139484978540775 0.09465381244522349 0.07188841201716738
0 0.588957055214724 0.532725321888412 0.063102541630149 0.07832618025751073
0 0.5363716038562665 0.8277896995708155 0.02979842243645925 0.033261802575107295
0 0.2353198948290973 0.8025751072961373 0.05521472392638037 0.06866952789699571
0 0.3974583698510079 0.6115879828326181 0.037686240140227874 0.09656652360515021
0 0.24101665205959685 0.3267167381974249 0.08238387379491674 0.0890557939914163
0 0.7182296231375986 0.5895922746781116 0.03418054338299737 0.05257510729613734
0 0.04294478527607362 0.5724248927038627 0.056091148115687994 0.06759656652360516
0 0.2738825591586328 0.8948497854077253 0.05872042068361087 0.09656652360515021
0 0.815512708150745 0.7982832618025751 0.060473269062226116 0.06652360515021459
0 0.2747589833479404 0.5466738197424893 0.03593339176161262 0.033261802575107295
0 0.11744084136722174 0.9238197424892703 0.026292725679228746 0.055793991416309016
0 0.7261174408413672 0.6432403433476395 0.013146362839614373 0.03111587982832618
0 0.567922874671341 0.7199570815450643 0.12094653812445223 0.08369098712446352
0 0.7037686240140228 0.9543991416309013 0.049079754601226995 0.08047210300429185
0 0.5495179666958808 0.8975321888412017 0.012269938650306749 0.022532188841201718
0 0.5968448729184925 0.03701716738197425 0.1016652059596845 0.05686695278969957
0 0.9005258545135846 0.592274678111588 0.04294478527607362 0.0407725321888412
0 0.380806310254163 0.03755364806866953 0.07624890446976337 0.06437768240343347
0 0.810692375109553 0.6024678111587983 0.09991235758106924 0.1148068669527897
0 0.2537248028045574 0.40182403433476394 0.04119193689745837 0.03969957081545064
0 0.2813321647677476 0.28594420600858367 0.02278702892199825 0.02682403433476395
0 0.48685363716038565 0.8159871244635193 0.02716914986853637 0.043991416309012876
0 0.20595968448729185 0.572961373390558 0.05083260297984225 0.07081545064377683
0 0.9500438212094654 0.5681330472103004 0.05258545135845749 0.048283261802575105
0 0.7344434706397897 0.40987124463519314 0.091148115687993 0.148068669527897
0 0.3672217353198948 0.9683476394849785 0.02979842243645925 0.04184549356223176
0 0.3028045574057844 0.8331545064377682 0.04645048203330412 0.08476394849785408
0 0.866783523225241 0.4946351931330472 0.05433829973707274 0.06437768240343347
0 0.02673093777388256 0.440450643776824 0.020157756354075372 0.06330472103004292
0 0.7129710780017529 0.25643776824034337 0.09553023663453111 0.1609442060085837
0 0.7046450482033304 0.7006437768240343 0.049079754601226995 0.07081545064377683
0 0.7795793163891324 0.9747854077253219 0.07099035933391762 0.04184549356223176
0 0.2857142857142857 0.8036480686695279 0.012269938650306749 0.027896995708154508
0 0.033304119193689745 0.5246781115879828 0.035056967572304996 0.060085836909871244
0 0.7787028921998247 0.0713519313304721 0.08676599474145487 0.07188841201716738
0 0.02716914986853637 0.3471030042918455 0.019281332164767746 0.05686695278969957
0 0.13453111305872043 0.6630901287553648 0.1200701139351446 0.09871244635193133
0 0.5666082383873795 0.9645922746781116 0.03593339176161262 0.055793991416309016
0 0.3567046450482033 0.26394849785407726 0.040315512708150744 0.060085836909871244
0 0.7791411042944786 0.2666309012875536 0.017528483786152498 0.02682403433476395
0 0.7037686240140228 0.07242489270386267 0.0595968448729185 0.11051502145922747
0 0.47721297107800176 0.4034334763948498 0.06923751095530237 0.09227467811158799
0 0.15644171779141106 0.5777896995708155 0.013146362839614373 0.013948497854077254
0 0.33961437335670464 0.5568669527896996 0.06923751095530237 0.11802575107296137
0 0.2633654688869413 0.6700643776824035 0.1270815074496056 0.09549356223175966
0 0.48334794040315515 0.24678111587982832 0.06923751095530237 0.06866952789699571
0 0.7703768624014024 0.47532188841201717 0.0455740578439965 0.055793991416309016
0 0.7914110429447853 0.17381974248927037 0.147239263803681 0.1223175965665236
