0 0.40866510538641687 0.8418024928092042 0.13192818110850899 0.13998082454458294
0 0.4301327088212334 0.6826462128475551 0.11553473848555816 0.10354745925215723
0 0.4968774395003903 0.07382550335570469 0.060109289617486336 0.08053691275167785
0 0.5480093676814989 0.24832214765100669 0.06713505074160812 0.09204218600191755
0 0.33138173302107726 0.15771812080536912 0.12256049960967993 0.06807286673058485
0 0.8040593286494926 0.5177372962607861 0.11241217798594848 0.13998082454458294
0 0.6857923497267759 0.6275167785234899 0.06479313036690086 0.12943432406519653
0 0.6623731459797033 0.1965484180249281 0.0741608118657299 0.07094918504314478
0 0.7997658079625293 0.0800575263662512 0.047619047619047616 0.10258868648130393
0 0.617096018735363 0.6946308724832214 0.12568306010928962 0.14093959731543623
0 0.5628415300546448 0.06903163950143816 0.06713505074160812 0.09204218600191755
0 0.5140515222482436 0.3926174496644295 0.10850897736143637 0.14669223394055608
0 0.6217798594847775 0.4784276126558005 0.16627634660421545 0.19750719079578138
0 0.8637782982045277 0.19606903163950143 0.11475409836065574 0.1754554170661553
0 0.5917252146760343 0.8772770853307765 0.23263075722092116 0.2377756471716203
0 0.8294301327088213 0.6543624161073825 0.0663544106167057 0.08341323106423777
0 0.3263075722092115 0.2305848513902205 0.02498048399687744 0.05081495685522531
0 0.11397345823575332 0.659156279961649 0.09523809523809523 0.07190795781399807
0 0.419984387197502 0.4683604985618408 0.0624512099921936 0.07957813998082454
0 0.468384074941452 0.16922339405560882 0.029664324746291958 0.03355704697986577
0 0.7720530835284933 0.1879194630872483 0.0546448087431694 0.06903163950143816
0 0.6116315378610461 0.3844678811121764 0.03825136612021858 0.09779482262703738
0 0.773224043715847 0.6682646212847555 0.08196721311475409 0.09012464046021093
0 0.2888368462138954 0.41418983700862894 0.034348165495706476 0.05177372962607862
0 0.9687743950039032 0.41514860977948226 0.05620608899297424 0.06903163950143816
0 0.7318501170960188 0.09539789069990412 0.0585480093676815 0.09875359539789069
0 0.187743950039032 0.20517737296260785 0.06167056986729118 0.06711409395973154
0 0.7361436377829821 0.44726749760306805 0.03590944574551132 0.03355704697986577
0 0.8883684621389539 0.06279961649089165 0.02654176424668228 0.05656759348034515
0 0.28064012490241996 0.36001917545541706 0.01327088212334114 0.031639501438159155
0 0.4379391100702576 0.27900287631831255 0.12177985948477751 0.08437200383509108
0 0.2978142076502732 0.04554170661553212 0.04918032786885246 0.08149568552253116
0 0.4539422326307572 0.09923298178331735 0.011709601873536299 0.02205177372962608
0 0.419984387197502 0.9693192713326941 0.10304449648711944 0.05752636625119846
0 0.10577673692427791 0.4156279961649089 0.0429352068696331 0.04122722914669223
0 0.637392661982826 0.9635666347075742 0.07728337236533958 0.06519654841802493
0 0.1959406713505074 0.40364333652924256 0.09992193598750976 0.11505273250239692
0 0.7591725214676034 0.5930009587727708 0.04137392661982826 0.04122722914669223
0 0.7338017174082748 0.710450623202301 0.02185792349726776 0.026845637583892617
0 0.5183450429352069 0.1797698945349952 0.02654176424668228 0.04314477468839885
0 0.8052302888368462 0.4189837008628955 0.0507416081186573 0.07094918504314478
0 0.05581576893052303 0.44103547459252157 0.05230288836846214 0.047938638542665384
0 0.27595628415300544 0.5963566634707574 0.09133489461358314 0.149568552253116
0 0.6366120218579235 0.023489932885906038 0.03044496487119438 0.04122722914669223
0 0.7033567525370804 0.15819750719079578 0.046838407494145196 0.0862895493767977
0 0.1405152224824356 0.5129434324065196 0.0546448087431694 0.06519654841802493
0 0.9875097580015613 0.5479386385426653 0.02029664324746292 0.06423777564717162
0 0.2997658079625293 0.75071907957814 0.09523809523809523 0.1629913710450623
0 0.3009367681498829 0.30105465004793863 0.04918032786885246 0.07094918504314478
0 0.22092115534738485 0.026366251198465963 0.07181889149102264 0.04122722914669223
0 0.7205308352849337 0.1879194630872483 0.01249024199843872 0.026845637583892617
0 0.9793130366900858 0.46308724832214765 0.0351288056206089 0.061361457334611694
0 0.23575331772053085 0.9386385426653883 0.08743169398907104 0.07286673058485138
0 0.9879000780640125 0.6423777564717161 0.0195160031225605 0.05752636625119846
0 0.8750975800156128 0.3264621284755513 0.12021857923497267 0.10067114093959731
0 0.43559718969555034 0.03211888782358581 0.03590944574551132 0.05656759348034515
0 0.65807962529274 0.7344199424736337 0.04059328649492584 0.05944391179290508
0 0.23263075722092116 0.7420901246404602 0.017174082747853238 0.026845637583892617
0 0.3118657298985168 0.936241610738255 0.060109289617486336 0.11217641418983701
0 0.5343481654957065 0.5963566634707574 0.06947697111631537 0.09395973154362415
0 0.8544106167056986 0.41275167785234895 0.01327088212334114 0.012464046021093
0 0.6701795472287275 0.4381591562799616 0.06947697111631537 0.11888782358581015
0 0.7455113192818111 0.3221476510067114 0.12802498048399688 0.09779482262703738
0 0.5304449648711944 0.7550335570469798 0.06947697111631537 0.06807286673058485
0 0.23809523809523808 0.5306807286673059 0.046838407494145196 0.05656759348034515
0 0.22209211553473848 0.8355704697986577 0.14754098360655737 0.1236816874400767
