0 0.25875 0.3696153846153846 0.06125 0.07307692307692308
0 0.44906250000000003 0.9488461538461539 0.058125 0.09923076923076923
0 0.393125 0.39653846153846156 0.06 0.11153846153846154
0 0.385 0.9684615384615385 0.05 0.06
0 0.4975 0.8703846153846154 0.0625 0.07461538461538461
0 0.69375 0.7907692307692308 0.10250000000000001 0.06
0 0.60875 0.693076923076923 0.095 0.07384615384615384
0 0.805625 0.5803846153846154 0.08125 0.08384615384615385
0 0.5571875000000001 0.8642307692307692 0.050625 0.07307692307692308
0 0.1509375 0.7307692307692307 0.043125000000000004 0.05384615384615385
0 0.324375 0.7703846153846153 0.04625 0.05615384615384615
0 0.41625 0.7626923076923077 0.065 0.06846153846153846
0 0.5478125 0.9730769230769231 0.055625 0.05076923076923077
0 0.3565625 0.8480769230769231 0.049375 0.07923076923076923
0 0.299375 0.3553846153846154 0.06375 0.07538461538461538
0 0.04 0.8480769230769231 0.0525 0.057692307692307696
0 0.8296875 0.02576923076923077 0.015625 0.025384615384615384
0 0.6062500000000001 0.9276923076923077 0.0325 0.09076923076923077
0 0.2278125 0.6569230769230769 0.109375 0.0876923076923077
0 0.21625 0.715 0.045 0.036153846153846154
0 0.61875 0.5319230769230769 0.0525 0.06384615384615384
0 0.2246875 0.7973076923076923 0.083125 0.08076923076923077
0 0.2821875 0.5219230769230769 0.099375 0.17
0 0.6168750000000001 0.09 0.09 0.08923076923076922
0 0.11156250000000001 0.5988461538461538 0.085625 0.09769230769230769
0 0.5803125 0.7830769230769231 0.024375 0.027692307692307693
0 0.10187500000000001 0.5407692307692308 0.03875 0.04923076923076923
0 0.7996875 0.9261538461538461 0.056875 0.046153846153846156
0 0.8846875000000001 0.58 0.038125 0.03538461538461538
0 0.08687500000000001 0.46576923076923077 0.0625 0.06230769230769231
0 0.2940625 0.8730769230769231 0.044375 0.10461538461538461
0 0.7321875 0.941923076923077 0.089375 0.11307692307692307
0 0.04 0.7273076923076923 0.06375 0.07769230769230769
0 0.875625 0.3726923076923077 0.085 0.06538461538461539
0 0.793125 0.03576923076923077 0.05625 0.04692307692307692
0 0.695625 0.735 0.01875 0.040769230769230766
0 0.033125 0.9346153846153846 0.043750000000000004 0.04
0 0.458125 0.6026923076923076 0.03 0.08384615384615385
0 0.7728125 0.12346153846153846 0.076875 0.07
0 0.54 0.6 0.09 0.10615384615384615
0 0.280625 0.7411538461538462 0.0275 0.022307692307692306
0 0.4771875 0.21 0.19187500000000002 0.37846153846153846
0 0.43093750000000003 0.5265384615384615 0.114375 0.16384615384615384
0 0.0253125 0.6511538461538462 0.049375 0.06846153846153846
0 0.0071875 0.5388461538461539 0.013125 0.05
0 0.7146875 0.6776923076923077 0.053125 0.06615384615384616
0 0.8521875 0.4938461538461538 0.043125000000000004 0.05384615384615385
0 0.1634375 0.04230769230769231 0.038125 0.08461538461538462
0 0.725 0.8992307692307693 0.0325 0.05846153846153846
0 0.3409375 0.5503846153846154 0.024375 0.023846153846153847
0 0.73 0.5961538461538461 0.025 0.07846153846153846
0 0.07906250000000001 0.7857692307692308 0.046875 0.04230769230769231
0 0.0134375 0.41 0.025625000000000002 0.10307692307692308
0 0.923125 0.558076923076923 0.03875 0.036153846153846154
0 0.3525 0.33076923076923076 0.02625 0.03538461538461538
0 0.53625 0.553076923076923 0.0225 0.046153846153846156
0 0.08750000000000001 0.37653846153846154 0.03375 0.04846153846153846
0 0.3234375 0.42730769230769233 0.040625 0.03769230769230769
0 0.335625 0.8053846153846154 0.07 0.12615384615384614
0 0.613125 0.33807692307692305 0.095 0.11461538461538462
0 0.1925 0.8969230769230769 0.02375 0.046153846153846156
0 0.7156250000000001 0.02346153846153846 0.0925 0.04692307692307692
0 0.77125 0.22153846153846155 0.10125 0.10461538461538461
0 0.3809375 0.8115384615384615 0.031875 0.046153846153846156
0 0.7359375 0.6226923076923077 0.010625 0.025384615384615384
0 0.2390625 0.5723076923076923 0.033125 0.03076923076923077
0 0.7284375 0.06153846153846154 0.018125 0.02
0 0.7865625 0.6861538461538461 0.011875 0.012307692307692308
0 0.7478125 0.4288461538461538 0.083125 0.14692307692307693
0 0.5934375000000001 0.8392307692307692 0.009375 0.016923076923076923
0 0.6309375 0.22230769230769232 0.106875 0.1123076923076923
0 0.706875 0.12423076923076923 0.0475 0.10846153846153846
0 0.719375 0.29307692307692307 0.08125 0.13230769230769232
0 0.83875 0.24076923076923076 0.03 0.03692307692307692
0 0.34218750000000003 0.6442307692307693 0.115625 0.10384615384615385
0 0.51625 0.7157692307692307 0.05625 0.0823076923076923
0 0.8128125 0.7553846153846154 0.051875000000000004 0.04923076923076923
0 0.5228125 0.44846153846153847 0.063125 0.12307692307692308
