0 0.7188524590163935 0.36710130391173523 0.060655737704918035 0.07221664994984955
0 0.5364754098360656 0.9398194583751254 0.05819672131147541 0.09829488465396188
0 0.5864754098360656 0.3956870611835506 0.05983606557377049 0.10932798395185557
0 0.6004098360655737 0.9583751253761283 0.05 0.05917753259779338
0 0.48811475409836064 0.8635907723169508 0.06311475409836066 0.07422266800401203
0 0.2930327868852459 0.7878635907723169 0.10081967213114754 0.05917753259779338
0 0.37581967213114753 0.6905717151454364 0.0942622950819672 0.0732196589769308
0 0.18032786885245902 0.5832497492477432 0.08196721311475409 0.08324974924774323
0 0.42950819672131146 0.8585757271815446 0.05081967213114754 0.07221664994984955
0 0.8295081967213115 0.720160481444333 0.04262295081967213 0.05416248746238716
0 0.6581967213114754 0.7622868605817452 0.04590163934426229 0.05616850551654965
0 0.5676229508196722 0.7562688064192578 0.06475409836065574 0.06820461384152457
0 0.43934426229508194 0.9653961885656971 0.05573770491803279 0.05115346038114343
0 0.6270491803278688 0.839518555667001 0.04918032786885246 0.07823470411233702
0 0.6782786885245902 0.35356068204613844 0.06311475409836066 0.07522567703109329
0 0.9401639344262295 0.8340020060180542 0.05245901639344262 0.05717151454363089
0 0.15081967213114755 0.03811434302908726 0.01639344262295082 0.026078234704112337
0 0.38114754098360654 0.9212637913741224 0.03278688524590164 0.09127382146439318
0 0.7528688524590164 0.6484453360080241 0.10901639344262296 0.08726178535606821
0 0.7647540983606558 0.7061183550651956 0.04590163934426229 0.03811434302908726
0 0.36475409836065575 0.5325977933801405 0.05245901639344262 0.0641925777331996
0 0.7573770491803279 0.7868605817452357 0.08360655737704918 0.08124373119358075
0 0.6975409836065574 0.5170511534603811 0.09836065573770492 0.16950852557673018
0 0.3614754098360656 0.09729187562688064 0.09016393442622951 0.08826479438314945
0 0.8668032786885246 0.5897693079237714 0.0860655737704918 0.0962888665997994
0 0.40532786885245903 0.7783350050150452 0.02540983606557377 0.028084252758274825
0 0.8754098360655738 0.5325977933801405 0.039344262295081964 0.05015045135406219
0 0.18934426229508197 0.9227683049147443 0.05737704918032787 0.04613841524573721
0 0.10163934426229508 0.5842527582748245 0.03770491803278689 0.03510531594784353
0 0.8901639344262295 0.458876629889669 0.06229508196721312 0.06118355065195587
0 0.6897540983606557 0.8625877632898696 0.045081967213114756 0.10431293881644935
0 0.2569672131147541 0.9378134403209629 0.08934426229508197 0.1123370110330993
0 0.9389344262295082 0.7156469408224674 0.06475409836065574 0.07723169508525576
0 0.10860655737704918 0.37963891675025074 0.08442622950819673 0.06519558676028084
0 0.18729508196721312 0.04714142427281846 0.056557377049180325 0.04613841524573721
0 0.2901639344262295 0.7331995987963892 0.019672131147540982 0.04012036108324975
0 0.9483606557377049 0.9197592778335005 0.04426229508196721 0.04012036108324975
0 0.5237704918032787 0.5997993981945837 0.03114754098360656 0.08425275827482448
0 0.2081967213114754 0.1334002006018054 0.07704918032786885 0.07021063189568706
0 0.44344262295081965 0.5982948846539619 0.09016393442622951 0.10531594784353059
0 0.7012295081967214 0.7326980942828486 0.027049180327868853 0.023069207622868605
0 0.5008196721311475 0.2131394182547643 0.1901639344262295 0.3741223671013039
0 0.55 0.5240722166499499 0.11311475409836065 0.16349047141424272
0 0.9528688524590164 0.6409227683049148 0.05 0.06820461384152457
0 0.969672131147541 0.529087261785356 0.014754098360655738 0.05115346038114343
0 0.27172131147540984 0.6775325977933802 0.05327868852459016 0.06519558676028084
0 0.13319672131147542 0.4989969909729188 0.04344262295081967 0.055165496489468405
0 0.8102459016393443 0.04312938816449348 0.038524590163934426 0.08425275827482448
0 0.2635245901639344 0.8956870611835507 0.03360655737704918 0.058174523570712136
0 0.6397540983606558 0.5456369107321966 0.02540983606557377 0.02407221664994985
0 0.255327868852459 0.59679037111334 0.02540983606557377 0.07823470411233702
0 0.9012295081967213 0.7738214643931796 0.04672131147540984 0.04312938816449348
0 0.9622950819672131 0.40320962888665995 0.02622950819672131 0.10230692076228685
0 0.06352459016393443 0.5631895687061184 0.04016393442622951 0.03510531594784353
0 0.6254098360655738 0.3304914744232698 0.02622950819672131 0.03510531594784353
0 0.44631147540983607 0.5526579739217653 0.022131147540983605 0.04613841524573721
0 0.8885245901639345 0.3711133400200602 0.03442622950819672 0.05015045135406219
0 0.6557377049180327 0.4242728184553661 0.040983606557377046 0.03811434302908726
0 0.6475409836065574 0.7973921765295887 0.06885245901639345 0.12437311935807423
0 0.3676229508196721 0.3420260782347041 0.0942622950819672 0.11434302908726178
0 0.7901639344262295 0.8846539618856569 0.02459016393442623 0.04613841524573721
0 0.2635245901639344 0.034102306920762285 0.09262295081967213 0.0481444332998997
0 0.21024590163934426 0.2296890672016048 0.10081967213114754 0.10431293881644935
0 0.6028688524590164 0.8039117352056169 0.031967213114754096 0.04714142427281846
0 0.25 0.6238716148445336 0.011475409836065573 0.026078234704112337
0 0.7405737704918033 0.5656970912738215 0.03360655737704918 0.0320962888665998
0 0.25081967213114753 0.0712136409227683 0.019672131147540982 0.020060180541624874
0 0.20040983606557378 0.6865596790371113 0.012295081967213115 0.013039117352056168
0 0.2360655737704918 0.43329989969909727 0.08360655737704918 0.1444332998996991
0 0.39262295081967213 0.8340020060180542 0.009836065573770491 0.017051153460381142
0 0.34918032786885245 0.22818455366098295 0.10655737704918032 0.11133400200601805
0 0.27295081967213114 0.1328986960882648 0.047540983606557376 0.10732196589769308
0 0.2627049180327869 0.2993981945837513 0.08114754098360656 0.13139418254764293
0 0.14385245901639343 0.24924774322968907 0.030327868852459017 0.037111334002006016
0 0.639344262295082 0.6384152457372116 0.11475409836065574 0.10330992978936811
0 0.46762295081967215 0.7116349047141425 0.056557377049180325 0.08124373119358075
0 0.175 0.7552657973921766 0.051639344262295085 0.05015045135406219
0 0.4586065573770492 0.44884653961885657 0.06311475409836066 0.1213640922768305
