0 0.7385826771653543 0.3970864661654135 0.05826771653543307 0.06672932330827067
0 0.5244094488188976 0.9083646616541353 0.05511811023622047 0.09116541353383459
0 0.611023622047244 0.40977443609022557 0.05669291338582677 0.10150375939849623
0 0.5838582677165354 0.931860902255639 0.048031496062992125 0.05545112781954887
0 0.484251968503937 0.8322368421052632 0.05984251968503937 0.06860902255639098
0 0.3047244094488189 0.7420112781954887 0.09606299212598425 0.05545112781954887
0 0.3905511811023622 0.6602443609022556 0.08976377952755905 0.06860902255639098
0 0.21220472440944882 0.5408834586466165 0.07795275590551182 0.07800751879699247
0 0.42874015748031497 0.8209586466165413 0.048031496062992125 0.06672932330827067
0 0.8181102362204724 0.7354323308270676 0.04094488188976378 0.04981203007518797
0 0.6527559055118111 0.7561090225563909 0.04409448818897638 0.05169172932330827
0 0.5673228346456692 0.7410714285714285 0.06220472440944882 0.06296992481203006
0 0.43070866141732284 0.9205827067669172 0.05196850393700787 0.047932330827067667
0 0.6177165354330708 0.8237781954887218 0.046456692913385826 0.07236842105263158
0 0.7011811023622048 0.3806390977443609 0.06062992125984252 0.06954887218045112
0 0.9149606299212598 0.8524436090225563 0.048818897637795275 0.05263157894736842
0 0.22362204724409449 0.03383458646616541 0.015748031496062992 0.02443609022556391
0 0.378740157480315 0.8745300751879699 0.031496062992125984 0.08364661654135339
0 0.7503937007874015 0.6611842105263157 0.10393700787401575 0.07988721804511278
0 0.75748031496063 0.7156954887218044 0.04409448818897638 0.03477443609022556
0 0.3909448818897638 0.513157894736842 0.049606299212598425 0.06015037593984962
0 0.7448818897637796 0.7894736842105263 0.07874015748031496 0.07518796992481203
0 0.7074803149606299 0.5338345864661653 0.09370078740157481 0.15601503759398494
0 0.41929133858267714 0.11043233082706766 0.0858267716535433 0.08176691729323307
0 0.8629921259842519 0.6184210526315789 0.08188976377952756 0.09022556390977443
0 0.41181102362204725 0.744360902255639 0.023622047244094488 0.02631578947368421
0 0.8751968503937008 0.5671992481203008 0.03700787401574803 0.046052631578947366
0 0.19645669291338583 0.8552631578947368 0.05433070866141732 0.043233082706766915
0 0.13818897637795274 0.5328947368421052 0.03543307086614173 0.03195488721804511
0 0.8944881889763779 0.5 0.05984251968503937 0.05639097744360902
0 0.6751968503937008 0.8524436090225563 0.04173228346456693 0.09774436090225563
0 0.25984251968503935 0.8764097744360901 0.08503937007874016 0.10432330827067668
0 0.9220472440944881 0.7424812030075187 0.06141732283464567 0.07142857142857142
0 0.1590551181102362 0.3449248120300752 0.08031496062992126 0.06015037593984962
0 0.2574803149606299 0.045582706766917294 0.05354330708661417 0.042293233082706765
0 0.3059055118110236 0.6907894736842105 0.01811023622047244 0.03759398496240601
0 0.9161417322834645 0.9323308270676691 0.04173228346456693 0.03759398496240601
0 0.5374015748031497 0.5916353383458647 0.029133858267716535 0.07800751879699247
0 0.27125984251968505 0.12734962406015038 0.0732283464566929 0.06484962406015038
0 0.46062992125984253 0.5822368421052632 0.08503937007874016 0.09680451127819548
0 0.6956692913385827 0.7330827067669172 0.025984251968503937 0.020676691729323307
0 0.5429133858267716 0.23214285714285712 0.18031496062992125 0.3458646616541353
0 0.5673228346456692 0.5249060150375939 0.10787401574803149 0.1513157894736842
0 0.9409448818897638 0.674812030075188 0.047244094488188976 0.06390977443609022
0 0.9645669291338582 0.5733082706766917 0.014173228346456693 0.046992481203007516
0 0.2921259842519685 0.6372180451127819 0.050393700787401574 0.06015037593984962
0 0.17401574803149605 0.45770676691729323 0.04094488188976378 0.05075187969924812
0 0.8480314960629921 0.10761278195488722 0.03622047244094488 0.07800751879699247
0 0.268503937007874 0.8383458646616541 0.031496062992125984 0.05451127819548872
0 0.6503937007874016 0.5545112781954887 0.023622047244094488 0.022556390977443608
0 0.2826771653543307 0.5615601503759399 0.023622047244094488 0.07236842105263158
0 0.8822834645669291 0.7922932330827067 0.04488188976377953 0.039473684210526314
0 0.9665354330708661 0.456296992481203 0.024409448818897637 0.09492481203007519
0 0.1031496062992126 0.5098684210526315 0.03779527559055118 0.03289473684210526
0 0.6527559055118111 0.3533834586466165 0.025196850393700787 0.03195488721804511
0 0.46653543307086615 0.5399436090225563 0.02125984251968504 0.042293233082706765
0 0.8992125984251969 0.41870300751879697 0.03307086614173228 0.046052631578947366
0 0.6744094488188976 0.44360902255639095 0.03858267716535433 0.03571428571428571
0 0.6401574803149607 0.787124060150376 0.06614173228346457 0.11560150375939848
0 0.4074803149606299 0.337406015037594 0.09055118110236221 0.10526315789473684
0 0.7688976377952755 0.8829887218045113 0.02283464566929134 0.042293233082706765
0 0.3311023622047244 0.041353383458646614 0.08740157480314961 0.045112781954887216
0 0.26653543307086613 0.21663533834586465 0.0952755905511811 0.09680451127819548
0 0.5972440944881889 0.7885338345864661 0.030708661417322834 0.043233082706766915
0 0.2755905511811024 0.5855263157894737 0.011023622047244094 0.02443609022556391
0 0.7448818897637796 0.5831766917293233 0.031496062992125984 0.02913533834586466
0 0.31614173228346454 0.07471804511278195 0.01811023622047244 0.017857142857142856
0 0.22401574803149607 0.637687969924812 0.011811023622047244 0.012218045112781954
0 0.2763779527559055 0.4074248120300752 0.07874015748031496 0.1343984962406015
0 0.3952755905511811 0.7951127819548872 0.009448818897637795 0.015037593984962405
0 0.3980314960629921 0.23026315789473684 0.10157480314960629 0.10338345864661654
0 0.33267716535433073 0.13345864661654133 0.04488188976377953 0.09962406015037593
0 0.3110236220472441 0.28618421052631576 0.07716535433070866 0.1212406015037594
0 0.20196850393700788 0.22791353383458646 0.029133858267716535 0.03477443609022556
0 0.6437007874015748 0.6400375939849624 0.1094488188976378 0.09586466165413533
0 0.4755905511811024 0.6893796992481203 0.05354330708661417 0.07612781954887218
0 0.19488188976377951 0.6992481203007519 0.049606299212598425 0.045112781954887216
0 0.4858267716535433 0.44548872180451127 0.05984251968503937 0.11278195488721804
