0 0.2684375 0.37 0.060625 0.07230769230769231
0 0.4590625 0.9496153846153846 0.058125 0.09923076923076923
0 0.4028125 0.39692307692307693 0.059375000000000004 0.11076923076923077
0 0.39437500000000003 0.9692307692307692 0.05 0.06
0 0.5071875 0.8711538461538462 0.063125 0.07461538461538461
0 0.7034375 0.7911538461538462 0.10187500000000001 0.05923076923076923
0 0.6184375 0.693076923076923 0.094375 0.07384615384615384
0 0.8153125 0.5811538461538461 0.081875 0.08384615384615385
0 0.5665625 0.8646153846153846 0.050625 0.07230769230769231
0 0.160625 0.7307692307692307 0.0425 0.05384615384615385
0 0.3340625 0.7707692307692308 0.045625 0.055384615384615386
0 0.42562500000000003 0.7630769230769231 0.065 0.06769230769230769
0 0.5575 0.9734615384615385 0.055 0.05153846153846154
0 0.36625 0.8484615384615385 0.04875 0.07846153846153846
0 0.3090625 0.3553846153846154 0.063125 0.07538461538461538
0 0.0496875 0.8484615384615385 0.051875000000000004 0.05692307692307692
0 0.8390625 0.02653846153846154 0.015625 0.025384615384615384
0 0.615625 0.928076923076923 0.0325 0.09153846153846154
0 0.2371875 0.6569230769230769 0.109375 0.0876923076923077
0 0.2259375 0.7153846153846154 0.045625 0.03692307692307692
0 0.628125 0.5323076923076923 0.0525 0.06461538461538462
0 0.2340625 0.7976923076923077 0.083125 0.08153846153846153
0 0.291875 0.5223076923076924 0.09875 0.17076923076923076
0 0.6265625 0.09 0.090625 0.08923076923076922
0 0.12125 0.5988461538461538 0.08625000000000001 0.09769230769230769
0 0.5896875 0.7830769230769231 0.024375 0.027692307692307693
0 0.111875 0.5411538461538462 0.03875 0.05
0 0.8096875 0.9261538461538461 0.056875 0.046153846153846156
0 0.894375 0.5803846153846154 0.0375 0.03461538461538462
0 0.09625 0.46615384615384614 0.0625 0.06153846153846154
0 0.3034375 0.8734615384615385 0.044375 0.10538461538461538
0 0.7415625 0.9426923076923077 0.089375 0.11307692307692307
0 0.0496875 0.7280769230769231 0.064375 0.07769230769230769
0 0.8853125000000001 0.3726923076923077 0.084375 0.06538461538461539
0 0.8025 0.036153846153846154 0.05625 0.046153846153846156
0 0.7056250000000001 0.7353846153846154 0.01875 0.04
0 0.0425 0.9353846153846154 0.043750000000000004 0.04
0 0.4678125 0.6030769230769231 0.030625 0.08461538461538462
0 0.7821875 0.12384615384615384 0.076875 0.07076923076923076
0 0.5493750000000001 0.6007692307692307 0.09 0.10615384615384615
0 0.29031250000000003 0.7411538461538462 0.026875 0.022307692307692306
0 0.486875 0.21 0.19125 0.37846153846153846
0 0.440625 0.5269230769230769 0.11375 0.1646153846153846
0 0.0346875 0.6519230769230769 0.049375 0.06846153846153846
0 0.016875 0.5388461538461539 0.01375 0.05
0 0.7240625 0.678076923076923 0.053125 0.06538461538461539
0 0.8618750000000001 0.49423076923076925 0.0425 0.054615384615384614
0 0.1728125 0.04230769230769231 0.038125 0.08461538461538462
0 0.7346875 0.9 0.033125 0.05846153846153846
0 0.350625 0.5503846153846154 0.025 0.023846153846153847
0 0.739375 0.5961538461538461 0.025 0.07846153846153846
0 0.0884375 0.7865384615384615 0.046875 0.04230769230769231
0 0.0228125 0.4107692307692308 0.025625000000000002 0.10307692307692308
0 0.9328125 0.5584615384615385 0.039375 0.03538461538461538
0 0.3621875 0.33115384615384613 0.025625000000000002 0.03461538461538462
0 0.5459375 0.5538461538461539 0.021875000000000002 0.046153846153846156
0 0.096875 0.3769230769230769 0.03375 0.04923076923076923
0 0.3328125 0.42730769230769233 0.040625 0.03769230769230769
0 0.3453125 0.8061538461538461 0.069375 0.12615384615384614
0 0.623125 0.33884615384615385 0.095 0.11461538461538462
0 0.201875 0.8973076923076924 0.02375 0.045384615384615384
0 0.725 0.023846153846153847 0.0925 0.047692307692307694
0 0.7809375000000001 0.22192307692307692 0.100625 0.10538461538461538
0 0.3903125 0.811923076923077 0.031875 0.04692307692307692
0 0.7453125 0.6234615384615385 0.010625 0.025384615384615384
0 0.2484375 0.5723076923076923 0.033125 0.03076923076923077
0 0.738125 0.06192307692307692 0.01875 0.019230769230769232
0 0.7959375 0.6861538461538461 0.011875 0.012307692307692308
0 0.7571875 0.42923076923076925 0.083125 0.14615384615384616
0 0.6034375 0.8396153846153847 0.009375 0.016153846153846154
0 0.6403125000000001 0.22230769230769232 0.106875 0.1123076923076923
0 0.71625 0.12423076923076923 0.0475 0.10846153846153846
0 0.72875 0.29307692307692307 0.08125 0.13230769230769232
0 0.848125 0.24076923076923076 0.03 0.03692307692307692
0 0.3515625 0.6442307692307693 0.115625 0.10384615384615385
0 0.525625 0.7157692307692307 0.05625 0.0823076923076923
0 0.8221875000000001 0.7553846153846154 0.051875000000000004 0.04923076923076923
0 0.5321875 0.44846153846153847 0.063125 0.12307692307692308
