0 0.7135761589403974 0.6371371371371372 0.059602649006622516 0.06906906906906907
0 0.5496688741721855 0.07757757757757758 0.056291390728476824 0.09509509509509509
0 0.5848509933774835 0.6046046046046046 0.058774834437086095 0.1061061061061061
0 0.6129966887417219 0.062062062062062065 0.048841059602649006 0.058058058058058054
0 0.5004139072847682 0.14964964964964964 0.062086092715231786 0.07107107107107107
0 0.3083609271523179 0.2157157157157157 0.09850993377483444 0.057057057057057055
0 0.38700331125827814 0.3128128128128128 0.09188741721854304 0.07107107107107107
0 0.19329470198675497 0.4084084084084084 0.0802980132450331 0.08008008008008008
0 0.44288079470198677 0.15265265265265265 0.04966887417218543 0.06906906906906907
0 0.8298841059602649 0.3003003003003003 0.042218543046357616 0.05205205205205205
0 0.6639072847682119 0.25375375375375375 0.04470198675496689 0.05305305305305305
0 0.5757450331125827 0.25625625625625625 0.06374172185430464 0.06606606606606606
0 0.4557119205298013 0.050050050050050046 0.05380794701986755 0.050050050050050046
0 0.6357615894039735 0.17867867867867868 0.048013245033112585 0.07507507507507508
0 0.673841059602649 0.6486486486486487 0.061258278145695365 0.07207207207207207
0 0.9412251655629139 0.1946946946946947 0.05132450331125828 0.055055055055055056
0 0.15107615894039736 0.9334334334334334 0.015728476821192054 0.025025025025025023
0 0.3977649006622517 0.09009009009009009 0.03228476821192053 0.08808808808808809
0 0.7537251655629139 0.3663663663663664 0.10678807947019868 0.08408408408408408
0 0.7665562913907285 0.3113113113113113 0.04470198675496689 0.036036036036036036
0 0.37210264900662254 0.46446446446446443 0.052152317880794705 0.062062062062062065
0 0.7615894039735099 0.23323323323323322 0.08112582781456953 0.07807807807807808
0 0.6961920529801324 0.49149149149149146 0.09602649006622517 0.16216216216216217
0 0.35844370860927155 0.8838838838838838 0.08774834437086093 0.08608608608608609
0 0.8634105960264901 0.4274274274274274 0.08443708609271523 0.0940940940940941
0 0.41804635761589404 0.22872872872872874 0.024834437086092714 0.02702702702702703
0 0.8708609271523179 0.4824824824824825 0.0380794701986755 0.04804804804804805
0 0.21067880794701987 0.08158158158158157 0.055463576158940396 0.04504504504504504
0 0.11713576158940397 0.40540540540540543 0.037251655629139076 0.03403403403403403
0 0.8832781456953642 0.5545545545545546 0.061258278145695365 0.06006006006006006
0 0.6974337748344371 0.15765765765765766 0.043874172185430466 0.1011011011011011
0 0.2769039735099338 0.07007007007007007 0.0869205298013245 0.10810810810810811
0 0.9370860927152318 0.3088088088088088 0.06291390728476821 0.07507507507507508
0 0.1183774834437086 0.6031031031031031 0.08278145695364239 0.06306306306306306
0 0.18667218543046357 0.9259259259259259 0.055463576158940396 0.044044044044044044
0 0.3042218543046358 0.2677677677677678 0.01903973509933775 0.03903903903903904
0 0.9511589403973509 0.11261261261261261 0.04304635761589404 0.03903903903903904
0 0.5293874172185431 0.4059059059059059 0.030629139072847682 0.08108108108108109
0 0.20943708609271522 0.8438438438438438 0.07450331125827815 0.06806806806806806
0 0.4503311258278146 0.4039039039039039 0.08774834437086093 0.1011011011011011
0 0.7052980132450332 0.28428428428428426 0.026490066225165563 0.022022022022022022
0 0.49751655629139074 0.7772772772772772 0.18543046357615894 0.35935935935935936
0 0.5529801324503312 0.47897897897897895 0.11092715231788079 0.15715715715715717
0 0.9490894039735099 0.3813813813813814 0.048841059602649006 0.06606606606606606
0 0.9623344370860927 0.48998998998999 0.014072847682119206 0.04904904904904905
0 0.2843543046357616 0.32182182182182184 0.052152317880794705 0.06306306306306306
0 0.1452814569536424 0.48898898898898896 0.042218543046357616 0.05305305305305305
0 0.7947019867549668 0.9524524524524525 0.0380794701986755 0.08108108108108109
0 0.28228476821192056 0.11061061061061062 0.033112582781456956 0.057057057057057055
0 0.640728476821192 0.46146146146146144 0.024834437086092714 0.024024024024024024
0 0.2669701986754967 0.3983983983983984 0.02566225165562914 0.07607607607607608
0 0.9014900662251656 0.25175175175175174 0.046357615894039736 0.04104104104104104
0 0.9519867549668874 0.6111111111111112 0.024834437086092714 0.0990990990990991
0 0.07905629139072848 0.4239239239239239 0.03890728476821192 0.035035035035035036
0 0.6221026490066225 0.6686686686686687 0.02566225165562914 0.03403403403403403
0 0.45240066225165565 0.44844844844844844 0.022350993377483443 0.044044044044044044
0 0.8791390728476821 0.6391391391391391 0.033112582781456956 0.04704704704704705
0 0.6535596026490066 0.5790790790790791 0.04056291390728477 0.037037037037037035
0 0.6548013245033113 0.2197197197197197 0.06788079470198675 0.12112112112112113
0 0.37003311258278143 0.6481481481481481 0.09271523178807947 0.1091091091091091
0 0.7959437086092715 0.14014014014014015 0.024006622516556293 0.044044044044044044
0 0.26117549668874174 0.9419419419419419 0.0902317880794702 0.04604604604604605
0 0.21399006622516556 0.7512512512512513 0.09850993377483444 0.1011011011011011
0 0.6109271523178808 0.21171171171171171 0.03145695364238411 0.04504504504504504
0 0.26200331125827814 0.3718718718718719 0.01076158940397351 0.025025025025025023
0 0.7400662251655629 0.44644644644644643 0.033112582781456956 0.03003003003003003
0 0.2495860927152318 0.9049049049049049 0.01903973509933775 0.02002002002002002
0 0.21564569536423842 0.3103103103103103 0.012417218543046357 0.012012012012012012
0 0.24420529801324503 0.5555555555555556 0.08112582781456953 0.14014014014014015
0 0.4064569536423841 0.17467467467467468 0.009933774834437087 0.017017017017017015
0 0.34933774834437087 0.7572572572572572 0.10430463576158941 0.10710710710710711
0 0.2727649006622517 0.8468468468468469 0.04718543046357616 0.1041041041041041
0 0.26655629139072845 0.6856856856856857 0.07947019867549669 0.12612612612612611
0 0.1498344370860927 0.7297297297297297 0.029801324503311258 0.036036036036036036
0 0.6423841059602649 0.37237237237237236 0.11258278145695365 0.10010010010010009
0 0.4772350993377483 0.2957957957957958 0.055463576158940396 0.07907907907907907
0 0.19246688741721854 0.24274274274274274 0.050496688741721855 0.04704704704704705
0 0.4615066225165563 0.5485485485485485 0.062086092715231786 0.11811811811811812
