0 0.7277960526315789 0.3634558093346574 0.05921052631578947 0.06951340615690169
0 0.5645559210526315 0.9220456802383317 0.056743421052631575 0.09433962264150943
0 0.599095394736842 0.3962264150943396 0.058388157894736836 0.10526315789473684
0 0.6274671052631579 0.9374379344587884 0.049342105263157895 0.05759682224428997
0 0.5152138157894737 0.8505461767626613 0.061677631578947366 0.07249255213505462
0 0.3231907894736842 0.785501489572989 0.09868421052631579 0.05759682224428997
0 0.4017269736842105 0.6881827209533267 0.0912828947368421 0.0714995034756703
0 0.20764802631578946 0.5923535253227408 0.07976973684210525 0.0804369414101291
0 0.45805921052631576 0.8475670307845085 0.049342105263157895 0.06852035749751738
0 0.8441611842105262 0.6991062562065541 0.04194078947368421 0.05163853028798411
0 0.6788651315789473 0.7462760675273088 0.04523026315789473 0.05263157894736842
0 0.5900493421052632 0.743793445878848 0.06332236842105263 0.06554121151936444
0 0.47039473684210525 0.9503475670307845 0.05427631578947368 0.04965243296921549
0 0.6504934210526315 0.8212512413108242 0.04769736842105263 0.07547169811320754
0 0.6879111842105263 0.35203574975173785 0.061677631578947366 0.07249255213505462
0 0.9555921052631579 0.8048659384309831 0.05098684210526316 0.05461767626613704
0 0.16488486842105263 0.06901688182720953 0.015625 0.024826216484607744
0 0.412828947368421 0.9101290963257199 0.03289473684210526 0.08838133068520357
0 0.7680921052631579 0.6335650446871897 0.1069078947368421 0.08341608738828202
0 0.7808388157894737 0.6881827209533267 0.04523026315789473 0.03574975173783515
0 0.38651315789473684 0.5362462760675273 0.05098684210526316 0.061569016881827206
0 0.7759046052631579 0.7666335650446872 0.08141447368421052 0.07745779543197616
0 0.7105263157894737 0.5094339622641509 0.09539473684210525 0.1628599801390268
0 0.37212171052631576 0.11817279046673286 0.08799342105263157 0.08540218470705065
0 0.8774671052631579 0.5719960278053624 0.08388157894736842 0.09334657398212512
0 0.4325657894736842 0.7715988083416088 0.024671052631578948 0.027805362462760674
0 0.8848684210526315 0.5173783515392254 0.03782894736842105 0.04766633565044687
0 0.22574013157894735 0.9190665342601787 0.055098684210526314 0.04468718967229394
0 0.13199013157894737 0.5958291956305859 0.03700657894736842 0.033763654419066536
0 0.897203947368421 0.4458788480635551 0.06085526315789473 0.05958291956305859
0 0.7117598684210525 0.8416087388282025 0.04358552631578947 0.10029791459781529
0 0.2919407894736842 0.9309831181727904 0.08717105263157894 0.10824230387288977
0 0.9514802631578947 0.6906653426017875 0.0625 0.07447864945382324
0 0.1332236842105263 0.39920556107249255 0.08223684210526315 0.06355511420059583
0 0.20106907894736842 0.0759682224428997 0.055098684210526314 0.04468718967229394
0 0.31949013157894735 0.7323733862959285 0.018914473684210526 0.03872889771598808
0 0.9654605263157894 0.8862959285004965 0.042763157894736836 0.03872889771598808
0 0.5439967105263157 0.5948361469712016 0.030427631578947366 0.0814299900695134
0 0.22327302631578946 0.15839126117179742 0.07483552631578946 0.06852035749751738
0 0.4650493421052631 0.5968222442899702 0.08799342105263157 0.1012909632571996
0 0.7199835526315789 0.7159880834160873 0.02713815789473684 0.021847070506454815
0 0.5111019736842105 0.22393247269116187 0.1850328947368421 0.3584905660377358
0 0.5674342105263157 0.5213505461767627 0.11019736842105263 0.15690168818272096
0 0.9634046052631579 0.6176762661370407 0.04851973684210526 0.06554121151936444
0 0.9761513157894737 0.5099304865938431 0.014802631578947368 0.04865938430983118
0 0.29934210526315785 0.67974180734856 0.05263157894736842 0.06256206554121152
0 0.15995065789473684 0.5129096325719961 0.04194078947368421 0.05263157894736842
0 0.8079769736842105 0.04865938430983118 0.03700657894736842 0.0814299900695134
0 0.296875 0.8902681231380337 0.03289473684210526 0.05660377358490566
0 0.6546052631578947 0.5387288977159881 0.024671052631578948 0.022840119165839126
0 0.2816611842105263 0.602780536246276 0.02549342105263158 0.07547169811320754
0 0.9161184210526315 0.7482621648460774 0.046052631578947366 0.0407149950347567
0 0.9658717105263157 0.38927507447864945 0.02549342105263158 0.09930486593843098
0 0.09375 0.5774577954319762 0.039473684210526314 0.03475670307845084
0 0.6361019736842105 0.3316782522343595 0.02549342105263158 0.033763654419066536
0 0.4666940789473684 0.5526315789473684 0.022203947368421052 0.04468718967229394
0 0.8935032894736842 0.3614697120158888 0.033717105263157895 0.04766633565044687
0 0.6673519736842105 0.4215491559086395 0.04029605263157895 0.036742800397219465
0 0.6689967105263157 0.7805362462760675 0.06825657894736842 0.1211519364448858
0 0.38445723684210525 0.3535253227408143 0.09292763157894736 0.10923535253227408
0 0.8104440789473684 0.8589870903674279 0.023848684210526314 0.04369414101290963
0 0.27508223684210525 0.0605759682224429 0.08963815789473684 0.04568023833167825
0 0.22820723684210525 0.25074478649453824 0.09786184210526315 0.10029791459781529
0 0.6258223684210525 0.788480635551142 0.03125 0.04568023833167825
0 0.2767269736842105 0.6290963257199602 0.010690789473684209 0.024826216484607744
0 0.7541118421052632 0.5541211519364448 0.03289473684210526 0.029791459781529295
0 0.2635690789473684 0.09731876861966236 0.018914473684210526 0.019860973187686197
0 0.23067434210526314 0.6906653426017875 0.012335526315789474 0.012909632571996028
0 0.2586348684210526 0.4458788480635551 0.08141447368421052 0.13902681231380337
0 0.42105263157894735 0.8257199602780536 0.009868421052631578 0.016881827209533268
0 0.36348684210526316 0.2442899702085402 0.10361842105263157 0.10724925521350546
0 0.2865953947368421 0.15541211519364448 0.046875 0.10427010923535253
0 0.2808388157894737 0.31628599801390267 0.07976973684210525 0.12611717974180733
0 0.16365131578947367 0.2730883813306852 0.029605263157894735 0.03574975173783515
0 0.6570723684210525 0.6276067527308838 0.11184210526315788 0.09930486593843098
0 0.49136513157894735 0.70506454816286 0.055098684210526314 0.07944389275074479
0 0.20723684210526314 0.7581926514399205 0.05098684210526316 0.04667328699106256
0 0.47574013157894735 0.45233366434955313 0.061677631578947366 0.11817279046673286
