0 0.7228125 0.37 0.060625 0.07230769230769231
0 0.5321875 0.9496153846153846 0.058125 0.09923076923076923
0 0.5884375000000001 0.39692307692307693 0.059375000000000004 0.11076923076923077
0 0.596875 0.9692307692307692 0.05 0.06
0 0.4840625 0.8711538461538462 0.063125 0.07461538461538461
0 0.2878125 0.7911538461538462 0.10187500000000001 0.05923076923076923
0 0.3728125 0.693076923076923 0.094375 0.07384615384615384
0 0.1759375 0.5811538461538461 0.081875 0.08384615384615385
0 0.4246875 0.8646153846153846 0.050625 0.07230769230769231
0 0.8306250000000001 0.7307692307692307 0.0425 0.05384615384615385
0 0.6571875 0.7707692307692308 0.045625 0.055384615384615386
0 0.565625 0.7630769230769231 0.065 0.06769230769230769
0 0.43375 0.9734615384615385 0.055 0.05153846153846154
0 0.625 0.8484615384615385 0.04875 0.07846153846153846
0 0.6821875000000001 0.3553846153846154 0.063125 0.07538461538461538
0 0.9415625 0.8484615384615385 0.051875000000000004 0.05692307692307692
0 0.1521875 0.02653846153846154 0.015625 0.025384615384615384
0 0.375625 0.928076923076923 0.0325 0.09153846153846154
0 0.7540625 0.6569230769230769 0.109375 0.0876923076923077
0 0.7653125000000001 0.7153846153846154 0.045625 0.03692307692307692
0 0.36312500000000003 0.5323076923076923 0.0525 0.06461538461538462
0 0.7571875 0.7976923076923077 0.083125 0.08153846153846153
0 0.699375 0.5223076923076924 0.09875 0.17076923076923076
0 0.3646875 0.09 0.090625 0.08923076923076922
0 0.87 0.5988461538461538 0.08625000000000001 0.09769230769230769
0 0.4015625 0.7830769230769231 0.024375 0.027692307692307693
0 0.879375 0.5411538461538462 0.03875 0.05
0 0.18156250000000002 0.9261538461538461 0.056875 0.046153846153846156
0 0.096875 0.5803846153846154 0.0375 0.03461538461538462
0 0.895 0.46615384615384614 0.0625 0.06153846153846154
0 0.6878125 0.8734615384615385 0.044375 0.10538461538461538
0 0.2496875 0.9426923076923077 0.089375 0.11307692307692307
0 0.9415625 0.7280769230769231 0.064375 0.07769230769230769
0 0.1059375 0.3726923076923077 0.084375 0.06538461538461539
0 0.18875 0.036153846153846154 0.05625 0.046153846153846156
0 0.285625 0.7353846153846154 0.01875 0.04
0 0.94875 0.9353846153846154 0.043750000000000004 0.04
0 0.5234375 0.6030769230769231 0.030625 0.08461538461538462
0 0.2090625 0.12384615384615384 0.076875 0.07076923076923076
0 0.441875 0.6007692307692307 0.09 0.10615384615384615
0 0.7009375 0.7411538461538462 0.026875 0.022307692307692306
0 0.504375 0.21 0.19125 0.37846153846153846
0 0.550625 0.5269230769230769 0.11375 0.1646153846153846
0 0.9565625 0.6519230769230769 0.049375 0.06846153846153846
0 0.974375 0.5388461538461539 0.01375 0.05
0 0.2671875 0.678076923076923 0.053125 0.06538461538461539
0 0.129375 0.49423076923076925 0.0425 0.054615384615384614
0 0.8184375 0.04230769230769231 0.038125 0.08461538461538462
0 0.2565625 0.9 0.033125 0.05846153846153846
0 0.640625 0.5503846153846154 0.025 0.023846153846153847
0 0.251875 0.5961538461538461 0.025 0.07846153846153846
0 0.9028125 0.7865384615384615 0.046875 0.04230769230769231
0 0.9684375000000001 0.4107692307692308 0.025625000000000002 0.10307692307692308
0 0.0584375 0.5584615384615385 0.039375 0.03538461538461538
0 0.6290625 0.33115384615384613 0.025625000000000002 0.03461538461538462
0 0.4453125 0.5538461538461539 0.021875000000000002 0.046153846153846156
0 0.894375 0.3769230769230769 0.03375 0.04923076923076923
0 0.6584375 0.42730769230769233 0.040625 0.03769230769230769
0 0.6459375 0.8061538461538461 0.069375 0.12615384615384614
0 0.368125 0.33884615384615385 0.095 0.11461538461538462
0 0.789375 0.8973076923076924 0.02375 0.045384615384615384
0 0.26625 0.023846153846153847 0.0925 0.047692307692307694
0 0.2103125 0.22192307692307692 0.100625 0.10538461538461538
0 0.6009375 0.811923076923077 0.031875 0.04692307692307692
0 0.2459375 0.6234615384615385 0.010625 0.025384615384615384
0 0.7428125 0.5723076923076923 0.033125 0.03076923076923077
0 0.253125 0.06192307692307692 0.01875 0.019230769230769232
0 0.1953125 0.6861538461538461 0.011875 0.012307692307692308
0 0.2340625 0.42923076923076925 0.083125 0.14615384615384616
0 0.3878125 0.8396153846153847 0.009375 0.016153846153846154
0 0.3509375 0.22230769230769232 0.106875 0.1123076923076923
0 0.275 0.12423076923076923 0.0475 0.10846153846153846
0 0.2625 0.29307692307692307 0.08125 0.13230769230769232
0 0.143125 0.24076923076923076 0.03 0.03692307692307692
0 0.6396875 0.6442307692307693 0.115625 0.10384615384615385
0 0.465625 0.7157692307692307 0.05625 0.0823076923076923
0 0.1690625 0.7553846153846154 0.051875000000000004 0.04923076923076923
0 0.4590625 0.44846153846153847 0.063125 0.12307692307692308
