0 0.71146398140976 0.39981532779316714 0.058094500387296674 0.0664819944598338
0 0.4969016266460109 0.9090489381348107 0.054996127033307515 0.09141274238227147
0 0.5836560805577072 0.4118190212373038 0.056545313710302095 0.10156971375807941
0 0.5565453137103021 0.9325946445060018 0.047250193648334625 0.055401662049861494
0 0.45662277304415183 0.8333333333333333 0.059643687064291254 0.06925207756232686
0 0.2773044151820295 0.7428439519852262 0.09604957397366383 0.05447830101569714
0 0.36328427575522854 0.6615881809787627 0.08985282726568553 0.06740535549399815
0 0.18512780790085206 0.5420129270544782 0.0774593338497289 0.07756232686980609
0 0.40123934934159566 0.8217913204062788 0.048024786986831915 0.0664819944598338
0 0.7904725019364834 0.7368421052631579 0.041053446940356314 0.04986149584487534
0 0.6254841208365608 0.7576177285318559 0.04415182029434547 0.050784856879039705
0 0.5398915569326104 0.7423822714681441 0.061967467079783116 0.06278855032317636
0 0.4031758326878389 0.9219759926131117 0.05189775367931836 0.04709141274238227
0 0.5902401239349342 0.8254847645429363 0.046475600309837335 0.07202216066481994
0 0.6742835011618901 0.3827331486611265 0.059643687064291254 0.06925207756232686
0 0.8876839659178931 0.8541089566020313 0.049573973663826494 0.053554939981532775
0 0.1975213013168087 0.03601108033240997 0.015491866769945779 0.024007386888273315
0 0.3516653756777692 0.8758079409048938 0.030983733539891558 0.0840258541089566
0 0.7234701781564679 0.6629732225300092 0.10379550735863673 0.08125577100646353
0 0.7304415182029435 0.7169898430286241 0.04337722695584818 0.034164358264081256
0 0.3640588690937258 0.5147737765466297 0.049573973663826494 0.06001846722068328
0 0.7176607281177382 0.791320406278855 0.07823392718822618 0.07571560480147738
0 0.6804802478698684 0.53601108033241 0.09372579395817196 0.15604801477377653
0 0.3927188226181255 0.1126500461680517 0.08520526723470179 0.08125577100646353
0 0.8357862122385747 0.6209602954755309 0.08210689388071263 0.08956602031394274
0 0.38458559256390396 0.7460757156048015 0.024012393493415957 0.02585410895660203
0 0.8481797056545314 0.5692520775623269 0.03718048024786987 0.04709141274238227
0 0.1696359411309063 0.85595567867036 0.054221533694810226 0.04247460757156048
0 0.11115414407436097 0.5341643582640813 0.03640588690937258 0.032317636195752536
0 0.867157242447715 0.5023084025854109 0.059643687064291254 0.05724838411819021
0 0.6479473276529822 0.8536472760849492 0.042602633617350893 0.09695290858725761
0 0.2323780015491867 0.8771929824561403 0.08520526723470179 0.10341643582640812
0 0.8950426026336175 0.7446906740535549 0.061192873741285826 0.07109879963065559
0 0.13284275755228506 0.3462603878116343 0.07978311386522076 0.060941828254847646
0 0.23121611154144076 0.04801477377654663 0.053446940356312936 0.04247460757156048
0 0.278853601859024 0.6920590951061865 0.018590240123934936 0.03785780240073869
0 0.8892331525948878 0.9335180055401662 0.041828040278853604 0.03693444136657433
0 0.5104570100697134 0.5932594644506002 0.029434546862896982 0.07848568790397045
0 0.2447714949651433 0.12927054478301014 0.07281177381874517 0.06463527239150507
0 0.4337722695584818 0.5840258541089566 0.08520526723470179 0.09695290858725761
0 0.6684740511231604 0.734533702677747 0.026336173508907827 0.02123730378578024
0 0.5162664601084431 0.23453370267774698 0.18048024786986833 0.34533702677746997
0 0.540278853601859 0.5267774699907664 0.10766847405112316 0.1505078485687904
0 0.9136328427575523 0.6768236380424746 0.047250193648334625 0.06278855032317636
0 0.9372579395817197 0.5757156048014773 0.013942680092951201 0.04709141274238227
0 0.2652982184353215 0.6385041551246537 0.050348567002323784 0.06001846722068328
0 0.1471727343144849 0.45891043397968606 0.040278853601859024 0.04986149584487534
0 0.8214562354763749 0.11034164358264081 0.03640588690937258 0.07848568790397045
0 0.2412858249419055 0.8393351800554016 0.03175832687838885 0.053554939981532775
0 0.623160340821069 0.5558633425669437 0.024012393493415957 0.0221606648199446
0 0.256003098373354 0.5623268698060941 0.024012393493415957 0.07202216066481994
0 0.855151045701007 0.7945521698984302 0.04492641363284276 0.0397045244690674
0 0.9395817195972115 0.45891043397968606 0.024786986831913247 0.09418282548476455
0 0.07629744384198296 0.5106186518928901 0.03795507358636716 0.0332409972299169
0 0.6258714175058094 0.3559556786703601 0.024786986831913247 0.032317636195752536
0 0.4399690162664601 0.5415512465373961 0.02168861347792409 0.04339796860572483
0 0.8721920991479474 0.42105263157894735 0.032532920216886134 0.04616805170821791
0 0.6475600309837336 0.445983379501385 0.03872966692486445 0.03508771929824561
0 0.6123160340821069 0.7890120036934442 0.06584043377226956 0.11542012927054478
0 0.3807126258714175 0.33887349953831947 0.09062742060418282 0.10526315789473684
0 0.7416731216111542 0.8845798707294552 0.02246320681642138 0.04247460757156048
0 0.3048024786986832 0.04339796860572483 0.08752904725019366 0.0443213296398892
0 0.23973663826491093 0.21837488457987073 0.09527498063516654 0.09695290858725761
0 0.5701006971340047 0.7899353647276085 0.030983733539891558 0.04339796860572483
0 0.24864446165762977 0.5872576177285318 0.010844306738962046 0.024007386888273315
0 0.7176607281177382 0.5849492151431209 0.03175832687838885 0.028624192059095104
0 0.28969790859798605 0.07710064635272391 0.018590240123934936 0.017543859649122806
0 0.19713400464756003 0.6394275161588181 0.011618900077459334 0.012003693444136657
0 0.24941905499612704 0.40951061865189287 0.07900852052672347 0.13388734995383195
0 0.3683191324554609 0.796398891966759 0.010069713400464756 0.01569713758079409
0 0.37141750580945004 0.2317636195752539 0.10147172734314486 0.10341643582640812
0 0.30635166537567776 0.13573407202216067 0.04570100697134005 0.09972299168975068
0 0.28388845855925643 0.2885503231763619 0.07668474051123161 0.12096029547553093
0 0.17544539116963595 0.2299168975069252 0.028659953524399692 0.03508771929824561
0 0.6161890007745934 0.6412742382271468 0.10921766072811774 0.0951061865189289
0 0.44887683965917896 0.6906740535549399 0.053446940356312936 0.07571560480147738
0 0.16808675445391172 0.6999076638965835 0.049573973663826494 0.04616805170821791
0 0.4589465530596437 0.4473684210526316 0.059643687064291254 0.11357340720221606
