0 0.26245704467353953 0.3872141372141372 0.059278350515463915 0.06964656964656965
0 0.46563573883161513 0.9303534303534304 0.05670103092783505 0.09563409563409564
0 0.39347079037800686 0.4064449064449065 0.058419243986254296 0.10602910602910603
0 0.40335051546391754 0.9516632016632017 0.04896907216494845 0.057172557172557176
0 0.5094501718213058 0.8529106029106029 0.061855670103092786 0.07172557172557173
0 0.6971649484536082 0.7676715176715178 0.09879725085910653 0.057172557172557176
0 0.6116838487972508 0.6782744282744283 0.09278350515463918 0.07172557172557173
0 0.7989690721649484 0.5623700623700624 0.08075601374570447 0.08108108108108109
0 0.5670103092783505 0.8440748440748441 0.04982817869415807 0.07068607068607069
0 0.16967353951890035 0.7354469854469855 0.042096219931271474 0.05301455301455302
0 0.3389175257731959 0.7655925155925156 0.04553264604810996 0.05301455301455302
0 0.4269759450171821 0.7541580041580042 0.06357388316151202 0.06548856548856549
0 0.561426116838488 0.9480249480249481 0.05412371134020619 0.0498960498960499
0 0.37199312714776633 0.8383575883575884 0.04810996563573883 0.07588357588357589
0 0.3015463917525773 0.3711018711018711 0.061855670103092786 0.07276507276507277
0 0.06572164948453608 0.8529106029106029 0.0506872852233677 0.0550935550935551
0 0.804553264604811 0.033264033264033266 0.01632302405498282 0.02494802494802495
0 0.6164089347079038 0.9017671517671518 0.03178694158075601 0.08835758835758836
0 0.24140893470790378 0.6616424116424117 0.10652920962199312 0.0841995841995842
0 0.23238831615120276 0.7177754677754679 0.04553264604810996 0.036382536382536385
0 0.615979381443299 0.524948024948025 0.05154639175257732 0.062370062370062374
0 0.2426975945017182 0.7957380457380457 0.08161512027491409 0.07796257796257797
0 0.2903780068728522 0.5306652806652807 0.09621993127147765 0.1632016632016632
0 0.6009450171821306 0.10343035343035344 0.08848797250859107 0.08627858627858628
0 0.12714776632302405 0.6117463617463618 0.08419243986254295 0.0945945945945946
0 0.5867697594501718 0.7650727650727651 0.024054982817869414 0.02702702702702703
0 0.11640893470790378 0.5576923076923077 0.03865979381443299 0.04885654885654886
0 0.804553264604811 0.8913721413721414 0.055841924398625425 0.0446985446985447
0 0.8754295532646048 0.5576923076923077 0.037800687285223365 0.034303534303534305
0 0.09879725085910653 0.4864864864864865 0.061855670103092786 0.060291060291060294
0 0.3122852233676976 0.8648648648648649 0.04381443298969072 0.10187110187110188
0 0.738831615120275 0.9100831600831601 0.08762886597938144 0.10914760914760915
0 0.061855670103092786 0.7380457380457381 0.06357388316151202 0.07484407484407485
0 0.8599656357388316 0.36070686070686075 0.08247422680412371 0.062370062370062374
0 0.7693298969072164 0.04417879417879418 0.055841924398625425 0.0446985446985447
0 0.697594501718213 0.7141372141372142 0.018900343642611683 0.0395010395010395
0 0.061855670103092786 0.9360706860706861 0.0429553264604811 0.038461538461538464
0 0.4630584192439862 0.5997920997920998 0.030927835051546393 0.08108108108108109
0 0.7525773195876289 0.1288981288981289 0.07560137457044673 0.06860706860706861
0 0.5420962199312714 0.5935550935550936 0.08762886597938144 0.10187110187110188
0 0.29553264604810997 0.7396049896049897 0.027491408934707903 0.02182952182952183
0 0.4690721649484536 0.22453222453222454 0.18556701030927836 0.36174636174636177
0 0.43427835051546393 0.5280665280665281 0.11082474226804123 0.158004158004158
0 0.045103092783505154 0.6663201663201663 0.04896907216494845 0.06652806652806653
0 0.024484536082474227 0.5597713097713098 0.014604810996563574 0.04885654885654886
0 0.7134879725085911 0.6585239085239085 0.05240549828178694 0.06340956340956341
0 0.8414948453608248 0.4776507276507277 0.042096219931271474 0.05301455301455302
0 0.15979381443298968 0.07952182952182953 0.037800687285223365 0.08212058212058213
0 0.7310996563573883 0.8695426195426196 0.03264604810996564 0.057172557172557176
0 0.3479381443298969 0.5545738045738046 0.02577319587628866 0.02390852390852391
0 0.7255154639175257 0.5805613305613306 0.024914089347079036 0.07588357588357589
0 0.1013745704467354 0.7920997920997921 0.04639175257731959 0.04158004158004158
0 0.02577319587628866 0.4371101871101871 0.02577319587628866 0.09875259875259876
0 0.9119415807560137 0.5353430353430354 0.03865979381443299 0.035343035343035345
0 0.352233676975945 0.34563409563409564 0.02577319587628866 0.034303534303534305
0 0.5369415807560137 0.5493762993762994 0.022336769759450172 0.0446985446985447
0 0.09664948453608248 0.40124740124740127 0.03350515463917526 0.04781704781704782
0 0.3268900343642612 0.4386694386694387 0.040378006872852236 0.037422037422037424
0 0.35094501718213056 0.7988565488565489 0.06786941580756013 0.12162162162162163
0 0.6048109965635738 0.340956340956341 0.09278350515463918 0.1101871101871102
0 0.21477663230240548 0.8924116424116425 0.024054982817869414 0.0446985446985447
0 0.6937285223367697 0.035862785862785865 0.09020618556701031 0.04677754677754678
0 0.7542955326460481 0.22193347193347196 0.0979381443298969 0.10083160083160084
0 0.3947594501718213 0.8024948024948025 0.03178694158075601 0.04573804573804574
0 0.7323883161512027 0.6060291060291061 0.011168384879725086 0.02494802494802495
0 0.2495704467353952 0.5805613305613306 0.03350515463917526 0.030145530145530147
0 0.7079037800687286 0.07172557172557173 0.018900343642611683 0.018711018711018712
0 0.7835051546391752 0.6632016632016633 0.012027491408934707 0.012474012474012475
0 0.7375429553264604 0.4204781704781705 0.08161512027491409 0.14033264033264034
0 0.6018041237113402 0.8180873180873182 0.009450171821305841 0.016632016632016633
0 0.6185567010309279 0.22972972972972974 0.10481099656357389 0.10810810810810811
0 0.6890034364261168 0.13253638253638256 0.04639175257731959 0.104989604989605
0 0.7061855670103092 0.29261954261954265 0.07903780068728522 0.12785862785862787
0 0.8200171821305842 0.23752598752598753 0.03006872852233677 0.036382536382536385
0 0.3518041237113402 0.6444906444906445 0.11254295532646048 0.0997920997920998
0 0.522766323024055 0.7047817047817049 0.055841924398625425 0.079002079002079
0 0.811426116838488 0.7286902286902287 0.0506872852233677 0.04781704781704782
0 0.520618556701031 0.4495841995841996 0.061855670103092786 0.11746361746361747
