0 0.740625 0.3696153846153846 0.06125 0.07307692307692308
0 0.5503125 0.9488461538461539 0.058125 0.09923076923076923
0 0.6062500000000001 0.39653846153846156 0.06 0.11153846153846154
0 0.614375 0.9684615384615385 0.05 0.06
0 0.501875 0.8703846153846154 0.0625 0.07461538461538461
0 0.305625 0.7907692307692308 0.10250000000000001 0.06
0 0.3909375 0.693076923076923 0.094375 0.07384615384615384
0 0.19375 0.5803846153846154 0.08125 0.08384615384615385
0 0.4421875 0.8642307692307692 0.050625 0.07307692307692308
0 0.8484375000000001 0.7307692307692307 0.043125000000000004 0.05384615384615385
0 0.675 0.7703846153846153 0.04625 0.05615384615384615
0 0.583125 0.7626923076923077 0.065 0.06846153846153846
0 0.45156250000000003 0.9730769230769231 0.055625 0.05076923076923077
0 0.6428125 0.8480769230769231 0.049375 0.07923076923076923
0 0.7000000000000001 0.3553846153846154 0.06375 0.07538461538461538
0 0.959375 0.8480769230769231 0.0525 0.057692307692307696
0 0.1696875 0.02576923076923077 0.015625 0.025384615384615384
0 0.393125 0.9276923076923077 0.0325 0.09076923076923077
0 0.7715625 0.6569230769230769 0.109375 0.0876923076923077
0 0.7831250000000001 0.715 0.045 0.036153846153846154
0 0.380625 0.5319230769230769 0.0525 0.06384615384615384
0 0.7746875 0.7973076923076923 0.083125 0.08076923076923077
0 0.7171875 0.5219230769230769 0.099375 0.17
0 0.3825 0.09 0.09 0.08923076923076922
0 0.8878125 0.5988461538461538 0.085625 0.09769230769230769
0 0.4190625 0.7830769230769231 0.024375 0.027692307692307693
0 0.8975 0.5407692307692308 0.03875 0.04923076923076923
0 0.19968750000000002 0.9261538461538461 0.056875 0.046153846153846156
0 0.1146875 0.58 0.038125 0.03538461538461538
0 0.9125 0.46576923076923077 0.0625 0.06230769230769231
0 0.7053125 0.8730769230769231 0.044375 0.10461538461538461
0 0.2675 0.941923076923077 0.09 0.11307692307692307
0 0.959375 0.7273076923076923 0.06375 0.07769230769230769
0 0.12375 0.3726923076923077 0.085 0.06538461538461539
0 0.20625000000000002 0.03576923076923077 0.05625 0.04692307692307692
0 0.30375 0.735 0.01875 0.040769230769230766
0 0.96625 0.9346153846153846 0.043750000000000004 0.04
0 0.54125 0.6026923076923076 0.03 0.08384615384615385
0 0.226875 0.12346153846153846 0.0775 0.07
0 0.45937500000000003 0.6 0.09 0.10615384615384615
0 0.71875 0.7411538461538462 0.0275 0.022307692307692306
0 0.5221875 0.21 0.19187500000000002 0.37846153846153846
0 0.5684375 0.5265384615384615 0.114375 0.16384615384615384
0 0.9740625 0.6511538461538462 0.049375 0.06846153846153846
0 0.9921875 0.5388461538461539 0.013125 0.05
0 0.2846875 0.6776923076923077 0.053125 0.06615384615384616
0 0.1471875 0.4938461538461538 0.043125000000000004 0.05384615384615385
0 0.8359375 0.04230769230769231 0.038125 0.08461538461538462
0 0.274375 0.8992307692307693 0.0325 0.05846153846153846
0 0.6584375 0.5503846153846154 0.024375 0.023846153846153847
0 0.26937500000000003 0.5961538461538461 0.025 0.07846153846153846
0 0.9203125 0.7857692307692308 0.046875 0.04230769230769231
0 0.9859375 0.41 0.025625000000000002 0.10307692307692308
0 0.07625 0.558076923076923 0.03875 0.036153846153846154
0 0.646875 0.33076923076923076 0.02625 0.03538461538461538
0 0.463125 0.553076923076923 0.0225 0.046153846153846156
0 0.911875 0.37653846153846154 0.03375 0.04846153846153846
0 0.67625 0.42730769230769233 0.04 0.03769230769230769
0 0.6637500000000001 0.8053846153846154 0.07 0.12615384615384614
0 0.38625 0.33807692307692305 0.095 0.11461538461538462
0 0.806875 0.8969230769230769 0.02375 0.046153846153846156
0 0.28375 0.02346153846153846 0.0925 0.04692307692307692
0 0.228125 0.22153846153846155 0.10125 0.10461538461538461
0 0.6184375 0.8115384615384615 0.031875 0.046153846153846156
0 0.2634375 0.6226923076923077 0.010625 0.025384615384615384
0 0.7603125000000001 0.5723076923076923 0.033125 0.03076923076923077
0 0.2709375 0.06153846153846154 0.018125 0.02
0 0.21281250000000002 0.6861538461538461 0.011875 0.012307692307692308
0 0.2515625 0.4288461538461538 0.083125 0.14692307692307693
0 0.4059375 0.8392307692307692 0.009375 0.016923076923076923
0 0.36843750000000003 0.22230769230769232 0.106875 0.1123076923076923
0 0.2925 0.12423076923076923 0.0475 0.10846153846153846
0 0.28 0.29307692307692307 0.08125 0.13230769230769232
0 0.160625 0.24076923076923076 0.03 0.03692307692307692
0 0.6571875 0.6442307692307693 0.115625 0.10384615384615385
0 0.483125 0.7157692307692307 0.05625 0.0823076923076923
0 0.1865625 0.7553846153846154 0.051875000000000004 0.04923076923076923
0 0.4765625 0.44846153846153847 0.063125 0.12307692307692308
