0 0.7012552301255229 0.6387775551102204 0.05857740585774058 0.06713426853707415
0 0.5510460251046024 0.08967935871743486 0.056066945606694556 0.09318637274549098
0 0.5757322175732217 0.6037074148296593 0.05690376569037656 0.1032064128256513
0 0.6133891213389121 0.07665330661322645 0.048535564853556486 0.05711422845691382
0 0.501255230125523 0.15831663326653306 0.0602510460251046 0.07014028056112225
0 0.3112970711297071 0.21693386773547094 0.09707112970711297 0.055110220440881756
0 0.38661087866108784 0.314128256513026 0.0903765690376569 0.06913827655310621
0 0.19414225941422594 0.4018036072144288 0.07866108786610879 0.0781563126252505
0 0.4447698744769874 0.1598196392785571 0.049372384937238493 0.06713426853707415
0 0.8221757322175731 0.31462925851703405 0.04100418410041841 0.0501002004008016
0 0.6602510460251045 0.26452905811623245 0.04351464435146443 0.052104208416833664
0 0.5728033472803347 0.2640280561122244 0.06276150627615062 0.06312625250501001
0 0.45899581589958155 0.06012024048096192 0.052719665271966525 0.04809619238476953
0 0.6334728033472803 0.18987975951903807 0.04686192468619246 0.07314629258517033
0 0.6623430962343095 0.6492985971943888 0.06108786610878661 0.07014028056112225
0 0.9338912133891213 0.21442885771543085 0.0502092050209205 0.05410821643286573
0 0.14267782426778242 0.9118236472945891 0.015899581589958158 0.024048096192384766
0 0.401673640167364 0.09769539078156311 0.031799163179916316 0.08517034068136271
0 0.7460251046025104 0.37675350701402804 0.10460251046025104 0.08216432865731463
0 0.7598326359832636 0.32414829659318634 0.04351464435146443 0.03507014028056112
0 0.36903765690376567 0.46142284569138275 0.0502092050209205 0.06112224448897795
0 0.7560669456066945 0.2474949899799599 0.0794979079497908 0.07615230460921843
0 0.6874476987447699 0.49699398797595185 0.09456066945606693 0.15831663326653306
0 0.34728033472803344 0.8692384769539078 0.08702928870292886 0.08316633266533066
0 0.8531380753138075 0.43937875751503 0.08284518828451883 0.09118236472945891
0 0.4188284518828452 0.23346693386773545 0.024267782426778243 0.026052104208416832
0 0.8589958158995815 0.49348697394789576 0.03765690376569038 0.047094188376753505
0 0.21757322175732216 0.0846693386773547 0.05523012552301255 0.04308617234468937
0 0.11924686192468618 0.39679358717434865 0.035983263598326355 0.03206412825651302
0 0.8694560669456066 0.563627254509018 0.0602510460251046 0.05711422845691382
0 0.6945606694560669 0.1723446893787575 0.04351464435146443 0.09819639278557113
0 0.2828451882845188 0.07464929859719438 0.08535564853556485 0.10521042084168336
0 0.9271966527196652 0.3256513026052104 0.06192468619246862 0.0721442885771543
0 0.11673640167364016 0.5886773547094188 0.08117154811715481 0.06112224448897795
0 0.17782426778242677 0.9058116232464929 0.05439330543933054 0.044088176352705406
0 0.30627615062761504 0.2685370741482966 0.01841004184100418 0.038076152304609215
0 0.9451882845188284 0.13527054108216433 0.042677824267782424 0.038076152304609215
0 0.5246861924686193 0.40831663326653306 0.0301255230125523 0.07915831663326653
0 0.201673640167364 0.8266533066132263 0.07364016736401673 0.06613226452905811
0 0.44728033472803347 0.4043086172344689 0.08619246861924686 0.09919839679358716
0 0.7 0.29509018036072143 0.02594142259414226 0.02104208416833667
0 0.4861924686192468 0.7695390781563125 0.1824267782426778 0.3507014028056112
0 0.5464435146443515 0.48096192384769537 0.10878661087866108 0.15230460921843686
0 0.9376569037656903 0.39679358717434865 0.04769874476987447 0.06412825651302605
0 0.9485355648535564 0.50250501002004 0.01422594142259414 0.047094188376753505
0 0.28577405857740584 0.3201402805611222 0.05104602510460251 0.06112224448897795
0 0.14518828451882845 0.47845691382765526 0.04100418410041841 0.05110220440881763
0 0.7748953974895397 0.9483967935871743 0.03682008368200836 0.07915831663326653
0 0.28744769874476983 0.11422845691382764 0.032635983263598324 0.05410821643286573
0 0.6330543933054393 0.46643286573146286 0.024267782426778243 0.023046092184368736
0 0.26694560669456063 0.3942885771543086 0.02510460251046025 0.07314629258517033
0 0.8937238493723849 0.2685370741482966 0.04518828451882845 0.04008016032064128
0 0.9364016736401674 0.6202404809619237 0.02510460251046025 0.09619238476953906
0 0.0815899581589958 0.4138276553106212 0.03765690376569038 0.03406813627254509
0 0.610878661087866 0.6678356713426853 0.02510460251046025 0.033066132264529056
0 0.44811715481171543 0.4478957915831663 0.02092050209205021 0.044088176352705406
0 0.8644351464435146 0.6457915831663326 0.03347280334728033 0.047094188376753505
0 0.6430962343096234 0.5811623246492985 0.03933054393305439 0.03607214428857715
0 0.6514644351464435 0.23096192384769537 0.06610878661087866 0.11723446893787574
0 0.36359832635983264 0.6402805611222444 0.0912133891213389 0.1062124248496994
0 0.7924686192468618 0.15781563126252504 0.02343096234309623 0.04308617234468937
0 0.2506276150627615 0.9233466933867734 0.08786610878661087 0.04509018036072144
0 0.20794979079497908 0.7364729458917835 0.09623430962343095 0.09819639278557113
0 0.608786610878661 0.2224448897795591 0.03096234309623431 0.044088176352705406
0 0.2623430962343096 0.3687374749498998 0.010878661087866108 0.024048096192384766
0 0.7309623430962343 0.4539078156312625 0.032635983263598324 0.03006012024048096
0 0.24016736401673638 0.8867735470941883 0.01841004184100418 0.018036072144288574
0 0.21799163179916317 0.3066132264529058 0.012552301255230125 0.012024048096192383
0 0.2414225941422594 0.5465931863727455 0.0794979079497908 0.13527054108216433
0 0.40836820083682007 0.18036072144288576 0.0100418410041841 0.01603206412825651
0 0.3414225941422594 0.7459919839679358 0.10209205020920502 0.10521042084168336
0 0.2640167364016736 0.8306613226452905 0.046025104602510455 0.1002004008016032
0 0.2606694560669456 0.6738476953907815 0.07782426778242678 0.12324649298597193
0 0.14518828451882845 0.7129258517034067 0.02928870292887029 0.03507014028056112
0 0.6368200836820084 0.3792585170340681 0.1104602510460251 0.0971943887775551
0 0.4757322175732217 0.3001002004008016 0.05439330543933054 0.07715430861723446
0 0.19665271966527195 0.24048096192384769 0.0502092050209205 0.04609218436873747
0 0.4552301255230125 0.5460921843687374 0.0602510460251046 0.11422845691382764
