0 0.7234375000000001 0.6292307692307693 0.060625 0.07230769230769231
0 0.5328125 0.04961538461538462 0.058125 0.09923076923076923
0 0.5890625 0.6023076923076923 0.059375000000000004 0.11076923076923077
0 0.5975 0.03 0.05 0.06
0 0.4846875 0.1280769230769231 0.063125 0.07461538461538461
0 0.2884375 0.20807692307692308 0.10187500000000001 0.05923076923076923
0 0.37343750000000003 0.30615384615384617 0.094375 0.07384615384615384
0 0.1765625 0.41807692307692307 0.081875 0.08384615384615385
0 0.4253125 0.1346153846153846 0.050625 0.07230769230769231
0 0.83125 0.2684615384615385 0.0425 0.05384615384615385
0 0.6578125 0.22846153846153847 0.045625 0.055384615384615386
0 0.56625 0.23615384615384616 0.065 0.06769230769230769
0 0.434375 0.02576923076923077 0.055 0.05153846153846154
0 0.625625 0.15076923076923077 0.04875 0.07846153846153846
0 0.6828125 0.6438461538461538 0.063125 0.07538461538461538
0 0.9421875000000001 0.15076923076923077 0.051875000000000004 0.05692307692307692
0 0.1528125 0.9726923076923077 0.015625 0.025384615384615384
0 0.37625000000000003 0.07115384615384615 0.0325 0.09153846153846154
0 0.7546875000000001 0.3423076923076923 0.109375 0.0876923076923077
0 0.7659375 0.28384615384615386 0.045625 0.03692307692307692
0 0.36375 0.46692307692307694 0.0525 0.06461538461538462
0 0.7578125 0.20153846153846153 0.083125 0.08153846153846153
0 0.7000000000000001 0.47692307692307695 0.09875 0.17076923076923076
0 0.3653125 0.9092307692307692 0.090625 0.08923076923076922
0 0.870625 0.4003846153846154 0.08625000000000001 0.09769230769230769
0 0.40218750000000003 0.21615384615384614 0.024375 0.027692307692307693
0 0.88 0.4580769230769231 0.03875 0.05
0 0.1821875 0.07307692307692308 0.056875 0.046153846153846156
0 0.0975 0.41884615384615387 0.0375 0.03461538461538462
0 0.895625 0.5330769230769231 0.0625 0.06153846153846154
0 0.6884375 0.12576923076923077 0.044375 0.10538461538461538
0 0.2503125 0.05653846153846154 0.089375 0.11307692307692307
0 0.9421875000000001 0.27115384615384613 0.064375 0.07769230769230769
0 0.1065625 0.6265384615384615 0.084375 0.06538461538461539
0 0.18937500000000002 0.963076923076923 0.05625 0.046153846153846156
0 0.28625 0.26384615384615384 0.01875 0.04
0 0.949375 0.06384615384615384 0.043750000000000004 0.04
0 0.5240625 0.39615384615384613 0.030625 0.08461538461538462
0 0.2096875 0.8753846153846154 0.076875 0.07076923076923076
0 0.4425 0.3984615384615385 0.09 0.10615384615384615
0 0.7015625 0.2580769230769231 0.026875 0.022307692307692306
0 0.505 0.7892307692307692 0.19125 0.37846153846153846
0 0.55125 0.4723076923076923 0.11375 0.1646153846153846
0 0.9571875 0.3473076923076923 0.049375 0.06846153846153846
0 0.975 0.4603846153846154 0.01375 0.05
0 0.2678125 0.3211538461538462 0.053125 0.06538461538461539
0 0.13 0.505 0.0425 0.054615384615384614
0 0.8190625 0.9569230769230769 0.038125 0.08461538461538462
0 0.2571875 0.09923076923076923 0.033125 0.05846153846153846
0 0.64125 0.44884615384615384 0.025 0.023846153846153847
0 0.2525 0.40307692307692305 0.025 0.07846153846153846
0 0.9034375 0.21269230769230768 0.046875 0.04230769230769231
0 0.9690625 0.5884615384615385 0.025625000000000002 0.10307692307692308
0 0.059062500000000004 0.44076923076923075 0.039375 0.03538461538461538
0 0.6296875000000001 0.6680769230769231 0.025625000000000002 0.03461538461538462
0 0.4459375 0.4453846153846154 0.021875000000000002 0.046153846153846156
0 0.895 0.6223076923076923 0.03375 0.04923076923076923
0 0.6590625 0.5719230769230769 0.040625 0.03769230769230769
0 0.6465625 0.1930769230769231 0.069375 0.12615384615384614
0 0.36875 0.6603846153846153 0.095 0.11461538461538462
0 0.79 0.10192307692307692 0.02375 0.045384615384615384
0 0.26687500000000003 0.9753846153846154 0.0925 0.047692307692307694
0 0.2109375 0.7773076923076923 0.100625 0.10538461538461538
0 0.6015625 0.18730769230769231 0.031875 0.04692307692307692
0 0.24656250000000002 0.37576923076923074 0.010625 0.025384615384615384
0 0.7434375 0.4269230769230769 0.033125 0.03076923076923077
0 0.25375000000000003 0.9373076923076923 0.01875 0.019230769230769232
0 0.19593750000000001 0.3130769230769231 0.011875 0.012307692307692308
0 0.2346875 0.57 0.083125 0.14615384615384616
0 0.3884375 0.1596153846153846 0.009375 0.016153846153846154
0 0.3509375 0.7769230769230769 0.106875 0.1123076923076923
0 0.275 0.875 0.0475 0.10846153846153846
0 0.2625 0.7061538461538461 0.08125 0.13230769230769232
0 0.143125 0.7584615384615384 0.03 0.03692307692307692
0 0.6396875 0.355 0.115625 0.10384615384615385
0 0.465625 0.2834615384615385 0.05625 0.0823076923076923
0 0.1690625 0.24384615384615385 0.051875000000000004 0.04923076923076923
0 0.4590625 0.5507692307692308 0.063125 0.12307692307692308
