0 0.7330612244897959 0.6336978131212723 0.060408163265306125 0.0705765407554672
0 0.5587755102040817 0.06610337972166998 0.05795918367346939 0.09642147117296222
0 0.6024489795918367 0.6028827037773359 0.05877551020408164 0.10834990059642147
0 0.6224489795918368 0.04920477137176938 0.04979591836734694 0.058648111332007945
0 0.509795918367347 0.14065606361829025 0.06285714285714286 0.07256461232604373
0 0.3163265306122449 0.21222664015904572 0.10040816326530613 0.058648111332007945
0 0.39755102040816326 0.3096421471172962 0.09306122448979592 0.07256461232604373
0 0.20204081632653062 0.41202783300198803 0.08081632653061224 0.08250497017892643
0 0.45142857142857146 0.14512922465208747 0.05061224489795919 0.07157057654075547
0 0.846530612244898 0.2872763419483101 0.04244897959183674 0.05367793240556659
0 0.6775510204081633 0.24304174950298207 0.045714285714285714 0.05467196819085487
0 0.5873469387755103 0.24801192842942343 0.06448979591836734 0.0666003976143141
0 0.46244897959183673 0.040258449304174944 0.05469387755102041 0.050695825049701784
0 0.6473469387755102 0.16699801192842942 0.0489795918367347 0.07753479125248508
0 0.6930612244897959 0.6461232604373757 0.062040816326530614 0.073558648111332
0 0.9571428571428572 0.1769383697813121 0.05142857142857143 0.05566600397614314
0 0.1673469387755102 0.9483101391650098 0.0163265306122449 0.025844930417495027
0 0.4048979591836735 0.0820079522862823 0.0326530612244898 0.0904572564612326
0 0.769795918367347 0.3563618290258449 0.10775510204081633 0.08648111332007952
0 0.7820408163265307 0.30069582504970177 0.045714285714285714 0.036779324055666
0 0.38448979591836735 0.4652087475149105 0.052244897959183675 0.0636182902584493
0 0.7759183673469388 0.22017892644135187 0.08244897959183674 0.08051689860834989
0 0.713469387755102 0.4850894632206759 0.0979591836734694 0.16699801192842942
0 0.37673469387755104 0.893638170974155 0.08897959183673469 0.08747514910536779
0 0.8820408163265306 0.4165009940357852 0.08571428571428572 0.09542743538767395
0 0.4273469387755102 0.2236580516898608 0.025306122448979593 0.02783300198807157
0 0.8902040816326531 0.4726640159045725 0.03836734693877551 0.048707753479125246
0 0.21510204081632653 0.07753479125248508 0.0563265306122449 0.04572564612326043
0 0.12489795918367347 0.41003976143141146 0.037551020408163265 0.034791252485089456
0 0.9036734693877552 0.5462226640159045 0.062040816326530614 0.06063618290258449
0 0.7093877551020409 0.14463220675944333 0.044081632653061226 0.10238568588469184
0 0.2816326530612245 0.06411530815109344 0.08816326530612245 0.110337972166998
0 0.9551020408163265 0.29373757455268384 0.0636734693877551 0.07654075546719681
0 0.12897959183673469 0.6118290258449304 0.08326530612244898 0.06461232604373757
0 0.20326530612244897 0.9403578528827037 0.05551020408163265 0.04572564612326043
0 0.3126530612244898 0.26540755467196814 0.019591836734693877 0.03976143141153081
0 0.9661224489795919 0.09244532803180913 0.04326530612244898 0.03976143141153081
0 0.5428571428571429 0.4015904572564612 0.031020408163265307 0.08349900596421471
0 0.22489795918367347 0.8558648111332007 0.07591836734693878 0.06958250497017891
0 0.463265306122449 0.4010934393638171 0.08897959183673469 0.10437375745526838
0 0.719591836734694 0.27335984095427435 0.026938775510204082 0.021868787276341946
0 0.5159183673469387 0.7813121272365804 0.18775510204081633 0.36779324055666
0 0.5677551020408164 0.4761431411530815 0.11183673469387756 0.16103379721669978
0 0.9681632653061225 0.36779324055666 0.0489795918367347 0.06759443339960237
0 0.9828571428571429 0.478131212723658 0.01469387755102041 0.049701789264413515
0 0.29346938775510206 0.32057654075546715 0.05306122448979592 0.06461232604373757
0 0.15510204081632653 0.49453280318091447 0.04244897959183674 0.05467196819085487
0 0.8200000000000001 0.9537773359840953 0.03836734693877551 0.08250497017892643
0 0.28775510204081634 0.10536779324055665 0.03346938775510204 0.057654075546719676
0 0.656734693877551 0.45626242544731604 0.025306122448979593 0.02385685884691849
0 0.27714285714285714 0.39960238568588463 0.025306122448979593 0.07753479125248508
0 0.9179591836734694 0.23558648111332006 0.04653061224489796 0.041749502982107355
0 0.9746938775510204 0.6018886679920477 0.026122448979591838 0.1003976143141153
0 0.08653061224489796 0.4299204771371769 0.03918367346938775 0.034791252485089456
0 0.6408163265306123 0.6684890656063618 0.026122448979591838 0.034791252485089456
0 0.4653061224489796 0.4463220675944334 0.022857142857142857 0.04572564612326043
0 0.9012244897959184 0.6317097415506958 0.03428571428571429 0.048707753479125246
0 0.6714285714285715 0.5760437375745526 0.04 0.036779324055666
0 0.6669387755102041 0.20874751491053675 0.06857142857142857 0.12326043737574552
0 0.3848979591836735 0.6525844930417495 0.09387755102040816 0.11232604373757454
0 0.8093877551020409 0.12475149105367792 0.0236734693877551 0.04473161033797216
0 0.27918367346938777 0.9542743538767394 0.09142857142857143 0.04771371769383698
0 0.22816326530612246 0.760934393638171 0.09877551020408164 0.10238568588469184
0 0.623265306122449 0.20129224652087474 0.03183673469387755 0.0467196819085487
0 0.27183673469387754 0.3727634194831014 0.011428571428571429 0.025844930417495027
0 0.7571428571428571 0.43787276341948306 0.03346938775510204 0.03081510934393638
0 0.2669387755102041 0.9174950298210734 0.019591836734693877 0.019880715705765405
0 0.223265306122449 0.31063618290258443 0.012244897959183675 0.012922465208747513
0 0.2559183673469388 0.5606361829025844 0.08244897959183674 0.14314115308151093
0 0.41469387755102044 0.16799204771371767 0.009795918367346938 0.015904572564612324
0 0.3657142857142857 0.7644135188866799 0.10612244897959185 0.10934393638170974
0 0.2889795918367347 0.8573558648111331 0.0473469387755102 0.10636182902584491
0 0.28040816326530615 0.6928429423459244 0.08081632653061224 0.12922465208747513
0 0.16285714285714287 0.7400596421471172 0.030204081632653063 0.036779324055666
0 0.6571428571428571 0.36481113320079517 0.1142857142857143 0.10139165009940357
0 0.4881632653061225 0.28976143141153077 0.05551020408163265 0.08051689860834989
0 0.19877551020408163 0.24204771371769382 0.05142857142857143 0.048707753479125246
0 0.4763265306122449 0.5492047713717694 0.06285714285714286 0.1202783300198807
