0 0.7321875 0.37 0.060625 0.07230769230769231
0 0.5415625000000001 0.9496153846153846 0.058125 0.09923076923076923
0 0.5978125 0.39692307692307693 0.059375000000000004 0.11076923076923077
0 0.6062500000000001 0.9692307692307692 0.05 0.06
0 0.49343750000000003 0.8711538461538462 0.063125 0.07461538461538461
0 0.2971875 0.7911538461538462 0.10187500000000001 0.05923076923076923
0 0.3821875 0.693076923076923 0.094375 0.07384615384615384
0 0.1853125 0.5811538461538461 0.081875 0.08384615384615385
0 0.4340625 0.8646153846153846 0.050625 0.07230769230769231
0 0.84 0.7307692307692307 0.0425 0.05384615384615385
0 0.6665625000000001 0.7707692307692308 0.045625 0.055384615384615386
0 0.5750000000000001 0.7630769230769231 0.065 0.06769230769230769
0 0.443125 0.9734615384615385 0.055 0.05153846153846154
0 0.634375 0.8484615384615385 0.04875 0.07846153846153846
0 0.6915625 0.3553846153846154 0.063125 0.07538461538461538
0 0.9509375 0.8484615384615385 0.051875000000000004 0.05692307692307692
0 0.1615625 0.02653846153846154 0.015625 0.025384615384615384
0 0.385 0.928076923076923 0.0325 0.09153846153846154
0 0.7634375 0.6569230769230769 0.109375 0.0876923076923077
0 0.7746875 0.7153846153846154 0.045625 0.03692307692307692
0 0.3725 0.5323076923076923 0.0525 0.06461538461538462
0 0.7665625 0.7976923076923077 0.083125 0.08153846153846153
0 0.70875 0.5223076923076924 0.09875 0.17076923076923076
0 0.3740625 0.09 0.090625 0.08923076923076922
0 0.879375 0.5988461538461538 0.08625000000000001 0.09769230769230769
0 0.4109375 0.7830769230769231 0.024375 0.027692307692307693
0 0.88875 0.5411538461538462 0.03875 0.05
0 0.1909375 0.9261538461538461 0.056875 0.046153846153846156
0 0.10625 0.5803846153846154 0.0375 0.03461538461538462
0 0.904375 0.46615384615384614 0.0625 0.06153846153846154
0 0.6971875 0.8734615384615385 0.044375 0.10538461538461538
0 0.25906250000000003 0.9426923076923077 0.089375 0.11307692307692307
0 0.9509375 0.7280769230769231 0.064375 0.07769230769230769
0 0.1153125 0.3726923076923077 0.084375 0.06538461538461539
0 0.198125 0.036153846153846154 0.05625 0.046153846153846156
0 0.295 0.7353846153846154 0.01875 0.04
0 0.958125 0.9353846153846154 0.043750000000000004 0.04
0 0.5328125 0.6030769230769231 0.030625 0.08461538461538462
0 0.2184375 0.12384615384615384 0.076875 0.07076923076923076
0 0.45125 0.6007692307692307 0.09 0.10615384615384615
0 0.7103125 0.7411538461538462 0.026875 0.022307692307692306
0 0.51375 0.21 0.19125 0.37846153846153846
0 0.56 0.5269230769230769 0.11375 0.1646153846153846
0 0.9659375 0.6519230769230769 0.049375 0.06846153846153846
0 0.98375 0.5388461538461539 0.01375 0.05
0 0.2765625 0.678076923076923 0.053125 0.06538461538461539
0 0.13875 0.49423076923076925 0.0425 0.054615384615384614
0 0.8278125000000001 0.04230769230769231 0.038125 0.08461538461538462
0 0.2659375 0.9 0.033125 0.05846153846153846
0 0.65 0.5503846153846154 0.025 0.023846153846153847
0 0.26125 0.5961538461538461 0.025 0.07846153846153846
0 0.9121875 0.7865384615384615 0.046875 0.04230769230769231
0 0.9778125 0.4107692307692308 0.025625000000000002 0.10307692307692308
0 0.0678125 0.5584615384615385 0.039375 0.03538461538461538
0 0.6384375 0.33115384615384613 0.025625000000000002 0.03461538461538462
0 0.4546875 0.5538461538461539 0.021875000000000002 0.046153846153846156
0 0.90375 0.3769230769230769 0.03375 0.04923076923076923
0 0.6678125 0.42730769230769233 0.040625 0.03769230769230769
0 0.6553125 0.8061538461538461 0.069375 0.12615384615384614
0 0.3775 0.33884615384615385 0.095 0.11461538461538462
0 0.7987500000000001 0.8973076923076924 0.02375 0.045384615384615384
0 0.275625 0.023846153846153847 0.0925 0.047692307692307694
0 0.2196875 0.22192307692307692 0.100625 0.10538461538461538
0 0.6103125 0.811923076923077 0.031875 0.04692307692307692
0 0.2553125 0.6234615384615385 0.010625 0.025384615384615384
0 0.7521875 0.5723076923076923 0.033125 0.03076923076923077
0 0.2625 0.06192307692307692 0.01875 0.019230769230769232
0 0.2046875 0.6861538461538461 0.011875 0.012307692307692308
0 0.2434375 0.42923076923076925 0.083125 0.14615384615384616
0 0.3971875 0.8396153846153847 0.009375 0.016153846153846154
0 0.3596875 0.22230769230769232 0.106875 0.1123076923076923
0 0.28375 0.12423076923076923 0.0475 0.10846153846153846
0 0.27125 0.29307692307692307 0.08125 0.13230769230769232
0 0.151875 0.24076923076923076 0.03 0.03692307692307692
0 0.6484375 0.6442307692307693 0.115625 0.10384615384615385
0 0.474375 0.7157692307692307 0.05625 0.0823076923076923
0 0.1778125 0.7553846153846154 0.051875000000000004 0.04923076923076923
0 0.4678125 0.44846153846153847 0.063125 0.12307692307692308
