0 0.26156250000000003 0.37 0.060625 0.07230769230769231
0 0.4521875 0.9496153846153846 0.058125 0.09923076923076923
0 0.3959375 0.39692307692307693 0.059375000000000004 0.11076923076923077
0 0.3875 0.9692307692307692 0.05 0.06
0 0.5003125 0.8711538461538462 0.063125 0.07461538461538461
0 0.6965625 0.7911538461538462 0.10187500000000001 0.05923076923076923
0 0.6115625 0.693076923076923 0.094375 0.07384615384615384
0 0.8084375 0.5811538461538461 0.081875 0.08384615384615385
0 0.5596875 0.8646153846153846 0.050625 0.07230769230769231
0 0.15375 0.7307692307692307 0.0425 0.05384615384615385
0 0.3271875 0.7707692307692308 0.045625 0.055384615384615386
0 0.41875 0.7630769230769231 0.065 0.06769230769230769
0 0.550625 0.9734615384615385 0.055 0.05153846153846154
0 0.359375 0.8484615384615385 0.04875 0.07846153846153846
0 0.3021875 0.3553846153846154 0.063125 0.07538461538461538
0 0.0428125 0.8484615384615385 0.051875000000000004 0.05692307692307692
0 0.8321875 0.02653846153846154 0.015625 0.025384615384615384
0 0.60875 0.928076923076923 0.0325 0.09153846153846154
0 0.2303125 0.6569230769230769 0.109375 0.0876923076923077
0 0.2190625 0.7153846153846154 0.045625 0.03692307692307692
0 0.62125 0.5323076923076923 0.0525 0.06461538461538462
0 0.22718750000000001 0.7976923076923077 0.083125 0.08153846153846153
0 0.28500000000000003 0.5223076923076924 0.09875 0.17076923076923076
0 0.6196875000000001 0.09 0.090625 0.08923076923076922
0 0.114375 0.5988461538461538 0.08625000000000001 0.09769230769230769
0 0.5828125000000001 0.7830769230769231 0.024375 0.027692307692307693
0 0.105 0.5411538461538462 0.03875 0.05
0 0.8028125 0.9261538461538461 0.056875 0.046153846153846156
0 0.8875000000000001 0.5803846153846154 0.0375 0.03461538461538462
0 0.089375 0.46615384615384614 0.0625 0.06153846153846154
0 0.2965625 0.8734615384615385 0.044375 0.10538461538461538
0 0.7346875 0.9426923076923077 0.089375 0.11307692307692307
0 0.0428125 0.7280769230769231 0.064375 0.07769230769230769
0 0.8784375 0.3726923076923077 0.084375 0.06538461538461539
0 0.795625 0.036153846153846154 0.05625 0.046153846153846156
0 0.69875 0.7353846153846154 0.01875 0.04
0 0.035625000000000004 0.9353846153846154 0.043750000000000004 0.04
0 0.4609375 0.6030769230769231 0.030625 0.08461538461538462
0 0.7753125000000001 0.12384615384615384 0.076875 0.07076923076923076
0 0.5425 0.6007692307692307 0.09 0.10615384615384615
0 0.2834375 0.7411538461538462 0.026875 0.022307692307692306
0 0.48 0.21 0.19125 0.37846153846153846
0 0.43375 0.5269230769230769 0.11375 0.1646153846153846
0 0.0278125 0.6519230769230769 0.049375 0.06846153846153846
0 0.01 0.5388461538461539 0.01375 0.05
0 0.7171875 0.678076923076923 0.053125 0.06538461538461539
0 0.855 0.49423076923076925 0.0425 0.054615384615384614
0 0.16593750000000002 0.04230769230769231 0.038125 0.08461538461538462
0 0.7278125 0.9 0.033125 0.05846153846153846
0 0.34375 0.5503846153846154 0.025 0.023846153846153847
0 0.7325 0.5961538461538461 0.025 0.07846153846153846
0 0.0815625 0.7865384615384615 0.046875 0.04230769230769231
0 0.0159375 0.4107692307692308 0.025625000000000002 0.10307692307692308
0 0.9259375 0.5584615384615385 0.039375 0.03538461538461538
0 0.35531250000000003 0.33115384615384613 0.025625000000000002 0.03461538461538462
0 0.5390625 0.5538461538461539 0.021875000000000002 0.046153846153846156
0 0.09 0.3769230769230769 0.03375 0.04923076923076923
0 0.3259375 0.42730769230769233 0.040625 0.03769230769230769
0 0.3384375 0.8061538461538461 0.069375 0.12615384615384614
0 0.61625 0.33884615384615385 0.095 0.11461538461538462
0 0.195 0.8973076923076924 0.02375 0.045384615384615384
0 0.718125 0.023846153846153847 0.0925 0.047692307692307694
0 0.7740625 0.22192307692307692 0.100625 0.10538461538461538
0 0.3834375 0.811923076923077 0.031875 0.04692307692307692
0 0.7384375 0.6234615384615385 0.010625 0.025384615384615384
0 0.2415625 0.5723076923076923 0.033125 0.03076923076923077
0 0.7312500000000001 0.06192307692307692 0.01875 0.019230769230769232
0 0.7890625 0.6861538461538461 0.011875 0.012307692307692308
0 0.7503125 0.42923076923076925 0.083125 0.14615384615384616
0 0.5965625 0.8396153846153847 0.009375 0.016153846153846154
0 0.6340625 0.22230769230769232 0.106875 0.1123076923076923
0 0.71 0.12423076923076923 0.0475 0.10846153846153846
0 0.7225 0.29307692307692307 0.08125 0.13230769230769232
0 0.841875 0.24076923076923076 0.03 0.03692307692307692
0 0.3453125 0.6442307692307693 0.115625 0.10384615384615385
0 0.519375 0.7157692307692307 0.05625 0.0823076923076923
0 0.8159375 0.7553846153846154 0.051875000000000004 0.04923076923076923
0 0.5259375000000001 0.44846153846153847 0.063125 0.12307692307692308
