0 0.7402088772845953 0.6295503211991436 0.06179286335944299 0.07280513918629551
0 0.5491731940818102 0.05192719486081371 0.05918189730200174 0.09957173447537473
0 0.6061792863359443 0.6027837259100642 0.06005221932114883 0.1113490364025696
0 0.6135770234986945 0.032119914346895075 0.050478677110530897 0.059957173447537475
0 0.5013054830287206 0.13008565310492506 0.06440382941688425 0.07601713062098502
0 0.3054830287206266 0.20985010706638116 0.10269799825935595 0.059957173447537475
0 0.39033942558746737 0.3083511777301927 0.0948651000870322 0.07494646680942185
0 0.19451697127937337 0.4202355460385439 0.08268059181897301 0.08458244111349036
0 0.4421235857267189 0.13704496788008566 0.05221932114882506 0.07280513918629551
0 0.8476936466492602 0.2692719486081371 0.04351610095735422 0.05460385438972163
0 0.6740644038294169 0.2301927194860814 0.04612706701479547 0.0556745182012848
0 0.582680591818973 0.23768736616702357 0.06527415143603132 0.06852248394004283
0 0.45082680591818974 0.028372591006423985 0.0557006092254134 0.05246252676659529
0 0.6418624891209748 0.15256959314775162 0.04960835509138381 0.0802997858672377
0 0.6997389033942558 0.6440042826552463 0.06440382941688425 0.07601713062098502
0 0.95822454308094 0.15203426124197003 0.05221932114882506 0.05781584582441114
0 0.17101827676240208 0.9732334047109208 0.016536118363794605 0.02569593147751606
0 0.39338555265448216 0.07387580299785867 0.03307223672758921 0.09207708779443255
0 0.7711053089643167 0.34314775160599575 0.10966057441253263 0.08886509635974305
0 0.7819843342036553 0.28533190578158457 0.04612706701479547 0.037473233404710926
0 0.3807658833768494 0.46841541755888655 0.05308964316797215 0.06531049250535333
0 0.7741514360313315 0.20289079229122056 0.08442123585726719 0.08244111349036402
0 0.716710182767624 0.4775160599571735 0.1000870322019147 0.17130620985010708
0 0.3833768494342907 0.9095289079229123 0.09138381201044386 0.09100642398286939
0 0.886858137510879 0.40149892933618847 0.08703220191470844 0.09850107066381157
0 0.41906005221932113 0.21788008565310493 0.025239338555265448 0.02890792291220557
0 0.896431679721497 0.458779443254818 0.04003481288076588 0.050321199143468956
0 0.19930374238468232 0.07601713062098502 0.05744125326370757 0.047109207708779445
0 0.11488250652741513 0.4207708779443255 0.038294168842471714 0.036402569593147756
0 0.9116623150565709 0.5331905781584583 0.06353350739773717 0.062098501070663815
0 0.7049608355091384 0.12740899357601715 0.04525674499564839 0.10706638115631692
0 0.2671888598781549 0.058886509635974305 0.09051348999129678 0.11349036402569594
0 0.9577893820713663 0.27194860813704497 0.06527415143603132 0.07922912205567452
0 0.12445604873803306 0.6284796573875804 0.08529155787641426 0.06638115631691649
0 0.20757180156657962 0.9635974304068523 0.05657093124456049 0.047109207708779445
0 0.3033072236727589 0.26552462526766596 0.02001740644038294 0.04068522483940043
0 0.9647519582245431 0.06531049250535333 0.044386422976501305 0.04068522483940043
0 0.540905134899913 0.39721627408993576 0.03220191470844212 0.08565310492505354
0 0.22758920800696256 0.876338329764454 0.07745865970409051 0.07173447537473233
0 0.45953002610966054 0.3998929336188437 0.09051348999129678 0.10599571734475376
0 0.7180156657963447 0.25910064239828695 0.0278503046127067 0.023554603854389723
0 0.5221932114882506 0.7896145610278373 0.19147084421235858 0.37794432548179874
0 0.5683202785030461 0.4732334047109208 0.11488250652741513 0.16488222698072805
0 0.9730200174064404 0.34796573875803 0.050478677110530897 0.06852248394004283
0 0.9908616187989556 0.46092077087794436 0.014795474325500435 0.050321199143468956
0 0.2854656222802437 0.3233404710920771 0.053959965187119235 0.06638115631691649
0 0.14795474325500435 0.5064239828693791 0.04351610095735422 0.0556745182012848
0 0.8359442993907745 0.9561027837259101 0.0391644908616188 0.08565310492505354
0 0.2745865970409051 0.10171306209850108 0.03394255874673629 0.059957173447537475
0 0.6579634464751958 0.45021413276231265 0.02610966057441253 0.024625267665952893
0 0.26979982593559615 0.40471092077087795 0.02610966057441253 0.07922912205567452
0 0.9194952132288947 0.21413276231263384 0.047867711053089644 0.04282655246252677
0 0.9852045256744996 0.5883297644539615 0.02610966057441253 0.10385438972162742
0 0.07658833768494343 0.44325481798715205 0.04003481288076588 0.036402569593147756
0 0.6466492602262837 0.6686295503211992 0.02610966057441253 0.035331905781584586
0 0.4630113141862489 0.4464668094218416 0.022628372497824196 0.047109207708779445
0 0.9112271540469974 0.6225910064239829 0.034812880765883375 0.050321199143468956
0 0.675805047867711 0.5728051391862955 0.040905134899912966 0.03854389721627409
0 0.6627502175805048 0.1948608137044968 0.07049608355091383 0.12633832976445397
0 0.38642297650130547 0.6616702355460385 0.09573542210617929 0.11563169164882228
0 0.8059181897302001 0.10331905781584583 0.024369016536118362 0.046038543897216275
0 0.28503046127067017 0.9759100642398287 0.09312445604873804 0.048179871520342615
0 0.2288946910356832 0.7778372591006424 0.10095735422106179 0.10599571734475376
0 0.61792863359443 0.18897216274089937 0.03307223672758921 0.048179871520342615
0 0.2641427328111401 0.37740899357601715 0.011314186248912098 0.02676659528907923
0 0.7602262837249782 0.4277301927194861 0.03394255874673629 0.031049250535331908
0 0.2715404699738903 0.9373661670235547 0.019147084421235857 0.020342612419700215
0 0.21322889469103568 0.3153104925053533 0.012184508268059181 0.0139186295503212
0 0.25239338555265445 0.5711991434689507 0.0835509138381201 0.14668094218415417
0 0.40557006092254133 0.16167023554603854 0.010443864229765013 0.017130620985010708
0 0.36901653611836377 0.7773019271948609 0.10791993037423847 0.11349036402569594
0 0.29329852045256743 0.8747323340471093 0.048738033072236724 0.10920770877944326
0 0.28024369016536116 0.7066381156316917 0.08181026979982593 0.13276231263383298
0 0.16144473455178415 0.759100642398287 0.030461270670147953 0.03854389721627409
0 0.6566579634464752 0.35599571734475377 0.11575282854656223 0.10385438972162742
0 0.4830287206266318 0.28479657387580304 0.05744125326370757 0.0835117773019272
0 0.1866840731070496 0.24571734475374735 0.05308964316797215 0.050321199143468956
0 0.4765013054830287 0.5513918629550322 0.06353350739773717 0.12419700214132763
