0 0.355625 0.15307692307692308 0.05375 0.07538461538461538
0 0.4265625 0.1646153846153846 0.045625 0.0876923076923077
0 0.36375 0.5696153846153846 0.07375 0.09461538461538462
0 0.96625 0.563076923076923 0.06625 0.11538461538461539
0 0.8775000000000001 0.6926923076923077 0.051250000000000004 0.0823076923076923
0 0.6425 0.04115384615384615 0.06375 0.0823076923076923
0 0.6590625 0.4703846153846154 0.034375 0.057692307692307696
0 0.480625 0.7588461538461538 0.0675 0.07615384615384616
0 0.8453125 0.6173076923076923 0.054375 0.05153846153846154
0 0.5675 0.465 0.04875 0.04384615384615385
0 0.530625 0.21846153846153846 0.10625 0.10615384615384615
0 0.24375 0.9507692307692308 0.0775 0.08
0 0.965 0.8392307692307692 0.04875 0.07538461538461538
0 0.734375 0.2592307692307692 0.051250000000000004 0.06307692307692307
0 0.370625 0.7126923076923077 0.02125 0.026923076923076925
0 0.9234375 0.12346153846153846 0.046875 0.04846153846153846
0 0.1584375 0.9180769230769231 0.043125000000000004 0.06076923076923077
0 0.196875 0.6684615384615384 0.051250000000000004 0.038461538461538464
0 0.2778125 0.5953846153846154 0.036875 0.026153846153846153
0 0.32875 0.3503846153846154 0.06125 0.05307692307692308
0 0.23625000000000002 0.6007692307692307 0.03125 0.04
0 0.538125 0.755 0.03 0.04846153846153846
0 0.065 0.9338461538461539 0.058750000000000004 0.055384615384615386
0 0.5525 0.6334615384615384 0.14250000000000002 0.17
0 0.411875 0.5026923076923077 0.0725 0.057692307692307696
0 0.2515625 0.7265384615384616 0.054375 0.031538461538461536
0 0.9384375 0.7657692307692308 0.075625 0.07153846153846154
0 0.56625 0.9457692307692308 0.051250000000000004 0.05153846153846154
0 0.2378125 0.5088461538461538 0.064375 0.03461538461538462
0 0.633125 0.23923076923076922 0.06125 0.06923076923076923
0 0.7509375 0.4207692307692308 0.039375 0.09384615384615384
0 0.27968750000000003 0.5411538461538462 0.039375 0.031538461538461536
0 0.02125 0.7823076923076923 0.0425 0.07538461538461538
0 0.7265625 0.035 0.088125 0.07
0 0.7078125000000001 0.3553846153846154 0.055625 0.12307692307692308
0 0.4078125 0.7303846153846154 0.050625 0.04846153846153846
0 0.18281250000000002 0.53 0.036875 0.03230769230769231
0 0.123125 0.8034615384615384 0.0475 0.031538461538461536
0 0.6303125 0.5184615384615384 0.044375 0.055384615384615386
0 0.4246875 0.2915384615384615 0.039375 0.10153846153846154
0 0.6375000000000001 0.5611538461538461 0.0425 0.023846153846153847
0 0.439375 0.5946153846153847 0.03625 0.03692307692307692
0 0.078125 0.8196153846153846 0.0175 0.02846153846153846
0 0.9290625 0.9111538461538462 0.013125 0.025384615384615384
0 0.4265625 0.9726923076923077 0.019375 0.03923076923076923
0 0.006875 0.9334615384615385 0.01375 0.036153846153846154
0 0.4884375 0.9869230769230769 0.056875 0.024615384615384615
0 0.22968750000000002 0.565 0.029375000000000002 0.025384615384615384
0 0.2034375 0.6323076923076923 0.049375 0.033846153846153845
0 0.3634375 0.4603846153846154 0.061875 0.07307692307692308
0 0.32 0.7661538461538462 0.0275 0.06769230769230769
0 0.47781250000000003 0.8819230769230769 0.013125 0.023846153846153847
0 0.9921875 0.6026923076923076 0.014375 0.04230769230769231
0 0.9890625000000001 0.9307692307692308 0.020625 0.05692307692307692
0 0.6496875 0.7069230769230769 0.035625000000000004 0.04461538461538461
0 0.29812500000000003 0.6507692307692308 0.05375 0.052307692307692305
0 0.3590625 0.23692307692307693 0.058125 0.08461538461538462
0 0.4165625 0.3776923076923077 0.084375 0.09384615384615384
0 0.7046875 0.2226923076923077 0.023125 0.05307692307692308
0 0.494375 0.5034615384615385 0.02 0.05307692307692308
0 0.2028125 0.5946153846153847 0.018125 0.021538461538461538
0 0.51375 0.5265384615384615 0.01625 0.011538461538461539
0 0.18625 0.47807692307692307 0.02 0.022307692307692306
0 0.0203125 0.8703846153846154 0.040625 0.04230769230769231
0 0.47500000000000003 0.4753846153846154 0.01375 0.026153846153846153
0 0.01375 0.07692307692307693 0.0275 0.03076923076923077
0 0.971875 0.35307692307692307 0.02 0.03538461538461538
0 0.8171875000000001 0.00923076923076923 0.039375 0.01846153846153846
0 0.2853125 0.6638461538461539 0.028125 0.026153846153846153
0 0.5709375 0.06269230769230769 0.066875 0.054615384615384614
0 0.980625 0.7692307692307693 0.01875 0.024615384615384615
0 0.5378125 0.9769230769230769 0.020625 0.023076923076923078
0 0.5003125 0.28884615384615386 0.049375 0.04230769230769231
0 0.025937500000000002 0.04461538461538461 0.026875 0.016923076923076923
0 0.26 0.3342307692307692 0.0225 0.023846153846153847
0 0.29812500000000003 0.020384615384615383 0.035 0.040769230769230766
0 0.6046875 0.5392307692307692 0.013125 0.010769230769230769
0 0.585 0.5603846153846154 0.015 0.019230769230769232
0 0.4396875 0.645 0.033125 0.06538461538461539
0 0.23875000000000002 0.46692307692307694 0.02625 0.06
0 0.8303125 0.7242307692307692 0.026875 0.022307692307692306
0 0.146875 0.8519230769230769 0.02875 0.02846153846153846
0 0.610625 0.7115384615384616 0.03375 0.04923076923076923
0 0.26375 0.3626923076923077 0.03375 0.03
0 0.57875 0.9934615384615385 0.01375 0.011538461538461539
0 0.6590625 0.5996153846153847 0.043125000000000004 0.031538461538461536
0 0.41875 0.021538461538461538 0.02875 0.043076923076923075
0 0.02 0.12923076923076923 0.02375 0.03076923076923077
0 0.56125 0.37615384615384617 0.12625 0.1276923076923077
0 0.2890625 0.4403846153846154 0.085625 0.15307692307692308
0 0.52375 0.03923076923076923 0.065 0.07846153846153846
