0 0.6431250000000001 0.8461538461538461 0.05375 0.07538461538461538
0 0.5725 0.8342307692307692 0.045 0.08846153846153847
0 0.6353125000000001 0.42923076923076925 0.074375 0.09538461538461539
0 0.0328125 0.43576923076923074 0.065625 0.11461538461538462
0 0.12125 0.30615384615384617 0.051250000000000004 0.08307692307692308
0 0.35625 0.9576923076923077 0.06375 0.08153846153846153
0 0.34 0.5284615384615384 0.03375 0.05692307692307692
0 0.51875 0.24 0.0675 0.07692307692307693
0 0.15375 0.38153846153846155 0.055 0.052307692307692305
0 0.4315625 0.5338461538461539 0.049375 0.043076923076923075
0 0.46875 0.78 0.10625 0.10615384615384615
0 0.755625 0.04846153846153846 0.0775 0.08
0 0.03375 0.1596153846153846 0.04875 0.07461538461538461
0 0.2646875 0.7392307692307692 0.051875000000000004 0.06307692307692307
0 0.6284375 0.28615384615384615 0.020625 0.027692307692307693
0 0.075625 0.8753846153846154 0.0475 0.047692307692307694
0 0.8406250000000001 0.08115384615384616 0.043750000000000004 0.06076923076923077
0 0.8025 0.33 0.051250000000000004 0.038461538461538464
0 0.7215625 0.4034615384615385 0.036875 0.025384615384615384
0 0.6703125 0.6488461538461539 0.061875 0.05307692307692308
0 0.763125 0.39807692307692305 0.03125 0.03923076923076923
0 0.460625 0.24346153846153845 0.03 0.04846153846153846
0 0.9340625 0.065 0.059375000000000004 0.054615384615384614
0 0.44656250000000003 0.36538461538461536 0.141875 0.17076923076923076
0 0.586875 0.49615384615384617 0.0725 0.05692307692307692
0 0.7471875 0.2723076923076923 0.054375 0.03076923076923077
0 0.0609375 0.23307692307692307 0.075625 0.07230769230769231
0 0.4328125 0.05307692307692308 0.051875000000000004 0.052307692307692305
0 0.76125 0.49 0.06375 0.03538461538461538
0 0.36562500000000003 0.7596153846153846 0.06125 0.07
0 0.248125 0.5784615384615385 0.03875 0.09384615384615384
0 0.7190625 0.4576923076923077 0.039375 0.03230769230769231
0 0.9778125 0.21653846153846154 0.041875 0.07615384615384616
0 0.2728125 0.9634615384615385 0.088125 0.07
0 0.29125 0.6434615384615384 0.05625 0.12230769230769231
0 0.59125 0.26884615384615385 0.05 0.04846153846153846
0 0.81625 0.46884615384615386 0.03625 0.031538461538461536
0 0.8759375 0.19576923076923078 0.046875 0.031538461538461536
0 0.3690625 0.4803846153846154 0.044375 0.054615384615384614
0 0.5746875 0.7069230769230769 0.039375 0.10153846153846154
0 0.3615625 0.4373076923076923 0.043125000000000004 0.023846153846153847
0 0.56 0.4046153846153846 0.03625 0.03692307692307692
0 0.92125 0.17923076923076922 0.0175 0.027692307692307693
0 0.07 0.0876923076923077 0.01375 0.024615384615384615
0 0.5725 0.026153846153846153 0.01875 0.04
0 0.9921875 0.065 0.013125 0.036153846153846154
0 0.510625 0.012307692307692308 0.0575 0.024615384615384615
0 0.769375 0.43423076923076925 0.03 0.025384615384615384
0 0.7959375 0.36653846153846154 0.049375 0.03461538461538462
0 0.6359375 0.5388461538461539 0.061875 0.07307692307692308
0 0.6790625 0.2326923076923077 0.028125 0.06692307692307692
0 0.5209375 0.11692307692307692 0.013125 0.023076923076923078
0 0.0071875 0.39615384615384613 0.014375 0.04153846153846154
0 0.0103125 0.06769230769230769 0.020625 0.05692307692307692
0 0.349375 0.2923076923076923 0.03625 0.04461538461538461
0 0.700625 0.34807692307692306 0.05375 0.05153846153846154
0 0.64 0.7619230769230769 0.058750000000000004 0.08384615384615385
0 0.5825 0.6211538461538462 0.085 0.09461538461538462
0 0.2946875 0.7761538461538462 0.023125 0.052307692307692305
0 0.5046875 0.4957692307692308 0.019375 0.05307692307692308
0 0.7965625000000001 0.4046153846153846 0.018125 0.021538461538461538
0 0.48531250000000004 0.4723076923076923 0.016875 0.010769230769230769
0 0.813125 0.5203846153846153 0.02 0.022307692307692306
0 0.97875 0.12884615384615383 0.04 0.04230769230769231
0 0.5240625 0.5234615384615384 0.014375 0.025384615384615384
0 0.9853125 0.9215384615384615 0.026875 0.03076923076923077
0 0.0275 0.6457692307692308 0.02 0.03461538461538462
0 0.181875 0.9892307692307692 0.04 0.01846153846153846
0 0.7134375000000001 0.3353846153846154 0.028125 0.026153846153846153
0 0.42812500000000003 0.9357692307692308 0.06625 0.054615384615384614
0 0.0184375 0.2296153846153846 0.018125 0.025384615384615384
0 0.46125 0.021923076923076924 0.02125 0.023846153846153847
0 0.4990625 0.71 0.049375 0.043076923076923075
0 0.9728125 0.9542307692307692 0.026875 0.01769230769230769
0 0.7390625000000001 0.665 0.023125 0.023846153846153847
0 0.7009375 0.9780769230769231 0.035625000000000004 0.040769230769230766
0 0.3946875 0.4592307692307692 0.013125 0.010769230769230769
0 0.414375 0.43846153846153846 0.015 0.01846153846153846
0 0.5593750000000001 0.35346153846153844 0.03375 0.06538461538461539
0 0.760625 0.5323076923076923 0.02625 0.06
0 0.1690625 0.275 0.026875 0.022307692307692306
0 0.851875 0.14692307692307693 0.02875 0.02923076923076923
0 0.388125 0.2873076923076923 0.03375 0.04846153846153846
0 0.7353125 0.6361538461538462 0.033125 0.03076923076923077
0 0.42031250000000003 0.0057692307692307696 0.014375 0.011538461538461539
0 0.33968750000000003 0.3996153846153846 0.043125000000000004 0.031538461538461536
0 0.5806250000000001 0.9773076923076923 0.02875 0.04230769230769231
0 0.97875 0.87 0.02375 0.03076923076923077
0 0.438125 0.6230769230769231 0.12625 0.1276923076923077
0 0.7103125 0.5588461538461539 0.085625 0.15307692307692308
0 0.475625 0.96 0.065 0.07846153846153846
