0 0.3487603305785124 0.8188622754491017 0.05289256198347107 0.07285429141716566
0 0.41735537190082644 0.8123752495009979 0.04462809917355372 0.08383233532934131
0 0.37231404958677683 0.42564870259481036 0.07190082644628099 0.09081836327345309
0 0.9520661157024793 0.4650698602794411 0.06446280991735537 0.10978043912175647
0 0.8714876033057851 0.3378243512974052 0.050413223140495865 0.07884231536926146
0 0.6210743801652893 0.9406187624750498 0.06198347107438017 0.07884231536926146
0 0.6524793388429752 0.5359281437125748 0.033884297520661154 0.0558882235528942
0 0.4917355371900826 0.25349301397205587 0.06611570247933884 0.07385229540918163
0 0.837603305785124 0.40718562874251496 0.05371900826446281 0.049900199600798396
0 0.5644628099173553 0.5359281437125748 0.04793388429752066 0.041916167664670656
0 0.5198347107438016 0.7669660678642714 0.1024793388429752 0.10079840319361276
0 0.2706611570247934 0.059381237524950094 0.07520661157024794 0.07684630738522953
0 0.9611570247933884 0.20409181636726545 0.04793388429752066 0.07285429141716566
0 0.7177685950413223 0.7395209580838322 0.050413223140495865 0.05988023952095808
0 0.384297520661157 0.29091816367265466 0.021487603305785124 0.026946107784431135
0 0.8946280991735537 0.8777445109780438 0.045454545454545456 0.046906187624750496
0 0.18719008264462808 0.08532934131736526 0.04214876033057851 0.05888223552894211
0 0.2152892561983471 0.32335329341317365 0.050413223140495865 0.03792415169660678
0 0.2900826446280992 0.3967065868263473 0.03636363636363636 0.024950099800399198
0 0.3301652892561983 0.6312375249500998 0.06033057851239669 0.05089820359281437
0 0.25041322314049586 0.3897205588822355 0.03140495867768595 0.03892215568862275
0 0.547107438016529 0.25998003992015967 0.02975206611570248 0.046906187624750496
0 0.09793388429752066 0.0653692614770459 0.05702479338842975 0.0528942115768463
0 0.556198347107438 0.3762475049900199 0.13884297520661157 0.16167664670658682
0 0.4161157024793388 0.4920159680638722 0.07024793388429752 0.0558882235528942
0 0.26983471074380166 0.27145708582834327 0.05371900826446281 0.02994011976047904
0 0.9326446280991735 0.27195608782435127 0.07355371900826446 0.06886227544910178
0 0.5809917355371901 0.08183632734530938 0.049586776859504134 0.049900199600798396
0 0.24876033057851238 0.47604790419161674 0.0628099173553719 0.03393213572854291
0 0.6194214876033057 0.7529940119760479 0.06033057851239669 0.06686626746506985
0 0.7392561983471074 0.5878243512974052 0.03884297520661157 0.08982035928143711
0 0.2900826446280992 0.4481037924151696 0.03801652892561983 0.02994011976047904
0 0.049999999999999996 0.20608782435129738 0.04214876033057851 0.07285429141716566
0 0.7016528925619835 0.9505988023952096 0.0859504132231405 0.06686626746506985
0 0.6954545454545454 0.6472055888223552 0.05371900826446281 0.11676646706586825
0 0.4206611570247934 0.27644710578842313 0.049586776859504134 0.04590818363273453
0 0.19669421487603306 0.4530938123752495 0.03636363636363636 0.031936127744510975
0 0.14917355371900826 0.19211576846307385 0.047107438016528926 0.03093812375249501
0 0.6268595041322313 0.4890219560878243 0.04380165289256198 0.05389221556886227
0 0.4202479338842975 0.6921157684630738 0.03884297520661157 0.09680638722554889
0 0.6355371900826446 0.4491017964071856 0.04132231404958678 0.02395209580838323
0 0.4458677685950413 0.40618762475049897 0.03553719008264463 0.03592814371257485
0 0.10619834710743802 0.17365269461077842 0.017355371900826446 0.0279441117764471
0 0.9289256198347107 0.1342315369261477 0.013223140495867768 0.024950099800399198
0 0.44752066115702477 0.04890219560878243 0.019008264462809916 0.03792415169660678
0 0.04173553719008264 0.062375249500998 0.014049586776859503 0.03493013972055888
0 0.5078512396694215 0.038423153692614766 0.05537190082644628 0.024950099800399198
0 0.24256198347107438 0.42265469061876243 0.028925619834710745 0.024950099800399198
0 0.2202479338842975 0.3577844311377245 0.048760330578512395 0.03293413173652694
0 0.3677685950413223 0.5289421157684631 0.06115702479338843 0.06986027944111776
0 0.337603305785124 0.23802395209580837 0.02727272727272727 0.06487025948103792
0 0.4933884297520661 0.1372255489021956 0.013223140495867768 0.022954091816367265
0 0.9785123966942149 0.42864271457085823 0.01487603305785124 0.04091816367265469
0 0.987190082644628 0.11926147704590817 0.02066115702479339 0.05489021956087824
0 0.6524793388429752 0.31187624750499 0.03553719008264463 0.04291417165668662
0 0.3119834710743802 0.3458083832335329 0.052066115702479335 0.05089820359281437
0 0.35537190082644626 0.7400199600798403 0.05619834710743801 0.08083832335329341
0 0.4161157024793388 0.6097804391217564 0.08181818181818182 0.08982035928143711
0 0.687603305785124 0.7719560878243512 0.023140495867768594 0.05089820359281437
0 0.4954545454545454 0.4955089820359281 0.02066115702479339 0.05089820359281437
0 0.21818181818181817 0.39371257485029937 0.01818181818181818 0.020958083832335328
0 0.5148760330578512 0.47504990019960075 0.01652892561983471 0.011976047904191616
0 0.19793388429752065 0.5029940119760479 0.02066115702479339 0.021956087824351295
0 0.052479338842975204 0.12325349301397205 0.04049586776859504 0.04091816367265469
0 0.4756198347107438 0.5209580838323353 0.014049586776859503 0.02594810379241517
0 0.016942148760330577 0.872255489021956 0.02727272727272727 0.02994011976047904
0 0.9495867768595041 0.6636726546906188 0.01983471074380165 0.03393213572854291
0 0.7880165289256198 0.9800399201596806 0.03884297520661157 0.017964071856287425
0 0.3 0.3323353293413173 0.028099173553719006 0.02594810379241517
0 0.552892561983471 0.9161676646706586 0.06446280991735537 0.05189620758483034
0 0.9731404958677685 0.27145708582834327 0.019008264462809916 0.02395209580838323
0 0.5549586776859504 0.05039920159680638 0.02066115702479339 0.022954091816367265
0 0.4933884297520661 0.6986027944111776 0.04793388429752066 0.041916167664670656
0 0.02727272727272727 0.903692614770459 0.026446280991735537 0.016966067864271454
0 0.26322314049586776 0.6427145708582834 0.02231404958677686 0.02395209580838323
0 0.2884297520661157 0.9411177644710578 0.03471074380165289 0.03992015968063872
0 0.6028925619834711 0.467564870259481 0.014049586776859503 0.010978043912175647
0 0.5847107438016529 0.4466067864271457 0.015702479338842976 0.01896207584830339
0 0.4479338842975206 0.3587824351297405 0.03305785123966942 0.06287425149700598
0 0.24793388429752067 0.5159680638722555 0.026446280991735537 0.057884231536926144
0 0.8272727272727273 0.3053892215568862 0.026446280991735537 0.021956087824351295
0 0.17355371900826447 0.14770459081836326 0.028099173553719006 0.0279441117764471
0 0.6148760330578512 0.3053892215568862 0.03305785123966942 0.04790419161676646
0 0.2681818181818182 0.6157684630738522 0.033884297520661154 0.02994011976047904
0 0.5946280991735537 0.036926147704590816 0.014049586776859503 0.011976047904191616
0 0.6574380165289256 0.4136726546906187 0.04214876033057851 0.03093812375249501
0 0.4049586776859504 0.9466067864271456 0.028099173553719006 0.04091816367265469
0 0.024793388429752067 0.8233532934131735 0.023140495867768594 0.02994011976047904
0 0.5545454545454546 0.6197604790419161 0.12231404958677686 0.12175648702594809
0 0.29504132231404956 0.5439121756487025 0.08264462809917356 0.14570858283433133
0 0.506198347107438 0.93562874251497 0.06363636363636363 0.0748502994011976
