0 0.6431250000000001 0.15307692307692308 0.05375 0.07538461538461538
0 0.5725 0.165 0.045 0.08846153846153847
0 0.6353125000000001 0.57 0.074375 0.09538461538461539
0 0.0328125 0.5634615384615385 0.065625 0.11461538461538462
0 0.12125 0.693076923076923 0.051250000000000004 0.08307692307692308
0 0.35625 0.04153846153846154 0.06375 0.08153846153846153
0 0.34 0.47115384615384615 0.03375 0.057692307692307696
0 0.51875 0.7592307692307693 0.0675 0.07692307692307693
0 0.15375 0.6176923076923077 0.055 0.052307692307692305
0 0.4315625 0.4653846153846154 0.049375 0.043076923076923075
0 0.46875 0.21923076923076923 0.10625 0.10615384615384615
0 0.755625 0.9507692307692308 0.0775 0.08
0 0.03375 0.8396153846153847 0.04875 0.07461538461538461
0 0.2646875 0.26 0.051875000000000004 0.06307692307692307
0 0.6284375 0.713076923076923 0.020625 0.027692307692307693
0 0.075625 0.12384615384615384 0.0475 0.047692307692307694
0 0.8406250000000001 0.9180769230769231 0.043750000000000004 0.06076923076923077
0 0.8025 0.6692307692307692 0.051250000000000004 0.038461538461538464
0 0.7215625 0.5957692307692307 0.036875 0.025384615384615384
0 0.6703125 0.3503846153846154 0.061875 0.05307692307692308
0 0.763125 0.6011538461538461 0.03125 0.03923076923076923
0 0.460625 0.7557692307692307 0.03 0.04846153846153846
0 0.9340625 0.9342307692307692 0.059375000000000004 0.054615384615384614
0 0.44656250000000003 0.6338461538461538 0.141875 0.17076923076923076
0 0.586875 0.5030769230769231 0.0725 0.05692307692307692
0 0.7471875 0.7269230769230769 0.054375 0.03076923076923077
0 0.0609375 0.7661538461538462 0.075625 0.07230769230769231
0 0.4328125 0.9461538461538461 0.051875000000000004 0.052307692307692305
0 0.76125 0.5092307692307693 0.06375 0.03538461538461538
0 0.36562500000000003 0.23961538461538462 0.06125 0.07
0 0.248125 0.4207692307692308 0.03875 0.09384615384615384
0 0.7190625 0.5415384615384615 0.039375 0.03230769230769231
0 0.9778125 0.7826923076923077 0.041875 0.07615384615384616
0 0.2728125 0.03576923076923077 0.088125 0.07
0 0.29125 0.3557692307692308 0.05625 0.12230769230769231
0 0.59125 0.7303846153846154 0.05 0.04846153846153846
0 0.81625 0.5303846153846153 0.03625 0.031538461538461536
0 0.8759375 0.8034615384615384 0.046875 0.031538461538461536
0 0.3690625 0.5188461538461538 0.044375 0.054615384615384614
0 0.5746875 0.2923076923076923 0.039375 0.10153846153846154
0 0.3615625 0.561923076923077 0.043125000000000004 0.023846153846153847
0 0.56 0.5946153846153847 0.03625 0.03692307692307692
0 0.92125 0.82 0.0175 0.027692307692307693
0 0.07 0.9115384615384615 0.01375 0.024615384615384615
0 0.5725 0.9730769230769231 0.01875 0.04
0 0.9921875 0.9342307692307692 0.013125 0.036153846153846154
0 0.510625 0.9873076923076923 0.0575 0.025384615384615384
0 0.769375 0.565 0.03 0.025384615384615384
0 0.7959375 0.6326923076923077 0.049375 0.03461538461538462
0 0.6359375 0.4603846153846154 0.061875 0.07307692307692308
0 0.6790625 0.7665384615384615 0.028125 0.06692307692307692
0 0.5209375 0.8823076923076923 0.013125 0.023076923076923078
0 0.0071875 0.6030769230769231 0.014375 0.04153846153846154
0 0.0103125 0.9315384615384615 0.020625 0.05692307692307692
0 0.349375 0.7069230769230769 0.03625 0.04461538461538461
0 0.700625 0.6511538461538462 0.05375 0.05153846153846154
0 0.64 0.2373076923076923 0.058750000000000004 0.08384615384615385
0 0.5825 0.3780769230769231 0.085 0.09461538461538462
0 0.2946875 0.22346153846153846 0.023125 0.05307692307692308
0 0.5046875 0.5034615384615385 0.019375 0.05307692307692308
0 0.7965625000000001 0.5946153846153847 0.018125 0.021538461538461538
0 0.48531250000000004 0.5269230769230769 0.016875 0.010769230769230769
0 0.813125 0.47884615384615387 0.02 0.022307692307692306
0 0.97875 0.8703846153846154 0.04 0.04230769230769231
0 0.5240625 0.4757692307692308 0.014375 0.025384615384615384
0 0.9853125 0.07769230769230769 0.026875 0.03076923076923077
0 0.0275 0.35346153846153844 0.02 0.03461538461538462
0 0.181875 0.01 0.04 0.01846153846153846
0 0.7134375000000001 0.6638461538461539 0.028125 0.026153846153846153
0 0.42812500000000003 0.06346153846153846 0.06625 0.054615384615384614
0 0.0184375 0.7696153846153846 0.018125 0.025384615384615384
0 0.46125 0.9773076923076923 0.02125 0.023846153846153847
0 0.4990625 0.28923076923076924 0.049375 0.043076923076923075
0 0.9728125 0.045 0.026875 0.01769230769230769
0 0.7390625000000001 0.3342307692307692 0.023125 0.023846153846153847
0 0.7009375 0.021153846153846155 0.035625000000000004 0.040769230769230766
0 0.3946875 0.54 0.013125 0.010769230769230769
0 0.414375 0.5607692307692308 0.015 0.01846153846153846
0 0.5593750000000001 0.6457692307692308 0.03375 0.06538461538461539
0 0.760625 0.46692307692307694 0.02625 0.06
0 0.1690625 0.7242307692307692 0.026875 0.022307692307692306
0 0.851875 0.8523076923076923 0.02875 0.02923076923076923
0 0.388125 0.7119230769230769 0.03375 0.04846153846153846
0 0.7353125 0.3630769230769231 0.033125 0.03076923076923077
0 0.42031250000000003 0.9938461538461538 0.014375 0.012307692307692308
0 0.33968750000000003 0.5996153846153847 0.043125000000000004 0.031538461538461536
0 0.5806250000000001 0.021923076923076924 0.02875 0.04230769230769231
0 0.97875 0.12923076923076923 0.02375 0.03076923076923077
0 0.438125 0.37615384615384617 0.12625 0.1276923076923077
0 0.7103125 0.4403846153846154 0.085625 0.15307692307692308
0 0.475625 0.039615384615384615 0.065 0.07769230769230769
