0 0.6459731543624161 0.8353846153846154 0.053691275167785234 0.07487179487179488
0 0.5763422818791947 0.8261538461538461 0.04530201342281879 0.08717948717948718
0 0.6325503355704698 0.4282051282051282 0.0738255033557047 0.09333333333333334
0 0.03901006711409396 0.44769230769230767 0.0662751677852349 0.11384615384615385
0 0.12458053691275167 0.318974358974359 0.0511744966442953 0.08205128205128205
0 0.3649328859060403 0.9512820512820512 0.06375838926174497 0.08102564102564103
0 0.3427013422818792 0.5312820512820513 0.034395973154362415 0.057435897435897436
0 0.514261744966443 0.24564102564102563 0.06711409395973154 0.07487179487179488
0 0.1572986577181208 0.39179487179487177 0.05453020134228188 0.05128205128205128
0 0.43288590604026844 0.5348717948717949 0.04865771812080537 0.0441025641025641
0 0.47315436241610737 0.7753846153846153 0.10570469798657718 0.10461538461538461
0 0.7449664429530202 0.05282051282051282 0.07718120805369127 0.07897435897435898
0 0.0360738255033557 0.17692307692307693 0.04865771812080537 0.07487179487179488
0 0.2713926174496644 0.74 0.0511744966442953 0.06256410256410257
0 0.6233221476510067 0.2882051282051282 0.02181208053691275 0.026666666666666665
0 0.087248322147651 0.8764102564102564 0.04697986577181208 0.048205128205128206
0 0.8296979865771812 0.08256410256410257 0.0436241610738255 0.06051282051282051
0 0.7953020134228188 0.3282051282051282 0.05201342281879195 0.038974358974358976
0 0.7164429530201342 0.40102564102564103 0.03691275167785235 0.026666666666666665
0 0.6698825503355704 0.642051282051282 0.061241610738255035 0.05333333333333333
0 0.7575503355704698 0.3953846153846154 0.031879194630872486 0.04
0 0.45805369127516776 0.25076923076923074 0.030201342281879193 0.048205128205128206
0 0.9211409395973155 0.06564102564102564 0.0587248322147651 0.055384615384615386
0 0.44546979865771813 0.36974358974358973 0.14093959731543623 0.1671794871794872
0 0.5855704697986577 0.49435897435897436 0.0721476510067114 0.057435897435897436
0 0.7403523489932886 0.2723076923076923 0.05453020134228188 0.031794871794871796
0 0.06333892617449664 0.24871794871794872 0.07466442953020135 0.07076923076923076
0 0.4274328859060403 0.06461538461538462 0.0511744966442953 0.05128205128205128
0 0.7571308724832214 0.48512820512820515 0.06459731543624161 0.03487179487179487
0 0.3716442953020134 0.7574358974358975 0.060402684563758385 0.06871794871794872
0 0.25293624161073824 0.5820512820512821 0.03942953020134228 0.09333333333333334
0 0.7156040268456376 0.45384615384615384 0.040268456375838924 0.031794871794871796
0 0.9668624161073825 0.2128205128205128 0.04278523489932886 0.07487179487179488
0 0.2822986577181208 0.958974358974359 0.08808724832214765 0.06974358974358974
0 0.2961409395973154 0.6451282051282051 0.05536912751677852 0.12102564102564102
0 0.5864093959731543 0.2717948717948718 0.050335570469798654 0.04923076923076923
0 0.8112416107382551 0.46307692307692305 0.03691275167785235 0.031794871794871796
0 0.8661912751677853 0.19435897435897437 0.047818791946308725 0.031794871794871796
0 0.37038590604026844 0.4841025641025641 0.044463087248322146 0.055384615384615386
0 0.5759228187919463 0.7015384615384616 0.03942953020134228 0.10051282051282051
0 0.36283557046979864 0.442051282051282 0.04278523489932886 0.024615384615384615
0 0.5574664429530202 0.40512820512820513 0.0360738255033557 0.03692307692307692
0 0.910234899328859 0.17743589743589744 0.018456375838926176 0.028717948717948718
0 0.07046979865771812 0.10615384615384615 0.013422818791946308 0.02564102564102564
0 0.5645973154362416 0.03487179487179487 0.020134228187919462 0.038974358974358976
0 0.9786073825503355 0.06461538461538462 0.014261744966442953 0.03692307692307692
0 0.5033557046979865 0.022564102564102566 0.05704697986577181 0.024615384615384615
0 0.764261744966443 0.43025641025641026 0.030201342281879193 0.02564102564102564
0 0.7890100671140939 0.3635897435897436 0.04949664429530201 0.033846153846153845
0 0.6342281879194631 0.5348717948717949 0.06208053691275168 0.07282051282051281
0 0.6723993288590604 0.23487179487179488 0.02768456375838926 0.06769230769230769
0 0.5155201342281879 0.12512820512820513 0.014261744966442953 0.024615384615384615
0 0.012583892617449664 0.40923076923076923 0.015100671140939596 0.043076923076923075
0 0.011325503355704697 0.0882051282051282 0.02097315436241611 0.057435897435897436
0 0.3485738255033557 0.3 0.0360738255033557 0.0441025641025641
0 0.6954697986577181 0.34717948717948716 0.053691275167785234 0.052307692307692305
0 0.6413590604026845 0.7538461538461538 0.057885906040268456 0.0841025641025641
0 0.5830536912751678 0.6169230769230769 0.08389261744966443 0.09333333333333334
0 0.3011744966442953 0.7748717948717949 0.02348993288590604 0.052307692307692305
0 0.5046140939597316 0.4958974358974359 0.02097315436241611 0.052307692307692305
0 0.7902684563758389 0.4005128205128205 0.018456375838926176 0.021538461538461538
0 0.4848993288590604 0.47384615384615386 0.016778523489932886 0.012307692307692308
0 0.8083053691275167 0.5138461538461538 0.02097315436241611 0.022564102564102566
0 0.9664429530201342 0.12666666666666668 0.040268456375838924 0.04205128205128205
0 0.5239093959731543 0.5230769230769231 0.014261744966442953 0.026666666666666665
0 0.9840604026845637 0.9030769230769231 0.028523489932885907 0.031794871794871796
0 0.0360738255033557 0.6528205128205128 0.020134228187919462 0.035897435897435895
0 0.19337248322147652 0.9861538461538462 0.03942953020134228 0.019487179487179488
0 0.7080536912751678 0.3343589743589744 0.028523489932885907 0.026666666666666665
0 0.43540268456375836 0.9287179487179488 0.06711409395973154 0.05435897435897436
0 0.02139261744966443 0.24615384615384617 0.01929530201342282 0.024615384615384615
0 0.4551174496644295 0.03333333333333333 0.02097315436241611 0.02358974358974359
0 0.5020973154362416 0.7061538461538461 0.04949664429530201 0.04205128205128205
0 0.972734899328859 0.9348717948717948 0.02768456375838926 0.017435897435897435
0 0.7378355704697986 0.6564102564102564 0.022651006711409395 0.024615384615384615
0 0.7046979865771812 0.9641025641025641 0.03523489932885906 0.041025641025641026
0 0.39513422818791943 0.46307692307692305 0.013422818791946308 0.011282051282051283
0 0.41442953020134227 0.442051282051282 0.015100671140939596 0.020512820512820513
0 0.5562080536912751 0.3558974358974359 0.03355704697986577 0.06564102564102564
0 0.7567114093959731 0.5261538461538462 0.026845637583892617 0.059487179487179485
0 0.17030201342281878 0.28717948717948716 0.026845637583892617 0.022564102564102566
0 0.8418624161073825 0.14769230769230768 0.02936241610738255 0.028717948717948718
0 0.38716442953020136 0.29435897435897435 0.034395973154362415 0.04923076923076923
0 0.7336409395973155 0.6287179487179487 0.034395973154362415 0.03076923076923077
0 0.41442953020134227 0.01846153846153846 0.015100671140939596 0.012307692307692308
0 0.3410234899328859 0.40512820512820513 0.04278523489932886 0.03282051282051282
0 0.5859899328859061 0.9661538461538461 0.02936241610738255 0.043076923076923075
0 0.9769295302013422 0.8517948717948718 0.024328859060402684 0.031794871794871796
0 0.4408557046979866 0.622051282051282 0.125 0.12615384615384614
0 0.7080536912751678 0.5533333333333333 0.08557046979865772 0.15076923076923077
0 0.48280201342281875 0.9507692307692308 0.06459731543624161 0.07794871794871795
