0 0.6211232187761945 0.16145307769929365 0.051969823973176864 0.07063572149344097
0 0.5536462699077955 0.17658930373360243 0.04442581726739313 0.08274470232088799
0 0.6316010058675607 0.5514631685166499 0.07124895222129086 0.08980827447023208
0 0.054903604358759434 0.5842583249243188 0.06454316848281642 0.10898082744702321
0 0.1454316848281643 0.6997981836528759 0.04945515507124895 0.07769929364278506
0 0.34199497066219614 0.07517658930373361 0.06202849958088852 0.07769929364278506
0 0.3449287510477787 0.47780020181634714 0.03436714165968147 0.05549949545913219
0 0.5280804694048618 0.736125126135217 0.06538139145012574 0.07164480322906155
0 0.17309304274937135 0.6271442986881938 0.05280804694048617 0.04944500504540868
0 0.43210393964794636 0.4667003027245207 0.04777870913663034 0.04137235116044399
0 0.45683151718357085 0.2336024217961655 0.10226320201173512 0.09989909182643794
0 0.7627829002514669 0.9006054490413724 0.07544006705783739 0.07568113017154389
0 0.0683151718357083 0.8420787083753785 0.04777870913663034 0.07164480322906155
0 0.2636211232187762 0.28506559031281536 0.04945515507124895 0.05953582240161453
0 0.6307627829002515 0.686175580221998 0.020955574182732608 0.026236125126135216
0 0.07711651299245599 0.17003027245206861 0.04526404023470243 0.045408678102926335
0 0.8428331936295055 0.8642785065590313 0.04274937133277452 0.05751765893037336
0 0.7954735959765298 0.6331987891019173 0.050293378038558254 0.03733602421796166
0 0.7145850796311819 0.5701311806256307 0.03604358759430008 0.026236125126135216
0 0.6554903604358759 0.3440968718466196 0.0586756077116513 0.050454086781029264
0 0.7548197820620285 0.5726538849646822 0.03101424979044426 0.039354187689202826
0 0.4727577535624476 0.736125126135217 0.030176026823134954 0.045408678102926335
0 0.9329421626152556 0.8733602421796166 0.056999161777032695 0.05348133198789102
0 0.4538977367979883 0.6231079717457114 0.1366303436714166 0.16044399596367306
0 0.5825649622799665 0.4919273461150353 0.07041072925398156 0.05549949545913219
0 0.7455993294216262 0.6912209889001009 0.05280804694048617 0.030272452068617558
0 0.09052808046940486 0.7714429868819375 0.07376362112321877 0.06760847628657922
0 0.4538977367979883 0.9162462159434914 0.04945515507124895 0.04843592330978809
0 0.7493713327745181 0.4868819374369324 0.06202849958088852 0.033299697275479316
0 0.3600167644593462 0.2598385469223007 0.05951383067896061 0.06559031281533804
0 0.2548197820620285 0.43693239152371344 0.038558256496227995 0.08879919273461151
0 0.71081307627829 0.5196770938446014 0.038558256496227995 0.030272452068617558
0 0.9681475272422464 0.7290615539858729 0.041911148365465216 0.07164480322906155
0 0.26152556580050296 0.07467204843592332 0.08549874266554904 0.06659939455095863
0 0.2933780385582565 0.3728557013118063 0.053646269907795474 0.11604439959636731
0 0.59639564124057 0.7043390514631686 0.04945515507124895 0.04641775983854692
0 0.8025984911986589 0.5030272452068617 0.03604358759430008 0.03128153380423814
0 0.8713327745180218 0.7547931382441978 0.04610226320201174 0.030272452068617558
0 0.3742665549036044 0.520686175580222 0.04274937133277452 0.05247225025227043
0 0.5616093880972338 0.2951564076690212 0.038558256496227995 0.0958627648839556
0 0.36923721709974855 0.5615539858728557 0.04107292539815591 0.02320887991927346
0 0.5603520536462699 0.5797174571140262 0.03604358759430008 0.035317860746720484
0 0.915758591785415 0.7674066599394551 0.01760268231349539 0.027245206861755803
0 0.10561609388097234 0.9071644803229062 0.013411567476948869 0.024217961654894045
0 0.5888516345347863 0.9328960645812311 0.019279128248113998 0.03733602421796166
0 0.9886839899413244 0.8693239152371343 0.014249790444258174 0.035317860746720484
0 0.5301760268231349 0.9495459132189707 0.054484492875104776 0.024217961654894045
0 0.7594300083822296 0.5388496468213926 0.028499580888516347 0.024217961654894045
0 0.7875104777870914 0.599899091826438 0.04777870913663034 0.033299697275479316
0 0.6269907795473596 0.44954591321897075 0.06035205364626991 0.06962663975782038
0 0.681894383906119 0.7325933400605449 0.027661357921207042 0.06458123107971746
0 0.5356244761106455 0.8511604439959637 0.013411567476948869 0.02320887991927346
0 0.03185247275775356 0.6226034308779012 0.015088013411567477 0.04036326942482341
0 0.0490360435875943 0.929364278506559 0.020955574182732608 0.054490413723511606
0 0.36378876781223807 0.698284561049445 0.03520536462699078 0.04238143289606458
0 0.6978206202849958 0.6231079717457114 0.05280804694048617 0.04944500504540868
0 0.6215423302598492 0.2401614530776993 0.056160938809723386 0.08072653884964683
0 0.5729253981559095 0.3753784056508577 0.08130762782900251 0.08879919273461151
0 0.29044425817267394 0.24924318869828457 0.022632020117351215 0.050454086781029264
0 0.5037720033528919 0.4979818365287588 0.020117351215423303 0.05146316851664985
0 0.7862531433361274 0.5645812310797175 0.018440905280804692 0.02119071644803229
0 0.4861693210393965 0.520686175580222 0.016764459346186086 0.012108980827447022
0 0.7971500419111484 0.4545913218970737 0.020117351215423303 0.02119071644803229
0 0.9727577535624476 0.8113017154389506 0.039396479463537304 0.04036326942482341
0 0.5209555741827326 0.470736629667003 0.014249790444258174 0.025227043390514632
0 0.9450963956412406 0.06861755802219979 0.027661357921207042 0.030272452068617558
0 0.040653813914501256 0.3874873864783047 0.019279128248113998 0.034308779011099896
0 0.173512154233026 0.056508577194752774 0.038558256496227995 0.018163471241170535
0 0.7103939647946353 0.6347124117053481 0.027661357921207042 0.026236125126135216
0 0.4115674769488684 0.09081735620585267 0.06538139145012574 0.05247225025227043
0 0.050293378038558254 0.7780020181634713 0.018440905280804692 0.024217961654894045
0 0.4823973176865046 0.9434914228052472 0.020955574182732608 0.022199798183652877
0 0.48910310142497904 0.2976791120080727 0.04777870913663034 0.04036326942482341
0 0.9321039396479464 0.03884964682139253 0.026823134953897737 0.017154389505549948
0 0.720452640402347 0.32441977800201816 0.022632020117351215 0.02320887991927346
0 0.670997485331098 0.03380423814328961 0.03436714165968147 0.039354187689202826
0 0.39983235540653816 0.5383451059535822 0.013411567476948869 0.011099899091826439
0 0.4195305951383068 0.557013118062563 0.01592623637887678 0.018163471241170535
0 0.5620284995808885 0.6271442986881938 0.03269069572506287 0.0615539858728557
0 0.7464375523889355 0.4475277497477296 0.025984911986588432 0.05751765893037336
0 0.19195305951383068 0.7260343087790111 0.026823134953897737 0.02119071644803229
0 0.8507963118189439 0.801715438950555 0.028499580888516347 0.027245206861755803
0 0.40150880134115674 0.6997981836528759 0.03352891869237217 0.04742684157416751
0 0.7183570829840737 0.35166498486377396 0.03352891869237217 0.029263370332996974
0 0.44425817267393125 0.9616548940464178 0.013411567476948869 0.012108980827447022
0 0.3503772003352892 0.5983854692230071 0.041911148365465216 0.030272452068617558
0 0.5553227158424141 0.042885973763874874 0.027661357921207042 0.04137235116044399
0 0.9413243922883487 0.11806256306760848 0.02347024308466052 0.030272452068617558
0 0.4346186085498743 0.3829465186680121 0.12154233025984912 0.12008072653884964
0 0.6978206202849958 0.4253279515640767 0.08298407376362113 0.1442986881937437
0 0.45599329421626156 0.06559031281533804 0.06370494551550712 0.07467204843592332
