0 0.64375 0.8461538461538461 0.05375 0.07538461538461538
0 0.5728125000000001 0.8346153846153846 0.045625 0.0876923076923077
0 0.635625 0.4296153846153846 0.07375 0.09461538461538462
0 0.033125 0.43615384615384617 0.06625 0.11538461538461539
0 0.121875 0.30653846153846154 0.051250000000000004 0.0823076923076923
0 0.356875 0.958076923076923 0.06375 0.0823076923076923
0 0.3403125 0.5288461538461539 0.034375 0.057692307692307696
0 0.51875 0.2403846153846154 0.0675 0.07615384615384616
0 0.1540625 0.3819230769230769 0.054375 0.05153846153846154
0 0.431875 0.5342307692307692 0.04875 0.04384615384615385
0 0.46875 0.7807692307692308 0.10625 0.10615384615384615
0 0.755625 0.04846153846153846 0.0775 0.08
0 0.034375 0.16 0.04875 0.07538461538461538
0 0.265 0.74 0.051250000000000004 0.06307692307692307
0 0.62875 0.2865384615384615 0.02125 0.026923076923076925
0 0.0759375 0.8757692307692307 0.046875 0.04846153846153846
0 0.8409375 0.08115384615384616 0.043125000000000004 0.06076923076923077
0 0.8025 0.33076923076923076 0.051250000000000004 0.038461538461538464
0 0.7215625 0.40384615384615385 0.036875 0.026153846153846153
0 0.670625 0.6488461538461539 0.06125 0.05307692307692308
0 0.763125 0.3984615384615385 0.03125 0.04
0 0.46125 0.24423076923076922 0.03 0.04846153846153846
0 0.9343750000000001 0.06538461538461539 0.058750000000000004 0.055384615384615386
0 0.446875 0.3657692307692308 0.14250000000000002 0.17
0 0.5875 0.49653846153846154 0.0725 0.057692307692307696
0 0.7478125 0.2726923076923077 0.054375 0.031538461538461536
0 0.0609375 0.23346153846153847 0.075625 0.07153846153846154
0 0.433125 0.05346153846153846 0.051250000000000004 0.05153846153846154
0 0.7615625 0.49038461538461536 0.064375 0.03461538461538462
0 0.36625 0.76 0.06125 0.06923076923076923
0 0.2484375 0.5784615384615385 0.039375 0.09384615384615384
0 0.7196875 0.4580769230769231 0.039375 0.031538461538461536
0 0.978125 0.2169230769230769 0.0425 0.07538461538461538
0 0.2728125 0.9642307692307692 0.088125 0.07
0 0.2915625 0.6438461538461538 0.055625 0.12307692307692308
0 0.5915625 0.26884615384615385 0.050625 0.04846153846153846
0 0.8165625 0.46923076923076923 0.036875 0.03230769230769231
0 0.87625 0.19576923076923078 0.0475 0.031538461538461536
0 0.3690625 0.4807692307692308 0.044375 0.055384615384615386
0 0.5746875 0.7076923076923077 0.039375 0.10153846153846154
0 0.361875 0.4380769230769231 0.0425 0.023846153846153847
0 0.56 0.4046153846153846 0.03625 0.03692307692307692
0 0.92125 0.17961538461538462 0.0175 0.02846153846153846
0 0.0703125 0.08807692307692308 0.013125 0.025384615384615384
0 0.5728125000000001 0.02653846153846154 0.019375 0.03923076923076923
0 0.9925 0.06576923076923077 0.01375 0.036153846153846154
0 0.5109375 0.012307692307692308 0.056875 0.024615384615384615
0 0.7696875 0.43423076923076925 0.029375000000000002 0.025384615384615384
0 0.7959375 0.3669230769230769 0.049375 0.033846153846153845
0 0.6359375 0.5388461538461539 0.061875 0.07307692307692308
0 0.6793750000000001 0.23307692307692307 0.0275 0.06769230769230769
0 0.5215625 0.11730769230769231 0.013125 0.023846153846153847
0 0.0071875 0.39653846153846156 0.014375 0.04230769230769231
0 0.0103125 0.06846153846153846 0.020625 0.05692307692307692
0 0.3496875 0.2923076923076923 0.035625000000000004 0.04461538461538461
0 0.70125 0.34846153846153843 0.05375 0.052307692307692305
0 0.6403125000000001 0.7623076923076924 0.058125 0.08461538461538462
0 0.5828125000000001 0.6215384615384615 0.084375 0.09384615384615384
0 0.2946875 0.7765384615384615 0.023125 0.05307692307692308
0 0.505 0.4957692307692308 0.02 0.05307692307692308
0 0.7965625000000001 0.4046153846153846 0.018125 0.021538461538461538
0 0.48562500000000003 0.4726923076923077 0.01625 0.011538461538461539
0 0.813125 0.5211538461538462 0.02 0.022307692307692306
0 0.9790625000000001 0.12884615384615383 0.040625 0.04230769230769231
0 0.524375 0.5238461538461539 0.01375 0.026153846153846153
0 0.985625 0.9223076923076923 0.0275 0.03076923076923077
0 0.0275 0.6461538461538462 0.02 0.03538461538461538
0 0.1821875 0.99 0.039375 0.01846153846153846
0 0.7140625 0.3353846153846154 0.028125 0.026153846153846153
0 0.4284375 0.9365384615384615 0.066875 0.054615384615384614
0 0.01875 0.23 0.01875 0.024615384615384615
0 0.4615625 0.022307692307692306 0.020625 0.023076923076923078
0 0.4990625 0.7103846153846154 0.049375 0.04230769230769231
0 0.9734375000000001 0.9546153846153846 0.026875 0.016923076923076923
0 0.739375 0.665 0.0225 0.023846153846153847
0 0.70125 0.9788461538461538 0.035 0.040769230769230766
0 0.3946875 0.46 0.013125 0.010769230769230769
0 0.414375 0.43884615384615383 0.015 0.019230769230769232
0 0.5596875 0.35423076923076924 0.033125 0.06538461538461539
0 0.760625 0.5323076923076923 0.02625 0.06
0 0.1690625 0.275 0.026875 0.022307692307692306
0 0.8525 0.1473076923076923 0.02875 0.02846153846153846
0 0.38875 0.2876923076923077 0.03375 0.04923076923076923
0 0.735625 0.6365384615384615 0.03375 0.03
0 0.420625 0.0057692307692307696 0.01375 0.011538461538461539
0 0.3403125 0.3996153846153846 0.043125000000000004 0.031538461538461536
0 0.5806250000000001 0.9776923076923076 0.02875 0.043076923076923075
0 0.979375 0.87 0.02375 0.03076923076923077
0 0.438125 0.6230769230769231 0.12625 0.1276923076923077
0 0.7103125 0.5588461538461539 0.085625 0.15307692307692308
0 0.475625 0.96 0.065 0.07846153846153846
