0 0.6187755102040816 0.1694417238001959 0.052244897959183675 0.07051909892262488
0 0.5518367346938776 0.18511263467189032 0.044081632653061226 0.0822722820763957
0 0.6322448979591837 0.555337904015671 0.07102040816326531 0.0881488736532811
0 0.05959183673469388 0.5935357492654261 0.0636734693877551 0.10773751224289912
0 0.15061224489795919 0.7076395690499511 0.04979591836734694 0.0773751224289912
0 0.3408163265306123 0.08667972575905974 0.06122448979591837 0.0773751224289912
0 0.34653061224489795 0.4853085210577865 0.03346938775510204 0.05386875612144956
0 0.5306122448979592 0.7389813907933399 0.0653061224489796 0.07149853085210578
0 0.17714285714285716 0.6351616062683644 0.052244897959183675 0.047992164544564155
0 0.4334693877551021 0.47355533790401566 0.0473469387755102 0.04211557296767875
0 0.4559183673469388 0.24289911851126347 0.10204081632653061 0.09990205680705191
0 0.7653061224489797 0.8991185112634672 0.07428571428571429 0.07443682664054849
0 0.07510204081632653 0.8491674828599413 0.0473469387755102 0.07051909892262488
0 0.26448979591836735 0.2957884427032321 0.0489795918367347 0.058765915768854066
0 0.6326530612244898 0.688050930460333 0.02122448979591837 0.02644466209598433
0 0.0783673469387755 0.1841332027424094 0.045714285714285714 0.045053868756121454
0 0.8444897959183674 0.8623898139079335 0.04163265306122449 0.05778648383937317
0 0.7955102040816326 0.6341821743388835 0.04979591836734694 0.03623898139079334
0 0.7151020408163266 0.5729676787463271 0.035918367346938776 0.025465230166503428
0 0.6538775510204082 0.35014691478942217 0.05877551020408164 0.04995102840352596
0 0.7546938775510205 0.5744368266405485 0.030204081632653063 0.03819784524975514
0 0.4759183673469388 0.7399608227228208 0.02938775510204082 0.04603330068560235
0 0.9338775510204081 0.8702252693437806 0.05714285714285715 0.05190989226248776
0 0.4559183673469388 0.6283055827619981 0.1363265306122449 0.15768854064642507
0 0.5828571428571429 0.4970617042115573 0.07020408163265307 0.05386875612144956
0 0.7461224489795919 0.6919686581782566 0.052244897959183675 0.030362389813907934
0 0.09673469387755103 0.7796278158667973 0.07265306122448979 0.06660137120470128
0 0.45877551020408164 0.9182174338883448 0.0489795918367347 0.047992164544564155
0 0.7485714285714286 0.48971596474045054 0.062040816326530614 0.03330068560235064
0 0.36 0.2693437806072478 0.05877551020408164 0.06464250734573947
0 0.25673469387755105 0.4466209598432909 0.03836734693877551 0.0881488736532811
0 0.7106122448979592 0.5225269343780607 0.03836734693877551 0.030362389813907934
0 0.9677551020408164 0.7267384916748286 0.04163265306122449 0.07051909892262488
0 0.26081632653061226 0.08765915768854064 0.08408163265306123 0.06562193927522038
0 0.29469387755102044 0.38246816846229187 0.053877551020408164 0.11459353574926542
0 0.5983673469387756 0.7076395690499511 0.0489795918367347 0.04603330068560235
0 0.8016326530612246 0.505386875612145 0.035918367346938776 0.031341821743388835
0 0.8718367346938776 0.7536728697355534 0.045714285714285714 0.030362389813907934
0 0.3763265306122449 0.5274240940254652 0.04244897959183674 0.05190989226248776
0 0.5604081632653062 0.302154750244858 0.03836734693877551 0.09500489715964741
0 0.37183673469387757 0.5675808031341822 0.04163265306122449 0.022526934378060727
0 0.5612244897959184 0.5837414299706171 0.035102040816326535 0.03525954946131244
0 0.9155102040816326 0.7649363369245837 0.017142857142857144 0.02742409402546523
0 0.1126530612244898 0.9133202742409403 0.013061224489795919 0.024485798237022526
0 0.5926530612244898 0.9324191968658179 0.019591836734693877 0.03721841332027424
0 0.9889795918367348 0.8653281096963761 0.013877551020408163 0.034280117531831536
0 0.5346938775510204 0.9505386875612145 0.05551020408163265 0.024485798237022526
0 0.7587755102040816 0.5411361410381978 0.028571428571428574 0.024485798237022526
0 0.7873469387755102 0.6008814887365328 0.04816326530612245 0.03232125367286973
0 0.626530612244898 0.4544564152791381 0.05959183673469388 0.06856023506366307
0 0.6836734693877551 0.7340842311459354 0.026938775510204082 0.06366307541625857
0 0.5395918367346939 0.8525954946131244 0.013061224489795919 0.022526934378060727
0 0.037142857142857144 0.6322233104799216 0.013877551020408163 0.040156709108716944
0 0.05673469387755102 0.9358472086190011 0.020408163265306124 0.05386875612144956
0 0.3673469387755102 0.7037218413320274 0.03428571428571429 0.04211557296767875
0 0.6983673469387756 0.6253672869735554 0.05142857142857143 0.04995102840352596
0 0.6195918367346939 0.24730656219392752 0.05551020408163265 0.07933398628795299
0 0.5718367346938775 0.38148873653281096 0.08081632653061224 0.0871694417238002
0 0.29061224489795917 0.26003917727717923 0.022857142857142857 0.04995102840352596
0 0.5044897959183674 0.5039177277179236 0.019591836734693877 0.04995102840352596
0 0.7861224489795918 0.5666013712047013 0.017959183673469388 0.020568070519098924
0 0.4873469387755102 0.5269343780607249 0.0163265306122449 0.011753183153770812
0 0.7959183673469388 0.45739471106758084 0.019591836734693877 0.021547502448579826
0 0.9730612244897959 0.807541625857003 0.03918367346938775 0.040156709108716944
0 0.5220408163265307 0.47600391772771794 0.013877551020408163 0.025465230166503428
0 0.9391836734693878 0.07345739471106759 0.026938775510204082 0.029382957884427033
0 0.044081632653061226 0.4000979431929481 0.019591836734693877 0.034280117531831536
0 0.17346938775510204 0.07051909892262488 0.03836734693877551 0.01762977473065622
0 0.7110204081632653 0.6366307541625857 0.027755102040816326 0.025465230166503428
0 0.40979591836734697 0.10137120470127327 0.0636734693877551 0.05190989226248776
0 0.05673469387755102 0.7855044074436827 0.018775510204081632 0.023506366307541625
0 0.4869387755102041 0.9446620959843292 0.020408163265306124 0.022526934378060727
0 0.4881632653061225 0.3060724779627816 0.0473469387755102 0.040156709108716944
0 0.9261224489795918 0.044564152791381 0.026938775510204082 0.01665034280117532
0 0.7187755102040817 0.32957884427032325 0.022040816326530613 0.022526934378060727
0 0.666530612244898 0.04211557296767875 0.03346938775510204 0.039177277179236046
0 0.40163265306122453 0.5450538687561215 0.013061224489795919 0.010773751224289913
0 0.4216326530612245 0.5631733594515181 0.015510204081632653 0.019588638589618023
0 0.5636734693877551 0.6307541625857003 0.03183673469387755 0.06072477962781587
0 0.7453061224489796 0.45102840352595497 0.026122448979591838 0.055827619980411365
0 0.19673469387755102 0.732615083251714 0.026122448979591838 0.021547502448579826
0 0.8522448979591837 0.8001958863858962 0.027755102040816326 0.02742409402546523
0 0.4048979591836735 0.7047012732615083 0.0326530612244898 0.04603330068560235
0 0.7167346938775511 0.356513222331048 0.0326530612244898 0.029382957884427033
0 0.4493877551020408 0.9637610186092067 0.013877551020408163 0.011753183153770812
0 0.35306122448979593 0.6047992164544564 0.04163265306122449 0.030362389813907934
0 0.5522448979591837 0.05239960822722821 0.028571428571428574 0.040156709108716944
0 0.9359183673469388 0.12242899118511263 0.0236734693877551 0.029382957884427033
0 0.43510204081632653 0.39079333986287956 0.12081632653061225 0.11949069539666994
0 0.696734693877551 0.4299706170421156 0.08244897959183674 0.14299706170421156
0 0.45387755102040817 0.07590597453476984 0.062040816326530614 0.07345739471106759
