0 0.6138059701492538 0.17275155832591274 0.05149253731343283 0.06945681211041851
0 0.5477611940298508 0.1892252894033838 0.04328358208955224 0.08103294746215493
0 0.6313432835820896 0.5520926090828139 0.07014925373134329 0.08726625111308993
0 0.06529850746268656 0.6001780943900267 0.06343283582089553 0.10507569011576134
0 0.15671641791044777 0.7101513802315227 0.049253731343283584 0.07569011576135351
0 0.3376865671641791 0.09661620658949242 0.06044776119402985 0.07569011576135351
0 0.34813432835820896 0.4879786286731968 0.033582089552238806 0.053428317008014245
0 0.5328358208955224 0.7350845948352627 0.06417910447761194 0.07034728406055209
0 0.18208955223880596 0.6384683882457702 0.05223880597014925 0.04808548530721282
0 0.4335820895522388 0.4755120213713268 0.04626865671641791 0.04096170970614425
0 0.4533582089552239 0.24755120213713266 0.10074626865671642 0.09795191451469279
0 0.7671641791044777 0.8882457702582368 0.07313432835820896 0.07390917186108638
0 0.08358208955223881 0.8512911843276937 0.04626865671641791 0.06945681211041851
0 0.2645522388059702 0.30276046304541404 0.048507462686567165 0.05877114870881567
0 0.6335820895522388 0.6829919857524488 0.020895522388059702 0.02493321460373998
0 0.0791044776119403 0.19634906500445234 0.04477611940298507 0.04541406945681211
0 0.8451492537313433 0.8508459483526268 0.041044776119402986 0.05609973285841496
0 0.7940298507462686 0.6273374888691006 0.049253731343283584 0.0365093499554764
0 0.7134328358208956 0.5681211041852181 0.03582089552238806 0.02493321460373998
0 0.6507462686567165 0.3495102404274265 0.058208955223880594 0.048975957257346395
0 0.7529850746268657 0.5690115761353517 0.029850746268656716 0.037399821905609976
0 0.4787313432835821 0.736420302760463 0.029104477611940297 0.04452359750667854
0 0.933955223880597 0.8570792520035618 0.055970149253731345 0.05075690115761353
0 0.4582089552238806 0.6273374888691006 0.13432835820895522 0.1558325912733749
0 0.582089552238806 0.4959928762243989 0.06865671641791045 0.053428317008014245
0 0.746268656716418 0.6852181656277827 0.05223880597014925 0.029385574354407834
0 0.10373134328358209 0.7818343722172751 0.07164179104477612 0.06589492430988424
0 0.46417910447761196 0.9127337488869101 0.049253731343283584 0.04808548530721282
0 0.7455223880597015 0.48575244879786283 0.06119402985074627 0.03294746215494212
0 0.3582089552238806 0.27560106856634015 0.058208955223880594 0.06322350845948352
0 0.258955223880597 0.4510240427426536 0.0373134328358209 0.08637577916295637
0 0.7085820895522388 0.518699910952805 0.03805970149253731 0.029385574354407834
0 0.9656716417910448 0.7150489759572574 0.04029850746268657 0.06945681211041851
0 0.2582089552238806 0.09839715048975957 0.08358208955223881 0.06500445235975066
0 0.29514925373134326 0.3878005342831701 0.05298507462686567 0.11308993766696349
0 0.5996268656716418 0.7025823686553874 0.048507462686567165 0.04452359750667854
0 0.7988805970149254 0.5004452359750667 0.03507462686567164 0.030276046304541407
0 0.871268656716418 0.7435440783615316 0.04552238805970149 0.030276046304541407
0 0.3779850746268657 0.5293855743544078 0.04253731343283582 0.05075690115761353
0 0.557089552238806 0.304986642920748 0.03805970149253731 0.09349955476402493
0 0.3738805970149254 0.5690115761353517 0.04029850746268657 0.02315227070347284
0 0.5619402985074627 0.5819234194122885 0.034328358208955224 0.03472840605520926
0 0.9145522388059701 0.7542297417631344 0.017164179104477612 0.026714158504007122
0 0.12164179104477613 0.9131789848619768 0.013432835820895522 0.02404274265360641
0 0.5970149253731344 0.9247551202137132 0.019402985074626865 0.0365093499554764
0 0.9884328358208956 0.8512911843276937 0.014179104477611941 0.03383793410507569
0 0.5395522388059701 0.9430097951914514 0.05373134328358209 0.02315227070347284
0 0.7567164179104477 0.5360641139804097 0.028358208955223882 0.02315227070347284
0 0.7854477611940298 0.5948352626892253 0.04701492537313433 0.032056990204808546
0 0.625 0.45280498664292074 0.05895522388059701 0.06678539626001781
0 0.6843283582089552 0.7275155832591274 0.026865671641791045 0.06233303650934995
0 0.5432835820895523 0.846393588601959 0.013432835820895522 0.02226179875333927
0 0.04365671641791045 0.6384683882457702 0.014179104477611941 0.039180765805877114
0 0.06604477611940299 0.9367764915405165 0.020149253731343283 0.053428317008014245
0 0.3712686567164179 0.7025823686553874 0.033582089552238806 0.04096170970614425
0 0.6977611940298507 0.6202137132680321 0.05074626865671642 0.048975957257346395
0 0.6156716417910448 0.24888691006233304 0.05522388059701493 0.07747105966162066
0 0.5697761194029851 0.38245770258236866 0.07985074626865672 0.08637577916295637
0 0.2902985074626866 0.26714158504007124 0.022388059701492536 0.04986642920747996
0 0.5044776119402985 0.5035618878005342 0.019402985074626865 0.048975957257346395
0 0.783955223880597 0.5605520926090828 0.017164179104477612 0.020480854853072127
0 0.48768656716417913 0.5267141585040072 0.015671641791044775 0.01157613535173642
0 0.7925373134328358 0.45325022261798753 0.019402985074626865 0.0213713268032057
0 0.9716417910447761 0.7951914514692787 0.03880597014925373 0.039180765805877114
0 0.5208955223880597 0.47640249332146034 0.013432835820895522 0.02493321460373998
0 0.9298507462686567 0.07257346393588601 0.026865671641791045 0.029385574354407834
0 0.04738805970149254 0.40961709706144256 0.020149253731343283 0.03383793410507569
0 0.17164179104477612 0.08281389136242208 0.0373134328358209 0.017809439002671415
0 0.7104477611940299 0.6308993766696349 0.026865671641791045 0.02404274265360641
0 0.40597014925373137 0.10952804986642921 0.06417910447761194 0.04986642920747996
0 0.06455223880597015 0.7889581478183437 0.01865671641791045 0.02315227070347284
0 0.492910447761194 0.9385574354407836 0.020149253731343283 0.0213713268032057
0 0.4861940298507463 0.30899376669634904 0.04701492537313433 0.039180765805877114
0 0.9164179104477612 0.04452359750667854 0.02537313432835821 0.016028495102404273
0 0.7145522388059702 0.3290293855743544 0.02164179104477612 0.02226179875333927
0 0.6593283582089552 0.04674977738201246 0.033582089552238806 0.03829029385574354
0 0.4033582089552239 0.5458593054318789 0.012686567164179105 0.01068566340160285
0 0.42313432835820897 0.5636687444345503 0.014925373134328358 0.017809439002671415
0 0.5645522388059702 0.6277827248441674 0.03208955223880597 0.060552092609082814
0 0.7425373134328358 0.4479073909171861 0.02537313432835821 0.05520926090828139
0 0.20261194029850746 0.7346393588601959 0.026119402985074626 0.0213713268032057
0 0.8518656716417911 0.7898486197684773 0.027611940298507463 0.026714158504007122
0 0.4082089552238806 0.703472840605521 0.03283582089552239 0.04630454140694568
0 0.7126865671641791 0.3552983081032947 0.03283582089552239 0.028495102404274265
0 0.4552238805970149 0.9568121104185218 0.013432835820895522 0.01157613535173642
0 0.3559701492537313 0.6059661620658949 0.041791044776119404 0.029385574354407834
0 0.5466417910447762 0.05832591273374889 0.027611940298507463 0.04007123775601069
0 0.9272388059701493 0.12065894924309883 0.023134328358208955 0.029385574354407834
0 0.4343283582089552 0.3935886019590383 0.11940298507462686 0.11754229741763134
0 0.6936567164179105 0.42742653606411396 0.08134328358208956 0.14069456812110417
0 0.4488805970149254 0.08370436331255565 0.06194029850746269 0.07123775601068566
