0 0.6504065040650406 0.8210422812192725 0.05203252032520325 0.07276302851524091
0 0.5817073170731707 0.8136676499508358 0.044715447154471545 0.08357915437561456
0 0.6284552845528455 0.42625368731563423 0.07154471544715447 0.09144542772861357
0 0.046747967479674794 0.4626352015732547 0.06422764227642276 0.11111111111111112
0 0.12804878048780488 0.33480825958702065 0.04959349593495935 0.07964601769911504
0 0.37682926829268293 0.9419862340216323 0.06260162601626017 0.07866273352999018
0 0.3463414634146341 0.5353982300884956 0.03414634146341464 0.056047197640118
0 0.509349593495935 0.252212389380531 0.06585365853658537 0.07374631268436578
0 0.16178861788617885 0.40462143559488695 0.05365853658536585 0.05014749262536874
0 0.4353658536585366 0.5353982300884956 0.04796747967479675 0.04228121927236972
0 0.4792682926829268 0.767944936086529 0.10325203252032521 0.10226155358898723
0 0.7313008130081301 0.05801376597836775 0.07560975609756097 0.07669616519174041
0 0.03861788617886179 0.20058997050147495 0.04796747967479675 0.07276302851524091
0 0.2808943089430894 0.7394296951819076 0.04959349593495935 0.06096361848574238
0 0.6170731707317073 0.2905604719764012 0.02113821138211382 0.026548672566371685
0 0.10284552845528455 0.8775811209439529 0.046341463414634146 0.046214355948869225
0 0.8154471544715447 0.08505408062930188 0.04227642276422764 0.05801376597836775
0 0.7861788617886178 0.3235004916420846 0.05040650406504065 0.03736479842674533
0 0.7109756097560975 0.3972468043264504 0.036585365853658534 0.025565388397246806
0 0.6699186991869919 0.632251720747296 0.06016260162601626 0.05113077679449361
0 0.7504065040650406 0.39036381514257623 0.030894308943089432 0.03933136676499509
0 0.4540650406504065 0.2586037364798427 0.03008130081300813 0.0471976401179941
0 0.9048780487804878 0.06538839724680433 0.056910569105691054 0.054080629301868244
0 0.44390243902439025 0.3751229105211406 0.13821138211382114 0.16224188790560473
0 0.5841463414634146 0.492133726647001 0.07073170731707316 0.056047197640118
0 0.7317073170731707 0.2713864306784661 0.05365853658536585 0.03146509341199607
0 0.06707317073170732 0.26843657817109146 0.07398373983739838 0.0688298918387414
0 0.42032520325203254 0.07915437561455262 0.05040650406504065 0.05014749262536874
0 0.7524390243902439 0.47738446411012786 0.06260162601626017 0.0344149459193707
0 0.3796747967479675 0.7531956735496559 0.06016260162601626 0.06686332350049165
0 0.25934959349593495 0.5870206489675517 0.03902439024390244 0.0904621435594887
0 0.7105691056910569 0.44886922320550643 0.03902439024390244 0.03048180924287119
0 0.9524390243902439 0.20698131760078664 0.041463414634146344 0.07177974434611603
0 0.2959349593495935 0.951819075712881 0.08617886178861789 0.06686332350049165
0 0.30365853658536585 0.6470009832841692 0.05447154471544716 0.11799410029498526
0 0.5808943089430895 0.2753195673549656 0.04959349593495935 0.0471976401179941
0 0.8044715447154471 0.45427728613569324 0.036585365853658534 0.03146509341199607
0 0.8532520325203252 0.19223205506391347 0.046341463414634146 0.03048180924287119
0 0.3727642276422764 0.48820058997050153 0.043089430894308944 0.054080629301868244
0 0.5788617886178862 0.6927236971484759 0.03902439024390244 0.09734513274336284
0 0.3642276422764228 0.4473942969518191 0.04227642276422764 0.02359882005899705
0 0.5544715447154471 0.4060963618485743 0.03577235772357724 0.035398230088495575
0 0.8959349593495934 0.17453294001966568 0.01788617886178862 0.028515240904621438
0 0.07073170731707316 0.13028515240904623 0.013008130081300813 0.024582104228121928
0 0.5544715447154471 0.046705998033431666 0.01951219512195122 0.038348082595870206
0 0.9609756097560975 0.06293018682399214 0.014634146341463414 0.035398230088495575
0 0.49390243902439024 0.035889872173058016 0.05609756097560976 0.024582104228121928
0 0.7585365853658537 0.42379547689282204 0.029268292682926828 0.025565388397246806
0 0.78130081300813 0.3584070796460177 0.04878048780487805 0.032448377581120944
0 0.6325203252032521 0.5299901671583088 0.06016260162601626 0.07079646017699115
0 0.6642276422764227 0.23746312684365783 0.027642276422764227 0.06588003933136677
0 0.5077235772357723 0.13569321533923304 0.013821138211382113 0.02359882005899705
0 0.02032520325203252 0.4257620452310718 0.014634146341463414 0.04129793510324484
0 0.012195121951219513 0.11406096361848575 0.02113821138211382 0.05506391347099312
0 0.3475609756097561 0.3097345132743363 0.034959349593495934 0.043264503441494594
0 0.6890243902439024 0.3456243854473943 0.052845528455284556 0.05014749262536874
0 0.6439024390243903 0.7418879056047198 0.056910569105691054 0.0816125860373648
0 0.5841463414634146 0.6111111111111112 0.08211382113821138 0.08947885939036382
0 0.31097560975609756 0.7728613569321534 0.023577235772357725 0.05113077679449361
0 0.5044715447154472 0.4955752212389381 0.02032520325203252 0.05113077679449361
0 0.7833333333333333 0.39429695181907576 0.01869918699186992 0.021632251720747297
0 0.48495934959349596 0.47443461160275324 0.01707317073170732 0.012782694198623403
0 0.8028455284552846 0.5039331366764995 0.02032520325203252 0.022615535889872175
0 0.95 0.12340216322517208 0.03983739837398374 0.04031465093411996
0 0.5239837398373983 0.5211406096361849 0.013821138211382113 0.025565388397246806
0 0.9833333333333333 0.8765978367748279 0.026829268292682926 0.03048180924287119
0 0.048373983739837395 0.6622418879056048 0.02032520325203252 0.0344149459193707
0 0.20934959349593496 0.9808259587020649 0.038211382113821135 0.018682399213372666
0 0.7012195121951219 0.33235004916420846 0.028455284552845527 0.025565388397246806
0 0.44552845528455287 0.9174041297935104 0.06504065040650406 0.05309734513274337
0 0.025609756097560974 0.2674532940019666 0.01869918699186992 0.02359882005899705
0 0.4467479674796748 0.04818092428711898 0.02032520325203252 0.02359882005899705
0 0.5060975609756098 0.6991150442477877 0.04796747967479675 0.04129793510324484
0 0.9727642276422764 0.9075712881022616 0.026829268292682926 0.017699115044247787
0 0.7365853658536585 0.6440511307767945 0.022764227642276424 0.02359882005899705
0 0.7101626016260163 0.9439528023598821 0.034959349593495934 0.03933136676499509
0 0.3967479674796748 0.46705998033431667 0.013008130081300813 0.011799410029498525
0 0.41504065040650406 0.4459193706981318 0.015447154471544716 0.018682399213372666
0 0.5528455284552846 0.3579154375614553 0.03252032520325203 0.06293018682399214
0 0.7528455284552845 0.5176991150442478 0.026016260162601626 0.05801376597836775
0 0.17276422764227642 0.3028515240904622 0.026829268292682926 0.021632251720747297
0 0.8288617886178862 0.14700098328416913 0.028455284552845527 0.028515240904621438
0 0.3849593495934959 0.30383480825958703 0.03333333333333333 0.0471976401179941
0 0.7321138211382113 0.6175024582104228 0.03333333333333333 0.029498525073746316
0 0.4065040650406504 0.0344149459193707 0.014634146341463414 0.011799410029498525
0 0.34227642276422765 0.41248770894788594 0.04227642276422764 0.03048180924287119
0 0.5939024390243902 0.9493608652900689 0.028455284552845527 0.04228121927236972
0 0.9752032520325203 0.8269419862340217 0.023577235772357725 0.029498525073746316
0 0.4443089430894309 0.6199606686332351 0.12276422764227642 0.12291052114060964
0 0.7052845528455285 0.5452310717797444 0.08373983739837398 0.1465093411996067
0 0.491869918699187 0.9380530973451328 0.06341463414634146 0.07472959685349066
