0 0.6049808429118774 0.17108874656907594 0.05134099616858238 0.06953339432753888
0 0.539080459770115 0.18801463860933212 0.04367816091954023 0.08142726440988106
0 0.6222222222222222 0.5516925892040256 0.07049808429118774 0.0878316559926807
0 0.05517241379310345 0.5983531564501373 0.0628352490421456 0.10612991765782251
0 0.14636015325670498 0.7086001829826167 0.04904214559386973 0.07593778591033852
0 0.3291187739463602 0.09377859103385179 0.06053639846743295 0.07593778591033852
0 0.33869731800766284 0.48719121683440075 0.033716475095785445 0.053979871912168347
0 0.5233716475095785 0.7342177493138152 0.06436781609195402 0.07044830741079598
0 0.1724137931034483 0.6372369624885637 0.052107279693486594 0.0484903934126258
0 0.4245210727969349 0.4743824336688015 0.04597701149425287 0.04117108874656908
0 0.4444444444444445 0.24565416285452882 0.10114942528735632 0.0978956999085087
0 0.7578544061302682 0.8888380603842635 0.0735632183908046 0.07410795974382434
0 0.07318007662835249 0.8499542543458372 0.04674329501915709 0.06953339432753888
0 0.25517241379310346 0.3010064043915828 0.04904214559386973 0.0585544373284538
0 0.6241379310344828 0.6829826166514181 0.020689655172413793 0.024702653247941447
0 0.06973180076628353 0.19350411710887466 0.044444444444444446 0.04483074107959744
0 0.8360153256704981 0.8517840805123513 0.041379310344827586 0.056724611161939616
0 0.7850574712643679 0.6271729185727356 0.04827586206896552 0.035681610247026534
0 0.7045977011494253 0.5677035681610247 0.03601532567049809 0.024702653247941447
0 0.6421455938697318 0.34858188472095153 0.05823754789272031 0.04940530649588289
0 0.7440613026819923 0.5690759377859104 0.030651340996168584 0.036596523330283626
0 0.46934865900383144 0.7360475754803294 0.02835249042145594 0.04483074107959744
0 0.9245210727969349 0.858188472095151 0.055938697318007664 0.05123513266239708
0 0.44865900383141766 0.6267154620311071 0.13409961685823754 0.1555352241537054
0 0.5731800766283525 0.49496797804208603 0.06896551724137931 0.053064958828911254
0 0.7371647509578544 0.6852698993595608 0.052107279693486594 0.0292772186642269
0 0.09348659003831418 0.7808783165599269 0.07203065134099618 0.06678865507776761
0 0.45440613026819926 0.9126258005489479 0.04904214559386973 0.0484903934126258
0 0.7371647509578544 0.4853613906678866 0.06130268199233717 0.03202195791399817
0 0.34942528735632183 0.2735590118938701 0.05823754789272031 0.06404391582799634
0 0.24942528735632186 0.44967978042086004 0.037547892720306515 0.08691674290942361
0 0.6996168582375479 0.5187557182067704 0.03831417624521073 0.0292772186642269
0 0.9567049808429119 0.7159194876486734 0.040613026819923376 0.07044830741079598
0 0.24942528735632186 0.09560841720036597 0.0835249042145594 0.06495882891125343
0 0.28620689655172415 0.38609332113449224 0.052873563218390804 0.11344922232387923
0 0.5904214559386973 0.702195791399817 0.04827586206896552 0.04483074107959744
0 0.7900383141762453 0.5 0.03524904214559387 0.030192131747483992
0 0.8624521072796936 0.7442817932296433 0.04521072796934866 0.030192131747483992
0 0.3685823754789272 0.5283623055809699 0.04291187739463602 0.05215004574565416
0 0.5482758620689655 0.3037511436413541 0.037547892720306515 0.09332113449222325
0 0.364367816091954 0.5677035681610247 0.040613026819923376 0.022872827081427266
0 0.5528735632183909 0.5809698078682526 0.034482758620689655 0.03476669716376944
0 0.9057471264367817 0.7552607502287283 0.016858237547892722 0.026532479414455627
0 0.11072796934865901 0.9126258005489479 0.013026819923371648 0.024702653247941447
0 0.5873563218390805 0.9249771271729186 0.019157088122605366 0.036596523330283626
0 0.9793103448275863 0.8522415370539799 0.013793103448275862 0.03385178408051235
0 0.5298850574712644 0.9432753888380604 0.05440613026819924 0.023787740164684355
0 0.7482758620689656 0.5361390667886551 0.02835249042145594 0.023787740164684355
0 0.7766283524904215 0.5951509606587374 0.04674329501915709 0.03202195791399817
0 0.6164750957854407 0.45196706312900276 0.059003831417624525 0.0677035681610247
0 0.675095785440613 0.7273559011893871 0.026053639846743297 0.06221408966148216
0 0.5337164750957855 0.8467520585544374 0.013026819923371648 0.022872827081427266
0 0.03333333333333333 0.6367795059469351 0.014559386973180077 0.04025617566331199
0 0.055938697318007664 0.9359560841720037 0.01992337164750958 0.053064958828911254
0 0.3616858237547893 0.702195791399817 0.033716475095785445 0.04117108874656908
0 0.6885057471264368 0.6198536139066789 0.05134099616858238 0.0484903934126258
0 0.6068965517241379 0.24794144556267156 0.05517241379310345 0.07868252516010979
0 0.5613026819923372 0.3815187557182068 0.08045977011494253 0.08600182982616651
0 0.28122605363984676 0.2653247941445563 0.022988505747126436 0.04940530649588289
0 0.49540229885057474 0.5032021957913998 0.019157088122605366 0.04940530649588289
0 0.7750957854406131 0.5603842634949681 0.017624521072796936 0.021043000914913085
0 0.478544061302682 0.5256175663311986 0.016091954022988506 0.011893870082342177
0 0.7839080459770115 0.45288197621225984 0.01992337164750958 0.021957913998170174
0 0.9628352490421457 0.7964318389752973 0.03908045977011494 0.039341262580054895
0 0.5118773946360153 0.4752973467520586 0.013793103448275862 0.024702653247941447
0 0.9222222222222223 0.07182067703568161 0.02681992337164751 0.028362305580969808
0 0.037547892720306515 0.4071363220494053 0.01992337164750958 0.032936870997255265
0 0.1628352490421456 0.08005489478499543 0.037547892720306515 0.01738334858188472
0 0.7015325670498085 0.630832570905764 0.02681992337164751 0.024702653247941447
0 0.39731800766283526 0.10750228728270815 0.06360153256704981 0.050320219579139985
0 0.05440613026819924 0.787740164684355 0.01839080459770115 0.023787740164684355
0 0.4827586206896552 0.938700823421775 0.01992337164750958 0.021957913998170174
0 0.47739463601532567 0.307868252516011 0.04750957854406131 0.039341262580054895
0 0.9088122605363985 0.043458371454711806 0.026053639846743297 0.01555352241537054
0 0.7061302681992337 0.327996340347667 0.022222222222222223 0.022872827081427266
0 0.6513409961685824 0.04483074107959744 0.033716475095785445 0.0384263494967978
0 0.3942528735632184 0.545288197621226 0.013026819923371648 0.010978956999085087
0 0.41379310344827586 0.5626715462031108 0.015325670498084292 0.018298261665141813
0 0.5555555555555556 0.6271729185727356 0.03218390804597701 0.06129917657822507
0 0.7337164750957854 0.4469350411710888 0.02528735632183908 0.05580969807868253
0 0.19310344827586207 0.7333028362305581 0.026053639846743297 0.021043000914913085
0 0.842911877394636 0.7904849039341263 0.027586206896551724 0.02744739249771272
0 0.3984674329501916 0.7026532479414456 0.03218390804597701 0.04574565416285453
0 0.7042145593869732 0.35452881976212264 0.03218390804597701 0.028362305580969808
0 0.4452107279693487 0.9569990850869168 0.013793103448275862 0.010978956999085087
0 0.346360153256705 0.6047575480329369 0.041379310344827586 0.0292772186642269
0 0.5379310344827586 0.056724611161939616 0.027586206896551724 0.04025617566331199
0 0.9195402298850575 0.11985361390667887 0.022988505747126436 0.0292772186642269
0 0.4252873563218391 0.39204025617566335 0.11954022988505747 0.11802378774016468
0 0.6850574712643679 0.42726440988106135 0.08122605363984675 0.14089661482159196
0 0.44061302681992337 0.08188472095150962 0.06130268199233717 0.07227813357731015
