0 0.6270491803278688 0.835813492063492 0.05245901639344262 0.07242063492063491
0 0.5586065573770492 0.8209325396825397 0.045081967213114756 0.08432539682539682
0 0.6327868852459017 0.439484126984127 0.07213114754098361 0.09126984126984126
0 0.05081967213114754 0.41567460317460314 0.06557377049180328 0.1111111111111111
0 0.14098360655737704 0.29712301587301587 0.05081967213114754 0.07837301587301587
0 0.34590163934426227 0.927579365079365 0.06229508196721312 0.07936507936507936
0 0.3442622950819672 0.5188492063492063 0.03442622950819672 0.05555555555555555
0 0.5262295081967213 0.25396825396825395 0.06557377049180328 0.0734126984126984
0 0.16926229508196722 0.37053571428571425 0.05327868852459016 0.050595238095238096
0 0.43278688524590164 0.529265873015873 0.047540983606557376 0.04265873015873016
0 0.4598360655737705 0.7648809523809523 0.10327868852459017 0.10119047619047619
0 0.7614754098360655 0.08333333333333333 0.07540983606557378 0.07738095238095238
0 0.06147540983606557 0.1532738095238095 0.047540983606557376 0.07242063492063491
0 0.2647540983606557 0.7157738095238095 0.05081967213114754 0.06051587301587301
0 0.6311475409836066 0.3030753968253968 0.021311475409836064 0.026785714285714284
0 0.07745901639344262 0.835813492063492 0.04672131147540984 0.04662698412698413
0 0.8426229508196721 0.1185515873015873 0.04262295081967213 0.05853174603174603
0 0.7975409836065573 0.35416666666666663 0.05081967213114754 0.037698412698412696
0 0.7168032786885246 0.4196428571428571 0.036885245901639344 0.025793650793650792
0 0.6594262295081967 0.6498015873015872 0.05983606557377049 0.051587301587301584
0 0.7573770491803279 0.4161706349206349 0.03114754098360656 0.03869047619047619
0 0.4704918032786885 0.25496031746031744 0.029508196721311476 0.047619047619047616
0 0.9336065573770492 0.10813492063492063 0.05737704918032787 0.05357142857142857
0 0.45286885245901637 0.36954365079365076 0.13852459016393442 0.1617063492063492
0 0.5844262295081967 0.5009920634920635 0.07049180327868852 0.05555555555555555
0 0.7463114754098361 0.2961309523809524 0.05327868852459016 0.030753968253968252
0 0.08442622950819673 0.22470238095238093 0.07377049180327869 0.06845238095238095
0 0.45 0.07242063492063491 0.05081967213114754 0.0496031746031746
0 0.7528688524590164 0.503968253968254 0.06311475409836066 0.03373015873015873
0 0.36188524590163934 0.740079365079365 0.05983606557377049 0.06746031746031746
0 0.2540983606557377 0.5620039682539683 0.039344262295081964 0.09027777777777778
0 0.7131147540983607 0.470734126984127 0.039344262295081964 0.030753968253968252
0 0.9709016393442623 0.2544642857142857 0.04180327868852459 0.07242063492063491
0 0.26434426229508196 0.929563492063492 0.0860655737704918 0.06746031746031746
0 0.2934426229508197 0.6259920634920635 0.054098360655737705 0.11706349206349206
0 0.5954918032786886 0.2847222222222222 0.05 0.047619047619047616
0 0.8065573770491803 0.4861111111111111 0.036065573770491806 0.031746031746031744
0 0.8733606557377049 0.2296626984126984 0.04672131147540984 0.030753968253968252
0 0.3737704918032787 0.4751984126984127 0.04426229508196721 0.05357142857142857
0 0.5647540983606557 0.7003968253968254 0.039344262295081964 0.09722222222222221
0 0.3684426229508197 0.43402777777777773 0.04180327868852459 0.022817460317460316
0 0.5606557377049181 0.41220238095238093 0.036065573770491806 0.0367063492063492
0 0.9172131147540984 0.21626984126984125 0.018032786885245903 0.027777777777777776
0 0.09836065573770492 0.08680555555555555 0.013114754098360656 0.0248015873015873
0 0.5860655737704918 0.05357142857142857 0.019672131147540982 0.037698412698412696
0 0.9897540983606558 0.1121031746031746 0.013934426229508197 0.03571428571428571
0 0.5262295081967213 0.03720238095238095 0.05573770491803279 0.0248015873015873
0 0.7622950819672131 0.4508928571428571 0.029508196721311476 0.0248015873015873
0 0.7897540983606557 0.38789682539682535 0.04836065573770492 0.03373015873015873
0 0.6295081967213114 0.5431547619047619 0.060655737704918035 0.07043650793650794
0 0.6815573770491803 0.25496031746031744 0.027049180327868853 0.06547619047619047
0 0.5331967213114754 0.13740079365079363 0.013934426229508197 0.022817460317460316
0 0.027049180327868853 0.376984126984127 0.014754098360655738 0.041666666666666664
0 0.040983606557377046 0.06547619047619047 0.021311475409836064 0.05555555555555555
0 0.3610655737704918 0.2951388888888889 0.03524590163934426 0.04265873015873016
0 0.6991803278688524 0.3655753968253968 0.05245901639344262 0.050595238095238096
0 0.6262295081967213 0.7559523809523809 0.05737704918032787 0.08134920634920634
0 0.5754098360655737 0.6195436507936508 0.08196721311475409 0.09027777777777778
0 0.29180327868852457 0.751984126984127 0.022950819672131147 0.051587301587301584
0 0.5045081967213115 0.496031746031746 0.020491803278688523 0.051587301587301584
0 0.7893442622950819 0.4236111111111111 0.018032786885245903 0.021825396825396824
0 0.48688524590163934 0.4732142857142857 0.01639344262295082 0.011904761904761904
0 0.8012295081967213 0.5357142857142857 0.020491803278688523 0.021825396825396824
0 0.975 0.17113095238095238 0.04016393442622951 0.04067460317460317
0 0.5225409836065574 0.5238095238095237 0.013934426229508197 0.025793650793650792
0 0.9545081967213115 0.9250992063492063 0.027049180327868853 0.030753968253968252
0 0.038524590163934426 0.615079365079365 0.019672131147540982 0.03373015873015873
0 0.1762295081967213 0.9494047619047619 0.039344262295081964 0.017857142857142856
0 0.7118852459016394 0.35416666666666663 0.028688524590163935 0.025793650793650792
0 0.41598360655737704 0.9107142857142857 0.06475409836065574 0.05357142857142857
0 0.043852459016393446 0.21924603174603174 0.018852459016393444 0.023809523809523808
0 0.47827868852459016 0.04414682539682539 0.020491803278688523 0.022817460317460316
0 0.4913934426229508 0.6994047619047619 0.04836065573770492 0.041666666666666664
0 0.9413934426229508 0.954861111111111 0.027049180327868853 0.016865079365079364
0 0.7254098360655737 0.6686507936507936 0.022950819672131147 0.023809523809523808
0 0.6778688524590164 0.9642857142857142 0.03442622950819672 0.03968253968253968
0 0.39918032786885244 0.4568452380952381 0.013114754098360656 0.010912698412698412
0 0.41885245901639345 0.4375 0.014754098360655738 0.01984126984126984
0 0.5622950819672131 0.36408730158730157 0.03278688524590164 0.06349206349206349
0 0.75 0.5436507936507936 0.02622950819672131 0.057539682539682536
0 0.18729508196721312 0.2698412698412698 0.027049180327868853 0.021825396825396824
0 0.8520491803278688 0.18253968253968253 0.028688524590163935 0.027777777777777776
0 0.39918032786885244 0.2926587301587301 0.03278688524590164 0.047619047619047616
0 0.7225409836065574 0.6408730158730158 0.03360655737704918 0.02976190476190476
0 0.4397540983606557 0.026785714285714284 0.013934426229508197 0.011904761904761904
0 0.3487704918032787 0.39632936507936506 0.04180327868852459 0.030753968253968252
0 0.5614754098360656 0.9573412698412698 0.027868852459016394 0.041666666666666664
0 0.9504098360655737 0.875 0.023770491803278688 0.02976190476190476
0 0.4360655737704918 0.6135912698412698 0.12295081967213115 0.12202380952380952
0 0.7008196721311475 0.566468253968254 0.08360655737704918 0.1468253968253968
0 0.4610655737704918 0.9355158730158729 0.06311475409836066 0.07539682539682539
