0 0.6460454189506656 0.1645933014354067 0.05324980422866092 0.07464114832535886
0 0.5759592795614722 0.17464114832535885 0.04620203602192639 0.08708133971291866
0 0.6323414252153484 0.5722488038277512 0.07282693813625685 0.0937799043062201
0 0.03876272513703994 0.5526315789473685 0.06656225528582616 0.11387559808612441
0 0.1245105716523101 0.6818181818181819 0.05168363351605325 0.0813397129186603
0 0.36491777603758807 0.049282296650717705 0.06421299921691465 0.0813397129186603
0 0.34259984338292876 0.4688995215311005 0.03523884103367267 0.05741626794258373
0 0.514487079091621 0.7545454545454545 0.06734534064212999 0.07559808612440191
0 0.15700861393891935 0.6086124401913876 0.05403288958496476 0.05167464114832536
0 0.4330462020360219 0.46507177033492825 0.0485512920908379 0.04401913875598086
0 0.4725920125293657 0.22488038277511962 0.105716523101018 0.10526315789473685
0 0.745105716523101 0.9478468899521532 0.07752545027407988 0.07942583732057416
0 0.036021926389976505 0.8229665071770336 0.0485512920908379 0.07464114832535886
0 0.2713390759592796 0.2607655502392345 0.05090054815974941 0.06220095693779904
0 0.6233359436178544 0.7119617224880384 0.02192638997650744 0.026794258373205742
0 0.08692247454972592 0.12392344497607656 0.04698512137823023 0.048803827751196176
0 0.8296789350039154 0.9172248803827752 0.04306969459671104 0.060287081339712924
0 0.7952231793265466 0.6722488038277512 0.05090054815974941 0.03923444976076555
0 0.716523101018011 0.5990430622009569 0.03758809710258418 0.026794258373205742
0 0.6695379796397808 0.3583732057416268 0.06108065779169929 0.052631578947368425
0 0.7572435395458105 0.6052631578947368 0.031323414252153486 0.03923444976076555
0 0.4577133907595928 0.7497607655502393 0.030540328895849646 0.048803827751196176
0 0.9212999216914644 0.9349282296650718 0.058731401722787784 0.05550239234449761
0 0.44557556773688334 0.630622009569378 0.14095536413469067 0.16650717703349283
0 0.5857478465152701 0.5052631578947369 0.07204385277995301 0.05741626794258373
0 0.74079874706343 0.7277511961722488 0.0548159749412686 0.031578947368421054
0 0.06342991386061081 0.7521531100478469 0.07517619420516836 0.0708133971291866
0 0.42756460454189504 0.9358851674641149 0.05168363351605325 0.05167464114832536
0 0.7572435395458105 0.515311004784689 0.06421299921691465 0.0354066985645933
0 0.3711824588880188 0.2430622009569378 0.06108065779169929 0.06889952153110047
0 0.2529365700861394 0.41866028708133973 0.03915426781519186 0.09282296650717703
0 0.7153484729835552 0.545933014354067 0.039937353171495694 0.031578947368421054
0 0.9667188723570869 0.7875598086124402 0.04306969459671104 0.07464114832535886
0 0.28191072826938135 0.041626794258373206 0.08770555990602975 0.06985645933014355
0 0.29639780736100235 0.3555023923444976 0.05559906029757244 0.1215311004784689
0 0.586530931871574 0.7282296650717703 0.050117462803445575 0.04784688995215311
0 0.8112764291307752 0.5368421052631579 0.03758809710258418 0.03253588516746411
0 0.8660924040720438 0.80622009569378 0.04698512137823023 0.031578947368421054
0 0.370399373531715 0.5167464114832536 0.04385277995301488 0.05550239234449761
0 0.5759592795614722 0.29904306220095694 0.039937353171495694 0.10047846889952153
0 0.36256851996867656 0.5578947368421053 0.042286609240407204 0.024880382775119617
0 0.557556773688332 0.5947368421052632 0.036021926389976505 0.03732057416267943
0 0.9103367267032106 0.8229665071770336 0.018010963194988253 0.028708133971291867
0 0.07047768206734534 0.8942583732057416 0.014095536413469069 0.02583732057416268
0 0.5649960845732185 0.9650717703349283 0.01957713390759593 0.03923444976076555
0 0.9788566953797964 0.9358851674641149 0.014095536413469069 0.03636363636363636
0 0.5035238841033672 0.9779904306220096 0.056382145653876274 0.024880382775119617
0 0.7642913077525451 0.5703349282296651 0.02975724353954581 0.024880382775119617
0 0.7893500391542678 0.6368421052631579 0.050117462803445575 0.03349282296650718
0 0.6339075959279561 0.46507177033492825 0.06186374314800313 0.07272727272727272
0 0.6726703210649961 0.7655502392344498 0.028191072826938137 0.06698564593301436
0 0.5156617071260767 0.8751196172248804 0.01331245105716523 0.023923444976076555
0 0.012920908379013312 0.5913875598086125 0.014878621769772905 0.042105263157894736
0 0.011354737666405637 0.9124401913875598 0.021143304620203602 0.056459330143540674
0 0.3484729835552075 0.7004784688995216 0.036021926389976505 0.04401913875598086
0 0.6957713390759592 0.6526315789473685 0.05403288958496476 0.05167464114832536
0 0.6413469068128426 0.24688995215311005 0.05794831636648395 0.08421052631578947
0 0.5830070477682068 0.3832535885167464 0.08379013312451057 0.09282296650717703
0 0.3014878621769773 0.22535885167464115 0.023492560689115115 0.052631578947368425
0 0.5043069694596711 0.5047846889952153 0.020360219263899765 0.052631578947368425
0 0.7905246671887236 0.5995215311004785 0.018010963194988253 0.02200956937799043
0 0.4851213782302271 0.5267942583732057 0.01644479248238058 0.012440191387559809
0 0.8081440877055599 0.4861244019138756 0.020360219263899765 0.022966507177033493
0 0.966327329678935 0.8736842105263158 0.04072043852779953 0.042105263157894736
0 0.523884103367267 0.47751196172248805 0.014095536413469069 0.026794258373205742
0 0.9839467501957714 0.09760765550239235 0.0274079874706343 0.03062200956937799
0 0.036021926389976505 0.3478468899521531 0.020360219263899765 0.0354066985645933
0 0.19342208300704777 0.014354066985645933 0.03915426781519186 0.019138755980861243
0 0.7083007047768207 0.6660287081339713 0.028974158183241974 0.026794258373205742
0 0.4350039154267815 0.07177033492822966 0.06656225528582616 0.053588516746411484
0 0.02153484729835552 0.7545454545454545 0.01957713390759593 0.02583732057416268
0 0.45536413469068127 0.9669856459330144 0.021143304620203602 0.023923444976076555
0 0.5015661707126077 0.2947368421052632 0.04933437744714174 0.042105263157894736
0 0.9722004698512138 0.06555023923444976 0.0274079874706343 0.01818181818181818
0 0.7380579483163665 0.3440191387559809 0.022709475332811275 0.023923444976076555
0 0.7043852779953015 0.03588516746411483 0.03523884103367267 0.04114832535885168
0 0.39545810493343775 0.5368421052631579 0.014095536413469069 0.011483253588516746
0 0.4142521534847298 0.5583732057416269 0.015661707126076743 0.020095693779904306
0 0.5563821456538762 0.6440191387559808 0.033672670321064996 0.06507177033492823
0 0.7572435395458105 0.47416267942583734 0.02662490211433046 0.060287081339712924
0 0.17032106499608457 0.7138755980861244 0.0274079874706343 0.022966507177033493
0 0.8422083007047768 0.8526315789473684 0.028974158183241974 0.028708133971291867
0 0.38723570869224744 0.7057416267942584 0.033672670321064996 0.048803827751196176
0 0.7337509788566954 0.3717703349282297 0.03445575567736883 0.02966507177033493
0 0.41464369616288177 0.9822966507177033 0.014878621769772905 0.012440191387559809
0 0.3410336726703211 0.5952153110047848 0.04306969459671104 0.03253588516746411
0 0.5857478465152701 0.034928229665071774 0.02975724353954581 0.0430622009569378
0 0.9768989819890368 0.14832535885167464 0.02427564604541895 0.03062200956937799
0 0.4408770555990603 0.3784688995215311 0.12529365700861395 0.12535885167464114
0 0.7079091620986687 0.44688995215311006 0.08457321848081441 0.15119617224880383
0 0.48238057948316365 0.049282296650717705 0.06421299921691465 0.07751196172248805
