0 0.352156862745098 0.7502356267672007 0.06431372549019608 0.06597549481621112
0 0.5458823529411765 0.4868049010367578 0.08156862745098038 0.05560791705937795
0 0.09999999999999999 0.34637134778510836 0.04941176470588235 0.07634307257304429
0 0.7215686274509804 0.39773798303487273 0.03607843137254902 0.0640904806786051
0 0.23019607843137255 0.588124410933082 0.04627450980392157 0.08482563619227144
0 0.552156862745098 0.8072573044297832 0.04549019607843137 0.08388312912346843
0 0.6219607843137255 0.8133836003770029 0.05803921568627451 0.07163053722902922
0 0.1349019607843137 0.4123468426013195 0.05176470588235294 0.04995287464655985
0 0.9145098039215686 0.19698397737983034 0.0392156862745098 0.07163053722902922
0 0.4196078431372549 0.615928369462771 0.14588235294117646 0.12158341187558906
0 0.6952941176470588 0.056079170593779454 0.08078431372549019 0.07445805843543826
0 0.29137254901960785 0.6456173421300659 0.08862745098039215 0.11875589066918002
0 0.7756862745098039 0.08011310084825636 0.04078431372549019 0.05843543826578699
0 0.08431372549019607 0.8784165881244109 0.04156862745098039 0.049010367577756835
0 0.5831372549019608 0.2884071630537229 0.021176470588235293 0.02639019792648445
0 0.7725490196078431 0.4458058435438266 0.03607843137254902 0.03204524033930255
0 0.8584313725490196 0.16870876531573986 0.0196078431372549 0.02827521206409048
0 0.42117647058823526 0.26201696512723843 0.028235294117647056 0.043355325164938736
0 0.3517647058823529 0.9373232799245994 0.06039215686274509 0.07822808671065033
0 0.4737254901960784 0.2554194156456173 0.06274509803921569 0.07540056550424128
0 0.7501960784313725 0.3350612629594722 0.05568627450980392 0.0706880301602262
0 0.6776470588235294 0.4448633364750236 0.03764705882352941 0.03204524033930255
0 0.6270588235294118 0.23185673892554193 0.027450980392156862 0.07163053722902922
0 0.40470588235294114 0.5362865221489161 0.04549019607843137 0.03958529688972667
0 0.5454901960784313 0.6870876531573986 0.04156862745098039 0.09802073515551367
0 0.4411764705882353 0.7516493873704052 0.11215686274509803 0.07822808671065033
0 0.3403921568627451 0.4891611687087653 0.0392156862745098 0.05089538171536286
0 0.3164705882352941 0.5377002827521207 0.03215686274509804 0.05183788878416588
0 0.6941176470588235 0.26767200754005654 0.05019607843137255 0.030160226201696512
0 0.03372549019607843 0.4599434495758718 0.028235294117647056 0.06786050895381715
0 0.8662745098039215 0.06079170593779453 0.058823529411764705 0.05560791705937795
0 0.6545098039215685 0.34307257304429783 0.05411764705882353 0.05089538171536286
0 0.276078431372549 0.948162111215834 0.08 0.06786050895381715
0 0.9254901960784313 0.053251649387370405 0.02196078431372549 0.036757775683317624
0 0.6756862745098039 0.39255419415645615 0.03529411764705882 0.02544769085768143
0 0.04078431372549019 0.24882186616399624 0.06431372549019608 0.13949104618284636
0 0.7184313725490196 0.4717247879359095 0.06431372549019608 0.03298774740810556
0 0.5996078431372549 0.5263901979264844 0.06196078431372549 0.06880301602262016
0 0.38509803921568625 0.09000942507068803 0.05019607843137255 0.04429783223374175
0 0.6380392156862745 0.6272384542884072 0.06039215686274509 0.048067860508953814
0 0.5619607843137254 0.3887841658812441 0.12941176470588234 0.1649387370405278
0 0.8239215686274509 0.18567389255419414 0.03372549019607843 0.030160226201696512
0 0.7509803921568627 0.3887841658812441 0.01803921568627451 0.021677662582469368
0 0.04196078431372549 0.1470311027332705 0.014901960784313726 0.024505183788878417
0 0.4701960784313725 0.13901979264844486 0.013333333333333332 0.0235626767200754
0 0.5450980392156862 0.27332704995287466 0.054901960784313725 0.0527803958529689
0 0.5631372549019608 0.6027332704995287 0.06117647058823529 0.06503298774740811
0 0.6117647058823529 0.7318567389255419 0.05647058823529411 0.07634307257304429
0 0.9266666666666666 0.11357210179076342 0.05568627450980392 0.03864278982092366
0 0.9552941176470587 0.8647502356267672 0.01568627450980392 0.02544769085768143
0 0.020392156862745096 0.21489161168708765 0.026666666666666665 0.06974552309142318
0 0.19333333333333333 0.9783223374175306 0.038431372549019606 0.02073515551366635
0 0.45921568627450976 0.04524033930254477 0.05254901960784313 0.01885014137606032
0 0.3333333333333333 0.45051837888784163 0.04078431372549019 0.022620169651272386
0 0.5168627450980392 0.05136663524976437 0.018823529411764704 0.03487276154571159
0 0.9568627450980391 0.38548539114043356 0.02980392156862745 0.033930254476908575
0 0.9615686274509804 0.33270499528746467 0.01568627450980392 0.03958529688972667
0 0.2549019607843137 0.7379830348727615 0.04862745098039215 0.060320452403393024
0 0.7933333333333333 0.14467483506126297 0.030588235294117645 0.02544769085768143
0 0.952156862745098 0.8133836003770029 0.02196078431372549 0.030160226201696512
0 0.46901960784313723 0.49293119698397736 0.020392156862745096 0.049010367577756835
0 0.9568627450980391 0.21630537229029217 0.012549019607843137 0.0706880301602262
0 0.9854901960784314 0.8539114043355325 0.0196078431372549 0.04524033930254477
0 0.30470588235294116 0.41658812441093307 0.05254901960784313 0.02827521206409048
0 0.33294117647058824 0.31479736098020733 0.07137254901960784 0.0414703110273327
0 0.48549019607843136 0.704995287464656 0.0596078431372549 0.05655042412818096
0 0.7066666666666667 0.6371347785108388 0.018823529411764704 0.022620169651272386
0 0.9462745098039216 0.2704995287464656 0.029019607843137254 0.033930254476908575
0 0.9474509803921568 0.8925541941564562 0.025098039215686273 0.02073515551366635
0 0.7725490196078431 0.4967012252591894 0.020392156862745096 0.022620169651272386
0 0.38235294117647056 0.4476908576814326 0.013333333333333332 0.02073515551366635
0 0.6996078431372549 0.6079170593779453 0.025098039215686273 0.024505183788878417
0 0.14431372549019608 0.31432610744580586 0.026666666666666665 0.0235626767200754
0 0.30470588235294116 0.5702167766258247 0.011764705882352941 0.016965127238454288
0 0.9886274509803921 0.7879359095193214 0.007058823529411764 0.01885014137606032
0 0.4490196078431372 0.47360980207351555 0.014901960784313726 0.012252591894439209
0 0.9533333333333333 0.08199811498586239 0.005490196078431373 0.02639019792648445
0 0.40549019607843134 0.3157398680490104 0.06901960784313725 0.06220546654099906
0 0.9333333333333333 0.012723845428840716 0.03137254901960784 0.0235626767200754
0 0.3737254901960784 0.046182846371347785 0.010196078431372548 0.00942507068803016
0 0.36509803921568623 0.46842601319509897 0.014901960784313726 0.011310084825636193
0 0.6874509803921568 0.5391140433553252 0.12941176470588234 0.16022620169651272
0 0.5674509803921568 0.9410933081998115 0.029019607843137254 0.04052780395852969
0 0.4094117647058823 0.05513666352497643 0.018823529411764704 0.021677662582469368
0 0.4243137254901961 0.9076343072573044 0.07686274509803921 0.04524033930254477
0 0.5125490196078432 0.5768143261074458 0.04784313725490196 0.0527803958529689
0 0.4129411764705882 0.4048067860508954 0.13568627450980392 0.10273327049952874
0 0.45019607843137255 0.9302544769085768 0.09411764705882353 0.07917059377945335
