0 0.35227272727272724 0.24924165824064712 0.06481481481481481 0.06572295247724975
0 0.5458754208754208 0.51314459049545 0.08164983164983165 0.055611729019211326
0 0.10058922558922559 0.6526794742163802 0.04966329966329966 0.07583417593528817
0 0.7209595959595959 0.60262891809909 0.0361952861952862 0.06471183013144591
0 0.23063973063973062 0.4115267947421638 0.04713804713804714 0.08493427704752275
0 0.5521885521885521 0.1931243680485339 0.045454545454545456 0.08291203235591507
0 0.6220538720538721 0.18756319514661274 0.057239057239057235 0.07178968655207281
0 0.13552188552188552 0.5869565217391305 0.05218855218855219 0.04954499494438827
0 0.9137205387205387 0.8033367037411527 0.03956228956228956 0.07178968655207281
0 0.4196127946127946 0.38422649140546006 0.14562289562289563 0.12133468149646108
0 0.6944444444444444 0.9438827098078868 0.0808080808080808 0.07381193124368049
0 0.29166666666666663 0.3538928210313448 0.08838383838383838 0.11931243680485339
0 0.7748316498316498 0.9201213346814965 0.041245791245791245 0.05864509605662285
0 0.08501683501683502 0.12133468149646108 0.04208754208754208 0.04853387259858443
0 0.5820707070707071 0.7113245702730031 0.02104377104377104 0.027300303336703743
0 0.7723063973063973 0.5540950455005056 0.0361952861952862 0.032355915065722954
0 0.8573232323232323 0.8316481294236603 0.01936026936026936 0.027300303336703743
0 0.4212962962962963 0.7376137512639029 0.027777777777777776 0.043478260869565216
0 0.35227272727272724 0.06268958543983823 0.05976430976430976 0.0788675429726997
0 0.47348484848484845 0.7441860465116279 0.06313131313131314 0.07482305358948434
0 0.75 0.6653185035389282 0.05555555555555555 0.07077856420626896
0 0.6771885521885521 0.5556117290192113 0.03787878787878788 0.031344792719919114
0 0.6266835016835016 0.7679474216380182 0.027777777777777776 0.07178968655207281
0 0.40488215488215484 0.46359959555106167 0.045454545454545456 0.03943377148634985
0 0.5454545454545454 0.3134479271991911 0.04208754208754208 0.09706774519716886
0 0.4414983164983165 0.24823053589484328 0.11195286195286194 0.07785642062689586
0 0.34048821548821545 0.5106167846309404 0.03956228956228956 0.05055611729019212
0 0.3164983164983165 0.461577350859454 0.03198653198653199 0.05156723963599596
0 0.6931818181818181 0.7320525783619818 0.04966329966329966 0.03033367037411527
0 0.03409090909090909 0.5394337714863499 0.02946127946127946 0.06774519716885744
0 0.8653198653198653 0.9388270980788676 0.05892255892255892 0.055611729019211326
0 0.654040404040404 0.6567239635995956 0.05387205387205387 0.05156723963599596
0 0.2769360269360269 0.05207280080889788 0.0808080808080808 0.06774519716885744
0 0.9242424242424242 0.9469160768452983 0.021885521885521883 0.03741152679474217
0 0.6750841750841751 0.6071789686552073 0.03535353535353535 0.02527805864509606
0 0.041245791245791245 0.750252780586451 0.06397306397306397 0.13953488372093023
0 0.718013468013468 0.5288169868554096 0.06397306397306397 0.032355915065722954
0 0.5993265993265993 0.4732052578361982 0.062289562289562284 0.06875631951466128
0 0.3846801346801347 0.9089989888776542 0.050505050505050504 0.04448938321536906
0 0.638047138047138 0.3736097067745197 0.0606060606060606 0.04752275025278059
0 0.5618686868686869 0.6112234580384227 0.12878787878787878 0.16481294236602628
0 0.8232323232323232 0.813953488372093 0.03367003367003367 0.03033367037411527
0 0.7504208754208754 0.6117290192113246 0.017676767676767676 0.02224469160768453
0 0.041666666666666664 0.8513650151668353 0.014309764309764309 0.024266936299292215
0 0.46969696969696967 0.8604651162790699 0.013468013468013467 0.02224469160768453
0 0.5446127946127945 0.7269969666329626 0.05387205387205387 0.0525783619817998
0 0.5631313131313131 0.39737108190091003 0.0606060606060606 0.06471183013144591
0 0.6119528619528619 0.2684529828109201 0.057239057239057235 0.07583417593528817
0 0.9259259259259259 0.8867542972699697 0.05555555555555555 0.03842264914054601
0 0.9549663299663299 0.1365015166835187 0.015993265993265993 0.0262891809908999
0 0.020622895622895623 0.7836198179979778 0.027777777777777776 0.06875631951466128
0 0.19402356902356901 0.02224469160768453 0.03787878787878788 0.020222446916076844
0 0.45875420875420875 0.9539939332659252 0.05218855218855219 0.019211324570273004
0 0.3333333333333333 0.5495449949443882 0.0404040404040404 0.023255813953488372
0 0.5168350168350168 0.9479271991911021 0.018518518518518517 0.03538928210313448
0 0.9562289562289562 0.6147623862487361 0.0303030303030303 0.03437815975733064
0 0.9604377104377104 0.6678463094034378 0.01515151515151515 0.03943377148634985
0 0.25547138047138046 0.26238624873609706 0.047979797979797977 0.05965621840242669
0 0.7920875420875421 0.8554095045500506 0.0303030303030303 0.0262891809908999
0 0.952020202020202 0.18756319514661274 0.021885521885521883 0.029322548028311426
0 0.46927609427609424 0.507077856420627 0.02104377104377104 0.04954499494438827
0 0.9558080808080808 0.7836198179979778 0.012626262626262626 0.07077856420626896
0 0.9852693602693602 0.14762386248736098 0.01936026936026936 0.04448938321536906
0 0.3047138047138047 0.582912032355915 0.05218855218855219 0.029322548028311426
0 0.3329124579124579 0.6845298281092013 0.07154882154882154 0.042467138523761376
0 0.48526936026936024 0.29524772497472196 0.05976430976430976 0.05662285136501517
0 0.7066498316498316 0.3634984833164813 0.01936026936026936 0.023255813953488372
0 0.9457070707070707 0.7300303336703742 0.02946127946127946 0.03437815975733064
0 0.9478114478114478 0.10920121334681497 0.025252525252525252 0.020222446916076844
0 0.7723063973063973 0.5040444893832154 0.01936026936026936 0.023255813953488372
0 0.38257575757575757 0.5520728008088979 0.014309764309764309 0.020222446916076844
0 0.6994949494949495 0.39231547017189083 0.025252525252525252 0.024266936299292215
0 0.1447811447811448 0.6845298281092013 0.026936026936026935 0.024266936299292215
0 0.30513468013468015 0.42922143579373107 0.010942760942760942 0.01718907987866532
0 0.9882154882154882 0.21334681496461072 0.006734006734006734 0.01820020222446916
0 0.44907407407407407 0.525783619817998 0.014309764309764309 0.012133468149646108
0 0.9524410774410774 0.9180990899898888 0.005892255892255892 0.0262891809908999
0 0.4053030303030303 0.6840242669362994 0.06818181818181818 0.06167846309403438
0 0.9322390572390572 0.987360970677452 0.031144781144781142 0.023255813953488372
0 0.3737373737373737 0.9529828109201214 0.0101010101010101 0.00910010111223458
0 0.3653198653198653 0.5313447927199191 0.01515151515151515 0.011122345803842266
0 0.6872895622895623 0.461577350859454 0.12878787878787878 0.16076845298281092
0 0.5677609427609427 0.05965621840242669 0.02946127946127946 0.04044489383215369
0 0.40867003367003363 0.9443882709807887 0.01936026936026936 0.02224469160768453
0 0.42466329966329963 0.09302325581395349 0.0765993265993266 0.046511627906976744
0 0.5126262626262627 0.423154701718908 0.04713804713804714 0.05156723963599596
0 0.41287878787878785 0.5950455005055612 0.13552188552188552 0.10212335692618807
0 0.4511784511784512 0.07077856420626896 0.09427609427609428 0.0788675429726997
