0 0.35289575289575287 0.7502316960148285 0.06486486486486487 0.06580166821130677
0 0.5455598455598456 0.4865616311399444 0.08108108108108109 0.05560704355885079
0 0.10038610038610038 0.34754402224281744 0.04942084942084942 0.07599629286376275
0 0.7204633204633205 0.3971269694161261 0.03552123552123552 0.0639481000926784
0 0.2308880308880309 0.5880444856348471 0.04633204633204633 0.08433734939759037
0 0.5525096525096526 0.8058387395736794 0.04555984555984556 0.082483781278962
0 0.6223938223938223 0.8118628359592215 0.05714285714285714 0.07043558850787766
0 0.13552123552123552 0.4138090824837813 0.051737451737451735 0.04911955514365153
0 0.9131274131274131 0.19647822057460612 0.039382239382239385 0.07228915662650602
0 0.4200772200772201 0.6158480074142725 0.14517374517374518 0.12140871177015755
0 0.6942084942084942 0.056533827618164965 0.08030888030888031 0.07414272474513439
0 0.2922779922779923 0.6459684893419834 0.0888030888030888 0.11862835959221502
0 0.7741312741312741 0.08016682113067655 0.040926640926640924 0.05838739573679333
0 0.08571428571428572 0.8785912882298424 0.0416988416988417 0.04819277108433735
0 0.5822393822393822 0.288693234476367 0.021621621621621623 0.026876737720111215
0 0.7718146718146718 0.4453197405004634 0.036293436293436294 0.032437442075996296
0 0.8567567567567568 0.16821130676552365 0.019305019305019305 0.028730305838739575
0 0.42084942084942084 0.26274328081556997 0.027799227799227798 0.04355885078776645
0 0.35289575289575287 0.9365152919369787 0.06023166023166023 0.07877664504170528
0 0.47297297297297297 0.2562557924003707 0.06254826254826255 0.07506950880444857
0 0.749034749034749 0.3345690454124189 0.055598455598455596 0.07043558850787766
0 0.6768339768339768 0.4439295644114921 0.03783783783783784 0.03151065801668211
0 0.6266409266409266 0.23215940685820205 0.02702702702702703 0.07136237256719184
0 0.405019305019305 0.536144578313253 0.04555984555984556 0.03985171455050973
0 0.5459459459459459 0.6862835959221502 0.0416988416988417 0.09731232622798888
0 0.4420849420849421 0.7506950880444856 0.11196911196911197 0.0778498609823911
0 0.34092664092664093 0.48980537534754404 0.039382239382239385 0.05097312326227989
0 0.316988416988417 0.5384615384615384 0.03166023166023166 0.051899907321594066
0 0.693050193050193 0.267840593141798 0.05019305019305019 0.029657089898053754
0 0.03436293436293436 0.46107506950880445 0.02857142857142857 0.06765523632993513
0 0.8644787644787645 0.060704355885078776 0.05791505791505792 0.05468025949953661
0 0.654054054054054 0.3433734939759036 0.05405405405405406 0.05097312326227989
0 0.277992277992278 0.9476367006487488 0.08030888030888031 0.06765523632993513
0 0.9235521235521236 0.05329008341056534 0.021621621621621623 0.037998146431881374
0 0.6749034749034749 0.3924930491195551 0.03552123552123552 0.025023169601482854
0 0.040926640926640924 0.2511584800741427 0.06332046332046332 0.13901760889712697
0 0.7177606177606177 0.47080630213160335 0.06409266409266409 0.03151065801668211
0 0.5992277992277992 0.5264133456904542 0.06177606177606178 0.0685820203892493
0 0.3841698841698842 0.0917516218721038 0.05019305019305019 0.04448563484708063
0 0.6382239382239382 0.6260426320667285 0.059459459459459456 0.04726598702502317
0 0.5613899613899613 0.38924930491195553 0.12818532818532818 0.164967562557924
0 0.8227799227799227 0.18535681186283595 0.033204633204633204 0.029657089898053754
0 0.7501930501930502 0.38785912882298423 0.01776061776061776 0.021316033364226137
0 0.04208494208494208 0.14967562557924005 0.014671814671814672 0.025023169601482854
0 0.4694980694980695 0.14040778498609824 0.012355212355212355 0.023169601482854494
0 0.5444015444015444 0.27340129749768305 0.05405405405405406 0.051899907321594066
0 0.5633204633204634 0.6024096385542169 0.061003861003861 0.06487488415199259
0 0.611969111969112 0.7307692307692307 0.05637065637065637 0.07692307692307693
0 0.9250965250965251 0.11306765523632993 0.055598455598455596 0.03892493049119555
0 0.9552123552123553 0.8619091751621872 0.015444015444015444 0.025949953660797033
0 0.02084942084942085 0.21733086190917517 0.026254826254826256 0.06950880444856349
0 0.19498069498069498 0.9772937905468027 0.03783783783783784 0.021316033364226137
0 0.45791505791505793 0.04633920296570899 0.05250965250965251 0.018535681186283598
0 0.3335907335907336 0.4508804448563485 0.040154440154440155 0.023169601482854494
0 0.5158301158301158 0.05282669138090825 0.018532818532818532 0.03521779425393883
0 0.9555984555984556 0.3841519925857275 0.030115830115830116 0.03429101019462465
0 0.9602316602316602 0.3313253012048193 0.014671814671814672 0.03985171455050973
0 0.255984555984556 0.7377201112140871 0.04864864864864865 0.05931417979610751
0 0.7918918918918919 0.14457831325301204 0.030115830115830116 0.025949953660797033
0 0.9521235521235522 0.8109360518999074 0.021621621621621623 0.029657089898053754
0 0.4694980694980695 0.49304911955514363 0.020077220077220077 0.04819277108433735
0 0.9552123552123553 0.2159406858202039 0.012355212355212355 0.07043558850787766
0 0.9853281853281853 0.8507877664504171 0.020077220077220077 0.04448563484708063
0 0.305019305019305 0.417516218721038 0.05250965250965251 0.028730305838739575
0 0.3328185328185328 0.3155699721964782 0.07104247104247104 0.04170528266913809
0 0.4861003861003861 0.7043558850787767 0.059459459459459456 0.05560704355885079
0 0.7065637065637066 0.6362372567191844 0.018532818532818532 0.023169601482854494
0 0.9451737451737452 0.26969416126042633 0.029343629343629343 0.033364226135310475
0 0.9478764478764479 0.8897126969416126 0.025482625482625483 0.020389249304911955
0 0.7722007722007722 0.4953660797034291 0.020077220077220077 0.023169601482854494
0 0.38223938223938225 0.44810009267840595 0.013899613899613899 0.019462465245597776
0 0.6996138996138996 0.6070435588507878 0.02471042471042471 0.024096385542168676
0 0.14478764478764478 0.3160333642261353 0.02702702702702703 0.024096385542168676
0 0.3054054054054054 0.5704355885078777 0.011583011583011582 0.017608897126969416
0 0.9884169884169884 0.7854494902687674 0.006177606177606178 0.017608897126969416
0 0.44903474903474905 0.47405004633920295 0.014671814671814672 0.012048192771084338
0 0.9513513513513513 0.08155699721964782 0.006177606177606178 0.025949953660797033
0 0.40540540540540543 0.31649675625579243 0.06795366795366796 0.06209453197405005
0 0.9316602316602317 0.012511584800741427 0.03166023166023166 0.023169601482854494
0 0.37335907335907337 0.04772937905468026 0.010038610038610039 0.008341056533827619
0 0.36525096525096523 0.468952734012975 0.015444015444015444 0.011121408711770158
0 0.6872586872586872 0.5379981464318814 0.12972972972972974 0.1603336422613531
0 0.5683397683397683 0.9392956441149213 0.029343629343629343 0.03985171455050973
0 0.40888030888030885 0.05699721964782206 0.019305019305019305 0.021316033364226137
0 0.42509652509652507 0.9063948100092678 0.07644787644787644 0.04633920296570899
0 0.5131274131274132 0.5764596848934198 0.047104247104247106 0.051899907321594066
0 0.41274131274131276 0.4054680259499537 0.13513513513513514 0.1010194624652456
0 0.4517374517374517 0.9286376274328082 0.09420849420849421 0.07970342910101946
