0 0.674780526735834 0.27521613832853026 0.06464485235434957 0.06628242074927954
0 0.4561053471667997 0.5115273775216138 0.0822027134876297 0.056676272814601344
0 0.8866719872306464 0.7146974063400576 0.04948124501197127 0.07684918347742555
0 0.27254588986432565 0.5754082612872238 0.035913806863527534 0.06532180595581172
0 0.7805267358339985 0.45485110470701245 0.04628890662410216 0.08549471661863592
0 0.48084596967278537 0.19068203650336216 0.04549082202713488 0.08357348703170028
0 0.41221069433359936 0.17483189241114314 0.05826017557861134 0.07108549471661864
0 0.8583399840383081 0.643611911623439 0.05187549880287311 0.049951969260326606
0 0.06065442936951317 0.7487992315081652 0.03990422984836393 0.07204610951008646
0 0.5945730247406226 0.4000960614793468 0.14684756584197925 0.12199807877041306
0 0.2649640861931365 0.920268972142171 0.08140462889066241 0.07492795389048991
0 0.7250598563447725 0.38808837656099904 0.08858739026336793 0.11911623439000961
0 0.1871508379888268 0.8852065321805955 0.040702314445331206 0.05859750240153698
0 0.9541101356743815 0.18491834774255522 0.04229848363926576 0.04899135446685879
0 0.39984038308060654 0.7041306436119116 0.020750199521149242 0.026897214217098942
0 0.22585794094173983 0.5196926032660902 0.03671189146049481 0.03266090297790586
0 0.11332801276935356 0.7853025936599424 0.019154030327214685 0.027857829010566763
0 0.5582601755786114 0.7536023054755043 0.02793296089385475 0.043227665706051875
0 0.6935355147645651 0.0888568683957733 0.06065442936951317 0.07973102785782901
0 0.505586592178771 0.7526416906820365 0.06304868316041501 0.07588856868395773
0 0.237829209896249 0.6340057636887608 0.0558659217877095 0.07108549471661864
0 0.320830007980846 0.5345821325648414 0.03830806065442937 0.03170028818443804
0 0.3503591380686353 0.7545629202689721 0.02713487629688747 0.07204610951008646
0 0.601755786113328 0.4817483189241114 0.04628890662410216 0.0393852065321806
0 0.47605746209098165 0.31123919308357345 0.04229848363926576 0.09798270893371758
0 0.5861931364724661 0.2612872238232469 0.11252992817238627 0.0787704130643612
0 0.6608140462889066 0.5379442843419788 0.03990422984836393 0.05187319884726225
0 0.6895450917797287 0.49279538904899134 0.03192338387869114 0.05187319884726225
0 0.2869114126097366 0.7089337175792507 0.05027932960893855 0.03073967339097022
0 0.9640861931364725 0.6104707012487992 0.02873104549082203 0.06820365033621517
0 0.09497206703910616 0.8914505283381364 0.059058260175578615 0.05571565802113353
0 0.33359936153232245 0.6392891450528337 0.05426975259377494 0.050912584053794424
0 0.7697525937749402 0.08837656099903939 0.08060654429369514 0.06916426512968299
0 0.035913806863527534 0.8909702209414024 0.0223463687150838 0.037463976945244955
0 0.31763766959297685 0.5869356388088376 0.035115722266560255 0.024975984630163303
0 0.9361532322426178 0.8198847262247838 0.06384676775738228 0.14121037463976946
0 0.28212290502793297 0.5024015369836695 0.06464485235434957 0.03266090297790586
0 0.4062250598563448 0.46397694524495675 0.06225059856344773 0.06916426512968299
0 0.5778132482043097 0.930355427473583 0.05107741420590583 0.04514889529298751
0 0.37749401436552277 0.35830931796349663 0.06065442936951317 0.04803073967339097
0 0.4301675977653632 0.6066282420749279 0.12928970470869913 0.16618635926993275
0 0.1492418196328811 0.7728146013448607 0.0335195530726257 0.029779058597502402
0 0.2418196328810854 0.5806916426512968 0.017557861133280128 0.022094140249759846
0 0.9253790901835595 0.9212295869356388 0.015163607342378293 0.024975984630163303
0 0.4976057462090982 0.8693563880883766 0.011971268954509178 0.023054755043227664
0 0.43615323224261776 0.7247838616714697 0.05506783719074222 0.052833813640730067
0 0.4501197126895451 0.3928914505283381 0.06065442936951317 0.06532180595581172
0 0.4142059058260176 0.25696445725264166 0.05746209098164406 0.07780979827089336
0 0.03990422984836393 0.8304514889529299 0.0558659217877095 0.0393852065321806
0 0.08459696727853153 0.07636887608069164 0.01596169193934557 0.025936599423631124
0 0.9529130087789306 0.856388088376561 0.02713487629688747 0.07012487992315082
0 0.8555466879489226 0.07012487992315082 0.03830806065442937 0.021133525456292025
0 0.4996009577015164 0.9644572526416907 0.052673583399840386 0.019212295869356386
0 0.6644054269752594 0.5773294908741594 0.040702314445331206 0.023054755043227664
0 0.44213886671987235 0.9505283381364072 0.019154030327214685 0.03554274735830932
0 0.03671189146049481 0.5542747358309318 0.030327214684756586 0.034582132564841495
0 0.026735833998403832 0.6066282420749279 0.015163607342378293 0.0393852065321806
0 0.7705506783719075 0.3016330451488953 0.04868316041500399 0.059558117195004805
0 0.17637669592976857 0.8179634966378482 0.030327214684756586 0.025936599423631124
0 0.08260175578611333 0.1282420749279539 0.02154828411811652 0.029779058597502402
0 0.5331205107741421 0.515850144092219 0.020750199521149242 0.049951969260326606
0 0.019952114924181964 0.723342939481268 0.012769353551476457 0.07108549471661864
0 0.0538707102952913 0.08309317963496637 0.019952114924181964 0.04514889529298751
0 0.6895450917797287 0.6152737752161384 0.052673583399840386 0.029779058597502402
0 0.6512370311252993 0.712776176753122 0.07182761372705507 0.04226705091258405
0 0.5375099760574621 0.3021133525456292 0.059856344772545894 0.056676272814601344
0 0.31005586592178774 0.3381364073006724 0.018355945730247406 0.023054755043227664
0 0.0355147645650439 0.6709894332372718 0.029529130087789308 0.03362151777137368
0 0.09497206703910616 0.0494716618635927 0.025538707102952914 0.020172910662824207
0 0.23104549082202713 0.46974063400576366 0.019952114924181964 0.023054755043227664
0 0.6153232242617718 0.5734870317002881 0.014365522745411015 0.021133525456292025
0 0.31444533120510776 0.36839577329490875 0.025538707102952914 0.024015369836695485
0 0.839584996009577 0.7401536983669549 0.02713487629688747 0.024015369836695485
0 0.7043096568236233 0.4620557156580211 0.011971268954509178 0.017291066282420747
0 0.04389465283320032 0.1484149855907781 0.006384676775738229 0.01825168107588857
0 0.5510774142059058 0.537463976945245 0.015163607342378293 0.012487992315081652
0 0.010375099760574621 0.8583093179634966 0.006384676775738229 0.025936599423631124
0 0.5794094173982443 0.7017291066282421 0.06863527533918595 0.06243996157540826
0 0.023543495610534718 0.930355427473583 0.031125299281723865 0.024015369836695485
0 0.5845969672785316 0.9755043227665706 0.010375099760574621 0.008645533141210374
0 0.6348762968874702 0.5547550432276657 0.015163607342378293 0.010566762728146013
0 0.31963288108539506 0.43900096061479343 0.13008778930566642 0.16138328530259366
0 0.4784517158818835 0.0547550432276657 0.029529130087789308 0.040345821325648415
0 0.5498802873104549 0.9615754082612872 0.019154030327214685 0.021133525456292025
0 0.6181165203511573 0.10854947166186359 0.07741420590582603 0.04610951008645533
0 0.49800478850758184 0.42603266090297787 0.047885075818036714 0.052833813640730067
0 0.5806065442936952 0.611911623439001 0.13647246608140465 0.10182516810758885
0 0.5941739824421389 0.08213256484149856 0.09497206703910616 0.07973102785782901
