0 0.6671875 0.24192307692307694 0.066875 0.07
0 0.450625 0.5096153846153846 0.085 0.05923076923076923
0 0.909375 0.695 0.051250000000000004 0.08076923076923077
0 0.2621875 0.5911538461538461 0.036875 0.06846153846153846
0 0.7859375000000001 0.4257692307692308 0.048125 0.09
0 0.4609375 0.16576923076923078 0.046875 0.08846153846153847
0 0.388125 0.15384615384615385 0.06 0.07538461538461538
0 0.87625 0.6215384615384615 0.05375 0.052307692307692305
0 0.0496875 0.7911538461538462 0.040625 0.07615384615384616
0 0.589375 0.3811538461538462 0.1525 0.13
0 0.27125 0.9596153846153846 0.08375 0.07923076923076923
0 0.725 0.35884615384615387 0.0925 0.12692307692307692
0 0.1884375 0.9273076923076923 0.041875 0.06230769230769231
0 0.9540625 0.12576923076923077 0.043125000000000004 0.05153846153846154
0 0.40125 0.7192307692307692 0.02125 0.027692307692307693
0 0.21125 0.5353846153846153 0.0375 0.033846153846153845
0 0.1065625 0.8261538461538461 0.019375 0.02923076923076923
0 0.56875 0.7603846153846154 0.02875 0.045384615384615384
0 0.6775 0.041923076923076924 0.0625 0.08384615384615385
0 0.51375 0.7630769230769231 0.065 0.08
0 0.22875 0.6561538461538462 0.0575 0.07538461538461538
0 0.310625 0.5442307692307692 0.03875 0.03307692307692308
0 0.351875 0.7765384615384615 0.0275 0.07615384615384616
0 0.6009375 0.4676923076923077 0.046875 0.04153846153846154
0 0.4615625 0.295 0.043125000000000004 0.10384615384615385
0 0.5740625 0.23384615384615384 0.116875 0.08307692307692308
0 0.6653125 0.5230769230769231 0.040625 0.05384615384615385
0 0.693125 0.4726923076923077 0.0325 0.054615384615384614
0 0.2840625 0.7326923076923076 0.051875000000000004 0.031538461538461536
0 0.9846875 0.5784615384615385 0.029375000000000002 0.07230769230769231
0 0.0928125 0.9407692307692308 0.060625 0.05846153846153846
0 0.3290625 0.6546153846153846 0.055625 0.05384615384615385
0 0.756875 0.036153846153846154 0.08375 0.07230769230769231
0 0.030625 0.9442307692307692 0.0225 0.03923076923076923
0 0.31 0.6 0.03625 0.026153846153846153
0 0.96625 0.8038461538461539 0.06625 0.14923076923076922
0 0.2690625 0.5123076923076924 0.066875 0.033846153846153845
0 0.3965625 0.4626923076923077 0.064375 0.07307692307692308
0 0.5978125 0.9473076923076923 0.051875000000000004 0.04692307692307692
0 0.36125 0.35192307692307695 0.0625 0.05
0 0.4284375 0.6130769230769231 0.134375 0.17692307692307693
0 0.1434375 0.8103846153846154 0.034375 0.031538461538461536
0 0.230625 0.5988461538461538 0.0175 0.022307692307692306
0 0.9596875 0.9126923076923077 0.014375 0.025384615384615384
0 0.51125 0.8880769230769231 0.0125 0.023846153846153847
0 0.44 0.7384615384615385 0.05625 0.055384615384615386
0 0.43843750000000004 0.38384615384615384 0.063125 0.06923076923076923
0 0.39437500000000003 0.24153846153846154 0.058750000000000004 0.08153846153846153
0 0.0325 0.8796153846153846 0.0575 0.040769230769230766
0 0.0421875 0.0726923076923077 0.015625 0.026923076923076925
0 0.985625 0.8415384615384616 0.0275 0.07384615384615384
0 0.8453125 0.010769230769230769 0.039375 0.021538461538461538
0 0.5178125 0.9896153846153846 0.054375 0.019230769230769232
0 0.6709375 0.565 0.041875 0.023846153846153847
0 0.4575 0.9784615384615385 0.01875 0.03692307692307692
0 0.0153125 0.5857692307692308 0.030625 0.036153846153846154
0 0.0075 0.6423076923076924 0.015 0.04153846153846154
0 0.7681250000000001 0.2630769230769231 0.05 0.06307692307692307
0 0.17375000000000002 0.8565384615384616 0.03125 0.026923076923076925
0 0.0425 0.1276923076923077 0.0225 0.03076923076923077
0 0.5309375000000001 0.5088461538461538 0.020625 0.05153846153846154
0 0.00625 0.7669230769230769 0.0125 0.07538461538461538
0 0.01 0.08192307692307692 0.02 0.04692307692307692
0 0.6990625 0.6034615384615385 0.054375 0.03
0 0.6640625 0.7103846153846154 0.074375 0.04384615384615385
0 0.5253125 0.2803846153846154 0.061875 0.05923076923076923
0 0.29 0.33576923076923076 0.01875 0.023846153846153847
0 0.02 0.71 0.03 0.03538461538461538
0 0.051562500000000004 0.04346153846153846 0.025625000000000002 0.02076923076923077
0 0.21375 0.4815384615384615 0.02 0.023076923076923078
0 0.619375 0.5642307692307692 0.01375 0.02076923076923077
0 0.2959375 0.3676923076923077 0.025625000000000002 0.024615384615384615
0 0.8612500000000001 0.7253846153846154 0.0275 0.024615384615384615
0 0.706875 0.43884615384615383 0.01125 0.01769230769230769
0 0.003125 0.1523076923076923 0.00625 0.01846153846153846
0 0.5509375 0.5307692307692308 0.014375 0.012307692307692308
0 0.0028125 0.9115384615384615 0.005625 0.027692307692307693
0 0.588125 0.7038461538461539 0.07125000000000001 0.06615384615384616
0 0.02 0.9873076923076923 0.0325 0.023846153846153847
0 0.606875 0.995 0.01 0.008461538461538461
0 0.63875 0.5430769230769231 0.015 0.010769230769230769
0 0.305 0.4426923076923077 0.135 0.17153846153846153
0 0.451875 0.021153846153846155 0.03 0.04230769230769231
0 0.5703125 0.9826923076923076 0.019375 0.022307692307692306
0 0.6 0.06807692307692308 0.08 0.04846153846153846
0 0.49 0.4153846153846154 0.04875 0.055384615384615386
0 0.5856250000000001 0.6080769230769231 0.14125000000000001 0.10846153846153846
0 0.5740625 0.04230769230769231 0.098125 0.08461538461538462
