0 0.3231939163498099 0.7359963269054178 0.06539923954372623 0.06703397612488521
0 0.5418250950570341 0.4949494949494949 0.08288973384030418 0.05693296602387511
0 0.10722433460076045 0.29476584022038566 0.05019011406844106 0.07713498622589532
0 0.7262357414448669 0.4283746556473829 0.03650190114068441 0.06519742883379247
0 0.21596958174904943 0.5560146923783288 0.04714828897338403 0.08539944903581267
0 0.5190114068441064 0.8191000918273645 0.04638783269961977 0.0844811753902663
0 0.5889733840304182 0.8347107438016529 0.05855513307984791 0.07162534435261708
0 0.1365019011406844 0.3659320477502296 0.052471482889733835 0.050505050505050504
0 0.9380228136882128 0.25114784205693297 0.0403041825095057 0.07254361799816345
0 0.40342205323193914 0.6088154269972452 0.1482889733840304 0.12304866850321396
0 0.7311787072243345 0.07988980716253444 0.08136882129277566 0.07529843893480256
0 0.2722433460076045 0.6225895316804407 0.08973384030418251 0.12121212121212122
0 0.8091254752851711 0.11524334251606978 0.041064638783269956 0.05968778696051423
0 0.042965779467680605 0.830119375573921 0.04182509505703422 0.049586776859504134
0 0.596958174904943 0.29981634527089074 0.02129277566539924 0.02662993572084481
0 0.7730038022813688 0.48393021120293844 0.037262357414448666 0.03305785123966942
0 0.8844106463878326 0.21533516988062443 0.01977186311787072 0.028466483011937556
0 0.43726235741444863 0.25206611570247933 0.028897338403041824 0.04315886134067952
0 0.3060836501901141 0.9242424242424242 0.06159695817490494 0.07988980716253444
0 0.4901140684410646 0.25206611570247933 0.06311787072243345 0.07621671258034894
0 0.7604562737642585 0.3691460055096419 0.05627376425855513 0.07162534435261708
0 0.6775665399239543 0.4706152433425161 0.03802281368821293 0.032139577594123045
0 0.6463878326996197 0.24839302112029385 0.027376425855513305 0.07254361799816345
0 0.39543726235741444 0.5266299357208448 0.04562737642585551 0.03948576675849403
0 0.5231939163498098 0.696969696969697 0.04258555133079848 0.09917355371900827
0 0.41254752851711024 0.748852157943067 0.11330798479087452 0.07988980716253444
0 0.335361216730038 0.4706152433425161 0.03954372623574144 0.05234159779614325
0 0.30722433460076043 0.5165289256198347 0.03193916349809886 0.05234159779614325
0 0.7102661596958174 0.2938475665748393 0.05019011406844106 0.031221303948576674
0 0.03041825095057034 0.40082644628099173 0.028897338403041824 0.06887052341597796
0 0.9019011406844106 0.1078971533516988 0.05931558935361216 0.05601469237832874
0 0.6642585551330799 0.36501377410468316 0.05399239543726236 0.05234159779614325
0 0.22927756653992393 0.9256198347107438 0.08136882129277566 0.06978879706152433
0 0.961977186311787 0.1078971533516988 0.022813688212927754 0.03764921946740128
0 0.6802281368821292 0.41781450872359965 0.03574144486692015 0.025711662075298437
0 0.05627376425855513 0.1891643709825528 0.06387832699619772 0.1414141414141414
0 0.7163498098859316 0.5022956841138659 0.06539923954372623 0.03305785123966942
0 0.5920152091254752 0.5426997245179064 0.06311787072243345 0.06978879706152433
0 0.4163498098859315 0.073921028466483 0.05095057034220532 0.04499540863177227
0 0.6220532319391635 0.6492194674012856 0.06083650190114068 0.047750229568411386
0 0.5669201520912547 0.398989898989899 0.1300380228136882 0.16804407713498623
0 0.8486692015209125 0.22819100091827366 0.033460076045627375 0.030303030303030304
0 0.7570342205323194 0.4233241505968779 0.017490494296577945 0.02203856749311295
0 0.06653992395437262 0.08677685950413223 0.014448669201520912 0.024793388429752067
0 0.4973384030418251 0.13452708907254363 0.012167300380228136 0.02295684113865932
0 0.5604562737642586 0.2800734618916437 0.05475285171102661 0.05325987144168962
0 0.5486692015209125 0.6143250688705234 0.06159695817490494 0.06611570247933884
0 0.5859315589353612 0.7516069788797062 0.05703422053231939 0.07805325987144168
0 0.9577946768060835 0.1685032139577594 0.05551330798479087 0.03948576675849403
0 0.9190114068441064 0.9302112029384757 0.01596958174904943 0.025711662075298437
0 0.03878326996197718 0.15243342516069788 0.027376425855513305 0.06978879706152433
0 0.14334600760456273 0.9444444444444444 0.03878326996197718 0.021120293847566574
0 0.49505703422053227 0.03810835629017447 0.053231939163498096 0.01928374655647383
0 0.3315589353612167 0.43067033976124885 0.041064638783269956 0.023875114784205693
0 0.5524714828897338 0.05188246097337006 0.019011406844106463 0.03581267217630854
0 0.9634980988593155 0.44719926538108357 0.03041825095057034 0.03489439853076216
0 0.9733840304182508 0.3939393939393939 0.01520912547528517 0.0404040404040404
0 0.22699619771863117 0.7107438016528925 0.049429657794676805 0.06060606060606061
0 0.8209125475285171 0.1827364554637282 0.0311787072243346 0.025711662075298437
0 0.9205323193916349 0.8783287419651056 0.022053231939163497 0.030303030303030304
0 0.46425855513307984 0.49127640036730946 0.020532319391634978 0.049586776859504134
0 0.9790874524714829 0.2764003673094582 0.012927756653992395 0.07162534435261708
0 0.9498098859315589 0.9233241505968779 0.01977186311787072 0.04499540863177227
0 0.3060836501901141 0.39302112029384756 0.052471482889733835 0.02938475665748393
0 0.34334600760456274 0.2938475665748393 0.07224334600760456 0.04224058769513315
0 0.46121673003802277 0.7079889807162534 0.06007604562737642 0.05693296602387511
0 0.6901140684410646 0.6680440771349863 0.019011406844106463 0.02295684113865932
0 0.9638783269961977 0.32966023875114786 0.02965779467680608 0.03489439853076216
0 0.908745247148289 0.9573002754820936 0.02585551330798479 0.021120293847566574
0 0.7688212927756654 0.5348943985307621 0.01977186311787072 0.02295684113865932
0 0.38136882129277566 0.43434343434343436 0.014448669201520912 0.0202020202020202
0 0.6855513307984791 0.6377410468319559 0.02509505703422053 0.024793388429752067
0 0.15437262357414447 0.26905417814508725 0.027376425855513305 0.023875114784205693
0 0.2923954372623574 0.5477502295684114 0.011406844106463877 0.01744719926538108
0 0.959315589353612 0.8567493112947658 0.006844106463878326 0.018365472910927456
0 0.44600760456273764 0.46969696969696967 0.014448669201520912 0.011937557392102846
0 0.9878326996197718 0.14003673094582186 0.006083650190114068 0.02662993572084481
0 0.4163498098859315 0.3044077134986226 0.06920152091254753 0.06336088154269973
0 0.9741444866920151 0.0674931129476584 0.03193916349809886 0.02295684113865932
0 0.40912547528517107 0.028466483011937556 0.01064638783269962 0.009182736455463728
0 0.36197718631178705 0.45362718089990817 0.01520912547528517 0.011019283746556474
0 0.6790874524714828 0.566574839302112 0.13079847908745246 0.16345270890725436
0 0.5228136882129277 0.9563820018365473 0.02965779467680608 0.04132231404958678
0 0.444106463878327 0.04224058769513315 0.01977186311787072 0.02203856749311295
0 0.38174904942965776 0.904040404040404 0.07756653992395436 0.046831955922865015
0 0.5003802281368821 0.5821854912764004 0.04714828897338403 0.05325987144168962
0 0.4159695817490494 0.3953168044077135 0.13688212927756654 0.10376492194674013
0 0.4057034220532319 0.9302112029384757 0.09505703422053231 0.0808080808080808
