0 0.6552274541101357 0.24444444444444444 0.06544293695131684 0.06763285024154589
0 0.4541101356743815 0.5096618357487922 0.08300079808459697 0.057004830917874394
0 0.903830806065443 0.6642512077294686 0.05027932960893855 0.07826086956521738
0 0.2745411013567438 0.596135265700483 0.03671189146049481 0.06570048309178744
0 0.7761372705506784 0.4140096618357488 0.047086991221069435 0.08599033816425121
0 0.45331205107741424 0.18212560386473428 0.04628890662410216 0.08599033816425121
0 0.3822825219473264 0.17439613526570047 0.059058260175578615 0.07246376811594203
0 0.8699122106943337 0.596135265700483 0.052673583399840386 0.050241545893719805
0 0.07581803671189147 0.7971014492753623 0.03990422984836393 0.07342995169082125
0 0.584197924980048 0.38115942028985506 0.14844373503591382 0.12463768115942028
0 0.29529130087789307 0.9463768115942028 0.08140462889066241 0.07632850241545894
0 0.7146847565841979 0.3536231884057971 0.09018355945730248 0.1217391304347826
0 0.21388667198723066 0.9198067632850241 0.041500399042298484 0.05990338164251208
0 0.9289704708699122 0.12077294685990338 0.04309656823623304 0.050241545893719805
0 0.4134078212290503 0.7115942028985507 0.020750199521149242 0.028019323671497585
0 0.223463687150838 0.5458937198067633 0.03671189146049481 0.03285024154589372
0 0.13168395849960096 0.8270531400966183 0.019154030327214685 0.028985507246376812
0 0.5766161213088588 0.7429951690821256 0.02793296089385475 0.044444444444444446
0 0.6588188347964885 0.05410628019323671 0.06145251396648045 0.08115942028985507
0 0.5235434956105347 0.7478260869565218 0.06384676775738228 0.07729468599033816
0 0.24461292897047088 0.6594202898550724 0.05666400638467678 0.07246376811594203
0 0.3200319233838787 0.5492753623188406 0.03830806065442937 0.03188405797101449
0 0.3675179569034318 0.7681159420289855 0.02793296089385475 0.07342995169082125
0 0.5985634477254589 0.4628019323671497 0.04628890662410216 0.04057971014492753
0 0.4581005586592179 0.30483091787439615 0.04309656823623304 0.09951690821256039
0 0.5650438946528332 0.24154589371980675 0.11332801276935356 0.07922705314009662
0 0.6624102154828412 0.5120772946859903 0.03990422984836393 0.05217391304347826
0 0.6879489225857941 0.4632850241545894 0.03192338387869114 0.05314009661835749
0 0.30047885075818037 0.729951690821256 0.05027932960893855 0.03188405797101449
0 0.9732641660015963 0.5497584541062802 0.029529130087789308 0.06956521739130435
0 0.12210694333599362 0.9371980676328502 0.059058260175578615 0.05603864734299517
0 0.34158020750199525 0.6531400966183575 0.05426975259377494 0.05217391304347826
0 0.7354349561053473 0.044444444444444446 0.0822027134876297 0.06956521739130435
0 0.06225059856344773 0.9429951690821256 0.0223463687150838 0.03864734299516908
0 0.32122905027932963 0.6024154589371981 0.035913806863527534 0.02608695652173913
0 0.9624900239425379 0.7652173913043478 0.06544293695131684 0.1429951690821256
0 0.27853152434158024 0.5207729468599034 0.06544293695131684 0.03285024154589372
0 0.4002394253790902 0.4681159420289855 0.06304868316041501 0.07053140096618357
0 0.6105347166799681 0.9193236714975845 0.05107741420590583 0.04541062801932367
0 0.3627294493216281 0.36425120772946856 0.06145251396648045 0.04830917874396135
0 0.4365522745411014 0.6091787439613526 0.13088587390263368 0.16908212560386474
0 0.16679968076616122 0.8106280193236715 0.0335195530726257 0.030917874396135265
0 0.24421388667198723 0.6053140096618357 0.017557861133280128 0.022222222222222223
0 0.9596967278531525 0.8685990338164251 0.015163607342378293 0.025120772946859903
0 0.5251396648044693 0.8666666666666667 0.012769353551476457 0.02318840579710145
0 0.451316839584996 0.7280193236714976 0.05506783719074222 0.05314009661835749
0 0.43854748603351956 0.3908212560386473 0.06145251396648045 0.06666666666666667
0 0.3910614525139665 0.257487922705314 0.05746209098164406 0.07826086956521738
0 0.06185155626496409 0.8816425120772947 0.05666400638467678 0.03961352657004831
0 0.04549082202713488 0.11352657004830917 0.01596169193934557 0.02608695652173913
0 0.9824421388667199 0.7999999999999999 0.02713487629688747 0.0714975845410628
0 0.8200319233838788 0.01642512077294686 0.03910614525139665 0.021256038647342993
0 0.5347166799680766 0.9632850241545894 0.052673583399840386 0.01932367149758454
0 0.6691939345570631 0.5516908212560386 0.040702314445331206 0.02318840579710145
0 0.47605746209098165 0.9555555555555555 0.018355945730247406 0.03671497584541063
0 0.035913806863527534 0.6028985507246377 0.030327214684756586 0.034782608695652174
0 0.029928172386272947 0.6570048309178744 0.015163607342378293 0.04057971014492753
0 0.753391859537111 0.2603864734299517 0.04948124501197127 0.0608695652173913
0 0.19752593774940144 0.8531400966183574 0.031125299281723865 0.027053140096618356
0 0.04748603351955308 0.16570048309178745 0.02314445331205108 0.02995169082125604
0 0.5323224261771748 0.5053140096618357 0.020750199521149242 0.050241545893719805
0 0.03272146847565842 0.7758454106280193 0.012769353551476457 0.07342995169082125
0 0.014764565043894654 0.12415458937198068 0.019952114924181964 0.04541062801932367
0 0.6979249800478851 0.5869565217391304 0.053471667996807665 0.02995169082125604
0 0.6671987230646449 0.6908212560386473 0.07342378292098962 0.042512077294685986
0 0.5195530726256984 0.28840579710144926 0.06065442936951317 0.057004830917874394
0 0.2936951316839585 0.3521739130434782 0.019154030327214685 0.024154589371980676
0 0.04429369513168396 0.7207729468599033 0.029529130087789308 0.034782608695652174
0 0.053471667996807665 0.08550724637681159 0.025538707102952914 0.020289855072463767
0 0.22466081404628893 0.49468599033816424 0.019952114924181964 0.02318840579710145
0 0.6193136472466082 0.553623188405797 0.014365522745411015 0.021256038647342993
0 0.30007980845969673 0.38212560386473426 0.025538707102952914 0.024154589371980676
0 0.8583399840383081 0.6951690821256038 0.02793296089385475 0.024154589371980676
0 0.6999201915403033 0.429951690821256 0.0111731843575419 0.017391304347826087
0 0.009976057462090982 0.19082125603864733 0.007182761372705507 0.018357487922705314
0 0.5522745411013568 0.5251207729468599 0.014365522745411015 0.012560386473429951
0 0.034317637669592976 0.9135265700483092 0.006384676775738229 0.028019323671497585
0 0.5933758978451716 0.6879227053140097 0.06943335993615324 0.06376811594202898
0 0.05307262569832402 0.9845410628019323 0.03272146847565842 0.02318840579710145
0 0.6213088587390264 0.9637681159420289 0.010375099760574621 0.008695652173913044
0 0.6372705506783719 0.5323671497584541 0.015163607342378293 0.011594202898550725
0 0.3112529928172386 0.45314009661835747 0.13088587390263368 0.1642512077294686
0 0.44014365522745413 0.04492753623188406 0.029529130087789308 0.04154589371980676
0 0.5853950518754988 0.9541062801932367 0.019952114924181964 0.022222222222222223
0 0.5849960095770151 0.08260869565217391 0.0782122905027933 0.04734299516908212
0 0.48922585794094176 0.41835748792270533 0.047885075818036714 0.05410628019323671
0 0.5877893056664006 0.5966183574879227 0.1380686352753392 0.10338164251207729
0 0.558659217877095 0.05893719806763285 0.09577015163607343 0.08115942028985507
