0 0.3473282442748092 0.7520449897750512 0.06530958439355386 0.06646216768916156
0 0.5441051738761662 0.48824130879345606 0.08227311280746395 0.056237218813905934
0 0.09711620016963528 0.3410020449897751 0.05004240882103477 0.07668711656441718
0 0.7217981340118744 0.39979550102249495 0.035623409669211195 0.065439672801636
0 0.226039016115352 0.5869120654396729 0.04664970313825276 0.08588957055214724
0 0.547921967769296 0.8118609406952966 0.04580152671755725 0.08384458077709613
0 0.6187446988973706 0.8185071574642128 0.058524173027989825 0.07259713701431493
0 0.13146734520780323 0.4084867075664622 0.05258693808312129 0.05010224948875256
0 0.9173027989821882 0.19989775051124747 0.03986429177268872 0.07259713701431493
0 0.4164546225614928 0.617075664621677 0.1475826972010178 0.12372188139059306
0 0.6980491942324003 0.05419222903885481 0.08142493638676845 0.07566462167689163
0 0.2871077184054283 0.6462167689161554 0.089058524173028 0.12065439672801637
0 0.779050042408821 0.07975460122699388 0.041560644614079725 0.059304703476482624
0 0.07718405428329092 0.8788343558282209 0.04240882103477523 0.05010224948875256
0 0.5831212892281594 0.2883435582822086 0.021204410517387615 0.026584867075664625
0 0.7726887192536047 0.4493865030674847 0.037319762510602206 0.033742331288343565
0 0.861323155216285 0.16973415132924338 0.019508057675996608 0.02862985685071575
0 0.4211195928753181 0.25920245398773006 0.027989821882951654 0.04396728016359919
0 0.34563189143341816 0.9406952965235175 0.06022052586938083 0.07975460122699388
0 0.47370653095843934 0.25357873210633947 0.06361323155216285 0.07566462167689163
0 0.7514843087362171 0.33691206543967284 0.05597964376590331 0.07259713701431493
0 0.6772688719253604 0.4473415132924336 0.03816793893129771 0.03169734151329243
0 0.628498727735369 0.2315950920245399 0.02714164546225615 0.07259713701431493
0 0.4020356234096692 0.5362985685071575 0.04580152671755725 0.03987730061349694
0 0.5424088210347753 0.6901840490797546 0.041560644614079725 0.098159509202454
0 0.43723494486853265 0.7540899795501024 0.11280746395250212 0.07873210633946831
0 0.3379983036471586 0.48824130879345606 0.03986429177268872 0.052147239263803685
0 0.31297709923664124 0.5373210633946831 0.032230703986429174 0.052147239263803685
0 0.695080576759966 0.2689161554192229 0.05004240882103477 0.030674846625766874
0 0.02968617472434266 0.45552147239263807 0.02883799830364716 0.06850715746421268
0 0.8702290076335878 0.06186094069529653 0.05937234944868532 0.056237218813905934
0 0.6547921967769296 0.34458077709611457 0.0542832909245123 0.051124744376278126
0 0.2697201017811705 0.9509202453987731 0.08142493638676845 0.06952965235173825
0 0.9296013570822731 0.05470347648261759 0.02205258693808312 0.037832310838445814
0 0.6751484308736218 0.39417177914110435 0.035623409669211195 0.025562372188139063
0 0.03816793893129771 0.2423312883435583 0.06446140797285835 0.14110429447852763
0 0.7184054283290925 0.474437627811861 0.06446140797285835 0.032719836400818
0 0.5979643765903307 0.5286298568507158 0.06276505513146735 0.06952965235173825
0 0.38549618320610685 0.08588957055214724 0.05004240882103477 0.044989775051124746
0 0.6361323155216285 0.6303680981595092 0.061068702290076333 0.048057259713701436
0 0.5610687022900763 0.3895705521472393 0.1297709923664122 0.16768916155419225
0 0.8269720101781171 0.18711656441717794 0.033927056827820185 0.030674846625766874
0 0.7519083969465649 0.3911042944785276 0.017811704834605598 0.02147239263803681
0 0.03986429177268872 0.14008179959100206 0.015267175572519083 0.0245398773006135
0 0.47116200169635286 0.1365030674846626 0.01272264631043257 0.023517382413087935
0 0.5453774385072095 0.2719836400817996 0.0542832909245123 0.05316973415132925
0 0.5610687022900763 0.605316973415133 0.06191687871077184 0.065439672801636
0 0.6089906700593724 0.736196319018405 0.05767599660729432 0.07770961145194274
0 0.9304495335029687 0.11554192229038857 0.05597964376590331 0.03885480572597137
0 0.953774385072095 0.8742331288343559 0.016115351993214587 0.026584867075664625
0 0.017811704834605598 0.20807770961145197 0.02714164546225615 0.07055214723926381
0 0.18575063613231552 0.9800613496932516 0.039016115351993216 0.02147239263803681
0 0.46055979643765904 0.04141104294478528 0.05258693808312129 0.019427402862985686
0 0.33078880407124683 0.4493865030674847 0.04071246819338423 0.023517382413087935
0 0.5190839694656488 0.04754601226993865 0.018659881255301103 0.03578732106339469
0 0.958863443596268 0.3905930470347649 0.02968617472434266 0.034764826175869123
0 0.963952502120441 0.33691206543967284 0.01441899915182358 0.03987730061349694
0 0.2497879558948261 0.7387525562372189 0.04834605597964377 0.06032719836400818
0 0.7955894826123834 0.14519427402862986 0.030534351145038167 0.026584867075664625
0 0.9512298558100085 0.822597137014315 0.022900763358778626 0.029652351738241312
0 0.4673452078032231 0.49335378323108386 0.020356234096692113 0.05010224948875256
0 0.9601357082273113 0.21983640081799594 0.013570822731128074 0.07157464212678938
0 0.9843087362171331 0.8629856850715747 0.019508057675996608 0.044989775051124746
0 0.3023748939779474 0.41462167689161555 0.05343511450381679 0.029652351738241312
0 0.33121289228159456 0.3123721881390593 0.0720949957591179 0.04192229038854806
0 0.4821882951653944 0.7075664621676893 0.06022052586938083 0.0572597137014315
0 0.7056827820186599 0.6416155419222904 0.018659881255301103 0.023517382413087935
0 0.9495335029686175 0.2740286298568507 0.02968617472434266 0.034764826175869123
0 0.9457167090754877 0.9018404907975461 0.02544529262086514 0.02044989775051125
0 0.7726887192536047 0.5 0.020356234096692113 0.022494887525562373
0 0.38040712468193383 0.4468302658486708 0.01441899915182358 0.02044989775051125
0 0.6980491942324003 0.6119631901840491 0.02544529262086514 0.023517382413087935
0 0.14164546225614927 0.30981595092024544 0.02714164546225615 0.0245398773006135
0 0.3015267175572519 0.5700408997955011 0.01102629346904156 0.017382413087934562
0 0.9881255301102629 0.7965235173824131 0.006785411365564037 0.018404907975460124
0 0.4474130619168787 0.474437627811861 0.01441899915182358 0.01226993865030675
0 0.9575911789652247 0.08384458077709613 0.006785411365564037 0.026584867075664625
0 0.40458015267175573 0.3139059304703477 0.06955046649703138 0.06339468302658487
0 0.9380831212892281 0.013803680981595094 0.032230703986429174 0.023517382413087935
0 0.3748939779474131 0.04141104294478528 0.010178117048346057 0.009202453987730062
0 0.3621713316369805 0.4677914110429448 0.015267175572519083 0.011247443762781187
0 0.686598812553011 0.5419222903885481 0.1297709923664122 0.16155419222903886
0 0.5627650551314674 0.9468302658486708 0.02968617472434266 0.0408997955010225
0 0.4100932994062765 0.050613496932515344 0.019508057675996608 0.02147239263803681
0 0.4189991518235793 0.911554192229039 0.07803223070398643 0.04601226993865031
0 0.5106022052586938 0.5787321063394684 0.04749787955894826 0.05316973415132925
0 0.410941475826972 0.40388548057259716 0.13655640373197625 0.10224948875255625
0 0.44529262086513993 0.9345603271983641 0.09499575911789652 0.07975460122699388
