0 0.35052377115229655 0.7521781219748306 0.064464141821112 0.06582768635043562
0 0.5443190975020145 0.4878993223620523 0.0813859790491539 0.05614714424007745
0 0.0983078162771958 0.34704743465634075 0.0499597099113618 0.07647628267182963
0 0.7199838839645447 0.398838334946757 0.0362610797743755 0.06389157792836399
0 0.22884770346494762 0.5890609874152952 0.046736502820306204 0.08422071636011617
0 0.5507655116841257 0.8083252662149081 0.0459307010475423 0.08325266214908035
0 0.620467365028203 0.814133591481123 0.0580177276390008 0.07163601161665054
0 0.13336019339242547 0.4133591481122943 0.052377115229653506 0.05033881897386254
0 0.9133763094278807 0.1979670861568248 0.0394842868654311 0.07260406582768636
0 0.41821112006446415 0.616650532429816 0.14665592264302982 0.12197483059051308
0 0.693795326349718 0.05663117134559535 0.08058017727639001 0.07454017424975799
0 0.290088638195004 0.6471442400774443 0.088638195004029 0.11907066795740562
0 0.774375503626108 0.0808325266214908 0.040290088638195005 0.0590513068731849
0 0.08299758259468171 0.8799612778315586 0.041901692183722805 0.0484027105517909
0 0.5817888799355359 0.2894482090997096 0.020950846091861403 0.027105517909002903
0 0.7711522965350524 0.44724104549854793 0.0370668815471394 0.03291384317521781
0 0.8573730862207897 0.16940948693126814 0.019339242546333603 0.02904162633107454
0 0.42022562449637385 0.2628267182962246 0.0282030620467365 0.04356243949661181
0 0.3501208702659146 0.9385285575992256 0.060435132957292505 0.07841239109390126
0 0.47219983883964545 0.2565343659244918 0.06285253827558421 0.0755082284607938
0 0.7489927477840451 0.33591481122942884 0.055600322320709106 0.07163601161665054
0 0.6760676873489121 0.4457889641819942 0.0370668815471394 0.031945788964181994
0 0.6257050765511684 0.23233301064859632 0.0265914585012087 0.07163601161665054
0 0.40290088638195004 0.537270087124879 0.045124899274778404 0.038722168441432725
0 0.5439161966156325 0.6878025169409487 0.041901692183722805 0.09777347531461762
0 0.4395648670427075 0.7526621490803486 0.1120064464141821 0.07841239109390126
0 0.33883964544721995 0.4903194578896418 0.0394842868654311 0.051306873184898356
0 0.3150684931506849 0.5392061955469506 0.032232070910556 0.05227492739593417
0 0.6925866236905721 0.2686350435624395 0.0507655116841257 0.03000968054211036
0 0.032232070910556 0.4607938044530494 0.0290088638195004 0.06776379477250727
0 0.8650282030620468 0.06147144240077444 0.058823529411764705 0.05517909002904163
0 0.653102336825141 0.3441432720232333 0.053988718775181306 0.051306873184898356
0 0.2747784045124899 0.9496611810261375 0.08058017727639001 0.06776379477250727
0 0.9242546333601933 0.05421103581800581 0.022562449637389202 0.036786060019361085
0 0.6740531829170023 0.39399806389157793 0.0346494762288477 0.02516940948693127
0 0.03908138597904915 0.24975798644724106 0.0636583400483481 0.1393998063891578
0 0.717163577759871 0.4724104549854792 0.064464141821112 0.03291384317521781
0 0.5983078162771958 0.5275895450145208 0.062046736502820304 0.0696999031945789
0 0.3835616438356164 0.0909970958373669 0.0499597099113618 0.04453049370764763
0 0.636986301369863 0.627783155856728 0.060435132957292505 0.04743465634075508
0 0.5608380338436745 0.38964181994191677 0.128928283642224 0.16553727008712488
0 0.8227236099919419 0.18635043562439496 0.0338436744560838 0.03000968054211036
0 0.749798549556809 0.38964181994191677 0.0169218372280419 0.022265246853823816
0 0.040290088638195005 0.14859632139399806 0.0145044319097502 0.02420135527589545
0 0.46897663174858983 0.14036786060019363 0.0128928283642224 0.023233301064859633
0 0.5435132957292506 0.2739593417231365 0.053988718775181306 0.05227492739593417
0 0.5616438356164384 0.6040658276863504 0.0612409347300564 0.06582768635043562
0 0.6103948428686543 0.7333010648596322 0.057211925866236905 0.07647628267182963
0 0.9254633360193392 0.11423039690222653 0.055600322320709106 0.038722168441432725
0 0.9540692989524576 0.8659244917715392 0.016116035455278 0.026137463697967087
0 0.01893634165995165 0.21587608906098743 0.0265914585012087 0.0696999031945789
0 0.1917808219178082 0.9791868344627299 0.038678485092667206 0.02032913843175218
0 0.45769540692989524 0.045982575024201354 0.0531829170024174 0.018393030009680542
0 0.3315874294923449 0.4515972894482091 0.0410958904109589 0.022265246853823816
0 0.515713134568896 0.05227492739593417 0.019339242546333603 0.03484995159728945
0 0.9552780016116035 0.3867376573088093 0.0298146655922643 0.033881897386253634
0 0.9601128122481869 0.3334946757018393 0.0153102336825141 0.03969022265246854
0 0.2534246575342466 0.7391093901258471 0.0491539081385979 0.0590513068731849
0 0.7921031426269137 0.14569215876089062 0.0306204673650282 0.026137463697967087
0 0.951248992747784 0.8146176185866408 0.021756647864625302 0.03000968054211036
0 0.467767929089444 0.4941916747337851 0.020145044319097503 0.04937076476282672
0 0.9556809024979854 0.21732817037754115 0.0128928283642224 0.07066795740561471
0 0.9842868654311039 0.8547918683446273 0.020145044319097503 0.04453049370764763
0 0.30338436744560837 0.41771539206195546 0.052377115229653506 0.028073572120038724
0 0.3315874294923449 0.3160696999031946 0.0717163577759871 0.041626331074540175
0 0.48428686543110394 0.7061955469506292 0.0596293311845286 0.05517909002904163
0 0.7054794520547945 0.6379477250726041 0.0185334407735697 0.023233301064859633
0 0.9452054794520548 0.27153920619554694 0.0290088638195004 0.033881897386253634
0 0.9464141821112007 0.893998063891578 0.0249798549556809 0.02032913843175218
0 0.7715551974214343 0.49709583736689256 0.020145044319097503 0.022265246853823816
0 0.38074133763094276 0.44869312681510165 0.0136986301369863 0.02032913843175218
0 0.6982272360999194 0.6089060987415296 0.0249798549556809 0.023233301064859633
0 0.14302981466559225 0.3155856727976767 0.0265914585012087 0.023233301064859633
0 0.30338436744560837 0.5711519845111327 0.012087026591458501 0.017424975798644726
0 0.9875100725221595 0.7889641819941917 0.0072522159548751 0.017424975798644726
0 0.4480257856567284 0.47483059051306875 0.0145044319097502 0.012584704743465635
0 0.9520547945205479 0.08276863504356244 0.0056406124093473006 0.026137463697967087
0 0.4041095890410959 0.3165537270087125 0.0684931506849315 0.061955469506292354
0 0.9323126510878323 0.013552758954501452 0.032232070910556 0.023233301064859633
0 0.3726833199033038 0.04695062923523718 0.010475423045930701 0.008712487899322363
0 0.36341659951651895 0.46999031945788966 0.0145044319097502 0.010648596321393998
0 0.6861402095084609 0.5401742497579864 0.1297340854149879 0.1606969990319458
0 0.5660757453666397 0.9419167473378509 0.0298146655922643 0.04065827686350436
0 0.4077356970185334 0.05614714424007745 0.019339242546333603 0.021297192642787996
0 0.42264302981466556 0.9090029041626332 0.07655116841257051 0.046466602129719266
0 0.5112812248186945 0.5779283639883833 0.0475423045930701 0.05227492739593417
0 0.4117647058823529 0.4060987415295257 0.1353746978243352 0.10164569215876089
0 0.44923448831587426 0.931268151016457 0.09427880741337631 0.07938044530493708
