0 0.3271507498026835 0.7219074598677998 0.06393054459352802 0.06515580736543909
0 0.5465666929755327 0.4943342776203966 0.08129439621152329 0.05571293673276676
0 0.1239147592738753 0.2865911237016053 0.0489344909234412 0.07459867799811143
0 0.728887134964483 0.4348441926345609 0.035516969218626675 0.06326723323890462
0 0.22533543804262035 0.5439093484419264 0.04656669297553275 0.08309726156751653
0 0.5173638516179953 0.8087818696883853 0.04498816101026046 0.0821529745042493
0 0.585635359116022 0.8262511803588292 0.056827150749802685 0.06987724268177527
0 0.1511444356748224 0.3569405099150142 0.05130228887134965 0.04910292728989613
0 0.9408050513022889 0.26864966949952784 0.03946329913180742 0.0708215297450425
0 0.4084451460142068 0.601038715769594 0.14443567482241515 0.11992445703493863
0 0.7407261247040252 0.0963172804532578 0.07971586424625099 0.0736543909348442
0 0.27900552486187846 0.6100094428706327 0.08760852407261246 0.11709159584513693
0 0.8172849250197316 0.13267233238904627 0.04025256511444357 0.05760151085930123
0 0.049723756906077346 0.8050047214353164 0.04104183109707971 0.0481586402266289
0 0.6049723756906077 0.3059490084985836 0.021310181531176007 0.02644003777148253
0 0.7742699289660616 0.4900849858356941 0.036306235201262825 0.03210576015108593
0 0.8887134964483031 0.2322946175637394 0.01894238358326756 0.028328611898016998
0 0.4490923441199684 0.2544853635505194 0.028413575374901343 0.042492917847025496
0 0.30623520126282555 0.9050991501416431 0.05998421468034728 0.07837582625118036
0 0.5007892659826362 0.25637393767705385 0.062352012628255724 0.07459867799811143
0 0.7640094711917916 0.3781869688385269 0.055248618784530384 0.0708215297450425
0 0.680741910023678 0.47450424929178475 0.037095501183898975 0.0311614730878187
0 0.654301499605367 0.25731822474032107 0.026835043409629045 0.0708215297450425
0 0.4021310181531176 0.5207743153918791 0.04498816101026046 0.03871576959395656
0 0.5244672454617206 0.6902738432483475 0.041831097079715863 0.0963172804532578
0 0.414759273875296 0.7374881964117092 0.11128650355169692 0.07743153918791312
0 0.34451460142067875 0.46411709159584513 0.03867403314917127 0.050047214353163366
0 0.31570639305445936 0.5080264400377715 0.03157063930544594 0.0509915014164306
0 0.7162588792423047 0.3031161473087819 0.049723756906077346 0.030217186024551465
0 0.04617205998421468 0.3876298394711993 0.02920284135753749 0.06704438149197356
0 0.9084451460142068 0.12842304060434373 0.05840568271507498 0.05476864966949953
0 0.6692975532754538 0.37157695939565627 0.05367008681925809 0.050047214353163366
0 0.2308602999210734 0.9036827195467423 0.07971586424625099 0.0679886685552408
0 0.9676400947119179 0.12983947119924458 0.022099447513812154 0.0368271954674221
0 0.6842936069455406 0.4230406043437205 0.03472770323599053 0.024551463644948066
0 0.07616416732438831 0.18224740321057603 0.06393054459352802 0.13786591123701605
0 0.7178374112075769 0.5070821529745043 0.06393054459352802 0.03210576015108593
0 0.5951065509076559 0.5420207743153919 0.06156274664561957 0.0679886685552408
0 0.43212312549329124 0.08073654390934845 0.049723756906077346 0.044381491973559964
0 0.6219415943172849 0.6463644948064212 0.05998421468034728 0.04627006610009443
0 0.5730071033938438 0.40084985835694054 0.12786108918705605 0.16336166194523136
0 0.8531965272296764 0.24362606232294617 0.03314917127071823 0.030217186024551465
0 0.7592738752959748 0.43059490084985835 0.017363851617995266 0.02077431539187913
0 0.08839779005524862 0.08262511803588292 0.014206787687450671 0.023607176581680833
0 0.510655090765588 0.14211520302171862 0.012628255722178374 0.023607176581680833
0 0.569060773480663 0.28517469310670446 0.05367008681925809 0.0509915014164306
0 0.5509076558800315 0.6109537299339 0.05998421468034728 0.06421152030217187
0 0.5844514601420678 0.7450424929178471 0.056037884767166535 0.07554296506137867
0 0.9621152328334649 0.18932955618508027 0.055248618784530384 0.03871576959395656
0 0.9076558800315706 0.928706326723324 0.01578531965272297 0.0254957507082153
0 0.05998421468034728 0.14589235127478753 0.026835043409629045 0.06893295561850803
0 0.14601420678768745 0.9197355996222852 0.03788476716653512 0.02077431539187913
0 0.5098658247829518 0.0481586402266289 0.05209155485398579 0.018885741265344667
0 0.3413575374901342 0.42540132200188857 0.04025256511444357 0.023607176581680833
0 0.5662983425414365 0.06373937677053824 0.018153117600631413 0.034938621340887634
0 0.9617205998421468 0.4598677998111426 0.02920284135753749 0.0339943342776204
0 0.9719810576164167 0.408876298394712 0.01499605367008682 0.039660056657223795
0 0.23322809786898185 0.6945231350330501 0.04814522494080505 0.059490084985835696
0 0.8271507498026835 0.19877242681775262 0.02999210734017364 0.0254957507082153
0 0.9108129439621152 0.8786591123701606 0.022099447513812154 0.02927289896128423
0 0.4707971586424625 0.4886685552407932 0.01973164956590371 0.0481586402266289
0 0.9802683504340963 0.2946175637393768 0.012628255722178374 0.06987724268177527
0 0.9388318863456985 0.9230406043437205 0.01973164956590371 0.044381491973559964
0 0.31728492501973166 0.3881019830028329 0.05209155485398579 0.028328611898016998
0 0.35595895816890294 0.2927289896128423 0.07103393843725335 0.04154863078375826
0 0.462904498816101 0.6987724268177526 0.05919494869771113 0.05476864966949953
0 0.6886345698500395 0.6671388101983003 0.018153117600631413 0.023607176581680833
0 0.9640883977900553 0.346081208687441 0.02920284135753749 0.033050047214353166
0 0.8973954222573007 0.9551463644948065 0.025256511444356748 0.019830028328611898
0 0.7683504340962904 0.5396600566572238 0.01973164956590371 0.021718602455146365
0 0.39029202841357535 0.43012275731822475 0.013417521704814523 0.019830028328611898
0 0.6846882399368587 0.6369216241737489 0.0244672454617206 0.023607176581680833
0 0.17087608524072612 0.26298394711992445 0.026045777426992895 0.023607176581680833
0 0.3007103393843725 0.538243626062323 0.011049723756906077 0.0169971671388102
0 0.9490923441199685 0.8588290840415487 0.007103393843725336 0.017941454202077434
0 0.4530386740331492 0.4669499527856469 0.014206787687450671 0.012275731822474033
0 0.9917127071823204 0.16241737488196412 0.0055248618784530384 0.02644003777148253
0 0.4277821625887924 0.3045325779036827 0.06787687450670876 0.061378659112370164
0 0.9794790844514601 0.09159584513692162 0.03157063930544594 0.0226628895184136
0 0.42580899763220204 0.03635505193578848 0.010260457774269928 0.0084985835694051
0 0.3705603788476717 0.4480642115203022 0.01499605367008682 0.010387157695939566
0 0.6803472770323599 0.5675165250236072 0.12786108918705605 0.15864022662889518
0 0.5181531176006314 0.9423984891406988 0.02920284135753749 0.039660056657223795
0 0.4601420678768745 0.05051935788479698 0.01894238358326756 0.021718602455146365
0 0.3808208366219416 0.8876298394711993 0.07655880031570639 0.0453257790368272
0 0.5039463299131808 0.5774315391879131 0.04656669297553275 0.051935788479697834
0 0.4246250986582478 0.39329556185080267 0.13417521704814522 0.10103871576959396
0 0.40410418310970797 0.9135977337110482 0.0931333859510655 0.07837582625118036
