0 0.6729708431836092 0.27677725118483415 0.06461780929866037 0.06635071090047394
0 0.4539007092198582 0.5113744075829384 0.08195429472025217 0.055924170616113746
0 0.8829787234042554 0.7151658767772512 0.04964539007092199 0.07677725118483412
0 0.2706855791962175 0.5744075829383887 0.03546099290780142 0.06445497630331753
0 0.7777777777777778 0.45592417061611373 0.047281323877068564 0.08530805687203792
0 0.4799054373522459 0.19146919431279621 0.04570527974783294 0.08341232227488152
0 0.4109535066981876 0.17582938388625594 0.057525610717100086 0.07109004739336493
0 0.8550039401103231 0.6445497630331753 0.05200945626477542 0.04928909952606635
0 0.0591016548463357 0.7469194312796209 0.039401103230890466 0.07203791469194314
0 0.5925925925925927 0.40094786729857823 0.14657210401891255 0.12132701421800948
0 0.2624113475177305 0.918957345971564 0.08037825059101655 0.07488151658767772
0 0.7230102442868401 0.38957345971563984 0.08904649330181245 0.11943127962085308
0 0.1851851851851852 0.8829383886255925 0.04097714736012609 0.05971563981042654
0 0.9515366430260048 0.1876777251184834 0.0417651694247439 0.04928909952606635
0 0.3975571315996848 0.7033175355450237 0.021276595744680854 0.026540284360189573
0 0.22458628841607567 0.5194312796208531 0.03624901497241923 0.03222748815165877
0 0.11150512214342002 0.7829383886255924 0.019700551615445233 0.028436018957345974
0 0.5555555555555556 0.7530805687203792 0.028368794326241138 0.04265402843601896
0 0.6918833727344366 0.0909952606635071 0.05988967691095351 0.07962085308056872
0 0.5027580772261624 0.7516587677725118 0.06304176516942475 0.07582938388625593
0 0.2360126083530339 0.6327014218009479 0.055949566587864465 0.07109004739336493
0 0.3191489361702128 0.5341232227488152 0.037825059101654845 0.03127962085308057
0 0.3479117415287628 0.7535545023696683 0.027580772261623327 0.07203791469194314
0 0.599684791174153 0.48246445497630336 0.04570527974783294 0.03981042654028436
0 0.4743892828999212 0.3123222748815166 0.04255319148936171 0.09763033175355451
0 0.5847123719464146 0.26255924170616113 0.11189913317572893 0.07772511848341232
0 0.6579984239558708 0.5383886255924171 0.039401103230890466 0.05118483412322275
0 0.6871552403467297 0.49336492890995265 0.031520882584712376 0.05213270142180095
0 0.285263987391647 0.7080568720379147 0.0504334121355398 0.03033175355450237
0 0.9602048857368007 0.6113744075829384 0.029156816390858944 0.06824644549763033
0 0.09338061465721041 0.8890995260663508 0.0591016548463357 0.054976303317535544
0 0.33175728920409775 0.637914691943128 0.05358550039401103 0.05118483412322275
0 0.7679275019700552 0.0909952606635071 0.08116627265563436 0.06824644549763033
0 0.0338849487785658 0.8881516587677726 0.02206461780929866 0.037914691943127965
0 0.31599684791174154 0.5862559241706161 0.03467297084318361 0.025592417061611375
0 0.9326241134751774 0.8203791469194313 0.06382978723404256 0.13933649289099526
0 0.28092986603624903 0.5014218009478674 0.06382978723404256 0.03222748815165877
0 0.4046493301812451 0.46398104265402845 0.06225374310480694 0.06919431279620854
0 0.574468085106383 0.9293838862559242 0.0504334121355398 0.04454976303317536
0 0.376280535855004 0.3582938388625593 0.06067769897557132 0.047393364928909956
0 0.42828999211977936 0.6061611374407583 0.12844759653270293 0.16587677725118483
0 0.14775413711583926 0.7706161137440759 0.0338849487785658 0.03033175355450237
0 0.24034672970843185 0.5796208530805688 0.017336485421591805 0.021800947867298578
0 0.9211977935382192 0.9213270142180096 0.014184397163120569 0.024644549763033177
0 0.4948778565799843 0.8682464454976303 0.01260835303388495 0.022748815165876776
0 0.43380614657210403 0.723696682464455 0.054373522458628844 0.05213270142180095
0 0.4483845547675335 0.3928909952606635 0.06146572104018913 0.06540284360189573
0 0.4129235618597321 0.25734597156398104 0.056737588652482275 0.07677725118483412
0 0.038613081166272656 0.8279620853080569 0.055161544523246654 0.03886255924170616
0 0.08471237194641451 0.07630331753554502 0.014972419227738377 0.025592417061611375
0 0.9491725768321514 0.856872037914692 0.027580772261623327 0.07014218009478673
0 0.8534278959810875 0.07298578199052133 0.037825059101654845 0.02085308056872038
0 0.496059889676911 0.9630331753554503 0.05279747832939323 0.018957345971563982
0 0.6619385342789599 0.5777251184834123 0.04097714736012609 0.023696682464454978
0 0.4393223010244287 0.9488151658767773 0.018124507486209616 0.03601895734597157
0 0.03546099290780142 0.5530805687203791 0.029944838455476755 0.035071090047393366
0 0.025610717100078804 0.604739336492891 0.014972419227738377 0.03981042654028436
0 0.7683215130023641 0.3028436018957346 0.04885736800630418 0.05971563981042654
0 0.17454688731284476 0.8161137440758294 0.030732860520094565 0.026540284360189573
0 0.08274231678486998 0.12748815165876778 0.02206461780929866 0.029383886255924172
0 0.5311268715524035 0.5161137440758294 0.020488573680063044 0.04834123222748815
0 0.018912529550827423 0.7208530805687204 0.01260835303388495 0.07109004739336493
0 0.05358550039401103 0.08293838862559241 0.020488573680063044 0.04454976303317536
0 0.6867612293144209 0.6156398104265403 0.05279747832939323 0.029383886255924172
0 0.648936170212766 0.7127962085308057 0.07171000788022065 0.04170616113744076
0 0.5358550039401103 0.3028436018957346 0.05988967691095351 0.055924170616113746
0 0.30890464933018125 0.33838862559241706 0.018912529550827423 0.022748815165876776
0 0.034278959810874705 0.6691943127962086 0.029156816390858944 0.034123222748815164
0 0.09535066981875494 0.04976303317535545 0.0252167060677699 0.01990521327014218
0 0.22970843183609144 0.46919431279620855 0.019700551615445233 0.022748815165876776
0 0.6126871552403468 0.5734597156398105 0.013396375098502758 0.02085308056872038
0 0.3128447596532703 0.36872037914691946 0.0252167060677699 0.024644549763033177
0 0.8360914105594958 0.7402843601895734 0.026792750197005517 0.024644549763033177
0 0.7017336485421592 0.46255924170616114 0.011820330969267141 0.017061611374407582
0 0.04373522458628842 0.14834123222748816 0.007092198581560284 0.018009478672985784
0 0.5488573680063042 0.537914691943128 0.014972419227738377 0.012322274881516588
0 0.008668242710795903 0.8559241706161138 0.006304176516942475 0.026540284360189573
0 0.5764381402679275 0.7014218009478673 0.06855791962174941 0.06255924170616114
0 0.021670606776989756 0.9274881516587677 0.032308904649330186 0.023696682464454978
0 0.5811662726556344 0.9739336492890995 0.010244286840031522 0.008530805687203791
0 0.632387706855792 0.5554502369668246 0.014972419227738377 0.011374407582938388
0 0.31836091410559497 0.4388625592417062 0.12923561859732074 0.16113744075829384
0 0.47793538219070136 0.05639810426540284 0.029156816390858944 0.040758293838862564
0 0.5468873128447597 0.9606635071090047 0.018912529550827423 0.021800947867298578
0 0.6170212765957447 0.10995260663507109 0.07722616233254531 0.04549763033175355
0 0.496059889676911 0.4260663507109005 0.04649330181245075 0.05213270142180095
0 0.5784081954294721 0.6118483412322275 0.1355397951142632 0.1014218009478673
0 0.5929866036249015 0.08436018957345971 0.09377462568951932 0.07962085308056872
