0 0.33187500000000003 0.7565384615384615 0.06625 0.07
0 0.54875 0.4896153846153846 0.085 0.05923076923076923
0 0.0896875 0.3038461538461538 0.051875000000000004 0.08
0 0.7371875 0.4073076923076923 0.036875 0.06846153846153846
0 0.21281250000000002 0.573076923076923 0.048125 0.09076923076923077
0 0.5378125 0.8326923076923077 0.046875 0.08846153846153847
0 0.61125 0.8446153846153847 0.06 0.07538461538461538
0 0.1228125 0.3769230769230769 0.054375 0.052307692307692305
0 0.949375 0.20807692307692308 0.04125 0.07615384615384616
0 0.41000000000000003 0.6173076923076923 0.1525 0.13
0 0.7275 0.039615384615384615 0.08375 0.07923076923076923
0 0.274375 0.64 0.0925 0.1276923076923077
0 0.8109375 0.07115384615384615 0.041875 0.06230769230769231
0 0.045 0.8734615384615385 0.043750000000000004 0.05153846153846154
0 0.5975 0.2796153846153846 0.02125 0.02846153846153846
0 0.7878125 0.4634615384615385 0.036875 0.03307692307692308
0 0.8925000000000001 0.17307692307692307 0.01875 0.02923076923076923
0 0.43 0.23846153846153847 0.02875 0.046153846153846156
0 0.321875 0.9565384615384616 0.0625 0.08384615384615385
0 0.48531250000000004 0.23576923076923076 0.064375 0.07923076923076923
0 0.77 0.3423076923076923 0.0575 0.07538461538461538
0 0.6884375 0.4546153846153846 0.038125 0.03230769230769231
0 0.6471875 0.22230769230769232 0.026875 0.07538461538461538
0 0.3984375 0.5311538461538462 0.046875 0.040769230769230766
0 0.5375 0.7034615384615385 0.0425 0.10384615384615385
0 0.4246875 0.765 0.116875 0.08384615384615385
0 0.33375 0.4753846153846154 0.04125 0.05384615384615385
0 0.305625 0.5265384615384615 0.0325 0.054615384615384614
0 0.7146875 0.26576923076923076 0.051875000000000004 0.031538461538461536
0 0.014375 0.42038461538461536 0.02875 0.07153846153846154
0 0.90625 0.058076923076923075 0.06 0.057692307692307696
0 0.67 0.34423076923076923 0.05625 0.05307692307692308
0 0.2425 0.9626923076923077 0.08375 0.07153846153846154
0 0.9684375000000001 0.05423076923076923 0.023125 0.03923076923076923
0 0.68875 0.39884615384615385 0.03625 0.025384615384615384
0 0.0328125 0.19538461538461538 0.065625 0.14923076923076922
0 0.73 0.48653846153846153 0.0675 0.03461538461538462
0 0.6025 0.5361538461538462 0.06375 0.07230769230769231
0 0.4015625 0.05153846153846154 0.051875000000000004 0.047692307692307694
0 0.638125 0.6469230769230769 0.0625 0.04923076923076923
0 0.5703125 0.3861538461538462 0.134375 0.17692307692307693
0 0.8559375 0.18846153846153846 0.034375 0.03076923076923077
0 0.7681250000000001 0.3996153846153846 0.0175 0.022307692307692306
0 0.039375 0.08615384615384615 0.015 0.024615384615384615
0 0.48781250000000004 0.11076923076923077 0.011875 0.024615384615384615
0 0.5590625 0.2603846153846154 0.055625 0.054615384615384614
0 0.560625 0.615 0.0625 0.06846153846153846
0 0.6046875 0.7573076923076923 0.058125 0.0823076923076923
0 0.966875 0.11923076923076924 0.0575 0.04153846153846154
0 0.9565625 0.9261538461538461 0.015625 0.026153846153846153
0 0.0134375 0.15730769230769232 0.026875 0.07307692307692308
0 0.15375 0.9876923076923076 0.03875 0.021538461538461538
0 0.48125 0.009615384615384616 0.055 0.019230769230769232
0 0.3284375 0.43423076923076925 0.041875 0.023846153846153847
0 0.5415625000000001 0.020384615384615383 0.018125 0.036153846153846154
0 0.98375 0.41307692307692306 0.03 0.03692307692307692
0 0.9915625 0.3565384615384615 0.014375 0.04230769230769231
0 0.230625 0.7361538461538462 0.05 0.06307692307692307
0 0.825625 0.14192307692307693 0.03125 0.026923076923076925
0 0.9565625 0.8707692307692307 0.021875000000000002 0.03076923076923077
0 0.4678125 0.49 0.020625 0.052307692307692305
0 0.9925 0.23192307692307693 0.0125 0.07615384615384616
0 0.9890625000000001 0.9173076923076923 0.019375 0.04692307692307692
0 0.2996875 0.395 0.054375 0.03
0 0.335 0.28807692307692306 0.075 0.04384615384615385
0 0.47375 0.7184615384615385 0.06125 0.06
0 0.7090625 0.6634615384615384 0.019375 0.023846153846153847
0 0.9790625000000001 0.28923076923076924 0.029375000000000002 0.03538461538461538
0 0.9475 0.9557692307692308 0.025 0.02076923076923077
0 0.785 0.5173076923076924 0.02 0.023846153846153847
0 0.3796875 0.4346153846153846 0.014375 0.021538461538461538
0 0.7034375 0.6311538461538462 0.025625000000000002 0.025384615384615384
0 0.138125 0.27384615384615385 0.0275 0.024615384615384615
0 0.2921875 0.5603846153846154 0.010625 0.01769230769230769
0 0.9959375 0.8465384615384616 0.005625 0.01769230769230769
0 0.4478125 0.46807692307692306 0.014375 0.013076923076923076
0 0.9959375 0.0876923076923077 0.005625 0.027692307692307693
0 0.41125 0.295 0.07125000000000001 0.06538461538461539
0 0.9790625000000001 0.011538461538461539 0.033125 0.023076923076923078
0 0.3921875 0.004230769230769231 0.010625 0.008461538461538461
0 0.3603125 0.45615384615384613 0.014375 0.010769230769230769
0 0.69375 0.5561538461538461 0.135 0.1723076923076923
0 0.5475 0.9773076923076923 0.03 0.04230769230769231
0 0.42875 0.015769230769230768 0.01875 0.022307692307692306
0 0.39937500000000004 0.9303846153846154 0.08 0.04846153846153846
0 0.5090625 0.5834615384615385 0.048125 0.05615384615384615
0 0.41375 0.39115384615384613 0.14125000000000001 0.10846153846153846
0 0.4253125 0.9569230769230769 0.098125 0.08461538461538462
