0 0.6750195771339076 0.25925925925925924 0.06577916992952232 0.06837606837606838
0 0.4573218480814409 0.5061728395061729 0.08300704776820673 0.05698005698005698
0 0.8974158183241974 0.7032288698955366 0.050117462803445575 0.0788224121557455
0 0.2721221613155834 0.5764482431149098 0.03680501174628034 0.06647673314339982
0 0.7850430696945967 0.4406457739791073 0.047768206734534066 0.08736942070275404
0 0.47729052466718874 0.17758784425451093 0.04620203602192639 0.08547008547008547
0 0.4068128425998434 0.16286799620132955 0.058731401722787784 0.0731244064577398
0 0.8672670321064996 0.6315289648622983 0.052466718872357085 0.05128205128205129
0 0.05990602975724354 0.758309591642925 0.039937353171495694 0.0731244064577398
0 0.59592795614722 0.38936372269705605 0.14878621769772904 0.12535612535612536
0 0.2701644479248238 0.929249762583096 0.08144087705559906 0.07692307692307693
0 0.7278778386844166 0.37369420702754036 0.09005481597494126 0.1225071225071225
0 0.19068128425998435 0.8945868945868947 0.04150352388410337 0.060778727445394115
0 0.9569303054032889 0.16096866096866097 0.042286609240407204 0.050332383665717004
0 0.4032889584964761 0.704653371320038 0.02192638997650744 0.026590693257359924
0 0.22396241190289742 0.5208926875593543 0.03758809710258418 0.03323836657169991
0 0.1139389193422083 0.7943969610636278 0.01957713390759593 0.029439696106362774
0 0.5649960845732185 0.7511870845204179 0.028974158183241974 0.04368471035137702
0 0.6910728269381362 0.06837606837606838 0.06186374314800313 0.08167141500474834
0 0.5113547376664056 0.7511870845204179 0.06421299921691465 0.0778727445394112
0 0.23766640563821456 0.6367521367521368 0.05716523101018011 0.0731244064577398
0 0.3206734534064213 0.5332383665717 0.03837118245888802 0.03323836657169991
0 0.35356303837118247 0.7573599240265907 0.0274079874706343 0.0731244064577398
0 0.6041503523884103 0.47245963912630584 0.04620203602192639 0.04083570750237417
0 0.4741581832419734 0.30151946818613484 0.04306969459671104 0.09971509971509972
0 0.5849647611589663 0.24738841405508075 0.11433046202036022 0.08072174738841406
0 0.6652310101801097 0.5284900284900285 0.039937353171495694 0.05223171889838557
0 0.6938136256851997 0.4814814814814815 0.03288958496476116 0.05318138651471985
0 0.2893500391542678 0.7127255460588794 0.05090054815974941 0.03133903133903134
0 0.9737666405638215 0.5949667616334283 0.028974158183241974 0.06932573599240266
0 0.09749412685982772 0.9031339031339032 0.060297572435395456 0.05698005698005698
0 0.3351605324980423 0.6396011396011396 0.0548159749412686 0.05223171889838557
0 0.7682067345340642 0.06647673314339982 0.08144087705559906 0.07027540360873695
0 0.03719655442443226 0.9040835707502375 0.022709475332811275 0.037986704653371325
0 0.3179326546593579 0.5864197530864198 0.036021926389976505 0.025641025641025644
0 0.9494909945184025 0.8095916429249763 0.06499608457321848 0.14339981006647673
0 0.2811276429130775 0.5009496676163343 0.06577916992952232 0.03323836657169991
0 0.40602975724353957 0.45916429249762586 0.06342991386061081 0.07122507122507123
0 0.5877055599060298 0.9311490978157645 0.05090054815974941 0.04653371320037987
0 0.375097885669538 0.3513770180436847 0.06108065779169929 0.04938271604938272
0 0.43265465935787 0.6044634377967711 0.1307752545027408 0.16999050332383667
0 0.1503523884103367 0.7811016144349479 0.03445575567736883 0.03133903133903134
0 0.24119028974158183 0.5821462488129155 0.017227877838684416 0.022792022792022793
0 0.9400939702427564 0.9135802469135803 0.014878621769772905 0.02469135802469136
0 0.5050900548159749 0.8713200379867047 0.012529365700861394 0.023741690408357077
0 0.4404855129209084 0.724596391263058 0.05559906029757244 0.05318138651471985
0 0.4490994518402506 0.3850902184235518 0.06186374314800313 0.06742640075973409
0 0.41033672670321064 0.24738841405508075 0.05794831636648395 0.0788224121557455
0 0.04072043852779953 0.842355175688509 0.056382145653876274 0.039886039886039885
0 0.07321848081440877 0.07075023741690409 0.01644479248238058 0.027540360873694207
0 0.9675019577133908 0.8466286799620133 0.0274079874706343 0.07122507122507123
0 0.8547376664056382 0.046058879392212725 0.03837118245888802 0.02184235517568851
0 0.5086139389193423 0.9681861348528016 0.05403288958496476 0.019943019943019943
0 0.6699295223179327 0.5683760683760684 0.04150352388410337 0.023741690408357077
0 0.45027407987470636 0.9553656220322887 0.01879404855129209 0.03608736942070276
0 0.03249804228660924 0.560303893637227 0.030540328895849646 0.03608736942070276
0 0.023101018010963197 0.613960113960114 0.014878621769772905 0.04083570750237417
0 0.7725137039937353 0.28395061728395066 0.04933437744714174 0.060778727445394115
0 0.17854346123727485 0.8262108262108262 0.031323414252153486 0.026590693257359924
0 0.07165231010180109 0.1234567901234568 0.022709475332811275 0.030389363722697058
0 0.5352388410336727 0.5085470085470086 0.021143304620203602 0.050332383665717004
0 0.01840250587314017 0.7336182336182336 0.01331245105716523 0.0731244064577398
0 0.04150352388410337 0.0778727445394112 0.020360219263899765 0.045584045584045586
0 0.6957713390759592 0.6063627730294397 0.05403288958496476 0.029439696106362774
0 0.658966327329679 0.7070275403608737 0.07282693813625685 0.042735042735042736
0 0.5364134690681285 0.29012345679012347 0.06108065779169929 0.057929724596391265
0 0.30618637431480034 0.3328584995251662 0.01879404855129209 0.023741690408357077
0 0.033672670321064996 0.6794871794871795 0.02975724353954581 0.035137701804368475
0 0.08339859044635865 0.042735042735042736 0.025841816758026624 0.020892687559354226
0 0.2278778386844166 0.46913580246913583 0.020360219263899765 0.022792022792022793
0 0.6194205168363351 0.5660018993352327 0.014095536413469069 0.020892687559354226
0 0.31127642913077525 0.3637226970560304 0.025841816758026624 0.02469135802469136
0 0.8500391542678152 0.7302943969610637 0.0274079874706343 0.02469135802469136
0 0.7083007047768207 0.44966761633428304 0.011746280344557557 0.01804368471035138
0 0.03328112764291308 0.1452991452991453 0.007047768206734534 0.018993352326685663
0 0.5540328895849648 0.5308641975308642 0.014878621769772905 0.013295346628679962
0 0.01096319498825372 0.8713200379867047 0.006264682850430697 0.027540360873694207
0 0.5853563038371182 0.698005698005698 0.0696945967110415 0.06457739791073125
0 0.025450274079874706 0.9444444444444445 0.03210649960845732 0.023741690408357077
0 0.5951448707909162 0.9772079772079773 0.01096319498825372 0.009496676163342831
0 0.6389976507439311 0.5460588793922128 0.015661707126076743 0.011396011396011397
0 0.3179326546593579 0.4358974358974359 0.13155833985904464 0.16524216524216526
0 0.4722004698512138 0.0389363722697056 0.02975724353954581 0.04178537511870845
0 0.5599060297572436 0.9639126305792973 0.020360219263899765 0.022792022792022793
0 0.6147220046985121 0.0902184235517569 0.07830853563038372 0.04748338081671415
0 0.4980422866092404 0.4173789173789174 0.0485512920908379 0.05413105413105413
0 0.5849647611589663 0.6058879392212726 0.13782302270947533 0.10446343779677114
0 0.5900548159749412 0.06457739791073125 0.09631949882537197 0.08167141500474834
