0 0.3321875 0.7573076923076923 0.066875 0.07
0 0.54875 0.4896153846153846 0.085 0.05923076923076923
0 0.09 0.30423076923076925 0.051250000000000004 0.08076923076923077
0 0.7371875 0.40807692307692306 0.036875 0.06846153846153846
0 0.2134375 0.5734615384615385 0.048125 0.09
0 0.5384375 0.8334615384615385 0.046875 0.08846153846153847
0 0.61125 0.8453846153846154 0.06 0.07538461538461538
0 0.123125 0.3776923076923077 0.05375 0.052307692307692305
0 0.9496875 0.20807692307692308 0.040625 0.07615384615384616
0 0.41000000000000003 0.6180769230769231 0.1525 0.13
0 0.728125 0.039615384615384615 0.08375 0.07923076923076923
0 0.274375 0.6403846153846153 0.0925 0.12692307692307692
0 0.8109375 0.07192307692307692 0.041875 0.06230769230769231
0 0.0453125 0.8734615384615385 0.043125000000000004 0.05153846153846154
0 0.598125 0.28 0.02125 0.027692307692307693
0 0.788125 0.46384615384615385 0.0375 0.033846153846153845
0 0.8928125 0.17307692307692307 0.019375 0.02923076923076923
0 0.43062500000000004 0.23884615384615385 0.02875 0.045384615384615384
0 0.321875 0.9573076923076923 0.0625 0.08384615384615385
0 0.48562500000000003 0.23615384615384616 0.065 0.08
0 0.770625 0.34307692307692306 0.0575 0.07538461538461538
0 0.68875 0.455 0.03875 0.03307692307692308
0 0.6475 0.2226923076923077 0.0275 0.07615384615384616
0 0.3984375 0.5315384615384615 0.046875 0.04153846153846154
0 0.5378125 0.7042307692307692 0.043125000000000004 0.10384615384615385
0 0.4253125 0.7653846153846153 0.116875 0.08307692307692308
0 0.3340625 0.47615384615384615 0.040625 0.05384615384615385
0 0.30625 0.5265384615384615 0.0325 0.054615384615384614
0 0.7153125 0.26653846153846156 0.051875000000000004 0.031538461538461536
0 0.014687500000000001 0.4207692307692308 0.029375000000000002 0.07230769230769231
0 0.9065625 0.05846153846153846 0.060625 0.05846153846153846
0 0.6703125 0.3446153846153846 0.055625 0.05384615384615385
0 0.2425 0.963076923076923 0.08375 0.07230769230769231
0 0.96875 0.055 0.0225 0.03923076923076923
0 0.689375 0.3992307692307692 0.03625 0.026153846153846153
0 0.033125 0.19538461538461538 0.06625 0.14923076923076922
0 0.7303125 0.4869230769230769 0.066875 0.033846153846153845
0 0.6028125 0.5365384615384615 0.064375 0.07307692307692308
0 0.4015625 0.051923076923076926 0.051875000000000004 0.04692307692307692
0 0.638125 0.6473076923076924 0.0625 0.05
0 0.5709375 0.3861538461538462 0.134375 0.17692307692307693
0 0.8559375 0.18884615384615386 0.034375 0.031538461538461536
0 0.76875 0.4003846153846154 0.0175 0.022307692307692306
0 0.0396875 0.08653846153846154 0.014375 0.025384615384615384
0 0.48812500000000003 0.11115384615384616 0.0125 0.023846153846153847
0 0.5593750000000001 0.26076923076923075 0.05625 0.055384615384615386
0 0.5609375 0.6153846153846154 0.063125 0.06923076923076923
0 0.605 0.7576923076923077 0.058750000000000004 0.08153846153846153
0 0.966875 0.11961538461538461 0.0575 0.040769230769230766
0 0.9571875 0.9265384615384615 0.015625 0.026923076923076925
0 0.01375 0.1576923076923077 0.0275 0.07384615384615384
0 0.1540625 0.9884615384615385 0.039375 0.021538461538461538
0 0.4815625 0.009615384615384616 0.054375 0.019230769230769232
0 0.3284375 0.43423076923076925 0.041875 0.023846153846153847
0 0.541875 0.02076923076923077 0.01875 0.03692307692307692
0 0.9840625000000001 0.41346153846153844 0.030625 0.036153846153846154
0 0.9918750000000001 0.3569230769230769 0.015 0.04153846153846154
0 0.23125 0.7361538461538462 0.05 0.06307692307692307
0 0.825625 0.1426923076923077 0.03125 0.026923076923076925
0 0.956875 0.8715384615384615 0.0225 0.03076923076923077
0 0.4684375 0.49038461538461536 0.020625 0.05153846153846154
0 0.993125 0.2323076923076923 0.0125 0.07538461538461538
0 0.989375 0.9173076923076923 0.02 0.04692307692307692
0 0.3003125 0.39576923076923076 0.054375 0.03
0 0.3353125 0.28884615384615386 0.074375 0.04384615384615385
0 0.4740625 0.7188461538461538 0.061875 0.05923076923076923
0 0.709375 0.6634615384615384 0.01875 0.023846153846153847
0 0.979375 0.28923076923076924 0.03 0.03538461538461538
0 0.9478125000000001 0.9557692307692308 0.025625000000000002 0.02076923076923077
0 0.785625 0.5176923076923077 0.02 0.023076923076923078
0 0.38 0.435 0.01375 0.02076923076923077
0 0.7034375 0.6315384615384615 0.025625000000000002 0.024615384615384615
0 0.138125 0.27384615384615385 0.0275 0.024615384615384615
0 0.2925 0.5603846153846154 0.01125 0.01769230769230769
0 0.99625 0.8469230769230769 0.00625 0.01846153846153846
0 0.4484375 0.4684615384615385 0.014375 0.012307692307692308
0 0.9965625 0.0876923076923077 0.005625 0.027692307692307693
0 0.41125 0.29538461538461536 0.07125000000000001 0.06615384615384616
0 0.979375 0.011923076923076923 0.0325 0.023846153846153847
0 0.3925 0.004230769230769231 0.01 0.008461538461538461
0 0.36062500000000003 0.45615384615384613 0.015 0.010769230769230769
0 0.694375 0.5565384615384615 0.135 0.17153846153846153
0 0.5475 0.9780769230769231 0.03 0.04230769230769231
0 0.4290625 0.01653846153846154 0.019375 0.022307692307692306
0 0.39937500000000004 0.9311538461538461 0.08 0.04846153846153846
0 0.509375 0.5838461538461538 0.04875 0.055384615384615386
0 0.41375 0.39115384615384613 0.14125000000000001 0.10846153846153846
0 0.4253125 0.9569230769230769 0.098125 0.08461538461538462
