0 0.6402349486049926 0.2517482517482518 0.06314243759177679 0.06468531468531469
0 0.4555800293685756 0.5144230769230769 0.08002936857562408 0.05506993006993007
0 0.895741556534508 0.6381118881118881 0.04845814977973568 0.07342657342657342
0 0.28487518355359764 0.6062062937062938 0.035242290748898675 0.062062937062937064
0 0.7628487518355359 0.40646853146853146 0.04552129221732746 0.08216783216783216
0 0.44273127753303965 0.20279720279720279 0.04405286343612334 0.08041958041958042
0 0.37371512481644636 0.19886363636363635 0.057268722466960346 0.06905594405594405
0 0.8601321585903083 0.5747377622377622 0.05066079295154185 0.04807692307692308
0 0.09948604992657856 0.8072552447552448 0.038913362701908955 0.06905594405594405
0 0.5767254038179148 0.38505244755244755 0.14317180616740088 0.11800699300699301
0 0.3175477239353891 0.9383741258741258 0.07856093979441997 0.07255244755244755
0 0.7019089574155654 0.3518356643356643 0.08663729809104258 0.11625874125874126
0 0.23788546255506607 0.916958041958042 0.03964757709251101 0.057692307692307696
0 0.9005139500734214 0.11931818181818182 0.040381791483113064 0.04807692307692308
0 0.4229074889867841 0.7084790209790209 0.020558002936857563 0.025349650349650348
0 0.23384728340675476 0.5603146853146853 0.03597650513950073 0.03146853146853147
0 0.15491923641703376 0.8334790209790209 0.01908957415565345 0.027097902097902096
0 0.5822320117474302 0.7298951048951049 0.02790014684287812 0.04195804195804196
0 0.6365638766519823 0.06993006993006994 0.05873715124816446 0.07692307692307693
0 0.5308370044052864 0.7373251748251748 0.06167400881057268 0.07255244755244755
0 0.2577092511013216 0.6682692307692307 0.05433186490455213 0.06905594405594405
0 0.32709251101321585 0.5590034965034965 0.037444933920704845 0.030594405594405596
0 0.3810572687224669 0.7648601398601399 0.026431718061674006 0.06993006993006994
0 0.5928781204111601 0.4624125874125874 0.0447870778267254 0.038461538461538464
0 0.4515418502202643 0.319493006993007 0.041116005873715125 0.09527972027972027
0 0.552863436123348 0.2534965034965035 0.11013215859030837 0.07517482517482517
0 0.6567547723935389 0.5061188811188811 0.038913362701908955 0.04895104895104895
0 0.6795154185022027 0.4576048951048951 0.031571218795888395 0.049825174825174824
0 0.3146108663729809 0.7320804195804196 0.04919236417033774 0.028846153846153848
0 0.9588839941262848 0.5253496503496503 0.02790014684287812 0.06643356643356643
0 0.14977973568281938 0.9383741258741258 0.057268722466960346 0.05332167832167832
0 0.3516886930983847 0.6569055944055944 0.05286343612334801 0.049825174825174824
0 0.7103524229074889 0.05725524475524475 0.07856093979441997 0.06555944055944056
0 0.09177679882525697 0.9475524475524475 0.02202643171806167 0.03671328671328671
0 0.33002936857562404 0.6092657342657343 0.03450807635829662 0.024475524475524476
0 0.9563142437591776 0.7307692307692307 0.06240822320117474 0.13636363636363635
0 0.28634361233480177 0.5340909090909091 0.06314243759177679 0.03146853146853147
0 0.4019823788546255 0.4772727272727273 0.060939794419970626 0.06643356643356643
0 0.6215124816446402 0.895541958041958 0.04919236417033774 0.04283216783216783
0 0.36160058737151246 0.3806818181818182 0.05947136563876652 0.04632867132867133
0 0.4412628487518355 0.6101398601398601 0.12628487518355358 0.16083916083916083
0 0.1883259911894273 0.8155594405594405 0.03303964757709251 0.02972027972027972
0 0.25587371512481644 0.6162587412587412 0.016886930983847283 0.02097902097902098
0 0.9570484581497797 0.8299825174825175 0.01395007342143906 0.0236013986013986
0 0.5370778267254038 0.8505244755244755 0.012481644640234948 0.022727272727272728
0 0.46071953010279 0.722027972027972 0.053597650513950074 0.050699300699300696
0 0.4357562408223201 0.4020979020979021 0.05947136563876652 0.06293706293706294
0 0.3854625550660793 0.27753496503496505 0.05580029368575624 0.0743006993006993
0 0.08920704845814978 0.888548951048951 0.05506607929515418 0.037587412587412584
0 0.04515418502202643 0.15865384615384615 0.01541850220264317 0.025349650349650348
0 0.9765051395007341 0.7626748251748252 0.026431718061674006 0.0673076923076923
0 0.7911160058737151 0.025786713286713288 0.037444933920704845 0.020104895104895104
0 0.5499265785609397 0.9418706293706294 0.0513950073421439 0.018356643356643356
0 0.6648311306901615 0.5432692307692307 0.040381791483113064 0.021853146853146852
0 0.4922907488986784 0.9375 0.018355359765051395 0.03409090909090909
0 0.053597650513950074 0.625 0.02936857562408223 0.033216783216783216
0 0.05066079295154185 0.6765734265734266 0.014684287812041116 0.038461538461538464
0 0.7360499265785609 0.26136363636363635 0.04772393538913362 0.057692307692307696
0 0.21953010279001467 0.854458041958042 0.02936857562408223 0.025349650349650348
0 0.04919236417033774 0.208479020979021 0.02202643171806167 0.028846153846153848
0 0.5304698972099853 0.5061188811188811 0.019823788546255505 0.0472027972027972
0 0.05763582966226138 0.7897727272727273 0.012481644640234948 0.06905594405594405
0 0.016152716593245228 0.17045454545454544 0.01908957415565345 0.043706293706293704
0 0.6938325991189427 0.5751748251748252 0.0513950073421439 0.027972027972027972
0 0.6681350954478708 0.6752622377622378 0.07048458149779735 0.04108391608391608
0 0.5102790014684288 0.29982517482517484 0.05873715124816446 0.05419580419580419
0 0.29405286343612336 0.3728146853146853 0.018355359765051395 0.021853146853146852
0 0.06644640234948605 0.7368881118881119 0.028634361233480173 0.033216783216783216
0 0.05212922173274596 0.13155594405594406 0.024963289280469897 0.020104895104895104
0 0.23237885462555063 0.5118006993006993 0.019823788546255505 0.021853146853146852
0 0.6167400881057269 0.5476398601398601 0.013215859030837003 0.020104895104895104
0 0.3017621145374449 0.4012237762237762 0.024963289280469897 0.022727272727272728
0 0.8531571218795888 0.6700174825174825 0.026431718061674006 0.0236013986013986
0 0.6901615271659324 0.42613636363636365 0.011747430249632892 0.016608391608391608
0 0.014317180616740087 0.23426573426573427 0.0066079295154185015 0.017482517482517484
0 0.5502936857562408 0.5236013986013986 0.01395007342143906 0.012237762237762238
0 0.06387665198237885 0.9204545454545454 0.005873715124816446 0.026223776223776224
0 0.5965491923641703 0.6765734265734266 0.06681350954478707 0.06118881118881119
0 0.08443465491923641 0.9873251748251748 0.03083700440528634 0.021853146853146852
0 0.6332599118942731 0.9379370629370629 0.009544787077826725 0.008741258741258742
0 0.6336270190895741 0.5262237762237763 0.014684287812041116 0.01048951048951049
0 0.315345080763583 0.46765734265734266 0.12701908957415564 0.1555944055944056
0 0.42474302496328925 0.0729895104895105 0.028634361233480173 0.039335664335664336
0 0.5983847283406755 0.9300699300699301 0.01908957415565345 0.02097902097902098
0 0.566079295154185 0.10096153846153846 0.07488986784140969 0.044580419580419584
0 0.4864170337738619 0.4256993006993007 0.046255506607929514 0.050699300699300696
0 0.5877386196769456 0.590472027972028 0.1328928046989721 0.09877622377622378
0 0.539647577092511 0.08041958041958042 0.09251101321585903 0.07692307692307693
