0 0.6675 0.24269230769230768 0.06625 0.07
0 0.450625 0.5096153846153846 0.085 0.05923076923076923
0 0.9096875 0.6953846153846154 0.051875000000000004 0.08
0 0.2625 0.5919230769230769 0.0375 0.06846153846153846
0 0.7865625 0.42615384615384616 0.048125 0.09076923076923077
0 0.4615625 0.16653846153846155 0.046875 0.08846153846153847
0 0.388125 0.15461538461538463 0.06 0.07538461538461538
0 0.8765625 0.6223076923076923 0.054375 0.052307692307692305
0 0.05 0.7911538461538462 0.04125 0.07615384615384616
0 0.589375 0.3819230769230769 0.1525 0.13
0 0.27187500000000003 0.96 0.08375 0.08
0 0.725 0.35923076923076924 0.0925 0.1276923076923077
0 0.1884375 0.928076923076923 0.041875 0.06230769230769231
0 0.954375 0.12576923076923077 0.043750000000000004 0.05153846153846154
0 0.401875 0.7196153846153847 0.02125 0.02846153846153846
0 0.21156250000000001 0.5357692307692308 0.036875 0.03307692307692308
0 0.106875 0.8261538461538461 0.01875 0.02923076923076923
0 0.569375 0.7607692307692308 0.02875 0.046153846153846156
0 0.6775 0.04269230769230769 0.0625 0.08384615384615385
0 0.514375 0.7634615384615384 0.065 0.07923076923076923
0 0.229375 0.6569230769230769 0.0575 0.07538461538461538
0 0.31093750000000003 0.5446153846153846 0.038125 0.03230769230769231
0 0.3521875 0.7769230769230769 0.026875 0.07538461538461538
0 0.6015625 0.46807692307692306 0.046875 0.040769230769230766
0 0.46187500000000004 0.2957692307692308 0.0425 0.10384615384615385
0 0.5746875 0.23423076923076924 0.116875 0.08384615384615385
0 0.665625 0.5238461538461539 0.04125 0.05384615384615385
0 0.69375 0.4726923076923077 0.0325 0.054615384615384614
0 0.2846875 0.7334615384615385 0.051875000000000004 0.031538461538461536
0 0.9853125 0.5788461538461539 0.029375000000000002 0.07153846153846154
0 0.093125 0.9411538461538461 0.06 0.057692307692307696
0 0.32937500000000003 0.655 0.05625 0.05307692307692308
0 0.756875 0.03653846153846154 0.08375 0.07153846153846154
0 0.0309375 0.945 0.023125 0.03923076923076923
0 0.310625 0.6003846153846154 0.03625 0.025384615384615384
0 0.966875 0.8038461538461539 0.06625 0.14923076923076922
0 0.26937500000000003 0.5126923076923077 0.0675 0.03461538461538462
0 0.39687500000000003 0.4634615384615385 0.06375 0.07307692307692308
0 0.5978125 0.9476923076923077 0.051875000000000004 0.047692307692307694
0 0.36125 0.3523076923076923 0.0625 0.04923076923076923
0 0.4290625 0.6130769230769231 0.134375 0.17692307692307693
0 0.1434375 0.8107692307692308 0.034375 0.03076923076923077
0 0.23125 0.5996153846153847 0.0175 0.022307692307692306
0 0.9603125 0.9130769230769231 0.014375 0.024615384615384615
0 0.5115625 0.8884615384615384 0.011875 0.024615384615384615
0 0.440625 0.7388461538461538 0.05625 0.054615384615384614
0 0.43875000000000003 0.3842307692307692 0.0625 0.06846153846153846
0 0.3946875 0.24192307692307694 0.058125 0.0823076923076923
0 0.0325 0.88 0.0575 0.04153846153846154
0 0.0428125 0.07307692307692308 0.015625 0.026153846153846153
0 0.9862500000000001 0.8419230769230769 0.0275 0.07307692307692308
0 0.8456250000000001 0.011538461538461539 0.03875 0.021538461538461538
0 0.5181250000000001 0.99 0.055 0.02
0 0.6709375 0.565 0.041875 0.023846153846153847
0 0.4578125 0.9788461538461538 0.018125 0.036153846153846154
0 0.0159375 0.5861538461538461 0.030625 0.03692307692307692
0 0.008125 0.6426923076923077 0.015 0.04230769230769231
0 0.76875 0.2630769230769231 0.05 0.06307692307692307
0 0.17375000000000002 0.8573076923076923 0.03125 0.026923076923076925
0 0.0428125 0.12846153846153846 0.021875000000000002 0.03076923076923077
0 0.5315625 0.5092307692307693 0.020625 0.052307692307692305
0 0.006875 0.7673076923076924 0.0125 0.07615384615384616
0 0.0103125 0.08192307692307692 0.019375 0.04692307692307692
0 0.6996875 0.6042307692307692 0.054375 0.03
0 0.664375 0.7111538461538461 0.075 0.04384615384615385
0 0.525625 0.28076923076923077 0.06125 0.06
0 0.290625 0.33576923076923076 0.01875 0.023846153846153847
0 0.0203125 0.71 0.029375000000000002 0.03538461538461538
0 0.051875000000000004 0.04346153846153846 0.025 0.02076923076923077
0 0.214375 0.4819230769230769 0.02 0.023846153846153847
0 0.6196875000000001 0.5646153846153846 0.014375 0.021538461538461538
0 0.2959375 0.3680769230769231 0.025625000000000002 0.025384615384615384
0 0.8612500000000001 0.7253846153846154 0.0275 0.024615384615384615
0 0.7071875 0.43884615384615383 0.010625 0.01769230769230769
0 0.0034375 0.15269230769230768 0.005625 0.01769230769230769
0 0.5515625000000001 0.5311538461538462 0.014375 0.013076923076923076
0 0.0034375 0.9115384615384615 0.005625 0.027692307692307693
0 0.588125 0.7042307692307692 0.07125000000000001 0.06538461538461539
0 0.0203125 0.9880769230769231 0.033125 0.023846153846153847
0 0.6071875 0.9953846153846154 0.010625 0.00923076923076923
0 0.6390625 0.5430769230769231 0.014375 0.010769230769230769
0 0.305625 0.4430769230769231 0.135 0.1723076923076923
0 0.4521875 0.021923076923076924 0.029375000000000002 0.04230769230769231
0 0.570625 0.9834615384615385 0.01875 0.022307692307692306
0 0.6003125 0.06884615384615385 0.080625 0.04846153846153846
0 0.4903125 0.4157692307692308 0.048125 0.05615384615384615
0 0.5856250000000001 0.6080769230769231 0.14125000000000001 0.10846153846153846
0 0.5740625 0.04269230769230769 0.098125 0.08384615384615385
