0 0.3369377162629758 0.7555555555555556 0.0666089965397924 0.06984126984126984
0 0.5475778546712803 0.48888888888888893 0.08477508650519032 0.05925925925925926
0 0.092560553633218 0.31534391534391537 0.051903114186851215 0.08042328042328042
0 0.7322664359861591 0.4052910052910053 0.037197231833910036 0.06772486772486773
0 0.2179930795847751 0.5772486772486772 0.04844290657439446 0.08994708994708996
0 0.5415224913494809 0.825925925925926 0.04671280276816609 0.08783068783068784
0 0.6137543252595156 0.8365079365079365 0.05968858131487889 0.07513227513227513
0 0.12629757785467127 0.3867724867724868 0.05363321799307959 0.05185185185185186
0 0.9398788927335641 0.2052910052910053 0.04065743944636678 0.0761904761904762
0 0.41219723183391005 0.6174603174603175 0.15138408304498271 0.12804232804232804
0 0.7192906574394464 0.04391534391534392 0.08391003460207613 0.07936507936507937
0 0.27854671280276816 0.6417989417989418 0.09169550173010381 0.12592592592592594
0 0.8014705882352942 0.07407407407407408 0.04238754325259516 0.06137566137566138
0 0.05536332179930796 0.8746031746031747 0.043252595155709346 0.05185185185185186
0 0.5938581314878892 0.28201058201058204 0.021626297577854673 0.028571428571428574
0 0.7837370242214533 0.4592592592592593 0.03806228373702422 0.033862433862433865
0 0.8832179930795848 0.17142857142857143 0.020761245674740483 0.02962962962962963
0 0.4282006920415225 0.24497354497354498 0.029411764705882353 0.0455026455026455
0 0.3295847750865052 0.951851851851852 0.06228373702422146 0.0835978835978836
0 0.4822664359861592 0.24126984126984127 0.06487889273356402 0.08042328042328042
0 0.7647058823529412 0.3407407407407408 0.05709342560553633 0.07407407407407408
0 0.6855536332179931 0.4518518518518519 0.03892733564013841 0.033862433862433865
0 0.6418685121107267 0.22486772486772488 0.02768166089965398 0.07513227513227513
0 0.39965397923875434 0.5328042328042328 0.04671280276816609 0.041269841269841276
0 0.5397923875432526 0.6994708994708995 0.043252595155709346 0.10370370370370371
0 0.4290657439446367 0.761904761904762 0.11591695501730104 0.08253968253968255
0 0.33564013840830453 0.47989417989417993 0.04152249134948097 0.05396825396825397
0 0.3088235294117647 0.5296296296296297 0.032871972318339104 0.05396825396825397
0 0.7093425605536332 0.26666666666666666 0.051903114186851215 0.03174603174603175
0 0.019896193771626297 0.43068783068783073 0.029411764705882353 0.07195767195767196
0 0.8953287197231834 0.05873015873015874 0.060553633217993084 0.058201058201058205
0 0.6656574394463668 0.34444444444444444 0.056228373702422146 0.05396825396825397
0 0.2512975778546713 0.9587301587301588 0.08391003460207613 0.07195767195767196
0 0.9567474048442907 0.0544973544973545 0.02249134948096886 0.039153439153439155
0 0.685121107266436 0.3973544973544974 0.03633217993079585 0.026455026455026457
0 0.03503460207612457 0.21005291005291007 0.0666089965397924 0.1470899470899471
0 0.7270761245674741 0.48253968253968255 0.0666089965397924 0.033862433862433865
0 0.601643598615917 0.5338624338624339 0.06487889273356402 0.07301587301587302
0 0.3970588235294118 0.06190476190476191 0.051903114186851215 0.04761904761904762
0 0.6375432525951558 0.6417989417989418 0.06228373702422146 0.04973544973544974
0 0.5683391003460208 0.3867724867724868 0.1332179930795848 0.17460317460317462
0 0.846885813148789 0.18783068783068785 0.03460207612456748 0.03280423280423281
0 0.7634083044982699 0.39682539682539686 0.018166089965397925 0.023280423280423283
0 0.04022491349480969 0.10264550264550265 0.014705882352941176 0.025396825396825397
0 0.48313148788927335 0.11904761904761905 0.012975778546712804 0.02433862433862434
0 0.5549307958477508 0.26402116402116405 0.056228373702422146 0.05608465608465609
0 0.5609861591695502 0.6121693121693123 0.06314878892733564 0.0687830687830688
0 0.606401384083045 0.7507936507936508 0.058823529411764705 0.08148148148148149
0 0.9554498269896194 0.11798941798941799 0.05795847750865052 0.041269841269841276
0 0.9563148788927336 0.9100529100529101 0.016435986159169552 0.027513227513227514
0 0.015570934256055364 0.17301587301587304 0.02768166089965398 0.07301587301587302
0 0.1643598615916955 0.9857142857142858 0.039792387543252594 0.022222222222222223
0 0.4753460207612457 0.01904761904761905 0.054498269896193774 0.01904761904761905
0 0.3295847750865052 0.43862433862433864 0.04152249134948097 0.02433862433862434
0 0.5350346020761246 0.029100529100529102 0.019896193771626297 0.03703703703703704
0 0.976643598615917 0.40582010582010586 0.03114186851211073 0.03703703703703704
0 0.9835640138408305 0.3502645502645503 0.015570934256055364 0.04232804232804233
0 0.2370242214532872 0.7365079365079366 0.050173010380622836 0.0634920634920635
0 0.8166089965397925 0.14285714285714288 0.03114186851211073 0.027513227513227514
0 0.9550173010380623 0.8555555555555556 0.02249134948096886 0.03068783068783069
0 0.46842560553633217 0.49100529100529106 0.021626297577854673 0.050793650793650794
0 0.9831314878892734 0.22804232804232805 0.012975778546712804 0.07513227513227513
0 0.9878892733564014 0.9 0.020761245674740483 0.04761904761904762
0 0.3014705882352941 0.4015873015873016 0.054498269896193774 0.03068783068783069
0 0.33477508650519033 0.2957671957671958 0.07439446366782007 0.04338624338624339
0 0.476643598615917 0.7153439153439154 0.06228373702422146 0.05925925925925926
0 0.7084775086505191 0.6566137566137566 0.01903114186851211 0.02433862433862434
0 0.9701557093425606 0.2841269841269842 0.030276816608996542 0.03492063492063492
0 0.9472318339100346 0.9386243386243387 0.025951557093425608 0.021164021164021166
0 0.7820069204152249 0.5116402116402117 0.020761245674740483 0.02433862433862434
0 0.38019031141868515 0.43809523809523815 0.014705882352941176 0.021164021164021166
0 0.7019896193771626 0.6253968253968254 0.026816608996539794 0.025396825396825397
0 0.13970588235294118 0.28465608465608466 0.028546712802768166 0.025396825396825397
0 0.29584775086505194 0.562962962962963 0.012110726643598616 0.01904761904761905
0 0.9939446366782008 0.8306878306878307 0.006920415224913495 0.01904761904761905
0 0.4485294117647059 0.4698412698412699 0.014705882352941176 0.012698412698412698
0 0.9844290657439446 0.08624338624338625 0.006920415224913495 0.028571428571428574
0 0.4096020761245675 0.30052910052910053 0.07179930795847751 0.06560846560846562
0 0.9666955017301039 0.01216931216931217 0.03373702422145329 0.02433862433862434
0 0.3875432525951557 0.015343915343915345 0.010380622837370242 0.009523809523809525
0 0.3615916955017301 0.4597883597883598 0.015570934256055364 0.011640211640211642
0 0.6924740484429066 0.5513227513227513 0.13408304498269896 0.16931216931216933
0 0.5523356401384083 0.9677248677248678 0.030276816608996542 0.04338624338624339
0 0.4234429065743945 0.026984126984126985 0.019896193771626297 0.022222222222222223
0 0.40570934256055363 0.924867724867725 0.07958477508650519 0.04867724867724868
0 0.5099480968858132 0.5820105820105821 0.04930795847750865 0.05502645502645503
0 0.4134948096885813 0.3952380952380953 0.14013840830449828 0.10687830687830689
0 0.4320934256055363 0.9497354497354498 0.09775086505190311 0.0835978835978836
