0 0.6718277945619335 0.27045454545454545 0.06419939577039276 0.06636363636363636
0 0.45317220543806647 0.5068181818181818 0.08157099697885196 0.05545454545454546
0 0.8833081570996979 0.71 0.04909365558912387 0.07636363636363637
0 0.26963746223564955 0.5704545454545454 0.03625377643504532 0.06454545454545454
0 0.777190332326284 0.45045454545454544 0.04682779456193353 0.08454545454545455
0 0.4780966767371601 0.18636363636363637 0.045317220543806644 0.08363636363636363
0 0.408987915407855 0.17045454545454544 0.0581570996978852 0.07181818181818182
0 0.854607250755287 0.639090909090909 0.05211480362537765 0.04909090909090909
0 0.05777945619335347 0.7436363636363637 0.04003021148036254 0.07272727272727272
0 0.5913897280966768 0.39590909090909093 0.14652567975830816 0.12272727272727273
0 0.26246223564954685 0.9154545454545454 0.08081570996978851 0.07454545454545454
0 0.7220543806646526 0.3840909090909091 0.0891238670694864 0.1190909090909091
0 0.18429003021148035 0.8795454545454545 0.04078549848942598 0.05909090909090909
0 0.9512839879154078 0.1809090909090909 0.04154078549848943 0.04909090909090909
0 0.3969033232628399 0.6995454545454546 0.02039274924471299 0.026363636363636363
0 0.22356495468277945 0.5154545454545455 0.03625377643504532 0.03272727272727273
0 0.11064954682779456 0.7804545454545454 0.0188821752265861 0.028181818181818183
0 0.5551359516616314 0.7486363636363637 0.028700906344410877 0.042727272727272725
0 0.6903323262839879 0.085 0.060422960725075525 0.07909090909090909
0 0.502643504531722 0.7477272727272727 0.06268882175226587 0.07545454545454545
0 0.2348942598187311 0.6290909090909091 0.055891238670694864 0.07090909090909091
0 0.31797583081570996 0.5295454545454545 0.0377643504531722 0.031818181818181815
0 0.3474320241691843 0.7495454545454545 0.027190332326283987 0.07181818181818182
0 0.5989425981873112 0.4772727272727273 0.045317220543806644 0.04
0 0.47318731117824775 0.30727272727272725 0.04154078549848943 0.09818181818181818
0 0.5834592145015106 0.25727272727272726 0.11253776435045318 0.07818181818181819
0 0.6578549848942599 0.5336363636363637 0.03927492447129909 0.05090909090909091
0 0.6865558912386707 0.48772727272727273 0.03172205438066465 0.05181818181818182
0 0.2843655589123867 0.7040909090909091 0.05060422960725076 0.03
0 0.9607250755287009 0.605909090909091 0.028700906344410877 0.06818181818181818
0 0.09252265861027191 0.8859090909090909 0.0581570996978852 0.05545454545454546
0 0.33081570996978854 0.6345454545454545 0.054380664652567974 0.05090909090909091
0 0.7669939577039275 0.08454545454545455 0.08081570996978851 0.06909090909090909
0 0.032854984894259816 0.8854545454545455 0.02190332326283988 0.038181818181818185
0 0.3149546827794562 0.5818181818181818 0.03474320241691843 0.025454545454545455
0 0.9331570996978852 0.8154545454545454 0.06419939577039276 0.14
0 0.27983383685800606 0.49727272727272726 0.06419939577039276 0.03272727272727273
0 0.40370090634441086 0.4590909090909091 0.06268882175226587 0.06909090909090909
0 0.5743957703927492 0.925 0.05060422960725076 0.04454545454545455
0 0.37462235649546827 0.35363636363636364 0.060422960725075525 0.04727272727272727
0 0.4278700906344411 0.6022727272727273 0.12915407854984895 0.16636363636363635
0 0.14652567975830816 0.7677272727272727 0.03323262839879154 0.03
0 0.23904833836858005 0.5754545454545454 0.017371601208459216 0.02181818181818182
0 0.9218277945619335 0.9168181818181819 0.014350453172205438 0.024545454545454544
0 0.4943353474320242 0.8640909090909091 0.01283987915407855 0.022727272727272728
0 0.43277945619335345 0.72 0.054380664652567974 0.05272727272727273
0 0.44750755287009064 0.3881818181818182 0.06117824773413897 0.06545454545454546
0 0.4112537764350453 0.25272727272727274 0.05664652567975831 0.07636363636363637
0 0.0377643504531722 0.825 0.055891238670694864 0.03909090909090909
0 0.0823262839879154 0.07181818181818182 0.015105740181268881 0.025454545454545455
0 0.949773413897281 0.8518181818181818 0.026435045317220542 0.06909090909090909
0 0.8523413897280967 0.06681818181818182 0.03851963746223565 0.02090909090909091
0 0.4962235649546828 0.9595454545454546 0.052870090634441085 0.019090909090909092
0 0.6616314199395771 0.5727272727272728 0.04078549848942598 0.023636363636363636
0 0.43919939577039274 0.945 0.0188821752265861 0.035454545454545454
0 0.033987915407854986 0.5495454545454546 0.030211480362537763 0.035454545454545454
0 0.02416918429003021 0.6018181818181818 0.015105740181268881 0.04
0 0.7673716012084593 0.2972727272727273 0.04833836858006042 0.06
0 0.1733383685800604 0.8127272727272727 0.030966767371601207 0.025454545454545455
0 0.0804380664652568 0.12318181818181818 0.02190332326283988 0.03
0 0.529833836858006 0.5109090909090909 0.02039274924471299 0.04909090909090909
0 0.017749244712990938 0.7181818181818181 0.01283987915407855 0.07090909090909091
0 0.0513595166163142 0.07863636363636364 0.019637462235649546 0.04454545454545455
0 0.6865558912386707 0.610909090909091 0.052870090634441085 0.02909090909090909
0 0.6484138972809668 0.7081818181818181 0.07175226586102719 0.04181818181818182
0 0.5347432024169184 0.2972727272727273 0.060422960725075525 0.056363636363636366
0 0.30777945619335345 0.3340909090909091 0.0188821752265861 0.022727272727272728
0 0.032854984894259816 0.6659090909090909 0.02945619335347432 0.03363636363636364
0 0.09252265861027191 0.045454545454545456 0.024924471299093656 0.02
0 0.2280966767371601 0.465 0.019637462235649546 0.022727272727272728
0 0.6121601208459214 0.5690909090909091 0.014350453172205438 0.02
0 0.3119335347432024 0.3640909090909091 0.0256797583081571 0.024545454545454544
0 0.8361027190332326 0.7354545454545455 0.027190332326283987 0.023636363636363636
0 0.7012839879154078 0.4577272727272727 0.011329305135951661 0.017272727272727273
0 0.04154078549848943 0.14363636363636365 0.006042296072507553 0.01818181818181818
0 0.5479607250755287 0.5331818181818182 0.014350453172205438 0.011818181818181818
0 0.007552870090634441 0.8531818181818182 0.006042296072507553 0.026363636363636363
0 0.5759063444108762 0.6968181818181818 0.06873111782477341 0.06272727272727273
0 0.021148036253776436 0.925 0.03172205438066465 0.022727272727272728
0 0.5811933534743202 0.9704545454545455 0.009818731117824773 0.008181818181818182
0 0.6314199395770392 0.55 0.015105740181268881 0.01090909090909091
0 0.31722054380664655 0.435 0.1299093655589124 0.16090909090909092
0 0.4762084592145015 0.05045454545454545 0.02945619335347432 0.04090909090909091
0 0.5468277945619335 0.9563636363636364 0.019637462235649546 0.02181818181818182
0 0.6155589123867069 0.1040909090909091 0.0770392749244713 0.046363636363636364
0 0.49509063444108764 0.4209090909090909 0.04758308157099698 0.05272727272727273
0 0.5777945619335347 0.6072727272727273 0.13595166163141995 0.10181818181818182
0 0.5917673716012085 0.07818181818181819 0.09441087613293052 0.08
