0 0.6725768321513003 0.724952741020794 0.06382978723404256 0.06616257088846882
0 0.4535066981875493 0.4938563327032136 0.08116627265563436 0.055765595463137994
0 0.8790386130811664 0.28827977315689984 0.04964539007092199 0.07561436672967864
0 0.2706855791962175 0.43289224952741023 0.03546099290780142 0.06427221172022685
0 0.7758077226162333 0.5458412098298677 0.04649330181245075 0.08412098298676748
0 0.4806934594168637 0.8109640831758034 0.04570527974783294 0.0831758034026465
0 0.4125295508274232 0.8275047258979207 0.057525610717100086 0.07088846880907372
0 0.851457840819543 0.3582230623818526 0.05122143420015761 0.04914933837429112
0 0.0591016548463357 0.2637051039697543 0.039401103230890466 0.07183364839319471
0 0.5918045705279749 0.6020793950850661 0.14499605988967693 0.12098298676748583
0 0.260441292356186 0.09120982986767485 0.07959022852639874 0.07466918714555766
0 0.7214342001576045 0.6124763705103969 0.08904649330181245 0.11909262759924386
0 0.18360914105594958 0.1275992438563327 0.04097714736012609 0.05860113421550095
0 0.950748620961387 0.8104914933837429 0.0417651694247439 0.048204158790170135
0 0.3959810874704492 0.30340264650283555 0.021276595744680854 0.026465028355387523
0 0.22537431048069348 0.4877126654064272 0.03624901497241923 0.03213610586011342
0 0.11111111111111112 0.22684310018903592 0.018912529550827423 0.02835538752362949
0 0.5527974783293933 0.25330812854442347 0.027580772261623327 0.043478260869565216
0 0.6926713947990544 0.9087901701323252 0.05988967691095351 0.07844990548204159
0 0.5007880220646178 0.2547258979206049 0.06225374310480694 0.07466918714555766
0 0.235618597320725 0.3747637051039698 0.055161544523246654 0.07088846880907372
0 0.3191489361702128 0.472117202268431 0.037825059101654845 0.031190926275992438
0 0.3459416863672183 0.2547258979206049 0.026792750197005517 0.07088846880907372
0 0.5981087470449173 0.5212665406427222 0.04570527974783294 0.038752362948960305
0 0.4747832939322301 0.691398865784499 0.0417651694247439 0.09735349716446125
0 0.5847123719464146 0.7391304347826088 0.11189913317572893 0.07750472589792061
0 0.6564223798266352 0.46502835538752363 0.039401103230890466 0.05103969754253308
0 0.6855791962174942 0.5094517958412098 0.031520882584712376 0.05103969754253308
0 0.2840819542947203 0.30009451795841213 0.04964539007092199 0.029300567107750475
0 0.9566587864460205 0.3898865784499055 0.028368794326241138 0.0671077504725898
0 0.0921985815602837 0.1219281663516068 0.05831363278171789 0.054820415879017016
0 0.33096926713947994 0.3690926275992439 0.05358550039401103 0.0500945179584121
0 0.7683215130023641 0.9083175803402647 0.08037825059101655 0.06805293005671077
0 0.03309692671394799 0.12381852551984877 0.02206461780929866 0.03780718336483932
0 0.31560283687943264 0.42107750472589794 0.03546099290780142 0.02551984877126654
0 0.9275019700551617 0.1828922495274102 0.06304176516942475 0.1389413988657845
0 0.28132387706855794 0.504725897920605 0.06461780929866037 0.03213610586011342
0 0.4046493301812451 0.5411153119092628 0.06225374310480694 0.06899810964083176
0 0.5709219858156028 0.0779773156899811 0.04964539007092199 0.0444234404536862
0 0.3766745468873129 0.6465028355387524 0.05988967691095351 0.04725897920604915
0 0.42750197005516155 0.3998109640831758 0.12844759653270293 0.16446124763705106
0 0.14696611505122145 0.2391304347826087 0.0338849487785658 0.030245746691871456
0 0.24034672970843185 0.42769376181474483 0.017336485421591805 0.021739130434782608
0 0.9156816390858945 0.0831758034026465 0.014184397163120569 0.02457466918714556
0 0.49172576832151305 0.139413988657845 0.01260835303388495 0.023629489603024575
0 0.4318360914105595 0.2830812854442344 0.05358550039401103 0.05198487712665407
0 0.44877856579984243 0.6110586011342155 0.06067769897557132 0.06521739130434782
0 0.4137115839243499 0.7457466918714556 0.056737588652482275 0.07561436672967864
0 0.037825059101654845 0.1828922495274102 0.055161544523246654 0.038752362948960305
0 0.08825847123719464 0.9286389413988658 0.015760441292356188 0.02551984877126654
0 0.9440504334121356 0.14697542533081287 0.026792750197005517 0.06899810964083176
0 0.8534278959810875 0.9253308128544424 0.037825059101654845 0.020793950850661626
0 0.49290780141843976 0.045368620037807186 0.05279747832939323 0.01890359168241966
0 0.6595744680851064 0.42627599243856334 0.04097714736012609 0.022684310018903593
0 0.43617021276595747 0.060018903591682424 0.018124507486209616 0.03497164461247637
0 0.03703703703703704 0.4560491493383743 0.029944838455476755 0.03497164461247637
0 0.026398739164696615 0.40453686200378075 0.014972419227738377 0.03969754253308129
0 0.7671394799054374 0.698015122873346 0.04806934594168637 0.05954631379962193
0 0.17336485421591805 0.194234404536862 0.029944838455476755 0.02551984877126654
0 0.08589440504334121 0.8775992438563327 0.02206461780929866 0.029300567107750475
0 0.5295508274231678 0.4886578449905482 0.020488573680063044 0.04914933837429112
0 0.018912529550827423 0.2896975425330813 0.01260835303388495 0.07088846880907372
0 0.05713159968479118 0.9220226843100189 0.019700551615445233 0.0444234404536862
0 0.6843971631205674 0.388468809073724 0.05279747832939323 0.02835538752362949
0 0.6457840819542947 0.29206049149338376 0.07171000788022065 0.04158790170132325
0 0.5362490149724193 0.6999054820415879 0.0591016548463357 0.055765595463137994
0 0.31008668242710796 0.666351606805293 0.018124507486209616 0.022684310018903593
0 0.035066981875492516 0.34120982986767484 0.029156816390858944 0.034026465028355386
0 0.09850275807722617 0.9546313799621928 0.0252167060677699 0.020793950850661626
0 0.23049645390070925 0.5378071833648393 0.019700551615445233 0.022684310018903593
0 0.6107171000788022 0.43052930056710775 0.014184397163120569 0.019848771266540645
0 0.314026792750197 0.6365784499054821 0.02442868400315209 0.023629489603024575
0 0.8321513002364067 0.2632325141776938 0.026792750197005517 0.023629489603024575
0 0.7001576044129236 0.5396975425330813 0.011820330969267141 0.017013232514177693
0 0.047281323877068564 0.8577504725897921 0.006304176516942475 0.017958412098298678
0 0.5476753349093775 0.4664461247637051 0.014184397163120569 0.01228733459357278
0 0.008274231678486997 0.1559546313799622 0.005516154452324665 0.026465028355387523
0 0.5740740740740741 0.30387523629489605 0.06855791962174941 0.0614366729678639
0 0.020488573680063044 0.08459357277882798 0.031520882584712376 0.023629489603024575
0 0.5772261623325453 0.0335538752362949 0.010244286840031522 0.008506616257088847
0 0.6300236406619386 0.44896030245746693 0.014972419227738377 0.011342155009451797
0 0.3187549251379039 0.5666351606805293 0.12844759653270293 0.15973534971644612
0 0.479511426319937 0.945179584120983 0.029156816390858944 0.03969754253308129
0 0.5429472025216706 0.047731568998109646 0.018912529550827423 0.021739130434782608
0 0.6178092986603625 0.8908317580340265 0.07722616233254531 0.046313799621928164
0 0.4956658786446021 0.5779773156899811 0.047281323877068564 0.05198487712665407
0 0.5764381402679275 0.39272211720226846 0.1347517730496454 0.10113421550094519
0 0.5941686367218283 0.9168241965973535 0.09456264775413713 0.07939508506616258
