0 0.33274021352313166 0.7565645514223195 0.06761565836298931 0.0711159737417943
0 0.5480427046263345 0.4896061269146608 0.08540925266903915 0.060175054704595186
0 0.09030249110320285 0.3052516411378556 0.05249110320284697 0.08096280087527352
0 0.7362099644128114 0.4075492341356674 0.03825622775800711 0.06892778993435449
0 0.2139679715302491 0.5738512035010941 0.048932384341637006 0.09080962800875274
0 0.5382562277580071 0.8320568927789934 0.04804270462633452 0.0886214442013129
0 0.6112099644128114 0.8435448577680524 0.060498220640569395 0.07658643326039387
0 0.12322064056939501 0.3785557986870897 0.054270462633451956 0.0525164113785558
0 0.9479537366548042 0.20787746170678337 0.04181494661921708 0.07658643326039387
0 0.4101423487544484 0.6176148796498906 0.15302491103202845 0.1301969365426696
0 0.7264234875444839 0.039934354485776806 0.08451957295373665 0.07986870897155361
0 0.27446619217081847 0.6400437636761488 0.09341637010676156 0.12691466083150985
0 0.8096085409252669 0.07221006564551422 0.042704626334519574 0.06345733041575492
0 0.04670818505338078 0.8730853391684901 0.04359430604982206 0.0525164113785558
0 0.5974199288256228 0.2800875273522976 0.022241992882562275 0.028446389496717725
0 0.7869217081850534 0.462800875273523 0.03825622775800711 0.0350109409190372
0 0.8910142348754448 0.17286652078774617 0.020462633451957295 0.030634573304157548
0 0.43016014234875444 0.23960612691466082 0.029359430604982206 0.045951859956236324
0 0.322508896797153 0.9556892778993435 0.06316725978647686 0.08424507658643325
0 0.4848754448398576 0.23632385120350108 0.06583629893238434 0.08096280087527352
0 0.7695729537366548 0.3424507658643326 0.05871886120996441 0.07658643326039387
0 0.6877224199288255 0.4545951859956236 0.03914590747330961 0.03391684901531729
0 0.6463523131672597 0.22264770240700218 0.027580071174377222 0.07768052516411378
0 0.398576512455516 0.5311816192560175 0.04804270462633452 0.04266958424507659
0 0.5378113879003559 0.7029540481400437 0.04359430604982206 0.10393873085339168
0 0.4252669039145907 0.7642231947483589 0.11743772241992882 0.08424507658643325
0 0.3340747330960854 0.4759299781181619 0.04181494661921708 0.05470459518599562
0 0.30649466192170816 0.5268052516411378 0.03291814946619217 0.05579868708971553
0 0.713967971530249 0.26641137855579866 0.05249110320284697 0.03172866520787746
0 0.015124555160142349 0.4217724288840262 0.030249110320284697 0.07330415754923414
0 0.9043594306049821 0.058533916849015315 0.06138790035587188 0.060175054704595186
0 0.6694839857651245 0.34463894967177244 0.05604982206405694 0.05470459518599562
0 0.2433274021352313 0.962253829321663 0.08451957295373665 0.07330415754923414
0 0.9666370106761565 0.05525164113785558 0.02402135231316726 0.04048140043763676
0 0.6886120996441281 0.39879649890590807 0.037366548042704624 0.02735229759299781
0 0.03336298932384341 0.1974835886214442 0.06672597864768683 0.149890590809628
0 0.7295373665480427 0.48577680525164113 0.06761565836298931 0.0350109409190372
0 0.6023131672597865 0.5361050328227571 0.06583629893238434 0.07439824945295405
0 0.40080071174377224 0.05306345733041575 0.05249110320284697 0.047045951859956234
0 0.6374555160142349 0.6460612691466083 0.06316725978647686 0.05142231947483589
0 0.5702846975088968 0.3862144420131291 0.13523131672597863 0.1772428884026258
0 0.8540925266903914 0.18873085339168488 0.03558718861209964 0.03172866520787746
0 0.7673487544483986 0.399890590809628 0.018683274021352312 0.022975929978118162
0 0.03959074733096085 0.0886214442013129 0.015124555160142349 0.0262582056892779
0 0.48709964412811385 0.11214442013129103 0.013345195729537365 0.025164113785557985
0 0.5587188612099644 0.2609409190371991 0.05693950177935943 0.05579868708971553
0 0.5604982206405693 0.6148796498905907 0.06405693950177936 0.0700218818380744
0 0.6045373665480427 0.7565645514223195 0.0596085409252669 0.08205689277899343
0 0.9648576512455516 0.11925601750547045 0.057829181494661916 0.04157549234135667
0 0.9564056939501779 0.923960612691466 0.01601423487544484 0.02735229759299781
0 0.014234875444839857 0.15973741794310722 0.028469750889679714 0.07439824945295405
0 0.15524911032028468 0.987417943107221 0.040035587188612096 0.022975929978118162
0 0.48042704626334515 0.010940919037199124 0.055160142348754444 0.019693654266958426
0 0.3282918149466192 0.43435448577680524 0.042704626334519574 0.024070021881838072
0 0.5409252669039145 0.02188183807439825 0.019572953736654804 0.037199124726477024
0 0.9826512455516013 0.412472647702407 0.031138790035587186 0.037199124726477024
0 0.9902135231316725 0.3561269146608315 0.01601423487544484 0.04266958424507659
0 0.23176156583629892 0.7357768052516411 0.05071174377224199 0.06455142231947483
0 0.8238434163701067 0.14277899343544856 0.03202846975088968 0.02735229759299781
0 0.9559608540925266 0.8692560175054704 0.02402135231316726 0.03172866520787746
0 0.4679715302491103 0.49015317286652077 0.021352313167259787 0.0525164113785558
0 0.9915480427046263 0.23194748358862144 0.013345195729537365 0.07658643326039387
0 0.9884341637010675 0.9146608315098468 0.021352313167259787 0.048140043763676144
0 0.2998220640569395 0.3960612691466083 0.055160142348754444 0.030634573304157548
0 0.3349644128113879 0.28938730853391686 0.07562277580071174 0.04485776805251641
0 0.47419928825622776 0.7182713347921225 0.06227758007117437 0.060175054704595186
0 0.7090747330960854 0.662472647702407 0.019572953736654804 0.025164113785557985
0 0.9773131672597865 0.2882932166301969 0.031138790035587186 0.03610503282275711
0 0.9470640569395017 0.9529540481400437 0.025800711743772242 0.02188183807439825
0 0.7846975088967971 0.5164113785557987 0.021352313167259787 0.024070021881838072
0 0.37989323843416367 0.43544857768052514 0.014234875444839857 0.02188183807439825
0 0.702846975088968 0.6301969365426696 0.02669039145907473 0.0262582056892779
0 0.13790035587188612 0.275164113785558 0.028469750889679714 0.025164113785557985
0 0.29270462633451955 0.5607221006564551 0.012455516014234875 0.018599562363238512
0 0.9955516014234875 0.8446389496717724 0.0071174377224199285 0.019693654266958426
0 0.44795373665480426 0.4682713347921225 0.015124555160142349 0.01312910284463895
0 0.9942170818505337 0.087527352297593 0.006227758007117438 0.028446389496717725
0 0.41058718861209964 0.2959518599562363 0.07206405693950177 0.06673960612691465
0 0.9773131672597865 0.012035010940919036 0.03291814946619217 0.024070021881838072
0 0.39145907473309605 0.006017505470459518 0.010676156583629894 0.009846827133479213
0 0.3603202846975089 0.4562363238512035 0.01601423487544484 0.010940919037199124
0 0.6935053380782917 0.5552516411378555 0.13612099644128114 0.17177242888402625
0 0.5475978647686832 0.9759299781181618 0.031138790035587186 0.0437636761487965
0 0.42838078291814946 0.018052516411378554 0.020462633451957295 0.022975929978118162
0 0.3999110320284697 0.9294310722100656 0.08096085409252668 0.04923413566739606
0 0.5088967971530249 0.5831509846827133 0.0498220640569395 0.05689277899343545
0 0.41370106761565834 0.39168490153172864 0.14234875444839856 0.10940919037199125
0 0.42571174377224197 0.9551422319474836 0.09875444839857651 0.08533916849015317
