0 0.33187500000000003 0.24269230769230768 0.06625 0.07
0 0.54875 0.5096153846153846 0.085 0.05923076923076923
0 0.0896875 0.6953846153846154 0.051875000000000004 0.08
0 0.7371875 0.5919230769230769 0.036875 0.06846153846153846
0 0.21281250000000002 0.42615384615384616 0.048125 0.09076923076923077
0 0.5378125 0.16653846153846155 0.046875 0.08846153846153847
0 0.61125 0.15461538461538463 0.06 0.07538461538461538
0 0.1228125 0.6223076923076923 0.054375 0.052307692307692305
0 0.949375 0.7911538461538462 0.04125 0.07615384615384616
0 0.41000000000000003 0.3819230769230769 0.1525 0.13
0 0.7275 0.96 0.08375 0.08
0 0.274375 0.35923076923076924 0.0925 0.1276923076923077
0 0.8109375 0.928076923076923 0.041875 0.06230769230769231
0 0.045 0.12576923076923077 0.043750000000000004 0.05153846153846154
0 0.5975 0.7196153846153847 0.02125 0.02846153846153846
0 0.7878125 0.5357692307692308 0.036875 0.03307692307692308
0 0.8925000000000001 0.8261538461538461 0.01875 0.02923076923076923
0 0.43 0.7607692307692308 0.02875 0.046153846153846156
0 0.321875 0.04269230769230769 0.0625 0.08384615384615385
0 0.48531250000000004 0.7634615384615384 0.064375 0.07923076923076923
0 0.77 0.6569230769230769 0.0575 0.07538461538461538
0 0.6884375 0.5446153846153846 0.038125 0.03230769230769231
0 0.6471875 0.7769230769230769 0.026875 0.07538461538461538
0 0.3984375 0.46807692307692306 0.046875 0.040769230769230766
0 0.5375 0.2957692307692308 0.0425 0.10384615384615385
0 0.4246875 0.23423076923076924 0.116875 0.08384615384615385
0 0.33375 0.5238461538461539 0.04125 0.05384615384615385
0 0.305625 0.4726923076923077 0.0325 0.054615384615384614
0 0.7146875 0.7334615384615385 0.051875000000000004 0.031538461538461536
0 0.014375 0.5788461538461539 0.02875 0.07153846153846154
0 0.90625 0.9411538461538461 0.06 0.057692307692307696
0 0.67 0.655 0.05625 0.05307692307692308
0 0.2425 0.03653846153846154 0.08375 0.07153846153846154
0 0.9684375000000001 0.945 0.023125 0.03923076923076923
0 0.68875 0.6003846153846154 0.03625 0.025384615384615384
0 0.0328125 0.8038461538461539 0.065625 0.14923076923076922
0 0.73 0.5126923076923077 0.0675 0.03461538461538462
0 0.6025 0.4634615384615385 0.06375 0.07307692307692308
0 0.4015625 0.9476923076923077 0.051875000000000004 0.047692307692307694
0 0.638125 0.3523076923076923 0.0625 0.04923076923076923
0 0.5703125 0.6130769230769231 0.134375 0.17692307692307693
0 0.8559375 0.8107692307692308 0.034375 0.03076923076923077
0 0.7681250000000001 0.5996153846153847 0.0175 0.022307692307692306
0 0.039375 0.9130769230769231 0.015 0.024615384615384615
0 0.48781250000000004 0.8884615384615384 0.011875 0.024615384615384615
0 0.5590625 0.7388461538461538 0.055625 0.054615384615384614
0 0.560625 0.3842307692307692 0.0625 0.06846153846153846
0 0.6046875 0.24192307692307694 0.058125 0.0823076923076923
0 0.966875 0.88 0.0575 0.04153846153846154
0 0.9565625 0.07307692307692308 0.015625 0.026153846153846153
0 0.0134375 0.8419230769230769 0.026875 0.07307692307692308
0 0.15375 0.011538461538461539 0.03875 0.021538461538461538
0 0.48125 0.99 0.055 0.02
0 0.3284375 0.565 0.041875 0.023846153846153847
0 0.5415625000000001 0.9788461538461538 0.018125 0.036153846153846154
0 0.98375 0.5861538461538461 0.03 0.03692307692307692
0 0.9915625 0.6426923076923077 0.014375 0.04230769230769231
0 0.230625 0.2630769230769231 0.05 0.06307692307692307
0 0.825625 0.8573076923076923 0.03125 0.026923076923076925
0 0.9565625 0.12846153846153846 0.021875000000000002 0.03076923076923077
0 0.4678125 0.5092307692307693 0.020625 0.052307692307692305
0 0.9925 0.7673076923076924 0.0125 0.07615384615384616
0 0.9890625000000001 0.08192307692307692 0.019375 0.04692307692307692
0 0.2996875 0.6042307692307692 0.054375 0.03
0 0.335 0.7111538461538461 0.075 0.04384615384615385
0 0.47375 0.28076923076923077 0.06125 0.06
0 0.7090625 0.33576923076923076 0.019375 0.023846153846153847
0 0.9790625000000001 0.71 0.029375000000000002 0.03538461538461538
0 0.9475 0.04346153846153846 0.025 0.02076923076923077
0 0.785 0.4819230769230769 0.02 0.023846153846153847
0 0.3796875 0.5646153846153846 0.014375 0.021538461538461538
0 0.7034375 0.3680769230769231 0.025625000000000002 0.025384615384615384
0 0.138125 0.7253846153846154 0.0275 0.024615384615384615
0 0.2921875 0.43884615384615383 0.010625 0.01769230769230769
0 0.9959375 0.15269230769230768 0.005625 0.01769230769230769
0 0.4478125 0.5311538461538462 0.014375 0.013076923076923076
0 0.9959375 0.9115384615384615 0.005625 0.027692307692307693
0 0.41125 0.7042307692307692 0.07125000000000001 0.06538461538461539
0 0.9790625000000001 0.9880769230769231 0.033125 0.023846153846153847
0 0.3921875 0.9953846153846154 0.010625 0.00923076923076923
0 0.3603125 0.5430769230769231 0.014375 0.010769230769230769
0 0.69375 0.4430769230769231 0.135 0.1723076923076923
0 0.5475 0.021923076923076924 0.03 0.04230769230769231
0 0.42875 0.9834615384615385 0.01875 0.022307692307692306
0 0.39937500000000004 0.06884615384615385 0.08 0.04846153846153846
0 0.5090625 0.4157692307692308 0.048125 0.05615384615384615
0 0.41375 0.6080769230769231 0.14125000000000001 0.10846153846153846
0 0.4253125 0.04269230769230769 0.098125 0.08384615384615385
