0 0.8485211830535572 0.5680501930501931 0.053557154276578735 0.06853281853281853
0 0.2837729816147082 0.4971042471042471 0.07833733013589128 0.06177606177606178
0 0.8729016786570744 0.47442084942084944 0.047961630695443645 0.0723938223938224
0 0.259392486011191 0.23503861003861004 0.08233413269384492 0.07818532818532818
0 0.43445243804956035 0.8595559845559846 0.04236610711430855 0.10521235521235521
0 0.3405275779376499 0.597972972972973 0.10871302957633892 0.166988416988417
0 0.7434052757793764 0.2784749034749035 0.059152677857713824 0.0723938223938224
0 0.7034372501998402 0.5313706563706564 0.03836930455635491 0.05888030888030888
0 0.20103916866506794 0.4005791505791506 0.06474820143884892 0.07142857142857142
0 0.7234212629896083 0.22055984555984556 0.04636290967226219 0.0472972972972973
0 0.046762589928057555 0.5091698841698842 0.0583533173461231 0.06660231660231661
0 0.7741806554756195 0.4638030888030888 0.06474820143884892 0.11293436293436293
0 0.3441247002398081 0.42712355212355213 0.03117505995203837 0.04922779922779923
0 0.48481215027977614 0.44932432432432434 0.03597122302158273 0.05501930501930502
0 0.6219024780175859 0.2577220077220077 0.09432454036770584 0.09073359073359073
0 0.5871302957633893 0.7876447876447876 0.029576338928856912 0.03667953667953668
0 0.6370903277378097 0.792953667953668 0.04476418864908074 0.06853281853281853
0 0.539568345323741 0.8605212355212355 0.11031175059952038 0.11486486486486487
0 0.2346123101518785 0.5748069498069498 0.040767386091127095 0.0472972972972973
0 0.6378896882494005 0.07094594594594594 0.02717825739408473 0.026061776061776062
0 0.9184652278177458 0.06853281853281853 0.02078337330135891 0.04054054054054054
0 0.8437250199840127 0.1616795366795367 0.11750599520383692 0.17471042471042472
0 0.15387689848121502 0.7900579150579151 0.04236610711430855 0.04922779922779923
0 0.1718625099920064 0.34314671814671815 0.07673860911270983 0.08590733590733592
0 0.08193445243804956 0.625965250965251 0.08233413269384492 0.045366795366795366
0 0.8625099920063949 0.38706563706563707 0.04156674660271782 0.03474903474903475
0 0.3613109512390088 0.9227799227799228 0.0495603517186251 0.04247104247104247
0 0.891286970423661 0.2857142857142857 0.04636290967226219 0.07142857142857142
0 0.8257394084732214 0.42615830115830117 0.017585931254996003 0.02413127413127413
0 0.1926458832933653 0.2784749034749035 0.030375699440447643 0.041505791505791506
0 0.3053557154276579 0.0863899613899614 0.0319744204636291 0.03185328185328185
0 0.5455635491606714 0.9473938223938224 0.04716227018385292 0.03957528957528958
0 0.42525979216626697 0.04198841698841699 0.06554756195043965 0.026061776061776062
0 0.776978417266187 0.8943050193050194 0.02717825739408473 0.026061776061776062
0 0.10431654676258993 0.5666023166023166 0.029576338928856912 0.03474903474903475
0 0.7022382094324541 0.890926640926641 0.045563549160671464 0.05405405405405406
0 0.6562749800159872 0.10135135135135136 0.01598721023181455 0.019305019305019305
0 0.7753796962430056 0.056467181467181465 0.035171862509992005 0.029922779922779922
0 0.4052757793764988 0.9502895752895754 0.02717825739408473 0.03185328185328185
0 0.574740207833733 0.11872586872586872 0.023980815347721823 0.04054054054054054
0 0.33413269384492406 0.9604247104247104 0.04316546762589928 0.03861003861003861
0 0.9612310151878497 0.40250965250965254 0.015187849720223821 0.021235521235521235
0 0.49600319744204635 0.19353281853281853 0.05515587529976019 0.060810810810810814
0 0.02917665867306155 0.4691119691119691 0.023181454836131096 0.03667953667953668
0 0.5051958433253397 0.10183397683397684 0.13908872901678657 0.13416988416988418
0 0.8373301358912869 0.05888030888030888 0.029576338928856912 0.017374517374517374
0 0.05075939248601119 0.9787644787644788 0.03597122302158273 0.03474903474903475
0 0.6310951239008793 0.8590733590733591 0.02478017585931255 0.0444015444015444
0 0.8285371702637889 0.02171814671814672 0.04236610711430855 0.033783783783783786
0 0.7250199840127898 0.04005791505791506 0.0671462829736211 0.056949806949806954
0 0.7078337330135891 0.8098455598455598 0.050359712230215826 0.10617760617760617
0 0.26818545163868907 0.15926640926640928 0.06794564348521183 0.1003861003861004
0 0.9412470023980816 0.033783783783783786 0.01838529176658673 0.021235521235521235
0 0.7302158273381295 0.12065637065637067 0.0583533173461231 0.08301158301158301
0 0.5895283772981614 0.515926640926641 0.01838529176658673 0.029922779922779922
0 0.4292565947242206 0.9551158301158301 0.012789768185451638 0.02027027027027027
0 0.5323741007194245 0.6143822393822393 0.2669864108713029 0.29054054054054057
0 0.14468425259792167 0.5424710424710425 0.03836930455635491 0.0501930501930502
0 0.935251798561151 0.10521235521235521 0.05275779376498801 0.02702702702702703
0 0.9612310151878497 0.2939189189189189 0.015187849720223821 0.02027027027027027
0 0.1266986410871303 0.9584942084942085 0.01838529176658673 0.02702702702702703
0 0.957234212629896 0.3363899613899614 0.013589128697042365 0.02027027027027027
0 0.6386890487609912 0.944015444015444 0.04636290967226219 0.03667953667953668
0 0.9488409272581935 0.3581081081081081 0.01598721023181455 0.021235521235521235
0 0.7781774580335731 0.8547297297297297 0.02158273381294964 0.02413127413127413
0 0.6634692246203038 0.22007722007722008 0.019184652278177457 0.02316602316602317
0 0.3844924060751399 0.22731660231660233 0.03836930455635491 0.05501930501930502
0 0.34332533972821744 0.8595559845559846 0.05195843325339728 0.07432432432432433
0 0.48081534772182255 0.9628378378378378 0.03597122302158273 0.01640926640926641
0 0.3073541167066347 0.0444015444015444 0.029576338928856912 0.017374517374517374
0 0.7482014388489209 0.9261583011583012 0.08313349320543564 0.05888030888030888
0 0.5595523581135092 0.06805019305019305 0.03677058353317346 0.06274131274131274
0 0.9524380495603517 0.1472007722007722 0.02158273381294964 0.060810810810810814
0 0.8657074340527577 0.4232625482625483 0.04476418864908074 0.033783783783783786
0 0.5887290167865707 0.3581081081081081 0.023181454836131096 0.03474903474903475
0 0.7282174260591526 0.6056949806949807 0.10391686650679456 0.09555984555984556
0 0.3808952837729816 0.9705598455598455 0.03916866506794564 0.01254826254826255
0 0.34932054356514786 0.8793436293436294 0.04156674660271782 0.03281853281853282
0 0.9728217426059153 0.5888030888030888 0.01598721023181455 0.0250965250965251
0 0.7881694644284573 0.5666023166023166 0.017585931254996003 0.02702702702702703
0 0.3409272581934452 0.22538610038610038 0.016786570743405275 0.033783783783783786
0 0.9304556354916067 0.34942084942084944 0.025579536370903277 0.02316602316602317
0 0.3733013589128697 0.4811776061776062 0.009592326139088728 0.01640926640926641
0 0.5267785771382894 0.28474903474903474 0.014388489208633093 0.019305019305019305
0 0.31215027977617904 0.3590733590733591 0.015187849720223821 0.009652509652509652
0 0.7845723421262989 0.9464285714285714 0.04236610711430855 0.01447876447876448
0 0.6782573940847322 0.9555984555984556 0.015187849720223821 0.007722007722007722
0 0.8177458033573142 0.9473938223938224 0.012789768185451638 0.008687258687258687
0 0.19704236610711431 0.2388996138996139 0.010391686650679455 0.026061776061776062
0 0.7541966426858513 0.3875482625482626 0.015187849720223821 0.0222007722007722
0 0.6298960831334932 0.7075289575289575 0.07034372501998401 0.1640926640926641
0 0.7809752198241406 0.930984555984556 0.0319744204636291 0.02413127413127413
0 0.8089528377298161 0.20656370656370657 0.019184652278177457 0.0250965250965251
