0 0.849128127369219 0.5617620345140781 0.05307050796057619 0.06630336058128973
0 0.290371493555724 0.5054495912806539 0.07733131159969674 0.06085376930063578
0 0.8714935557240333 0.4695731153496821 0.047763457164518575 0.07084468664850135
0 0.26269901440485216 0.24886466848319708 0.08112206216830932 0.07629427792915532
0 0.4450341167551175 0.8564940962761126 0.04094010614101592 0.10354223433242507
0 0.34874905231235787 0.6030881017257039 0.10765731614859742 0.16348773841961853
0 0.7410917361637605 0.28065395095367845 0.058377558756633814 0.07084468664850135
0 0.7050796057619408 0.5290644868301544 0.03790750568612585 0.05722070844686648
0 0.20773313115996966 0.4128065395095368 0.06368460955269144 0.06993642143505903
0 0.7206216830932525 0.22479564032697547 0.04624715693707354 0.04632152588555858
0 0.05686125852918878 0.5217983651226158 0.0576194086429113 0.06448683015440508
0 0.7740712661106899 0.46185286103542234 0.06368460955269144 0.10990009082652134
0 0.34950720242608035 0.4355131698455949 0.030326004548900682 0.04813805631244323
0 0.4886277482941622 0.4536784741144414 0.0356330553449583 0.053587647593097185
0 0.6213040181956028 0.2633969118982743 0.0932524639878696 0.08900999091734786
0 0.5943896891584534 0.7829246139872843 0.02880970432145565 0.036330608537693
0 0.6444275966641395 0.7865576748410535 0.04397270659590599 0.06721162579473206
0 0.5492797573919636 0.8555858310626703 0.10841546626231993 0.11262488646684832
0 0.24336618650492797 0.5826521344232516 0.039423805913570885 0.04632152588555858
0 0.633434420015163 0.07992733878292461 0.026535253980288095 0.025431425976385105
0 0.910538286580743 0.07129881925522252 0.02122820318423048 0.03905540417801998
0 0.8381349507202426 0.16439600363306084 0.11599696739954511 0.17075386012715713
0 0.167172100075815 0.7947320617620345 0.041698256254738435 0.047229791099000905
0 0.17778620166793024 0.3564940962761126 0.07657316148597422 0.08446866485013624
0 0.0932524639878696 0.6353315168029064 0.08188021228203184 0.04450499545867393
0 0.8605003790750568 0.38465031789282467 0.04094010614101592 0.03360581289736603
0 0.3737680060652009 0.9200726612170753 0.04852160727824109 0.04178019981834696
0 0.8870356330553449 0.2847411444141689 0.045489006823351025 0.06993642143505903
0 0.8244882486732373 0.4232515894641235 0.017437452615617893 0.023614895549500452
0 0.1974981046247157 0.2924613987284287 0.029567854435178165 0.03996366939146231
0 0.3055344958301744 0.10263396911898275 0.03184230477634572 0.030881017257039053
0 0.5561031084154663 0.9405086285195277 0.04624715693707354 0.03905540417801998
0 0.4234268385140258 0.05631244323342416 0.06444275966641395 0.025431425976385105
0 0.7835481425322214 0.88283378746594 0.028051554207733132 0.025431425976385105
0 0.11485974222896134 0.5772025431425977 0.029567854435178165 0.03360581289736603
0 0.709628506444276 0.8814713896457765 0.045489006823351025 0.053587647593097185
0 0.6523881728582259 0.10944595821980017 0.01592115238817286 0.01907356948228883
0 0.7687642153146322 0.0631244323342416 0.034874905231235785 0.02997275204359673
0 0.4177407126611069 0.9459582198001816 0.027293404094010612 0.03178928247048138
0 0.5720242608036391 0.128519527702089 0.02350265352539803 0.03905540417801998
0 0.3476118271417741 0.9573115349682106 0.041698256254738435 0.03814713896457766
0 0.9579226686884003 0.39736603088101724 0.01592115238817286 0.02089009990917348
0 0.49507202426080366 0.20345140781108084 0.054586808188021224 0.05994550408719346
0 0.03904473085670963 0.48319709355131696 0.02350265352539803 0.036330608537693
0 0.5030326004548901 0.11307901907356947 0.1372251705837756 0.13169845594913715
0 0.8305534495830175 0.06357856494096276 0.029567854435178165 0.01634877384196185
0 0.06823351023502654 0.9818346957311535 0.034874905231235785 0.03451407811080835
0 0.6383623957543594 0.8514986376021798 0.024260803639120546 0.04268846503178928
0 0.821076573161486 0.02815622161671208 0.04094010614101592 0.0326975476839237
0 0.7194844579226687 0.04813805631244323 0.0667172100075815 0.05631244323342416
0 0.714177407126611 0.801544050862852 0.050037907505686124 0.1044504995458674
0 0.2702805155420773 0.1748410535876476 0.06747536012130402 0.09718437783832878
0 0.9321455648218347 0.03678474114441417 0.017437452615617893 0.02089009990917348
0 0.7255496588324488 0.12670299727520434 0.0576194086429113 0.08083560399636694
0 0.5928733889310084 0.516802906448683 0.01819560272934041 0.029064486830154404
0 0.44124336618650495 0.950045413260672 0.012130401819560273 0.019981834695731154
0 0.5379075056861259 0.6139872842870118 0.2630780894617134 0.2833787465940054
0 0.15466262319939347 0.5522252497729336 0.03790750568612585 0.049046321525885554
0 0.9275966641394996 0.10717529518619437 0.052312357846853674 0.027247956403269755
0 0.956027293404094 0.29155313351498635 0.015163002274450341 0.019981834695731154
0 0.14291129643669445 0.9595821980018165 0.017437452615617893 0.02633969118982743
0 0.9529946929492039 0.33287920072661215 0.013646702047005306 0.01907356948228883
0 0.6482183472327521 0.9341507720254314 0.045489006823351025 0.03542234332425068
0 0.9450341167551175 0.3542234332425068 0.01592115238817286 0.021798365122615803
0 0.7839272175890827 0.8437783832879201 0.02122820318423048 0.023614895549500452
0 0.6614859742228961 0.2257039055404178 0.018953752843062926 0.022706630336058128
0 0.38589840788476115 0.23841961852861035 0.03790750568612585 0.053587647593097185
0 0.354814253222138 0.8583106267029973 0.05155420773313116 0.072661217075386
0 0.4920394238059136 0.9564032697547683 0.034874905231235785 0.01634877384196185
0 0.30742987111448067 0.061307901907356945 0.029567854435178165 0.017257039055404176
0 0.7558756633813495 0.9146230699364214 0.08188021228203184 0.05812897366030881
0 0.5564821834723275 0.07856494096276112 0.03639120545868082 0.06085376930063578
0 0.9450341167551175 0.14759309718437782 0.021986353297952996 0.05903723887375113
0 0.8642911296436694 0.42007266121707537 0.04397270659590599 0.03360581289736603
0 0.589461713419257 0.3623978201634877 0.02350265352539803 0.03451407811080835
0 0.7312357846853677 0.6017257039055404 0.1023502653525398 0.09355131698455948
0 0.3938589840788476 0.9663941871026339 0.03866565579984837 0.012715712988192553
0 0.36087945413191813 0.8773841961852861 0.04094010614101592 0.0326975476839237
0 0.9719484457922669 0.5799273387829246 0.016679302501895376 0.024523160762942777
0 0.7896133434420015 0.5617620345140781 0.017437452615617893 0.02633969118982743
0 0.3434420015163002 0.237511353315168 0.016679302501895376 0.03360581289736603
0 0.9264594389689158 0.3455949137148047 0.02577710386656558 0.022706630336058128
0 0.3786959818043973 0.4872842870118074 0.009855951478392721 0.015440508628519527
0 0.5276724791508719 0.2920072661217075 0.013646702047005306 0.01907356948228883
0 0.3161485974222896 0.3692098092643052 0.015163002274450341 0.009990917347865577
0 0.7918877937831691 0.9341507720254314 0.041698256254738435 0.013623978201634877
0 0.6868840030326004 0.9450499545867393 0.015163002274450341 0.008174386920980926
0 0.8248673237300985 0.9341507720254314 0.012130401819560273 0.008174386920980926
0 0.2012888551933283 0.254314259763851 0.009855951478392721 0.025431425976385105
0 0.7532221379833207 0.38782924613987285 0.014404852160727824 0.021798365122615803
0 0.6357088703563305 0.7029972752043596 0.06899166034874905 0.15985467756584923
0 0.7880970432145564 0.9182561307901907 0.0310841546626232 0.023614895549500452
0 0.8047763457164518 0.2089009990917348 0.018953752843062926 0.023614895549500452
