0 0.8569542253521127 0.39731182795698927 0.05545774647887324 0.06989247311827956
0 0.28257042253521125 0.5166666666666667 0.08098591549295775 0.06344086021505377
0 0.8868838028169014 0.4924731182795699 0.05017605633802817 0.07526881720430108
0 0.27244718309859156 0.7903225806451613 0.08538732394366197 0.08172043010752689
0 0.41725352112676056 0.1295698924731183 0.04225352112676056 0.1086021505376344
0 0.3358274647887324 0.4075268817204301 0.11179577464788733 0.17419354838709677
0 0.7654049295774648 0.7059139784946237 0.06073943661971831 0.07419354838709677
0 0.7108274647887324 0.44731182795698926 0.03961267605633803 0.06021505376344086
0 0.20422535211267606 0.6231182795698925 0.06690140845070423 0.07419354838709677
0 0.7482394366197184 0.7677419354838709 0.04753521126760563 0.04946236559139785
0 0.04005281690140845 0.5236559139784946 0.06073943661971831 0.06881720430107527
0 0.7869718309859155 0.5112903225806451 0.06690140845070423 0.11720430107526882
0 0.3485915492957747 0.5838709677419355 0.03169014084507042 0.05161290322580645
0 0.491637323943662 0.55 0.037852112676056336 0.05698924731182796
0 0.6426056338028169 0.7370967741935484 0.09683098591549295 0.0935483870967742
0 0.5774647887323944 0.1913978494623656 0.029929577464788734 0.03870967741935484
0 0.6285211267605634 0.18225806451612903 0.045774647887323945 0.07204301075268817
0 0.5250880281690141 0.11989247311827957 0.11355633802816902 0.11935483870967742
0 0.2284330985915493 0.4397849462365591 0.04137323943661972 0.04946236559139785
0 0.6685739436619719 0.9290322580645162 0.0272887323943662 0.02795698924731183
0 0.9564260563380282 0.9091397849462366 0.02200704225352113 0.041935483870967745
0 0.8745598591549296 0.8188172043010753 0.12059859154929578 0.1817204301075269
0 0.13380281690140847 0.22419354838709676 0.04401408450704226 0.05053763440860215
0 0.17693661971830987 0.6854838709677419 0.07922535211267606 0.08924731182795699
0 0.06910211267605634 0.4 0.08538732394366197 0.047311827956989246
0 0.8816021126760564 0.5838709677419355 0.043133802816901406 0.03655913978494624
0 0.3389084507042254 0.06935483870967742 0.051056338028169015 0.04408602150537634
0 0.9163732394366197 0.6865591397849462 0.04753521126760563 0.07419354838709677
0 0.8419894366197184 0.546236559139785 0.018485915492957746 0.025806451612903226
0 0.20202464788732394 0.7505376344086021 0.030809859154929578 0.043010752688172046
0 0.3274647887323944 0.9397849462365592 0.03345070422535212 0.03225806451612903
0 0.525968309859155 0.02903225806451613 0.04841549295774648 0.04086021505376344
0 0.4529049295774648 0.9768817204301076 0.06602112676056338 0.026881720430107527
0 0.7658450704225352 0.06559139784946237 0.028169014084507043 0.02795698924731183
0 0.09595070422535211 0.4591397849462366 0.029929577464788734 0.03655913978494624
0 0.6897007042253521 0.07526881720430108 0.04665492957746479 0.05591397849462366
0 0.6861795774647887 0.896236559139785 0.01672535211267606 0.02043010752688172
0 0.8102992957746479 0.9327956989247311 0.03609154929577465 0.03118279569892473
0 0.3829225352112676 0.038172043010752686 0.028169014084507043 0.03333333333333333
0 0.6016725352112676 0.8844086021505376 0.025528169014084508 0.041935483870967745
0 0.3089788732394366 0.032795698924731186 0.04401408450704226 0.03978494623655914
0 0.9815140845070423 0.5602150537634408 0.01584507042253521 0.021505376344086023
0 0.5167253521126761 0.8134408602150538 0.056338028169014086 0.06344086021505377
0 0.023767605633802816 0.5666666666666667 0.024647887323943664 0.03870967741935484
0 0.53125 0.9086021505376344 0.14348591549295775 0.13978494623655913
0 0.8736795774647887 0.9252688172043011 0.030809859154929578 0.01827956989247312
0 0.018045774647887324 0.03655913978494624 0.03609154929577465 0.03655913978494624
0 0.6183978873239436 0.11397849462365592 0.025528169014084508 0.04516129032258064
0 0.866637323943662 0.964516129032258 0.043133802816901406 0.034408602150537634
0 0.7601232394366197 0.953763440860215 0.06954225352112677 0.06021505376344086
0 0.7002640845070423 0.15913978494623657 0.05193661971830986 0.10967741935483871
0 0.28565140845070425 0.867741935483871 0.06954225352112677 0.1032258064516129
0 0.9810739436619719 0.943010752688172 0.018485915492957746 0.021505376344086023
0 0.7605633802816901 0.8698924731182796 0.05985915492957747 0.08602150537634409
0 0.5946302816901409 0.4720430107526882 0.018485915492957746 0.03010752688172043
0 0.40713028169014087 0.03118279569892473 0.013204225352112676 0.021505376344086023
0 0.53125 0.37526881720430105 0.2737676056338028 0.3010752688172043
0 0.1386443661971831 0.48118279569892475 0.03961267605633803 0.05268817204301075
0 0.9713908450704225 0.8693548387096774 0.05369718309859155 0.02903225806451613
0 0.9876760563380282 0.6720430107526881 0.01584507042253521 0.021505376344086023
0 0.09727112676056338 0.0521505376344086 0.018485915492957746 0.02903225806451613
0 0.9815140845070423 0.628494623655914 0.014084507042253521 0.02043010752688172
0 0.621919014084507 0.025806451612903226 0.04841549295774648 0.03870967741935484
0 0.9713908450704225 0.6064516129032258 0.01672535211267606 0.023655913978494623
0 0.7693661971830986 0.10698924731182796 0.02112676056338028 0.024731182795698924
0 0.6870598591549296 0.7725806451612903 0.020246478873239437 0.024731182795698924
0 0.40096830985915494 0.7881720430107527 0.03961267605633803 0.05806451612903226
0 0.323943661971831 0.13709677419354838 0.0528169014084507 0.07634408602150537
0 0.4590669014084507 0.01881720430107527 0.03609154929577465 0.01827956989247312
0 0.332306338028169 0.9833333333333333 0.030809859154929578 0.01827956989247312
0 0.7345950704225352 0.03494623655913978 0.08538732394366197 0.06129032258064516
0 0.5893485915492958 0.939247311827957 0.037852112676056336 0.06559139784946237
0 0.9863556338028169 0.8247311827956989 0.02200704225352113 0.06236559139784946
0 0.8829225352112676 0.546236559139785 0.045774647887323945 0.03655913978494624
0 0.6029929577464789 0.635483870967742 0.024647887323943664 0.03655913978494624
0 0.7319542253521127 0.3682795698924731 0.10651408450704225 0.1
0 0.35651408450704225 0.01881720430107527 0.040492957746478875 0.013978494623655914
0 0.3287852112676056 0.11612903225806452 0.043133802816901406 0.034408602150537634
0 0.9828345070422535 0.3655913978494624 0.01672535211267606 0.025806451612903226
0 0.7953345070422535 0.4043010752688172 0.018485915492957746 0.02795698924731183
0 0.35651408450704225 0.7935483870967742 0.017605633802816902 0.034408602150537634
0 0.9533450704225352 0.617741935483871 0.02640845070422535 0.024731182795698924
0 0.37544014084507044 0.5263440860215054 0.009683098591549297 0.016129032258064516
0 0.5435739436619719 0.7166666666666667 0.014964788732394367 0.02043010752688172
0 0.31954225352112675 0.6575268817204301 0.01584507042253521 0.00967741935483871
0 0.7706866197183099 0.010752688172043012 0.043133802816901406 0.015053763440860214
0 0.6610915492957746 0.00967741935483871 0.01584507042253521 0.008602150537634409
0 0.8050176056338029 0.007526881720430107 0.013204225352112676 0.008602150537634409
0 0.20862676056338028 0.7913978494623656 0.01056338028169014 0.02795698924731183
0 0.7706866197183099 0.5919354838709677 0.014964788732394367 0.02258064516129032
0 0.6258802816901409 0.271505376344086 0.0721830985915493 0.17096774193548386
0 0.7680457746478874 0.027419354838709678 0.032570422535211266 0.024731182795698924
0 0.8371478873239436 0.7752688172043011 0.019366197183098594 0.025806451612903226
