0 0.15950413223140494 0.6094059405940594 0.05289256198347107 0.06633663366336634
0 0.7057851239669422 0.4623762376237624 0.07768595041322314 0.061386138613861385
0 0.12644628099173552 0.5212871287128713 0.04793388429752066 0.0702970297029703
0 0.7041322314049586 0.20396039603960398 0.08099173553719008 0.07524752475247524
0 0.5925619834710744 0.8346534653465346 0.04132231404958678 0.10297029702970298
0 0.6595041322314049 0.5683168316831684 0.10743801652892562 0.16237623762376238
0 0.23429752066115703 0.31336633663366337 0.05867768595041322 0.0702970297029703
0 0.2975206611570248 0.552970297029703 0.03801652892561983 0.05643564356435644
0 0.7768595041322314 0.3569306930693069 0.06446280991735537 0.0702970297029703
0 0.24834710743801652 0.25396039603960396 0.045454545454545456 0.046534653465346534
0 0.9384297520661157 0.4410891089108911 0.05702479338842975 0.06435643564356436
0 0.22231404958677686 0.4975247524752475 0.06446280991735537 0.1099009900990099
0 0.6396694214876033 0.4024752475247525 0.02975206611570248 0.048514851485148516
0 0.5037190082644628 0.44356435643564357 0.03553719008264463 0.053465346534653464
0 0.3512396694214876 0.27623762376237626 0.09256198347107437 0.0891089108910891
0 0.4359504132231405 0.7866336633663367 0.028925619834710745 0.03663366336633663
0 0.38719008264462806 0.7980198019801981 0.04380165289256198 0.06732673267326733
0 0.48925619834710743 0.850990099009901 0.10909090909090909 0.11188118811881188
0 0.7611570247933884 0.5311881188118812 0.0396694214876033 0.046534653465346534
0 0.3181818181818182 0.09702970297029703 0.026446280991735537 0.025742574257425745
0 0.04297520661157025 0.13366336633663367 0.021487603305785124 0.039603960396039604
0 0.1256198347107438 0.21336633663366336 0.11570247933884298 0.1712871287128713
0 0.8603305785123967 0.7287128712871287 0.04297520661157025 0.047524752475247525
0 0.7999999999999999 0.2965346534653465 0.07603305785123966 0.08415841584158416
0 0.915702479338843 0.5594059405940595 0.08099173553719008 0.04356435643564356
0 0.128099173553719 0.43514851485148515 0.04132231404958678 0.034653465346534656
0 0.6698347107438016 0.8861386138613861 0.048760330578512395 0.041584158415841586
0 0.09049586776859504 0.3410891089108911 0.045454545454545456 0.0702970297029703
0 0.16818181818181818 0.46831683168316834 0.017355371900826446 0.023762376237623763
0 0.7735537190082644 0.23712871287128715 0.02975206611570248 0.040594059405940595
0 0.6454545454545454 0.06683168316831684 0.03140495867768595 0.030693069306930693
0 0.4917355371900826 0.9361386138613862 0.04628099173553719 0.03861386138613861
0 0.5235537190082644 0.03910891089108911 0.06363636363636363 0.024752475247524754
0 0.2603305785123967 0.9158415841584159 0.028099173553719006 0.025742574257425745
0 0.8871900826446281 0.504950495049505 0.028925619834710745 0.033663366336633666
0 0.33347107438016527 0.901980198019802 0.045454545454545456 0.053465346534653464
0 0.3028925619834711 0.1292079207920792 0.015702479338842976 0.01881188118811881
0 0.18223140495867768 0.10198019801980199 0.033884297520661154 0.0297029702970297
0 0.6293388429752066 0.9188118811881189 0.02727272727272727 0.031683168316831684
0 0.3847107438016529 0.13465346534653466 0.02396694214876033 0.039603960396039604
0 0.7004132231404958 0.9193069306930693 0.04214876033057851 0.03861386138613861
0 0.03264462809917355 0.4638613861386139 0.015702479338842976 0.020792079207920793
0 0.46859504132231405 0.19653465346534654 0.05454545454545454 0.060396039603960394
0 0.9520661157024793 0.4 0.023140495867768594 0.03564356435643565
0 0.4512396694214876 0.10841584158415841 0.1371900826446281 0.1316831683168317
0 0.12107438016528925 0.11287128712871287 0.028925619834710745 0.015841584158415842
0 0.9793388429752066 0.898019801980198 0.03471074380165289 0.033663366336633666
0 0.39999999999999997 0.8618811881188119 0.024793388429752067 0.04257425742574258
0 0.12644628099173552 0.07574257425742574 0.04132231404958678 0.032673267326732675
0 0.22975206611570248 0.07920792079207921 0.06611570247933884 0.055445544554455446
0 0.31983471074380165 0.8242574257425742 0.049586776859504134 0.10396039603960396
0 0.6880165289256198 0.1316831683168317 0.06694214876033058 0.09702970297029703
0 0.017355371900826446 0.10297029702970298 0.01818181818181818 0.02178217821782178
0 0.23264462809917355 0.15841584158415842 0.05702479338842975 0.08118811881188119
0 0.4078512396694215 0.5227722772277228 0.017355371900826446 0.027722772277227723
0 0.6066115702479339 0.9272277227722773 0.013223140495867768 0.020792079207920793
0 0.4727272727272727 0.6099009900990099 0.2628099173553719 0.2831683168316832
0 0.8454545454545455 0.4871287128712871 0.03801652892561983 0.04950495049504951
0 0.030165289256198345 0.1712871287128713 0.052066115702479335 0.027722772277227723
0 0.022727272727272728 0.3584158415841584 0.015702479338842976 0.019801980198019802
0 0.9033057851239669 0.8886138613861386 0.01818181818181818 0.026732673267326732
0 0.030578512396694214 0.39900990099009903 0.013223140495867768 0.019801980198019802
0 0.39999999999999997 0.9445544554455446 0.04628099173553719 0.03564356435643565
0 0.04090909090909091 0.4188118811881188 0.015702479338842976 0.02178217821782178
0 0.2553719008264463 0.8772277227722772 0.021487603305785124 0.023762376237623763
0 0.30702479338842975 0.24554455445544554 0.019008264462809916 0.023762376237623763
0 0.5809917355371901 0.21386138613861386 0.03801652892561983 0.053465346534653464
0 0.6818181818181818 0.8222772277227723 0.0512396694214876 0.07227722772277227
0 0.5570247933884297 0.9415841584158416 0.03471074380165289 0.015841584158415842
0 0.6388429752066116 0.025742574257425745 0.02975206611570248 0.017821782178217824
0 0.29132231404958675 0.9425742574257426 0.08181818181818182 0.05742574257425743
0 0.3942148760330578 0.08316831683168317 0.03636363636363636 0.061386138613861385
0 0.017355371900826446 0.21485148514851485 0.021487603305785124 0.0594059405940594
0 0.12851239669421488 0.4702970297029703 0.04380165289256198 0.033663366336633666
0 0.3933884297520661 0.3693069306930693 0.023140495867768594 0.033663366336633666
0 0.2801652892561983 0.6287128712871287 0.1024793388429752 0.09306930693069307
0 0.6549586776859504 0.9351485148514852 0.03884297520661157 0.012871287128712872
0 0.6776859504132231 0.842079207920792 0.04132231404958678 0.032673267326732675
0 0.0396694214876033 0.6460396039603961 0.01652892561983471 0.024752475247524754
0 0.21776859504132232 0.5995049504950495 0.017355371900826446 0.026732673267326732
0 0.6231404958677685 0.20594059405940596 0.01652892561983471 0.033663366336633666
0 0.05826446280991735 0.40742574257425745 0.0256198347107438 0.02277227722772277
0 0.6165289256198347 0.45891089108910893 0.009917355371900825 0.01485148514851485
0 0.4471074380165289 0.2896039603960396 0.013223140495867768 0.01881188118811881
0 0.6644628099173554 0.3316831683168317 0.01487603305785124 0.009900990099009901
0 0.2578512396694215 0.9673267326732673 0.04132231404958678 0.013861386138613862
0 0.3628099173553719 0.9618811881188118 0.01487603305785124 0.008910891089108912
0 0.22520661157024793 0.9732673267326732 0.012396694214876033 0.007920792079207921
0 0.7652892561983471 0.19900990099009902 0.009917355371900825 0.025742574257425745
0 0.23429752066115703 0.4207920792079208 0.014049586776859503 0.02178217821782178
0 0.38636363636363635 0.7138613861386138 0.07024793388429752 0.1603960396039604
0 0.25950413223140495 0.9514851485148514 0.03140495867768595 0.023762376237623763
0 0.16322314049586775 0.2524752475247525 0.019008264462809916 0.023762376237623763
