0 0.849802371541502 0.4248084291187739 0.05375494071146245 0.06800766283524903
0 0.28142292490118576 0.5033524904214559 0.07905138339920949 0.06226053639846743
0 0.875098814229249 0.5191570881226053 0.04901185770750988 0.07279693486590037
0 0.25889328063241107 0.7691570881226053 0.08300395256916995 0.07854406130268199
0 0.43043478260869567 0.13553639846743296 0.04189723320158103 0.10632183908045977
0 0.33794466403162055 0.4003831417624521 0.10988142292490119 0.16858237547892718
0 0.7466403162055336 0.7193486590038314 0.05928853754940711 0.07279693486590037
0 0.7039525691699605 0.4636015325670498 0.03873517786561265 0.05938697318007662
0 0.19881422924901185 0.6020114942528735 0.06561264822134387 0.07183908045977011
0 0.7268774703557312 0.7777777777777778 0.0466403162055336 0.047892720306513405
0 0.04268774703557312 0.49425287356321834 0.05849802371541502 0.06704980842911877
0 0.7758893280632411 0.5311302681992337 0.06561264822134387 0.1139846743295019
0 0.34268774703557314 0.5732758620689655 0.0308300395256917 0.05076628352490421
0 0.48458498023715413 0.5493295019157087 0.03636363636363636 0.05459770114942528
0 0.6245059288537549 0.7413793103448275 0.09486166007905138 0.09195402298850575
0 0.5845849802371541 0.2054597701149425 0.02924901185770751 0.037356321839080456
0 0.6351778656126482 0.1997126436781609 0.045059288537549404 0.06992337164750957
0 0.5363636363636364 0.13266283524904213 0.11146245059288537 0.11590038314176244
0 0.23122529644268774 0.42528735632183906 0.040316205533596834 0.047892720306513405
0 0.641897233201581 0.9300766283524904 0.026877470355731226 0.026819923371647507
0 0.9245059288537549 0.9286398467432949 0.02134387351778656 0.04118773946360153
0 0.8482213438735178 0.835727969348659 0.11857707509881422 0.1772030651340996
0 0.1482213438735178 0.20881226053639845 0.043478260869565216 0.04980842911877394
0 0.16996047430830039 0.6604406130268199 0.0774703557312253 0.0871647509578544
0 0.07707509881422925 0.37547892720306514 0.08300395256916995 0.04597701149425287
0 0.8660079051383399 0.6077586206896551 0.04189723320158103 0.035440613026819924
0 0.35612648221343873 0.07183908045977011 0.04980237154150197 0.042145593869731796
0 0.8952569169960474 0.7092911877394635 0.0466403162055336 0.07183908045977011
0 0.8280632411067194 0.5684865900383141 0.01818181818181818 0.023946360153256702
0 0.191699604743083 0.7255747126436781 0.0308300395256917 0.04118773946360153
0 0.30632411067193677 0.918103448275862 0.03241106719367589 0.03160919540229885
0 0.541501976284585 0.04454022988505747 0.04743083003952569 0.039272030651340994
0 0.42806324110671934 0.9621647509578544 0.06561264822134387 0.02586206896551724
0 0.775098814229249 0.09578544061302681 0.02766798418972332 0.026819923371647507
0 0.10039525691699605 0.4348659003831417 0.030039525691699605 0.034482758620689655
0 0.6996047430830039 0.10009578544061302 0.0458498023715415 0.05459770114942528
0 0.6600790513833992 0.8989463601532567 0.015810276679841896 0.020114942528735632
0 0.7802371541501976 0.9425287356321839 0.034782608695652174 0.03065134099616858
0 0.40039525691699607 0.044061302681992334 0.02766798418972332 0.032567049808429116
0 0.5774703557312253 0.882183908045977 0.02450592885375494 0.040229885057471264
0 0.3284584980237154 0.03400383141762452 0.043478260869565216 0.039272030651340994
0 0.9648221343873518 0.5909961685823755 0.016600790513833993 0.021072796934865898
0 0.49762845849802373 0.807471264367816 0.05612648221343874 0.06130268199233716
0 0.025296442687747035 0.5349616858237548 0.023715415019762844 0.037356321839080456
0 0.5079051383399209 0.900383141762452 0.1399209486166008 0.13601532567049807
0 0.8426877470355731 0.939655172413793 0.030039525691699605 0.017241379310344827
0 0.04268774703557312 0.018678160919540228 0.03636363636363636 0.035440613026819924
0 0.6280632411067194 0.13314176245210727 0.02450592885375494 0.044061302681992334
0 0.83399209486166 0.9770114942528735 0.04268774703557312 0.034482758620689655
0 0.7296442687747036 0.9602490421455938 0.06798418972332015 0.05842911877394636
0 0.7063241106719368 0.18247126436781608 0.05138339920948617 0.1082375478927203
0 0.2683794466403162 0.8453065134099617 0.06877470355731226 0.10057471264367815
0 0.9474308300395257 0.9636015325670497 0.01818181818181818 0.021072796934865898
0 0.7343873517786561 0.8783524904214559 0.05849802371541502 0.08429118773946359
0 0.5893280632411068 0.4803639846743295 0.01818181818181818 0.02969348659003831
0 0.42450592885375493 0.038314176245210725 0.012648221343873518 0.021072796934865898
0 0.5312252964426878 0.382183908045977 0.26877470355731226 0.29310344827586204
0 0.14110671936758892 0.4592911877394636 0.03873517786561265 0.05076628352490421
0 0.9411067193675889 0.8917624521072797 0.052964426877470355 0.028735632183908046
0 0.9656126482213438 0.700191570881226 0.016600790513833993 0.021072796934865898
0 0.11976284584980237 0.039272030651340994 0.01818181818181818 0.026819923371647507
0 0.9616600790513834 0.6575670498084291 0.013438735177865613 0.020114942528735632
0 0.6355731225296443 0.04741379310344827 0.04743083003952569 0.037356321839080456
0 0.9529644268774703 0.6355363984674329 0.016600790513833993 0.022030651340996167
0 0.7766798418972332 0.13601532567049807 0.02134387351778656 0.02490421455938697
0 0.666403162055336 0.778735632183908 0.018972332015810278 0.022988505747126436
0 0.38537549407114624 0.774904214559387 0.03873517786561265 0.05555555555555555
0 0.3383399209486166 0.1364942528735632 0.05217391304347826 0.07567049808429119
0 0.4758893280632411 0.030172413793103446 0.03636363636363636 0.016283524904214558
0 0.3090909090909091 0.9602490421455938 0.030039525691699605 0.018199233716475093
0 0.7454545454545455 0.06417624521072797 0.08379446640316206 0.05938697318007662
0 0.5632411067193676 0.9339080459770115 0.03715415019762846 0.0632183908045977
0 0.957707509881423 0.8486590038314176 0.02134387351778656 0.06130268199233716
0 0.8683794466403162 0.5708812260536398 0.045059288537549404 0.034482758620689655
0 0.5897233201581028 0.6403256704980843 0.023715415019762844 0.035440613026819924
0 0.7284584980237154 0.38840996168582376 0.10513833992094862 0.09674329501915709
0 0.37549407114624506 0.023946360153256702 0.039525691699604744 0.013409961685823753
0 0.3442687747035573 0.11637931034482758 0.04189723320158103 0.033524904214559385
0 0.975098814229249 0.4022988505747126 0.016600790513833993 0.02490421455938697
0 0.7889328063241107 0.4272030651340996 0.017391304347826087 0.026819923371647507
0 0.34150197628458495 0.7772988505747126 0.017391304347826087 0.033524904214559385
0 0.93399209486166 0.6451149425287356 0.02608695652173913 0.023946360153256702
0 0.3715415019762846 0.518199233716475 0.009486166007905139 0.01532567049808429
0 0.5280632411067193 0.71455938697318 0.014229249011857707 0.019157088122605363
0 0.3110671936758893 0.64272030651341 0.015019762845849802 0.009578544061302681
0 0.7822134387351779 0.043103448275862065 0.04189723320158103 0.013409961685823753
0 0.674703557312253 0.034961685823754786 0.015019762845849802 0.008620689655172414
0 0.8158102766798419 0.041666666666666664 0.012648221343873518 0.008620689655172414
0 0.19644268774703558 0.7653256704980842 0.010276679841897233 0.026819923371647507
0 0.7561264822134387 0.6077586206896551 0.015019762845849802 0.022030651340996167
0 0.6284584980237155 0.2868773946360153 0.07114624505928854 0.16570881226053638
0 0.7790513833992094 0.05890804597701149 0.03241106719367589 0.023946360153256702
0 0.8134387351778656 0.7907088122605364 0.018972332015810278 0.02586206896551724
