0 0.15745647236941712 0.38524590163934425 0.05299015897047691 0.06739526411657559
0 0.7100681302043906 0.5264116575591985 0.07721423164269493 0.061930783242258654
0 0.12528387585162756 0.4749544626593807 0.04769114307342922 0.07194899817850638
0 0.7112036336109009 0.7882513661202186 0.08251324753974262 0.07741347905282331
0 0.5923542770628312 0.15072859744990894 0.041635124905374715 0.10473588342440801
0 0.661998485995458 0.4198542805100182 0.10825132475397427 0.1657559198542805
0 0.23580620741862227 0.6839708561020036 0.0582891748675246 0.07103825136612021
0 0.2978803936411809 0.44034608378870677 0.03860711582134747 0.05737704918032787
0 0.7831188493565481 0.6320582877959927 0.0643451930355791 0.07103825136612021
0 0.25094625283875854 0.7436247723132969 0.04617713853141559 0.04644808743169399
0 0.945117335352006 0.5446265938069217 0.0582891748675246 0.06557377049180328
0 0.2218016654049962 0.4972677595628415 0.06510219530658592 0.1111111111111111
0 0.6438304314912945 0.5878870673952641 0.031037093111279335 0.0482695810564663
0 0.5064345193035579 0.5487249544626593 0.036336109008327025 0.05373406193078324
0 0.3542770628311885 0.7199453551912568 0.09386828160484481 0.09016393442622951
0 0.4345193035579107 0.2017304189435337 0.028766086298258893 0.037340619307832425
0 0.38569265707797123 0.19080145719489983 0.04466313398940197 0.06830601092896176
0 0.487887963663891 0.13615664845173042 0.10976532929598788 0.11384335154826958
0 0.7649507948523846 0.4558287795992714 0.04012112036336109 0.04644808743169399
0 0.32286146858440573 0.9016393442622951 0.026495079485238455 0.025500910746812384
0 0.04466313398940197 0.8688524590163934 0.021196063588190765 0.04007285974499089
0 0.1271763815291446 0.7864298724954463 0.1165783497350492 0.17395264116575593
0 0.8633610900832702 0.25455373406193077 0.04314912944738834 0.0482695810564663
0 0.8069644208932627 0.6926229508196722 0.07721423164269493 0.08469945355191257
0 0.9205147615442846 0.42486338797814205 0.0817562452687358 0.044626593806921674
0 0.12755488266464798 0.5619307832422586 0.041635124905374715 0.03460837887067395
0 0.6695685087055261 0.09744990892531877 0.04920514761544285 0.04189435336976321
0 0.09046177138531415 0.6580145719489982 0.04617713853141559 0.07012750455373407
0 0.16767600302800909 0.5282331511839709 0.0174110522331567 0.023679417122040074
0 0.7808478425435277 0.7536429872495446 0.029523088569265707 0.040983606557377046
0 0.6532929598788796 0.9280510018214936 0.03179409538228615 0.030965391621129327
0 0.489780469341408 0.04963570127504554 0.046934140802422405 0.039162112932604735
0 0.5302800908402725 0.9571948998178507 0.0643451930355791 0.025500910746812384
0 0.2562452687358062 0.07331511839708561 0.028009084027252083 0.026411657559198543
0 0.892884178652536 0.48041894353369763 0.029523088569265707 0.033697632058287796
0 0.3300529901589705 0.0860655737704918 0.04542013626040878 0.05373406193078324
0 0.3069644208932627 0.8697632058287796 0.015897047691143074 0.018214936247723135
0 0.1854655563966692 0.8984517304189436 0.0348221044663134 0.030054644808743168
0 0.6283118849356548 0.0651183970856102 0.02725208175624527 0.031876138433515486
0 0.3890991672975019 0.8624772313296903 0.024224072672218017 0.04007285974499089
0 0.6998485995457986 0.06375227686703097 0.04314912944738834 0.03825136612021858
0 0.03141559424678274 0.535063752276867 0.015897047691143074 0.020947176684881604
0 0.47350492051476156 0.7987249544626593 0.05526116578349735 0.060109289617486336
0 0.9595003785011355 0.5865209471766849 0.023467070401211203 0.03642987249544627
0 0.4564723694171082 0.8879781420765027 0.13777441332323997 0.13296903460837886
0 0.12376987130961394 0.8884335154826958 0.029523088569265707 0.017304189435336976
0 0.9818319454958365 0.08105646630236794 0.0348221044663134 0.03460837887067395
0 0.39780469341408026 0.1261384335154827 0.02498107494322483 0.042805100182149364
0 0.12982588947766843 0.9262295081967213 0.041635124905374715 0.03278688524590164
0 0.23353520060560182 0.9212204007285975 0.06737320211960636 0.05737704918032787
0 0.31718395155185464 0.16530054644808742 0.04996214988644966 0.10473588342440801
0 0.6956850870552612 0.8615664845173042 0.06813020439061317 0.09836065573770492
0 0.01968205904617714 0.9002732240437158 0.018168054504163512 0.020947176684881604
0 0.23542770628311885 0.8410746812386156 0.057532172596517786 0.08287795992714025
0 0.408781226343679 0.46948998178506374 0.018168054504163512 0.028233151183970857
0 0.6056018168054504 0.05692167577413479 0.012112036336109008 0.020947176684881604
0 0.4738834216502649 0.37932604735883424 0.26495079485238454 0.28688524590163933
0 0.8508705526116578 0.49954462659380694 0.03785011355034065 0.05009107468123861
0 0.03141559424678274 0.8306010928961749 0.052233156699470096 0.0273224043715847
0 0.022331566994700985 0.6411657559198543 0.015897047691143074 0.020036429872495445
0 0.904996214988645 0.09198542805100182 0.0174110522331567 0.0273224043715847
0 0.029523088569265707 0.6001821493624773 0.013626040878122634 0.020036429872495445
0 0.3970476911430734 0.04189435336976321 0.04617713853141559 0.03642987249544627
0 0.039742619227857684 0.5792349726775956 0.015897047691143074 0.02185792349726776
0 0.25208175624526874 0.11202185792349727 0.021196063588190765 0.023679417122040074
0 0.30999242997728993 0.7518214936247724 0.018925056775170326 0.022768670309653915
0 0.5866767600302801 0.7800546448087432 0.03785011355034065 0.05555555555555555
0 0.6820590461771385 0.16256830601092895 0.05147615442846329 0.07377049180327869
0 0.5552611657834974 0.042805100182149364 0.03557910673732021 0.01639344262295082
0 0.6468584405753217 0.9694899817850637 0.029523088569265707 0.017304189435336976
0 0.28728236184708555 0.04553734061930783 0.08251324753974262 0.058287795992714025
0 0.3996971990915973 0.9153005464480874 0.036336109008327025 0.061930783242258654
0 0.018168054504163512 0.7868852459016393 0.021196063588190765 0.060109289617486336
0 0.12755488266464798 0.5259562841530054 0.04466313398940197 0.033697632058287796
0 0.3959121877365632 0.6247723132969034 0.02271006813020439 0.03460837887067395
0 0.27971233913701743 0.3633879781420765 0.10370931112793338 0.0947176684881603
0 0.6544284632853898 0.04781420765027322 0.03860711582134747 0.01366120218579235
0 0.6782740348221045 0.14162112932604737 0.0408781226343679 0.033697632058287796
0 0.036336109008327025 0.3492714025500911 0.016654049962149885 0.02459016393442623
0 0.21688115064345193 0.3948087431693989 0.0174110522331567 0.026411657559198543
0 0.6294473883421651 0.7873406193078324 0.0174110522331567 0.033697632058287796
0 0.05715367146101438 0.5910746812386156 0.026495079485238455 0.023679417122040074
0 0.6199848599545799 0.5309653916211293 0.009084027252081756 0.014571948998178506
0 0.45079485238455713 0.7053734061930783 0.014383043149129447 0.01912568306010929
0 0.6699470098410295 0.6593806921675774 0.01514004542013626 0.009107468123861567
0 0.25321725965177894 0.020491803278688523 0.041635124905374715 0.01366120218579235
0 0.35957607872823616 0.025045537340619307 0.01514004542013626 0.00819672131147541
0 0.220666161998486 0.015938069216757743 0.012869038607115822 0.00819672131147541
0 0.7732778198334594 0.7918943533697632 0.00984102952308857 0.026411657559198543
0 0.23504920514761543 0.5746812386156649 0.014383043149129447 0.02185792349726776
0 0.3853141559424678 0.27595628415300544 0.0696442089326268 0.1621129326047359
0 0.25510976532929597 0.036885245901639344 0.03179409538228615 0.02459016393442623
0 0.16464799394398183 0.7463570127504554 0.018925056775170326 0.02459016393442623
