0 0.8372564935064936 0.3819241982507288 0.05275974025974026 0.06608357628765792
0 0.2926136363636364 0.5296404275996113 0.07711038961038962 0.06025267249757045
0 0.8705357142857143 0.4689018464528668 0.04788961038961039 0.07094266277939747
0 0.29464285714285715 0.7871720116618075 0.08116883116883117 0.07580174927113702
0 0.4046266233766234 0.1574344023323615 0.041396103896103896 0.10301263362487852
0 0.338474025974026 0.423712342079689 0.10714285714285715 0.16326530612244897
0 0.7633928571428572 0.6773566569484937 0.057629870129870135 0.06997084548104957
0 0.6992694805194806 0.4378036929057337 0.038149350649350655 0.057337220602526724
0 0.22118506493506496 0.6350826044703596 0.06412337662337662 0.06899902818270165
0 0.7495941558441559 0.7356656948493683 0.04626623376623377 0.04664723032069971
0 0.060470779220779224 0.5519922254616132 0.057629870129870135 0.0641399416909621
0 0.7747564935064936 0.4931972789115646 0.06412337662337662 0.1098153547133139
0 0.35836038961038963 0.5889212827988338 0.030032467532467536 0.048590864917395525
0 0.4943181818181818 0.5481049562682215 0.03571428571428572 0.05247813411078717
0 0.6469155844155845 0.7137998056365403 0.09253246753246754 0.08843537414965986
0 0.5608766233766234 0.2055393586005831 0.029220779220779224 0.03595724003887269
0 0.6095779220779222 0.19339164237123418 0.04383116883116883 0.06802721088435373
0 0.507711038961039 0.141399416909621 0.10795454545454546 0.11175898931000972
0 0.23660714285714288 0.46112730806608354 0.03977272727272727 0.04567541302235179
0 0.6801948051948052 0.8926141885325558 0.025974025974025976 0.026239067055393583
0 0.9549512987012988 0.8551992225461613 0.020292207792207792 0.038872691933916424
0 0.8725649350649352 0.7755102040816326 0.11525974025974027 0.17103984450923226
0 0.13717532467532467 0.26482021379980564 0.04220779220779221 0.047619047619047616
0 0.19845779220779222 0.694849368318756 0.07548701298701299 0.0835762876579203
0 0.08279220779220779 0.43391642371234207 0.08116883116883117 0.043731778425655975
0 0.8693181818181819 0.5544217687074829 0.040584415584415584 0.03401360544217687
0 0.32711038961038963 0.10641399416909621 0.048701298701298704 0.04178814382896015
0 0.9066558441558442 0.6486880466472302 0.045454545454545456 0.06899902818270165
0 0.8291396103896105 0.521865889212828 0.017045454545454548 0.023323615160349854
0 0.2252435064935065 0.7546161321671525 0.030032467532467536 0.03984450923226433
0 0.35349025974025977 0.9246841593780368 0.03165584415584416 0.030126336248785225
0 0.5044642857142857 0.05636540330417881 0.04626623376623377 0.038872691933916424
0 0.47524350649350655 0.9514091350826044 0.06412337662337662 0.025267249757045675
0 0.7362012987012988 0.07580174927113702 0.0275974025974026 0.025267249757045675
0 0.1112012987012987 0.4878522837706511 0.029220779220779224 0.03304178814382896
0 0.6631493506493507 0.08940719144800777 0.045454545454545456 0.05247813411078717
0 0.6956168831168832 0.8605442176870748 0.016233766233766236 0.0184645286686103
0 0.8157467532467533 0.8872691933916423 0.034090909090909095 0.029154518950437316
0 0.3672889610389611 0.0738581146744412 0.026785714285714288 0.031098153547133137
0 0.6140422077922079 0.8551992225461613 0.02353896103896104 0.038872691933916424
0 0.2970779220779221 0.0738581146744412 0.04220779220779221 0.0369290573372206
0 0.9638798701298702 0.5262390670553936 0.015422077922077924 0.02040816326530612
0 0.5296266233766234 0.7939747327502429 0.05438311688311689 0.06025267249757045
0 0.04667207792207793 0.5932944606413993 0.02353896103896104 0.03595724003887269
0 0.5474837662337663 0.8819241982507288 0.13717532467532467 0.13119533527696792
0 0.8766233766233766 0.8760932944606413 0.029220779220779224 0.01652089407191448
0 0.018262987012987016 0.09572400388726919 0.03490259740259741 0.03401360544217687
0 0.5965909090909092 0.13022351797862 0.024350649350649352 0.042759961127308066
0 0.8713474025974026 0.9135082604470359 0.041396103896103896 0.03304178814382896
0 0.7686688311688312 0.9105928085519922 0.06655844155844157 0.05636540330417881
0 0.6765422077922079 0.16763848396501457 0.049512987012987016 0.10398445092322643
0 0.31047077922077926 0.8590864917395529 0.06737012987012987 0.09718172983479105
0 0.9801136363636365 0.8858114674441204 0.01866883116883117 0.02040816326530612
0 0.765422077922078 0.8313896987366375 0.05681818181818182 0.08066083576287658
0 0.5892857142857143 0.4684159378036929 0.01785714285714286 0.029154518950437316
0 0.39042207792207795 0.06559766763848396 0.012987012987012988 0.02040816326530612
0 0.5247564935064936 0.3814382896015549 0.2621753246753247 0.282798833819242
0 0.15259740259740262 0.5053449951409135 0.03733766233766234 0.048590864917395525
0 0.9675324675324676 0.8172983479105927 0.05194805194805195 0.027210884353741496
0 0.9744318181818182 0.6311953352769679 0.015422077922077924 0.02040816326530612
0 0.09415584415584416 0.10544217687074829 0.01785714285714286 0.026239067055393583
0 0.9667207792207793 0.5908649173955296 0.012987012987012988 0.019436345966958212
0 0.596185064935065 0.04713313896987366 0.04626623376623377 0.03595724003887269
0 0.9561688311688312 0.5704567541302235 0.016233766233766236 0.021379980563654033
0 0.7410714285714286 0.11418853255587949 0.021103896103896104 0.024295432458697763
0 0.6911525974025975 0.7448979591836734 0.01866883116883117 0.02235179786200194
0 0.4176136363636364 0.7774538386783284 0.038149350649350655 0.05442176870748299
0 0.3153409090909091 0.1705539358600583 0.05113636363636364 0.07288629737609328
0 0.4395292207792208 0.0510204081632653 0.03490259740259741 0.01652089407191448
0 0.3603896103896104 0.9650145772594751 0.029220779220779224 0.01749271137026239
0 0.7045454545454546 0.04907677356656948 0.08116883116883117 0.057337220602526724
0 0.6043019480519481 0.9071914480077745 0.03652597402597403 0.061224489795918366
0 0.9801136363636365 0.7740524781341107 0.021915584415584416 0.05928085519922254
0 0.8685064935064936 0.5194363459669582 0.04383116883116883 0.03401360544217687
0 0.6043019480519481 0.6214771622934888 0.02353896103896104 0.03401360544217687
0 0.7167207792207793 0.3620019436345967 0.10227272727272728 0.0923226433430515
0 0.34172077922077926 0.057823129251700675 0.03896103896103896 0.012633624878522837
0 0.31939935064935066 0.15063168124392615 0.041396103896103896 0.03304178814382896
0 0.9569805194805195 0.3435374149659864 0.016233766233766236 0.024295432458697763
0 0.7788149350649352 0.391156462585034 0.017045454545454548 0.026239067055393583
0 0.37540584415584416 0.7852283770651117 0.017045454545454548 0.03304178814382896
0 0.9391233766233766 0.5821185617103984 0.025974025974025976 0.023323615160349854
0 0.3814935064935065 0.532555879494655 0.00974025974025974 0.015549076773566569
0 0.5507305194805195 0.7011661807580175 0.0137987012987013 0.0184645286686103
0 0.3336038961038961 0.6598639455782312 0.014610389610389612 0.009718172983479106
0 0.7382305194805195 0.024295432458697763 0.041396103896103896 0.013605442176870748
0 0.6331168831168832 0.030126336248785225 0.014610389610389612 0.007774538386783284
0 0.770698051948052 0.0184645286686103 0.012175324675324676 0.007774538386783284
0 0.23295454545454547 0.7925170068027211 0.00974025974025974 0.026239067055393583
0 0.762987012987013 0.5694849368318756 0.014610389610389612 0.021379980563654033
0 0.6107954545454546 0.27745383867832846 0.0689935064935065 0.16034985422740525
0 0.7366071428571429 0.03984450923226433 0.03165584415584416 0.023323615160349854
0 0.8344155844155845 0.7371234207968902 0.01785714285714286 0.024295432458697763
