0 0.136875 0.5961538461538461 0.055 0.07076923076923076
0 0.7203125 0.4869230769230769 0.080625 0.06461538461538462
0 0.1071875 0.49884615384615383 0.049375 0.07615384615384616
0 0.734375 0.2076923076923077 0.085 0.08153846153846153
0 0.5784375 0.8784615384615385 0.041875 0.11076923076923077
0 0.664375 0.5965384615384616 0.1125 0.17615384615384616
0 0.2334375 0.28307692307692306 0.060625 0.07538461538461538
0 0.2859375 0.5480769230769231 0.039375 0.06076923076923077
0 0.8009375 0.3792307692307692 0.066875 0.07538461538461538
0 0.25125000000000003 0.22115384615384615 0.0475 0.04846153846153846
0 0.96625 0.48423076923076924 0.06 0.07
0 0.209375 0.4819230769230769 0.0675 0.1176923076923077
0 0.65375 0.4165384615384615 0.03125 0.05153846153846154
0 0.5090625 0.4480769230769231 0.036875 0.05615384615384615
0 0.35875 0.25384615384615383 0.0975 0.09538461538461539
0 0.4165625 0.813076923076923 0.029375000000000002 0.038461538461538464
0 0.365 0.8207692307692308 0.04625 0.07230769230769231
0 0.469375 0.8869230769230769 0.11375 0.12153846153846154
0 0.7740625 0.5657692307692308 0.041875 0.05
0 0.33437500000000003 0.057692307692307696 0.02625 0.026153846153846153
0 0.0428125 0.07230769230769231 0.020625 0.04153846153846154
0 0.1246875 0.16653846153846155 0.121875 0.1853846153846154
0 0.8665625 0.7880769230769231 0.044375 0.05153846153846154
0 0.8296875 0.3161538461538462 0.079375 0.09076923076923077
0 0.9343750000000001 0.61 0.085 0.047692307692307694
0 0.1140625 0.40576923076923077 0.043125000000000004 0.036153846153846154
0 0.6571875 0.941923076923077 0.050625 0.04384615384615385
0 0.0803125 0.3007692307692308 0.048125 0.07384615384615384
0 0.15375 0.445 0.0175 0.025384615384615384
0 0.8053125 0.24961538461538463 0.030625 0.04230769230769231
0 0.680625 0.05346153846153846 0.0325 0.031538461538461536
0 0.466875 0.9796153846153847 0.0475 0.040769230769230766
0 0.55375 0.013461538461538462 0.0675 0.025384615384615384
0 0.2240625 0.936923076923077 0.028125 0.026153846153846153
0 0.9081250000000001 0.5488461538461539 0.03 0.036153846153846154
0 0.3021875 0.9288461538461539 0.046875 0.05615384615384615
0 0.3159375 0.09038461538461538 0.015625 0.019230769230769232
0 0.19125 0.05153846153846154 0.03625 0.03076923076923077
0 0.6118750000000001 0.9734615384615385 0.0275 0.03307692307692308
0 0.401875 0.10423076923076922 0.025 0.04230769230769231
0 0.6865625 0.98 0.044375 0.04
0 0.0121875 0.4276923076923077 0.015625 0.021538461538461538
0 0.4871875 0.17846153846153845 0.056875 0.06461538461538462
0 0.9828125 0.4403846153846154 0.024375 0.03769230769230769
0 0.47375 0.08192307692307692 0.14375000000000002 0.1423076923076923
0 0.1265625 0.05692307692307692 0.030625 0.016923076923076923
0 0.981875 0.9819230769230769 0.03625 0.036153846153846154
0 0.3746875 0.8907692307692308 0.024375 0.046153846153846156
0 0.13468750000000002 0.01769230769230769 0.043125000000000004 0.033846153846153845
0 0.2421875 0.03076923076923077 0.069375 0.06
0 0.29281250000000003 0.8434615384615385 0.051875000000000004 0.11153846153846154
0 0.7212500000000001 0.1280769230769231 0.07 0.10384615384615385
0 0.017812500000000002 0.037307692307692306 0.018125 0.022307692307692306
0 0.240625 0.11615384615384615 0.058750000000000004 0.0876923076923077
0 0.4034375 0.525 0.018125 0.03
0 0.5878125 0.98 0.013125 0.02
0 0.46625 0.6261538461538462 0.27625 0.30615384615384617
0 0.8653125 0.5261538461538462 0.039375 0.052307692307692305
0 0.0271875 0.1123076923076923 0.053125 0.02923076923076923
0 0.0084375 0.31384615384615383 0.015625 0.02
0 0.901875 0.9642307692307692 0.01875 0.02846153846153846
0 0.0134375 0.35807692307692307 0.013125 0.02076923076923077
0 0.3696875 0.9807692307692307 0.048125 0.038461538461538464
0 0.02375 0.3811538461538462 0.01625 0.022307692307692306
0 0.22187500000000002 0.8946153846153846 0.02125 0.024615384615384615
0 0.31375000000000003 0.21653846153846154 0.02 0.023846153846153847
0 0.60375 0.20692307692307693 0.04 0.05692307692307692
0 0.6728125 0.8730769230769231 0.053125 0.07846153846153846
0 0.534375 0.9911538461538462 0.03625 0.01769230769230769
0 0.675625 0.00923076923076923 0.03 0.016923076923076923
0 0.2553125 0.9688461538461538 0.085625 0.06230769230769231
0 0.41531250000000003 0.04923076923076923 0.036875 0.06615384615384616
0 0.01125 0.1580769230769231 0.02125 0.06230769230769231
0 0.1125 0.4442307692307692 0.04625 0.03461538461538462
0 0.3975 0.35884615384615387 0.02375 0.036153846153846154
0 0.2628125 0.6288461538461538 0.106875 0.10076923076923076
0 0.6384375 0.9934615384615385 0.039375 0.013076923076923076
0 0.6678125 0.8946153846153846 0.043125000000000004 0.03538461538461538
0 0.00875 0.6257692307692307 0.01625 0.025384615384615384
0 0.1990625 0.5911538461538461 0.016875 0.02846153846153846
0 0.64875 0.2026923076923077 0.01625 0.03461538461538462
0 0.0425 0.37038461538461537 0.02625 0.023846153846153847
0 0.6259375 0.4753846153846154 0.009375 0.015384615384615385
0 0.458125 0.27692307692307694 0.01375 0.01846153846153846
0 0.6846875 0.34192307692307694 0.014375 0.008461538461538461
0 0.21875 0.9930769230769231 0.043750000000000004 0.013846153846153847
0 0.32937500000000003 0.9957692307692307 0.015 0.008461538461538461
0 0.184375 0.9957692307692307 0.0125 0.008461538461538461
0 0.7987500000000001 0.2076923076923077 0.00875 0.027692307692307693
0 0.22718750000000001 0.4003846153846154 0.014375 0.022307692307692306
0 0.36875 0.7303846153846154 0.0725 0.17307692307692307
0 0.2215625 0.9757692307692307 0.033125 0.023846153846153847
0 0.1621875 0.21192307692307694 0.019375 0.025384615384615384
