0 0.15445859872611467 0.44644549763033176 0.052547770700636945 0.06445497630331753
0 0.7070063694267517 0.490521327014218 0.07643312101910829 0.05971563981042654
0 0.13335987261146498 0.537914691943128 0.046974522292993634 0.06919431279620854
0 0.7384554140127388 0.7417061611374408 0.08041401273885351 0.07488151658767772
0 0.5489649681528662 0.14928909952606637 0.04060509554140128 0.1014218009478673
0 0.6480891719745223 0.39573459715639814 0.10668789808917198 0.16018957345971566
0 0.26472929936305734 0.7208530805687204 0.058121019108280256 0.06919431279620854
0 0.2965764331210191 0.47535545023696685 0.037420382165605094 0.055924170616113746
0 0.7898089171974523 0.5800947867298578 0.06369426751592357 0.06824644549763033
0 0.28622611464968156 0.7753554502369668 0.045382165605095545 0.04549763033175355
0 0.9371019108280255 0.46966824644549765 0.05732484076433121 0.06350710900473934
0 0.22969745222929938 0.5431279620853081 0.06289808917197452 0.1080568720379147
0 0.6496815286624205 0.5601895734597157 0.030254777070063694 0.047393364928909956
0 0.5119426751592357 0.5454976303317536 0.03503184713375796 0.05213270142180095
0 0.3837579617834395 0.7345971563981043 0.09235668789808918 0.08720379146919431
0 0.40246815286624205 0.2241706161137441 0.02786624203821656 0.035071090047393366
0 0.35350318471337583 0.2218009478672986 0.04299363057324841 0.06635071090047394
0 0.4462579617834395 0.15213270142180096 0.10748407643312102 0.1109004739336493
0 0.7523885350318472 0.414218009478673 0.039808917197452234 0.04549763033175355
0 0.374203821656051 0.9151658767772513 0.025477707006369428 0.025592417061611375
0 0.10031847133757962 0.9293838862559242 0.02070063694267516 0.03886255924170616
0 0.17078025477707007 0.8364928909952607 0.11385350318471338 0.16777251184834124
0 0.8244426751592357 0.2037914691943128 0.04219745222929937 0.047393364928909956
0 0.820063694267516 0.6345971563981043 0.07484076433121019 0.08246445497630332
0 0.9000796178343949 0.3582938388625593 0.08041401273885351 0.043601895734597156
0 0.14530254777070065 0.6208530805687204 0.04060509554140128 0.034123222748815164
0 0.6186305732484076 0.08483412322274882 0.04777070063694268 0.040758293838862564
0 0.12062101910828026 0.7194312796208531 0.045382165605095545 0.06824644549763033
0 0.1803343949044586 0.5819905213270142 0.016719745222929936 0.022748815165876776
0 0.8021496815286625 0.6971563981042654 0.02945859872611465 0.03886255924170616
0 0.6978503184713376 0.8862559241706162 0.03105095541401274 0.03033175355450237
0 0.43829617834394907 0.06919431279620854 0.045382165605095545 0.037914691943127965
0 0.5820063694267517 0.9345971563981043 0.06369426751592357 0.024644549763033177
0 0.214171974522293 0.13033175355450238 0.027070063694267517 0.025592417061611375
0 0.8789808917197452 0.4165876777251185 0.028662420382165606 0.03317535545023697
0 0.2874203821656051 0.13033175355450238 0.0445859872611465 0.05213270142180095
0 0.3550955414012739 0.8867298578199052 0.01592356687898089 0.018009478672985784
0 0.240843949044586 0.9345971563981043 0.03423566878980892 0.028436018957345974
0 0.5744426751592357 0.06066350710900474 0.026273885350318472 0.03033175355450237
0 0.43391719745222934 0.866824644549763 0.02388535031847134 0.03886255924170616
0 0.6437101910828026 0.047867298578199054 0.04219745222929937 0.03696682464454976
0 0.048964968152866245 0.6104265402843602 0.015127388535031847 0.02085308056872038
0 0.5087579617834395 0.7914691943127963 0.054140127388535034 0.058767772511848344
0 0.9558121019108281 0.5075829383886256 0.023089171974522295 0.035071090047393366
0 0.5023885350318471 0.8796208530805687 0.13535031847133758 0.12890995260663507
0 0.1799363057324841 0.9350710900473934 0.028662420382165606 0.016113744075829384
0 0.9195859872611466 0.018009478672985784 0.03503184713375796 0.034123222748815164
0 0.35788216560509556 0.15734597156398106 0.024681528662420384 0.04170616113744076
0 0.18949044585987262 0.9706161137440759 0.04140127388535032 0.03222748815165877
0 0.2898089171974522 0.9488151658767773 0.06528662420382166 0.054976303317535544
0 0.28423566878980894 0.2085308056872038 0.04936305732484077 0.1023696682464455
0 0.7312898089171975 0.8146919431279621 0.0660828025477707 0.09573459715639811
0 0.07961783439490447 0.9635071090047393 0.01751592356687898 0.01990521327014218
0 0.28264331210191085 0.8710900473933649 0.05573248407643312 0.07962085308056872
0 0.4080414012738854 0.48530805687203793 0.018312101910828025 0.028436018957345974
0 0.5513535031847134 0.05639810426540284 0.01194267515923567 0.01990521327014218
0 0.4605891719745223 0.3886255924170616 0.2603503184713376 0.2786729857819905
0 0.8403662420382166 0.44123222748815166 0.037420382165605094 0.04834123222748815
0 0.08320063694267517 0.8947867298578199 0.0517515923566879 0.026540284360189573
0 0.05214968152866242 0.714218009478673 0.015127388535031847 0.01990521327014218
0 0.8463375796178344 0.04123222748815166 0.01751592356687898 0.025592417061611375
0 0.05493630573248408 0.6739336492890996 0.012738853503184714 0.018957345971563982
0 0.34753184713375795 0.07630331753554502 0.045382165605095545 0.035071090047393366
0 0.06210191082802548 0.652132701421801 0.01592356687898089 0.02085308056872038
0 0.214171974522293 0.16824644549763035 0.02070063694267516 0.023696682464454978
0 0.3447452229299363 0.7729857819905214 0.019108280254777073 0.021800947867298578
0 0.6162420382165605 0.7545023696682465 0.038216560509554146 0.05308056872037915
0 0.6381369426751593 0.14549763033175356 0.05015923566878981 0.07109004739336493
0 0.5011942675159236 0.05165876777251185 0.03423566878980892 0.016113744075829384
0 0.696656050955414 0.9265402843601896 0.028662420382165606 0.016113744075829384
0 0.24164012738853505 0.0985781990521327 0.08041401273885351 0.05687203791469195
0 0.4502388535031847 0.9151658767772513 0.035828025477707005 0.05971563981042654
0 0.06528662420382166 0.8545023696682464 0.02070063694267516 0.05781990521327014
0 0.14171974522292993 0.5862559241706161 0.04299363057324841 0.03317535545023697
0 0.41361464968152867 0.6369668246445498 0.023089171974522295 0.034123222748815164
0 0.2703025477707007 0.4052132701421801 0.10111464968152867 0.09194312796208531
0 0.5979299363057325 0.04028436018957346 0.038216560509554146 0.012322274881516588
0 0.631767515923567 0.12606635071090047 0.04060509554140128 0.03222748815165877
0 0.03264331210191083 0.4317535545023697 0.01592356687898089 0.023696682464454978
0 0.21297770700636945 0.44549763033175355 0.016719745222929936 0.026540284360189573
0 0.6588375796178344 0.7545023696682465 0.016719745222929936 0.03222748815165877
0 0.08041401273885351 0.6601895734597156 0.025477707006369428 0.021800947867298578
0 0.6202229299363058 0.5099526066350711 0.009554140127388536 0.015165876777251185
0 0.4757165605095542 0.704739336492891 0.013535031847133758 0.018009478672985784
0 0.6835191082802549 0.6246445497630332 0.015127388535031847 0.009478672985781991
0 0.2054140127388535 0.08056872037914692 0.04140127388535032 0.013270142180094787
0 0.30891719745222934 0.06682464454976303 0.014331210191082803 0.008530805687203791
0 0.1727707006369427 0.08056872037914692 0.012738853503184714 0.007582938388625593
0 0.7985668789808917 0.7355450236966825 0.009554140127388536 0.024644549763033177
0 0.2515923566878981 0.6156398104265403 0.014331210191082803 0.021800947867298578
0 0.36305732484076436 0.3033175355450237 0.06847133757961783 0.15734597156398106
0 0.20899681528662423 0.095260663507109 0.03105095541401274 0.023696682464454978
0 0.2034235668789809 0.7919431279620853 0.018312101910828025 0.023696682464454978
