0 0.8596718480138169 0.5990466101694916 0.056131260794473226 0.07097457627118645
0 0.2810880829015544 0.4841101694915254 0.08031088082901554 0.06567796610169492
0 0.8894645941278065 0.5021186440677966 0.05008635578583765 0.07627118644067797
0 0.26899827288428324 0.20815677966101695 0.08549222797927461 0.0815677966101695
0 0.41882556131260795 0.8739406779661016 0.04317789291882556 0.11016949152542373
0 0.33506044905008636 0.5942796610169492 0.11226252158894645 0.17584745762711865
0 0.7655440414507771 0.2876059322033898 0.0613126079447323 0.07521186440677965
0 0.7120034542314335 0.5497881355932204 0.040587219343696024 0.0614406779661017
0 0.2012089810017271 0.3776483050847458 0.06735751295336788 0.07521186440677965
0 0.7478411053540587 0.22616525423728814 0.048359240069084625 0.04978813559322034
0 0.03713298791018998 0.4798728813559322 0.06044905008635578 0.06991525423728813
0 0.7884283246977547 0.4846398305084746 0.06735751295336788 0.11758474576271187
0 0.34671848013816925 0.4152542372881356 0.03195164075993091 0.05296610169491525
0 0.4909326424870466 0.448093220338983 0.03713298791018998 0.057203389830508475
0 0.6411917098445595 0.2574152542372881 0.09758203799654576 0.09533898305084745
0 0.5798791018998273 0.8098516949152542 0.03022452504317789 0.03919491525423729
0 0.6312607944732297 0.8188559322033898 0.046632124352331605 0.07203389830508475
0 0.5276338514680483 0.8829449152542372 0.11398963730569947 0.11970338983050847
0 0.2266839378238342 0.5619703389830508 0.04231433506044905 0.04978813559322034
0 0.6666666666666666 0.0635593220338983 0.027633851468048358 0.02754237288135593
0 0.9559585492227979 0.08103813559322035 0.02245250431778929 0.0413135593220339
0 0.8743523316062176 0.1731991525423729 0.12176165803108807 0.1832627118644068
0 0.133419689119171 0.78125 0.04404145077720207 0.05190677966101695
0 0.17357512953367873 0.3146186440677966 0.07944732297063903 0.09110169491525423
0 0.06692573402417962 0.604343220338983 0.08549222797927461 0.04766949152542373
0 0.8834196891191709 0.4104872881355932 0.04317789291882556 0.037076271186440676
0 0.34067357512953367 0.9353813559322034 0.05094991364421416 0.04449152542372881
0 0.9175302245250432 0.3066737288135593 0.047495682210708115 0.07521186440677965
0 0.8432642487046632 0.448093220338983 0.018134715025906734 0.025423728813559324
0 0.19775474956822106 0.24841101694915255 0.031088082901554404 0.04343220338983051
0 0.3229706390328152 0.055614406779661014 0.03281519861830742 0.03283898305084746
0 0.5293609671848014 0.9740466101694916 0.048359240069084625 0.0413135593220339
0 0.4490500863557858 0.017478813559322032 0.06735751295336788 0.026483050847457626
0 0.770293609671848 0.934322033898305 0.02936096718480138 0.02754237288135593
0 0.09326424870466321 0.5444915254237288 0.031088082901554404 0.036016949152542374
0 0.6934369602763385 0.9258474576271186 0.046632124352331605 0.057203389830508475
0 0.6843696027633851 0.09639830508474576 0.01640759930915371 0.019067796610169493
0 0.8091537132987909 0.05826271186440678 0.03626943005181347 0.03177966101694915
0 0.38471502590673573 0.9671610169491526 0.028497409326424868 0.03389830508474576
0 0.5993091537132987 0.10911016949152542 0.025906735751295335 0.0423728813559322
0 0.31131260794473226 0.972457627118644 0.04404145077720207 0.04025423728813559
0 0.9840241796200345 0.4327330508474576 0.01640759930915371 0.022245762711864406
0 0.5142487046632124 0.1816737288135593 0.05785837651122625 0.0646186440677966
0 0.020293609671848012 0.4364406779661017 0.025043177892918825 0.038135593220338986
0 0.5284974093264249 0.08633474576271187 0.14335060449050085 0.1408898305084746
0 0.8730569948186528 0.06514830508474576 0.031088082901554404 0.018008474576271187
0 0.018134715025906734 0.971927966101695 0.03626943005181347 0.037076271186440676
0 0.6213298791018999 0.8877118644067796 0.025043177892918825 0.046610169491525424
0 0.8657167530224524 0.025953389830508475 0.04404145077720207 0.034957627118644065
0 0.7577720207253885 0.03760593220338983 0.06994818652849741 0.06038135593220339
0 0.7033678756476683 0.8416313559322034 0.05267702936096718 0.11122881355932203
0 0.2815198618307426 0.12976694915254236 0.07081174438687392 0.1048728813559322
0 0.9810017271157168 0.04608050847457627 0.018998272884283247 0.022245762711864406
0 0.7594991364421416 0.12182203389830508 0.05958549222797927 0.08686440677966102
0 0.5954231433506044 0.5259533898305084 0.018134715025906734 0.03072033898305085
0 0.40889464594127806 0.9740466101694916 0.012953367875647668 0.022245762711864406
0 0.5319516407599308 0.6244703389830508 0.2763385146804836 0.3040254237288136
0 0.1360103626943005 0.5217161016949152 0.040587219343696024 0.05190677966101695
0 0.9710708117443868 0.12076271186440678 0.054404145077720206 0.029661016949152543
0 0.9892055267702936 0.3199152542372881 0.01640759930915371 0.0211864406779661
0 0.09758203799654576 0.954978813559322 0.018998272884283247 0.028601694915254237
0 0.983160621761658 0.3638771186440678 0.01468048359240069 0.020127118644067795
0 0.6256476683937824 0.9766949152542372 0.047495682210708115 0.038135593220338986
0 0.9732297063903281 0.3861228813559322 0.017271157167530225 0.022245762711864406
0 0.7733160621761658 0.8930084745762712 0.02158894645941278 0.025423728813559324
0 0.6860967184801381 0.22139830508474576 0.019861830742659757 0.025423728813559324
0 0.39810017271157166 0.20815677966101695 0.039723661485319514 0.05826271186440678
0 0.32512953367875647 0.8675847457627118 0.054404145077720206 0.07838983050847458
0 0.46157167530224524 0.9856991525423728 0.03713298791018998 0.018008474576271187
0 0.327720207253886 0.012182203389830509 0.03022452504317789 0.018008474576271187
0 0.7392055267702936 0.9661016949152542 0.08635578583765112 0.0614406779661017
0 0.5863557858376511 0.05402542372881356 0.037996545768566495 0.06567796610169492
0 0.9870466321243523 0.1663135593220339 0.02245250431778929 0.0635593220338983
0 0.8847150259067357 0.448093220338983 0.045768566493955096 0.036016949152542374
0 0.6023316062176165 0.3606991525423729 0.025043177892918825 0.037076271186440676
0 0.7340241796200345 0.6292372881355932 0.1070811744386874 0.09957627118644068
0 0.3588082901554404 0.9867584745762712 0.040587219343696024 0.013771186440677966
0 0.3298791018998273 0.888771186440678 0.04317789291882556 0.036016949152542374
0 0.9866148531951641 0.6292372881355932 0.01640759930915371 0.025423728813559324
0 0.7974956822107081 0.5926906779661016 0.018134715025906734 0.028601694915254237
0 0.3536269430051813 0.20391949152542374 0.018134715025906734 0.034957627118644065
0 0.9546632124352331 0.3755296610169492 0.02677029360967185 0.024364406779661018
0 0.37392055267702934 0.4740466101694915 0.010362694300518133 0.015889830508474576
0 0.5418825561312608 0.2791313559322034 0.01468048359240069 0.020127118644067795
0 0.3169257340241796 0.3416313559322034 0.015544041450777202 0.009533898305084746
0 0.7754749568221071 0.9904661016949152 0.04317789291882556 0.014830508474576272
0 0.6653713298791019 0.9920550847457628 0.01640759930915371 0.009533898305084746
0 0.8100172711571675 0.9936440677966102 0.013816925734024179 0.00847457627118644
0 0.20466321243523314 0.2076271186440678 0.010362694300518133 0.02754237288135593
0 0.7711571675302245 0.4036016949152542 0.015544041450777202 0.023305084745762712
0 0.6278065630397236 0.7282838983050848 0.07253886010362694 0.17266949152542374
0 0.7728842832469776 0.9735169491525424 0.03281519861830742 0.025423728813559324
0 0.8367875647668394 0.2176906779661017 0.018998272884283247 0.026483050847457626
