0 0.136875 0.40307692307692305 0.055 0.07076923076923076
0 0.7203125 0.5123076923076924 0.080625 0.06461538461538462
0 0.1071875 0.5003846153846154 0.049375 0.07615384615384616
0 0.734375 0.7915384615384615 0.085 0.08153846153846153
0 0.5784375 0.12076923076923077 0.041875 0.11076923076923077
0 0.664375 0.4026923076923077 0.1125 0.17615384615384616
0 0.2334375 0.7161538461538461 0.060625 0.07538461538461538
0 0.2859375 0.4511538461538461 0.039375 0.06076923076923077
0 0.8009375 0.62 0.066875 0.07538461538461538
0 0.25125000000000003 0.7780769230769231 0.0475 0.04846153846153846
0 0.96625 0.515 0.06 0.07
0 0.209375 0.5173076923076924 0.0675 0.1176923076923077
0 0.65375 0.5826923076923077 0.03125 0.05153846153846154
0 0.5090625 0.5511538461538461 0.036875 0.05615384615384615
0 0.35875 0.7453846153846154 0.0975 0.09538461538461539
0 0.4165625 0.18615384615384614 0.029375000000000002 0.038461538461538464
0 0.365 0.17846153846153845 0.04625 0.07230769230769231
0 0.469375 0.1123076923076923 0.11375 0.12153846153846154
0 0.7740625 0.43346153846153845 0.041875 0.05
0 0.33437500000000003 0.9415384615384615 0.02625 0.026153846153846153
0 0.0428125 0.926923076923077 0.020625 0.04153846153846154
0 0.1246875 0.8326923076923077 0.121875 0.1853846153846154
0 0.8665625 0.21115384615384616 0.044375 0.05153846153846154
0 0.8296875 0.683076923076923 0.079375 0.09076923076923077
0 0.9343750000000001 0.3892307692307692 0.085 0.047692307692307694
0 0.1140625 0.5934615384615385 0.043125000000000004 0.036153846153846154
0 0.6571875 0.05730769230769231 0.050625 0.04384615384615385
0 0.0803125 0.6984615384615385 0.048125 0.07384615384615384
0 0.15375 0.5542307692307692 0.0175 0.025384615384615384
0 0.8053125 0.7496153846153846 0.030625 0.04230769230769231
0 0.680625 0.9457692307692308 0.0325 0.031538461538461536
0 0.466875 0.02 0.0475 0.04
0 0.55375 0.9857692307692307 0.0675 0.025384615384615384
0 0.2240625 0.06230769230769231 0.028125 0.026153846153846153
0 0.9081250000000001 0.4503846153846154 0.03 0.036153846153846154
0 0.3021875 0.07038461538461538 0.046875 0.05615384615384615
0 0.3159375 0.9088461538461539 0.015625 0.019230769230769232
0 0.19125 0.9476923076923077 0.03625 0.03076923076923077
0 0.6118750000000001 0.02576923076923077 0.0275 0.03307692307692308
0 0.401875 0.895 0.025 0.04230769230769231
0 0.6865625 0.019615384615384614 0.044375 0.03923076923076923
0 0.0121875 0.5715384615384616 0.015625 0.021538461538461538
0 0.4871875 0.8207692307692308 0.056875 0.06461538461538462
0 0.9828125 0.5588461538461539 0.024375 0.03769230769230769
0 0.47375 0.9173076923076923 0.14375000000000002 0.1423076923076923
0 0.1265625 0.9423076923076923 0.030625 0.016923076923076923
0 0.981875 0.01769230769230769 0.03625 0.03538461538461538
0 0.3746875 0.10846153846153846 0.024375 0.046153846153846156
0 0.13468750000000002 0.9815384615384616 0.043125000000000004 0.033846153846153845
0 0.2421875 0.9684615384615385 0.069375 0.06
0 0.29281250000000003 0.15576923076923077 0.051875000000000004 0.11153846153846154
0 0.7212500000000001 0.8711538461538462 0.07 0.10384615384615385
0 0.017812500000000002 0.9619230769230769 0.018125 0.022307692307692306
0 0.240625 0.8830769230769231 0.058750000000000004 0.0876923076923077
0 0.4034375 0.47423076923076923 0.018125 0.03
0 0.5878125 0.019230769230769232 0.013125 0.02
0 0.46625 0.3730769230769231 0.27625 0.30615384615384617
0 0.8653125 0.47346153846153843 0.039375 0.05307692307692308
0 0.0271875 0.8869230769230769 0.053125 0.02923076923076923
0 0.0084375 0.6853846153846154 0.015625 0.02
0 0.901875 0.035 0.01875 0.02846153846153846
0 0.0134375 0.6411538461538462 0.013125 0.02076923076923077
0 0.3696875 0.018846153846153846 0.048125 0.03769230769230769
0 0.02375 0.6180769230769231 0.01625 0.022307692307692306
0 0.22187500000000002 0.10461538461538461 0.02125 0.024615384615384615
0 0.31375000000000003 0.7826923076923077 0.02 0.023846153846153847
0 0.60375 0.7923076923076923 0.04 0.05692307692307692
0 0.6728125 0.12615384615384614 0.053125 0.07846153846153846
0 0.534375 0.008461538461538461 0.03625 0.016923076923076923
0 0.675625 0.99 0.03 0.016923076923076923
0 0.2553125 0.03076923076923077 0.085625 0.06153846153846154
0 0.41531250000000003 0.95 0.036875 0.06615384615384616
0 0.01125 0.8411538461538461 0.02125 0.06230769230769231
0 0.1125 0.555 0.04625 0.03461538461538462
0 0.3975 0.6403846153846153 0.02375 0.036153846153846154
0 0.2628125 0.37038461538461537 0.106875 0.10076923076923076
0 0.6384375 0.006153846153846154 0.039375 0.012307692307692308
0 0.6678125 0.10461538461538461 0.043125000000000004 0.03538461538461538
0 0.00875 0.37346153846153846 0.01625 0.025384615384615384
0 0.1990625 0.40807692307692306 0.016875 0.02846153846153846
0 0.64875 0.7965384615384615 0.01625 0.03461538461538462
0 0.0425 0.6288461538461538 0.02625 0.023846153846153847
0 0.6259375 0.5238461538461539 0.009375 0.015384615384615385
0 0.458125 0.7223076923076923 0.01375 0.01846153846153846
0 0.6846875 0.6573076923076923 0.014375 0.008461538461538461
0 0.21875 0.006538461538461538 0.043750000000000004 0.013076923076923076
0 0.32937500000000003 0.0038461538461538464 0.015 0.007692307692307693
0 0.184375 0.0038461538461538464 0.0125 0.007692307692307693
0 0.7987500000000001 0.7915384615384615 0.00875 0.027692307692307693
0 0.22718750000000001 0.5988461538461538 0.014375 0.022307692307692306
0 0.36875 0.26884615384615385 0.0725 0.17307692307692307
0 0.2215625 0.02346153846153846 0.033125 0.023846153846153847
0 0.1621875 0.7873076923076923 0.019375 0.025384615384615384
