0 0.863125 0.40307692307692305 0.055 0.07076923076923076
0 0.27968750000000003 0.5130769230769231 0.080625 0.06461538461538462
0 0.8921875 0.5007692307692307 0.049375 0.07538461538461538
0 0.265625 0.7923076923076923 0.085 0.08153846153846153
0 0.42125 0.12076923076923077 0.0425 0.11076923076923077
0 0.335 0.4026923076923077 0.1125 0.17615384615384616
0 0.7665625 0.7161538461538461 0.060625 0.07538461538461538
0 0.7140625 0.4511538461538461 0.039375 0.06076923076923077
0 0.19843750000000002 0.6203846153846154 0.066875 0.07461538461538461
0 0.748125 0.7784615384615384 0.0475 0.04923076923076923
0 0.03375 0.5153846153846153 0.06 0.06923076923076923
0 0.7903125 0.5176923076923077 0.066875 0.11846153846153847
0 0.345625 0.5834615384615385 0.03125 0.05153846153846154
0 0.4909375 0.5515384615384615 0.036875 0.05692307692307692
0 0.64125 0.7453846153846154 0.0975 0.09538461538461539
0 0.5828125000000001 0.18692307692307691 0.029375000000000002 0.038461538461538464
0 0.6346875 0.17846153846153845 0.045625 0.07230769230769231
0 0.530625 0.11269230769230769 0.11375 0.12076923076923077
0 0.225625 0.4338461538461538 0.04125 0.04923076923076923
0 0.6653125 0.941923076923077 0.026875 0.026923076923076925
0 0.956875 0.926923076923077 0.02125 0.04153846153846154
0 0.875 0.833076923076923 0.12125 0.18461538461538463
0 0.133125 0.21153846153846154 0.043750000000000004 0.05076923076923077
0 0.1703125 0.6834615384615385 0.079375 0.09
0 0.065 0.38961538461538464 0.085 0.04692307692307692
0 0.885625 0.5934615384615385 0.0425 0.036153846153846154
0 0.3428125 0.058076923076923075 0.050625 0.04384615384615385
0 0.919375 0.6988461538461539 0.0475 0.07461538461538461
0 0.8456250000000001 0.5546153846153846 0.0175 0.024615384615384615
0 0.1946875 0.7503846153846154 0.030625 0.04230769230769231
0 0.319375 0.9461538461538461 0.0325 0.03230769230769231
0 0.5328125 0.020384615384615383 0.048125 0.040769230769230766
0 0.4459375 0.9861538461538462 0.066875 0.026153846153846153
0 0.7753125000000001 0.06269230769230769 0.028125 0.026923076923076925
0 0.09125 0.45076923076923076 0.03 0.03538461538461538
0 0.6978125000000001 0.07076923076923076 0.046875 0.05692307692307692
0 0.6834375 0.9088461538461539 0.015625 0.019230769230769232
0 0.8084375 0.9484615384615385 0.035625000000000004 0.03076923076923077
0 0.3875 0.02653846153846154 0.0275 0.03307692307692308
0 0.5978125 0.8953846153846153 0.024375 0.04153846153846154
0 0.313125 0.02 0.043750000000000004 0.04
0 0.9871875 0.5715384615384616 0.015625 0.021538461538461538
0 0.5128125 0.8211538461538461 0.056875 0.06384615384615384
0 0.016875 0.5588461538461539 0.02375 0.03769230769230769
0 0.52625 0.9176923076923077 0.14375000000000002 0.14153846153846153
0 0.873125 0.9423076923076923 0.03 0.016923076923076923
0 0.018125 0.018076923076923077 0.03625 0.036153846153846154
0 0.625 0.10884615384615384 0.025 0.045384615384615384
0 0.8653125 0.9819230769230769 0.043125000000000004 0.03461538461538462
0 0.7571875 0.9692307692307692 0.069375 0.06
0 0.7071875 0.15653846153846154 0.051875000000000004 0.11153846153846154
0 0.278125 0.8715384615384615 0.07 0.10461538461538461
0 0.9815625 0.9623076923076923 0.018125 0.021538461538461538
0 0.7590625 0.8834615384615384 0.059375000000000004 0.08692307692307692
0 0.5965625 0.47423076923076923 0.018125 0.03
0 0.411875 0.019615384615384614 0.0125 0.02076923076923077
0 0.5334375 0.37384615384615383 0.276875 0.30615384615384617
0 0.1340625 0.47384615384615386 0.039375 0.052307692307692305
0 0.9725 0.8873076923076924 0.05375 0.02846153846153846
0 0.9915625 0.6857692307692308 0.015625 0.02076923076923077
0 0.0978125 0.03538461538461538 0.018125 0.027692307692307693
0 0.9859375 0.6415384615384615 0.013125 0.02
0 0.63 0.018846153846153846 0.0475 0.03769230769230769
0 0.9762500000000001 0.6188461538461538 0.01625 0.022307692307692306
0 0.7781250000000001 0.10461538461538461 0.02125 0.024615384615384615
0 0.6859375 0.7826923076923077 0.019375 0.023846153846153847
0 0.3959375 0.7926923076923077 0.039375 0.057692307692307696
0 0.32656250000000003 0.12653846153846154 0.053125 0.07769230769230769
0 0.465 0.008461538461538461 0.03625 0.016923076923076923
0 0.32375 0.9903846153846154 0.03 0.01769230769230769
0 0.7440625 0.03076923076923077 0.085625 0.06153846153846154
0 0.584375 0.9503846153846154 0.0375 0.06538461538461539
0 0.9884375 0.8415384615384616 0.021875000000000002 0.06307692307692307
0 0.8871875 0.5553846153846154 0.045625 0.03538461538461538
0 0.6025 0.6411538461538462 0.02375 0.036153846153846154
0 0.7368750000000001 0.3707692307692308 0.1075 0.1
0 0.36125 0.006538461538461538 0.04 0.013076923076923076
0 0.33187500000000003 0.105 0.0425 0.03461538461538462
0 0.9912500000000001 0.37346153846153846 0.01625 0.025384615384615384
0 0.800625 0.4084615384615385 0.0175 0.027692307692307693
0 0.3509375 0.7973076923076923 0.016875 0.03461538461538462
0 0.9575 0.6296153846153846 0.02625 0.023846153846153847
0 0.37343750000000003 0.5246153846153846 0.009375 0.015384615384615385
0 0.54125 0.7226923076923077 0.01375 0.019230769230769232
0 0.315 0.6576923076923077 0.015 0.00923076923076923
0 0.7809375000000001 0.006923076923076923 0.043125000000000004 0.013846153846153847
0 0.67 0.0038461538461538464 0.015 0.007692307692307693
0 0.815625 0.0038461538461538464 0.0125 0.007692307692307693
0 0.2009375 0.791923076923077 0.009375 0.026923076923076925
0 0.7728125 0.5996153846153847 0.014375 0.022307692307692306
0 0.630625 0.2696153846153846 0.0725 0.17307692307692307
0 0.7781250000000001 0.023846153846153847 0.0325 0.024615384615384615
0 0.8375 0.7880769230769231 0.01875 0.025384615384615384
