0 0.13952464788732394 0.4111948331539289 0.05545774647887324 0.07104413347685683
0 0.7169894366197184 0.5080731969860064 0.0801056338028169 0.06458557588805167
0 0.11223591549295775 0.507534983853606 0.05017605633802817 0.07427341227125941
0 0.7341549295774648 0.7820236813778255 0.08450704225352113 0.08073196986006458
0 0.5726232394366197 0.12594187298170073 0.043133802816901406 0.10979547900968782
0 0.6610915492957746 0.4009687836383207 0.11267605633802817 0.17330462863293863
0 0.23899647887323944 0.7168998923573735 0.06073943661971831 0.07534983853606027
0 0.28741197183098594 0.45586652314316467 0.03961267605633803 0.06135629709364908
0 0.7984154929577465 0.6119483315392895 0.06690140845070423 0.07427341227125941
0 0.2579225352112676 0.7771797631862217 0.04753521126760563 0.04951560818083961
0 0.9595070422535211 0.5059203444564047 0.05985915492957747 0.0688912809472551
0 0.2130281690140845 0.522604951560818 0.06690140845070423 0.11733046286329385
0 0.653169014084507 0.5791173304628633 0.03169014084507042 0.05166846071044133
0 0.5088028169014085 0.55005382131324 0.03697183098591549 0.05597416576964477
0 0.3631161971830986 0.7427341227125941 0.09771126760563381 0.09472551130247578
0 0.4137323943661972 0.193756727664155 0.029929577464788734 0.038751345532830994
0 0.3626760563380282 0.1867599569429494 0.045774647887323945 0.0721205597416577
0 0.4643485915492958 0.120021528525296 0.11355633802816902 0.11948331539289557
0 0.7693661971830986 0.42949407965554354 0.04225352112676056 0.04951560818083961
0 0.3419894366197183 0.9359526372443486 0.0272887323943662 0.026910656620021525
0 0.05369718309859155 0.9268030139935414 0.02112676056338028 0.04090419806243272
0 0.13336267605633803 0.8336921420882669 0.12059859154929578 0.18191603875134552
0 0.858274647887324 0.2099031216361679 0.04401408450704226 0.05166846071044133
0 0.8274647887323944 0.6733046286329386 0.07922535211267606 0.08934337997847147
0 0.9273767605633803 0.38320775026910653 0.08538732394366197 0.04736275565123789
0 0.12015845070422536 0.5984930032292788 0.043133802816901406 0.036598493003229274
0 0.6487676056338029 0.06297093649085037 0.051056338028169015 0.0441334768568353
0 0.08802816901408451 0.7023681377825618 0.04753521126760563 0.07427341227125941
0 0.15889084507042253 0.5597416576964478 0.018485915492957746 0.025834230355220665
0 0.804137323943662 0.7395048439181915 0.030809859154929578 0.04305705059203444
0 0.6830985915492958 0.933799784714747 0.03345070422535212 0.03336921420882669
0 0.4608274647887324 0.03013993541442411 0.04841549295774648 0.04090419806243272
0 0.5589788732394366 0.9757804090419805 0.06690140845070423 0.026910656620021525
0 0.22227112676056338 0.0758880516684607 0.029049295774647887 0.026910656620021525
0 0.9022887323943662 0.4440258342303552 0.029929577464788734 0.035522066738428414
0 0.29885563380281693 0.08234660925726588 0.04665492957746479 0.05705059203444564
0 0.32350352112676056 0.9041980624327233 0.01672535211267606 0.019375672766415497
0 0.20026408450704225 0.9456404736275564 0.03609154929577465 0.03121636167922497
0 0.6047535211267606 0.03283100107642626 0.028169014084507043 0.03336921420882669
0 0.40757042253521125 0.8896663078579117 0.024647887323943664 0.04198062432723358
0 0.6778169014084507 0.025296017222820235 0.04401408450704226 0.03982777179763186
0 0.019366197183098594 0.5785791173304629 0.01584507042253521 0.02260495156081808
0 0.4907570422535211 0.8148546824542519 0.05721830985915493 0.06458557588805167
0 0.977112676056338 0.5484391819160387 0.024647887323943664 0.037674919268030134
0 0.47887323943661975 0.9095801937567276 0.1426056338028169 0.13993541442411195
0 0.136443661971831 0.9402583423035521 0.029929577464788734 0.018299246501614637
0 0.9691901408450705 0.018299246501614637 0.03697183098591549 0.036598493003229274
0 0.3710387323943662 0.11840688912809472 0.025528169014084508 0.04520990312163616
0 0.14480633802816903 0.9790096878363831 0.043133802816901406 0.035522066738428414
0 0.25132042253521125 0.9644779332615715 0.06954225352112677 0.06027987082884822
0 0.2909330985915493 0.16684607104413346 0.05193661971830986 0.10979547900968782
0 0.7231514084507042 0.8600645855758879 0.06954225352112677 0.10333692142088266
0 0.029489436619718312 0.9617868675995693 0.018485915492957746 0.02260495156081808
0 0.2482394366197183 0.8805166846071043 0.05985915492957747 0.08611410118406888
0 0.4036091549295775 0.47631862217438103 0.018485915492957746 0.03121636167922497
0 0.5805457746478874 0.026910656620021525 0.013204225352112676 0.02152852529601722
0 0.4647887323943662 0.3767491926803014 0.2746478873239437 0.30139935414424107
0 0.8604753521126761 0.4671689989235737 0.03961267605633803 0.05166846071044133
0 0.037852112676056336 0.8885898815931108 0.0545774647887324 0.02906350914962325
0 0.016285211267605633 0.6910656620021528 0.01672535211267606 0.02152852529601722
0 0.8904049295774648 0.036598493003229274 0.018485915492957746 0.027987082884822385
0 0.021566901408450703 0.6474703982777179 0.013204225352112676 0.02045209903121636
0 0.3653169014084507 0.03013993541442411 0.04753521126760563 0.038751345532830994
0 0.030809859154929578 0.6248654467168998 0.017605633802816902 0.02260495156081808
0 0.21963028169014084 0.11679224973089343 0.02200704225352113 0.024757804090419805
0 0.31910211267605637 0.7804090419806242 0.020246478873239437 0.023681377825618945
0 0.6060739436619719 0.7847147470398277 0.03961267605633803 0.0581270182992465
0 0.6659330985915494 0.1302475780409042 0.05369718309859155 0.07750269106566199
0 0.5277288732394366 0.017222820236813777 0.03609154929577465 0.017222820236813777
0 0.6795774647887324 0.9768568353067814 0.029929577464788734 0.018299246501614637
0 0.25308098591549294 0.043595263724434875 0.08538732394366197 0.06135629709364908
0 0.4216549295774648 0.9429494079655543 0.03873239436619719 0.06458557588805167
0 0.021566901408450703 0.843918191603875 0.02200704225352113 0.06243272335844994
0 0.11795774647887325 0.561356297093649 0.045774647887323945 0.035522066738428414
0 0.4000880281690141 0.6404736275565123 0.023767605633802816 0.036598493003229274
0 0.2640845070422535 0.3772874058127018 0.1073943661971831 0.10010764262648007
0 0.6302816901408451 0.013455328310010763 0.040492957746478875 0.013993541442411193
0 0.6606514084507042 0.1092572658772874 0.043133802816901406 0.035522066738428414
0 0.012764084507042254 0.3842841765339074 0.01672535211267606 0.025834230355220665
0 0.20158450704225353 0.4155005382131324 0.017605633802816902 0.027987082884822385
0 0.6505281690140845 0.7884822389666307 0.017605633802816902 0.035522066738428414
0 0.04929577464788733 0.6356297093649085 0.02640845070422535 0.024757804090419805
0 0.6245598591549296 0.5215285252960172 0.009683098591549297 0.016146393972012917
0 0.4612676056338028 0.7190527448869751 0.014084507042253521 0.019375672766415497
0 0.6839788732394366 0.6506996770721205 0.01584507042253521 0.009687836383207749
0 0.21610915492957747 0.02152852529601722 0.043133802816901406 0.015069967707212055
0 0.3257042253521127 0.016146393972012917 0.01584507042253521 0.008611410118406888
0 0.1817781690140845 0.019375672766415497 0.013204225352112676 0.008611410118406888
0 0.7984154929577465 0.7804090419806242 0.01056338028169014 0.027987082884822385
0 0.23107394366197184 0.6022604951560817 0.014964788732394367 0.02260495156081808
0 0.3675176056338028 0.27610333692142086 0.07306338028169014 0.1711517761033369
0 0.21875 0.037674919268030134 0.032570422535211266 0.025834230355220665
0 0.1698943661971831 0.7884822389666307 0.019366197183098594 0.026910656620021525
