0 0.8386960203217612 0.2882051282051282 0.06181202370872142 0.09846153846153846
0 0.6646909398814563 0.6374358974358975 0.1388653683319221 0.19794871794871796
0 0.8116003386960203 0.7446153846153846 0.04149026248941575 0.06358974358974359
0 0.7349703640982218 0.4553846153846154 0.03725656223539373 0.05333333333333333
0 0.8450465707027942 0.701025641025641 0.04064352243861134 0.09538461538461539
0 0.8124470787468246 0.58 0.16511430990685858 0.14256410256410257
0 0.7404741744284504 0.23692307692307693 0.029635901778154106 0.06769230769230769
0 0.7569856054191363 0.5820512820512821 0.04572396274343776 0.14256410256410257
0 0.5368331922099915 0.8764102564102564 0.02540220152413209 0.02564102564102564
0 0.768839966130398 0.47692307692307695 0.03895004233700254 0.03487179487179487
0 0.22015241320914478 0.048205128205128206 0.03217612193056731 0.026666666666666665
