0 0.8292988313856428 0.6317635270541082 0.06093489148580968 0.09519038076152304
0 0.6297996661101837 0.3156312625250501 0.13606010016694492 0.19238476953907813
0 0.7646076794657763 0.19338677354709416 0.04006677796327212 0.06212424849699398
0 0.7136894824707847 0.48296593186372744 0.03672787979966611 0.052104208416833664
0 0.8005008347245409 0.2314629258517034 0.04006677796327212 0.09218436873747494
0 0.7796327212020033 0.3532064128256513 0.16193656093489148 0.13927855711422846
0 0.7374791318864775 0.6938877755511021 0.02921535893155259 0.06513026052104208
0 0.7249582637729549 0.3577154308617234 0.044240400667779636 0.13827655310621242
0 0.48497495826377296 0.09969939879759518 0.025041736227045076 0.0250501002004008
0 0.7454090150250418 0.4579158316633266 0.038397328881469114 0.03406813627254509
0 0.244991652754591 0.939879759519038 0.030884808013355594 0.026052104208416832
