0 0.845 0.29653846153846153 0.0625 0.10230769230769231
0 0.6534375 0.6534615384615384 0.143125 0.20692307692307693
0 0.8015625000000001 0.7730769230769231 0.040625 0.06615384615384616
0 0.7325 0.46615384615384614 0.0375 0.055384615384615386
0 0.836875 0.7292307692307692 0.04125 0.09846153846153846
0 0.8078125 0.5996153846153847 0.169375 0.14846153846153845
0 0.7446875000000001 0.2373076923076923 0.029375000000000002 0.07
0 0.7509375 0.5996153846153847 0.046875 0.14846153846153845
0 0.5140625 0.8965384615384615 0.025625000000000002 0.025384615384615384
0 0.7659375 0.4896153846153846 0.039375 0.036153846153846154
0 0.21531250000000002 0.01423076923076923 0.031875 0.026923076923076925
