0 0.8301967493584259 0.7087227414330218 0.06244653550042771 0.09865005192107995
0 0.6531223267750214 0.3582554517133956 0.13943541488451666 0.19937694704049844
0 0.8006843455945252 0.24922118380062305 0.04106073567151411 0.06438213914849429
0 0.7249786142001711 0.5410176531671859 0.036783575705731396 0.05399792315680166
0 0.8340461933276304 0.29283489096573206 0.04106073567151411 0.09553478712357216
0 0.8023952095808383 0.4153686396677051 0.16595380667236953 0.14330218068535824
0 0.7313943541488451 0.7606438213914849 0.029084687767322495 0.06749740394600208
0 0.7467921300256629 0.41329179646936653 0.046193327630453376 0.14330218068535824
0 0.5239520958083832 0.11889927310488058 0.026518391787852865 0.02596053997923157
0 0.7587681779298545 0.5192107995846313 0.03934987168520102 0.035306334371754934
0 0.21000855431993157 0.9543094496365524 0.03165098374679213 0.02699896157840083
