0 0.21531250000000002 0.32346153846153847 0.063125 0.10230769230769231
0 0.406875 0.6803846153846154 0.14250000000000002 0.20692307692307693
0 0.25875 0.8 0.04125 0.06615384615384616
0 0.328125 0.4930769230769231 0.0375 0.055384615384615386
0 0.22312500000000002 0.7561538461538462 0.04125 0.09846153846153846
0 0.2521875 0.6273076923076923 0.169375 0.14846153846153845
0 0.3153125 0.26461538461538464 0.029375000000000002 0.06923076923076923
0 0.309375 0.6273076923076923 0.04625 0.14846153846153845
0 0.5465625000000001 0.9242307692307692 0.025625000000000002 0.025384615384615384
0 0.2940625 0.5173076923076924 0.039375 0.036153846153846154
0 0.8453125 0.04115384615384615 0.031875 0.026923076923076925
