0 0.16414141414141414 0.7063655030800822 0.062289562289562284 0.10061601642710473
0 0.34638047138047134 0.3542094455852156 0.14057239057239057 0.20328542094455854
0 0.19907407407407407 0.24127310061601642 0.041245791245791245 0.06570841889117043
0 0.2723063973063973 0.5385010266940452 0.03787878787878788 0.054414784394250515
0 0.16456228956228955 0.2849075975359343 0.041245791245791245 0.09753593429158111
0 0.19528619528619529 0.40965092402464065 0.16666666666666666 0.1457905544147844
0 0.26346801346801346 0.7612936344969199 0.0303030303030303 0.06878850102669405
0 0.25126262626262624 0.4086242299794661 0.046296296296296294 0.1457905544147844
0 0.47937710437710435 0.11344969199178645 0.026094276094276093 0.025667351129363452
0 0.23863636363636362 0.5159137577002053 0.03956228956228956 0.03593429158110883
0 0.7878787878787878 0.965605749486653 0.03198653198653199 0.027720739219712527
