0 0.8675344563552834 0.34711895910780666 0.06278713629402757 0.09944237918215613
0 0.6715160796324656 0.6826208178438662 0.13935681470137826 0.19981412639405202
0 0.8127871362940275 0.8034386617100371 0.04058192955589587 0.06412639405204461
0 0.753062787136294 0.5055762081784386 0.03751914241960184 0.05390334572490706
0 0.8487748851454824 0.762546468401487 0.04058192955589587 0.09572490706319702
0 0.8238897396630934 0.637546468401487 0.16539050535987748 0.14312267657992564
0 0.771822358346095 0.28671003717472116 0.02909647779479326 0.06784386617100371
0 0.7679938744257274 0.6352230483271375 0.045941807044410414 0.14405204460966542
0 0.5290964777947933 0.9112453531598512 0.026033690658499236 0.025092936802973975
0 0.7859877488514548 0.5302044609665427 0.03905053598774885 0.0362453531598513
0 0.2614854517611026 0.05157992565055762 0.03139356814701379 0.02695167286245353
