0 0.8229885057471265 0.711449676823638 0.06130268199233717 0.09695290858725761
0 0.653639846743295 0.3647276084949215 0.13793103448275862 0.19575253924284394
0 0.8003831417624522 0.2613111726685134 0.040613026819923376 0.06278855032317636
0 0.7218390804597702 0.5452446906740536 0.0367816091954023 0.05263157894736842
0 0.8329501915708812 0.3051708217913204 0.03984674329501916 0.09325946445060018
0 0.7996168582375479 0.42382271468144045 0.1632183908045977 0.14035087719298245
0 0.7245210727969349 0.7608494921514312 0.02835249042145594 0.0664819944598338
0 0.7452107279693487 0.420129270544783 0.04521072796934866 0.14035087719298245
0 0.5298850574712644 0.12742382271468145 0.02528735632183908 0.024007386888273315
0 0.7551724137931035 0.5244690674053555 0.03908045977011494 0.03508771929824561
0 0.20727969348659003 0.9385964912280701 0.0314176245210728 0.026777469990766387
