0 0.8159908186687069 0.2857142857142857 0.060443764345830146 0.09523809523809523
0 0.653787299158378 0.6295787545787546 0.13542463657230297 0.19139194139194138
0 0.8003060443764346 0.728021978021978 0.03978576893649579 0.06227106227106227
0 0.7180566182096404 0.451007326007326 0.035960214231063506 0.0521978021978022
0 0.8316755929609794 0.684981684981685 0.03978576893649579 0.09157509157509157
0 0.7972456006120887 0.5686813186813187 0.16067329762815608 0.13736263736263737
0 0.7180566182096404 0.23946886446886448 0.028309104820198928 0.06501831501831502
0 0.7429227237949503 0.5732600732600732 0.04437643458301454 0.13736263736263737
0 0.5344299923488905 0.86492673992674 0.0252486610558531 0.024725274725274724
0 0.7517214996174445 0.47023809523809523 0.037490436113236415 0.03388278388278388
0 0.20466717674062737 0.076007326007326 0.03136954858454476 0.02564102564102564
