0 0.164119066773934 0.3486590038314176 0.05953338696701528 0.09386973180076628
0 0.36604987932421557 0.6537356321839081 0.13354786806114238 0.18869731800766282
0 0.23531777956556715 0.7758620689655172 0.039420756234915526 0.06130268199233716
0 0.2803700724054706 0.4918582375478927 0.036202735317779566 0.05076628352490421
0 0.1991150442477876 0.739463601532567 0.039420756234915526 0.09003831417624521
0 0.21802091713596136 0.6202107279693486 0.1592920353982301 0.13505747126436782
0 0.25382139983909896 0.28639846743295017 0.02815768302493966 0.0632183908045977
0 0.2715205148833467 0.6149425287356322 0.04424778761061947 0.13601532567049807
0 0.5128720836685439 0.861111111111111 0.024939662107803698 0.022988505747126436
0 0.250201126307321 0.5167624521072797 0.03700724054706355 0.033524904214559385
0 0.7353177795655671 0.03400383141762452 0.030571198712791632 0.02586206896551724
