0 0.2196875 0.3057692307692308 0.063125 0.10230769230769231
0 0.41125 0.6626923076923077 0.14250000000000002 0.20692307692307693
0 0.263125 0.7823076923076923 0.04125 0.06615384615384616
0 0.3325 0.4753846153846154 0.0375 0.055384615384615386
0 0.2275 0.7384615384615385 0.04125 0.09846153846153846
0 0.2565625 0.6096153846153847 0.169375 0.14846153846153845
0 0.3196875 0.2469230769230769 0.029375000000000002 0.06923076923076923
0 0.31375000000000003 0.6096153846153847 0.04625 0.14846153846153845
0 0.5509375 0.9065384615384615 0.025625000000000002 0.025384615384615384
0 0.2984375 0.49961538461538463 0.039375 0.036153846153846154
0 0.8496875 0.02346153846153846 0.031875 0.026923076923076925
