0 0.8225671140939597 0.28816986855409504 0.061241610738255035 0.09706774519716886
0 0.6535234899328859 0.634479271991911 0.13758389261744966 0.19514661274014156
0 0.8003355704697986 0.7381193124368048 0.040268456375838924 0.06268958543983823
0 0.7214765100671141 0.4539939332659252 0.03691275167785235 0.0525783619817998
0 0.8330536912751678 0.6946410515672397 0.040268456375838924 0.09302325581395349
0 0.799496644295302 0.5753286147623863 0.16275167785234898 0.13953488372093023
0 0.723993288590604 0.2391304347826087 0.028523489932885907 0.06572295247724975
0 0.7449664429530202 0.5788675429726997 0.04530201342281879 0.1405460060667341
0 0.5297818791946308 0.872093023255814 0.026006711409395974 0.02527805864509606
0 0.7550335570469798 0.474721941354904 0.03859060402684564 0.03538928210313448
0 0.2067953020134228 0.06167846309403438 0.03104026845637584 0.0262891809908999
