0 0.1528125 0.6796153846153846 0.063125 0.10230769230769231
0 0.344375 0.32269230769230767 0.14250000000000002 0.20692307692307693
0 0.19625 0.20307692307692307 0.04125 0.06615384615384616
0 0.265625 0.51 0.0375 0.055384615384615386
0 0.160625 0.2469230769230769 0.04125 0.09846153846153846
0 0.1896875 0.37576923076923074 0.169375 0.14846153846153845
0 0.2528125 0.7384615384615385 0.029375000000000002 0.06923076923076923
0 0.246875 0.37576923076923074 0.04625 0.14846153846153845
0 0.4840625 0.07884615384615384 0.025625000000000002 0.025384615384615384
0 0.2315625 0.4857692307692308 0.039375 0.036153846153846154
0 0.7828125 0.9619230769230769 0.031875 0.026923076923076925
