0 0.8445723684210525 0.7024291497975709 0.06414473684210525 0.10323886639676114
0 0.6529605263157895 0.3466599190283401 0.14309210526315788 0.20748987854251014
0 0.8005756578947368 0.22672064777327935 0.04194078947368421 0.06680161943319839
0 0.731907894736842 0.5334008097165992 0.03782894736842105 0.05668016194331984
0 0.8367598684210525 0.2702429149797571 0.04194078947368421 0.09919028340080972
0 0.8075657894736842 0.3992914979757085 0.1694078947368421 0.14878542510121456
0 0.7446546052631579 0.7616396761133604 0.030427631578947366 0.06983805668016195
0 0.7504111842105263 0.3992914979757085 0.046875 0.14878542510121456
0 0.513157894736842 0.10323886639676114 0.02631578947368421 0.02631578947368421
0 0.7660361842105263 0.5091093117408907 0.04029605263157895 0.03643724696356275
0 0.2158717105263158 0.9853238866396761 0.03207236842105263 0.027327935222672066
