0 0.1521875 0.31961538461538463 0.063125 0.10230769230769231
0 0.34375 0.6765384615384615 0.14250000000000002 0.20692307692307693
0 0.195625 0.7961538461538461 0.04125 0.06615384615384616
0 0.265 0.48923076923076925 0.0375 0.055384615384615386
0 0.16 0.7523076923076923 0.04125 0.09846153846153846
0 0.1890625 0.6234615384615385 0.169375 0.14846153846153845
0 0.2521875 0.26076923076923075 0.029375000000000002 0.06923076923076923
0 0.24625 0.6234615384615385 0.04625 0.14846153846153845
0 0.4834375 0.9203846153846154 0.025625000000000002 0.025384615384615384
0 0.23093750000000002 0.5134615384615384 0.039375 0.036153846153846154
0 0.7821875 0.037307692307692306 0.031875 0.026923076923076925
