0 0.2090625 0.6926923076923077 0.063125 0.10230769230769231
0 0.400625 0.33576923076923076 0.14250000000000002 0.20692307692307693
0 0.2525 0.21615384615384614 0.04125 0.06615384615384616
0 0.321875 0.5230769230769231 0.0375 0.055384615384615386
0 0.216875 0.26 0.04125 0.09846153846153846
0 0.2459375 0.38884615384615384 0.169375 0.14846153846153845
0 0.3090625 0.7515384615384615 0.029375000000000002 0.06923076923076923
0 0.30312500000000003 0.38884615384615384 0.04625 0.14846153846153845
0 0.5403125 0.09192307692307693 0.025625000000000002 0.025384615384615384
0 0.2878125 0.49884615384615383 0.039375 0.036153846153846154
0 0.8390625 0.975 0.031875 0.026923076923076925
