0 0.1290625 0.2980769230769231 0.063125 0.10230769230769231
0 0.320625 0.655 0.14250000000000002 0.20692307692307693
0 0.17250000000000001 0.7746153846153846 0.04125 0.06615384615384616
0 0.241875 0.4676923076923077 0.0375 0.055384615384615386
0 0.136875 0.7307692307692307 0.04125 0.09846153846153846
0 0.16593750000000002 0.6019230769230769 0.169375 0.14846153846153845
0 0.2290625 0.23923076923076922 0.029375000000000002 0.06923076923076923
0 0.22312500000000002 0.6019230769230769 0.04625 0.14846153846153845
0 0.4603125 0.8988461538461539 0.025625000000000002 0.025384615384615384
0 0.2078125 0.4919230769230769 0.039375 0.036153846153846154
0 0.7590625 0.015769230769230768 0.031875 0.026923076923076925
