0 0.154375 0.29653846153846153 0.0625 0.10230769230769231
0 0.3459375 0.6534615384615384 0.143125 0.20692307692307693
0 0.198125 0.7730769230769231 0.04125 0.06615384615384616
0 0.26687500000000003 0.46615384615384614 0.0375 0.055384615384615386
0 0.1625 0.7292307692307692 0.04125 0.09846153846153846
0 0.1915625 0.5996153846153847 0.169375 0.14846153846153845
0 0.2546875 0.2373076923076923 0.029375000000000002 0.07
0 0.2484375 0.5996153846153847 0.046875 0.14846153846153845
0 0.48531250000000004 0.8965384615384615 0.025625000000000002 0.025384615384615384
0 0.2334375 0.4896153846153846 0.039375 0.036153846153846154
0 0.7840625 0.01423076923076923 0.031875 0.026923076923076925
