0 0.40718750000000004 0.4076923076923077 0.120625 0.13384615384615384
0 0.2621875 0.2765384615384615 0.034375 0.05615384615384615
0 0.2390625 0.415 0.111875 0.08384615384615385
0 0.23750000000000002 0.7038461538461539 0.0625 0.09230769230769231
0 0.32156250000000003 0.43 0.046875 0.13076923076923078
0 0.2340625 0.31384615384615383 0.039375 0.08615384615384615
0 0.2365625 0.5142307692307693 0.026875 0.03
0 0.3403125 0.5484615384615384 0.029375000000000002 0.05076923076923077
0 0.491875 0.5023076923076923 0.06625 0.12615384615384614
0 0.5190625 0.15730769230769232 0.021875000000000002 0.02076923076923077
0 0.205625 0.5261538461538462 0.01875 0.03076923076923077
