0 0.5923664122137404 0.42124542124542125 0.11603053435114503 0.12454212454212454
0 0.7370229007633587 0.31043956043956045 0.03282442748091603 0.05311355311355311
0 0.7515267175572519 0.44047619047619047 0.10763358778625955 0.07875457875457875
0 0.7393129770992366 0.7078754578754579 0.06030534351145038 0.08608058608058608
0 0.6725190839694657 0.44871794871794873 0.044274809160305344 0.1227106227106227
0 0.7614503816793893 0.3475274725274725 0.03740458015267176 0.0815018315018315
0 0.749236641221374 0.5325091575091575 0.025190839694656488 0.03021978021978022
0 0.649236641221374 0.5563186813186813 0.028244274809160305 0.048534798534798536
0 0.5076335877862596 0.5022893772893773 0.06412213740458016 0.11813186813186813
0 0.4988549618320611 0.1813186813186813 0.022137404580152672 0.020146520146520148
0 0.7782442748091603 0.5462454212454212 0.019083969465648856 0.03021978021978022
