0 0.545625 0.3626923076923077 0.12125 0.13307692307692306
0 0.6909375 0.23153846153846153 0.034375 0.05692307692307692
0 0.71375 0.37038461538461537 0.1125 0.08384615384615385
0 0.7156250000000001 0.6584615384615384 0.0625 0.09230769230769231
0 0.63125 0.3853846153846154 0.04625 0.13076923076923078
0 0.71875 0.26884615384615385 0.03875 0.08692307692307692
0 0.71625 0.46923076923076923 0.02625 0.03076923076923077
0 0.6128125 0.5034615384615385 0.029375000000000002 0.05153846153846154
0 0.46125 0.45692307692307693 0.06625 0.12615384615384614
0 0.43375 0.1123076923076923 0.0225 0.021538461538461538
0 0.7471875 0.48115384615384615 0.019375 0.031538461538461536
