0 0.40930599369085174 0.5921814671814672 0.12145110410094637 0.13223938223938225
0 0.2665615141955836 0.7234555984555985 0.03470031545741325 0.056949806949806954
0 0.24290220820189273 0.5868725868725869 0.11198738170347003 0.08301158301158301
0 0.23817034700315456 0.3035714285714286 0.06309148264984227 0.0916988416988417
0 0.32452681388012616 0.5709459459459459 0.04652996845425867 0.1303088803088803
0 0.2389589905362776 0.6872586872586873 0.03943217665615142 0.08687258687258688
0 0.2397476340694006 0.48986486486486486 0.026813880126182965 0.03185328185328185
0 0.3414826498422713 0.45463320463320467 0.029968454258675076 0.052123552123552123
0 0.4921135646687697 0.4980694980694981 0.06624605678233439 0.12548262548262548
0 0.5224763406940063 0.8373552123552124 0.022870662460567823 0.0222007722007722
0 0.208596214511041 0.4782818532818533 0.01971608832807571 0.03185328185328185
