0 0.5844208809135399 0.40766208251473474 0.11663947797716151 0.12573673870333987
0 0.717373572593801 0.2755402750491159 0.033442088091353996 0.054027504911591355
0 0.7451060358890702 0.4042239685658153 0.10848287112561175 0.07956777996070727
0 0.7593800978792823 0.6733791748526522 0.060358890701468194 0.087426326129666
0 0.6668026101141925 0.42387033398821217 0.044861337683523655 0.12278978388998034
0 0.7455138662316476 0.30893909626719057 0.037520391517128875 0.08153241650294694
0 0.7520391517128875 0.49656188605108054 0.026101141924959218 0.030451866404715127
0 0.6545676998368679 0.5353634577603144 0.028548123980424146 0.04911591355599214
0 0.5077487765089723 0.5014734774066797 0.06443719412724307 0.11886051080550097
0 0.4661500815660685 0.18074656188605107 0.02202283849918434 0.021611001964636542
0 0.7822185970636216 0.5054027504911591 0.019575856443719414 0.030451866404715127
