0 0.5921875 0.4076923076923077 0.120625 0.13384615384615384
0 0.7371875 0.2765384615384615 0.034375 0.05615384615384615
0 0.7603125000000001 0.415 0.111875 0.08384615384615385
0 0.761875 0.7038461538461539 0.0625 0.09230769230769231
0 0.6778125 0.43 0.046875 0.13076923076923078
0 0.7653125000000001 0.31384615384615383 0.039375 0.08615384615384615
0 0.763125 0.5142307692307693 0.02625 0.03
0 0.6590625 0.5484615384615384 0.029375000000000002 0.05076923076923077
0 0.5075000000000001 0.5023076923076923 0.06625 0.12615384615384614
0 0.48031250000000003 0.15730769230769232 0.021875000000000002 0.02076923076923077
0 0.7937500000000001 0.5261538461538462 0.01875 0.03076923076923077
