0 0.6049481245011972 0.36734693877551017 0.11971268954509179 0.13022351797862
0 0.7498004788507582 0.24489795918367346 0.034317637669592976 0.05636540330417881
0 0.7693535514764566 0.37998056365403304 0.11013567438148444 0.08163265306122448
0 0.7653631284916201 0.6584062196307094 0.06225059856344773 0.09037900874635568
0 0.6883479648842777 0.3921282798833819 0.04549082202713488 0.12730806608357628
0 0.776536312849162 0.28182701652089404 0.03830806065442937 0.08551992225461613
0 0.7697525937749402 0.4757045675413022 0.026336791699920193 0.030126336248785225
0 0.6675977653631285 0.5053449951409135 0.029529130087789308 0.05053449951409135
0 0.5203511572226657 0.45578231292517 0.06544293695131684 0.12244897959183673
0 0.5007980845969673 0.12147716229348882 0.02314445331205108 0.021379980563654033
0 0.7996807661612131 0.48833819241982507 0.019154030327214685 0.03206997084548105
