0 0.46752205292702487 0.548030739673391 0.11547714514835605 0.1239193083573487
0 0.5986367281475541 0.6801152737752161 0.03287890938251804 0.053794428434197884
0 0.6271050521251003 0.5537944284341979 0.107457898957498 0.07780979827089336
0 0.644346431435445 0.2881844380403458 0.060144346431435444 0.08645533141210375
0 0.5501202886928629 0.5336215177713737 0.04490777866880513 0.12199807877041306
0 0.6267040898155574 0.6479346781940442 0.03769045709703288 0.08165225744476465
0 0.6351242983159583 0.46253602305475505 0.02566158781074579 0.029779058597502402
0 0.5384923817161187 0.4231508165225744 0.028067361668003207 0.04899135446685879
0 0.392542101042502 0.45485110470701245 0.06335204490777867 0.11815561959654178
0 0.3484362469927827 0.770893371757925 0.02165196471531676 0.020172910662824207
0 0.6647955092221332 0.45389048991354464 0.019246190858059342 0.029779058597502402
