0 0.51625 0.5096153846153846 0.12125 0.13307692307692306
0 0.37093750000000003 0.6407692307692308 0.034375 0.05692307692307692
0 0.348125 0.5019230769230769 0.1125 0.08384615384615385
0 0.34625 0.21384615384615385 0.0625 0.09230769230769231
0 0.43062500000000004 0.4869230769230769 0.04625 0.13076923076923078
0 0.343125 0.6034615384615385 0.03875 0.08692307692307692
0 0.345625 0.40307692307692305 0.02625 0.03076923076923077
0 0.44906250000000003 0.3688461538461538 0.029375000000000002 0.05153846153846154
0 0.600625 0.4153846153846154 0.06625 0.12615384615384614
0 0.628125 0.76 0.0225 0.021538461538461538
0 0.3146875 0.39115384615384613 0.019375 0.031538461538461536
