0 0.6247940691927513 0.5722952477249748 0.12108731466227347 0.13346814964610718
0 0.770181219110379 0.7007077856420627 0.03459637561779242 0.05662285136501517
0 0.792009884678748 0.5626895854398383 0.1128500823723229 0.0839231547017189
0 0.7924217462932455 0.2775530839231547 0.06260296540362438 0.09201213346814965
0 0.7100494233937397 0.5485338725985844 0.04612850082372323 0.13043478260869565
0 0.7973640856672158 0.6632962588473206 0.03953871499176277 0.08695652173913043
0 0.7940691927512356 0.46511627906976744 0.026359143327841845 0.032355915065722954
0 0.6911037891268534 0.4322548028311426 0.029654036243822075 0.05156723963599596
0 0.5407742998352554 0.47977755308392317 0.06672158154859967 0.1263902932254803
0 0.515650741350906 0.82103134479272 0.023064250411861616 0.02224469160768453
0 0.8245469522240527 0.4529828109201214 0.019769357495881386 0.032355915065722954
