0 0.419984387197502 0.40799256505576204 0.11397345823575332 0.120817843866171
0 0.2927400468384075 0.275092936802974 0.03278688524590164 0.05204460966542751
0 0.26268540202966434 0.3986988847583643 0.1053864168618267 0.0762081784386617
0 0.2419984387197502 0.658457249070632 0.059328649492583915 0.0845724907063197
0 0.33879781420765026 0.42007434944237915 0.04371584699453552 0.11895910780669144
0 0.2646370023419204 0.3062267657992565 0.03747072599531616 0.07899628252788103
0 0.2537080405932865 0.487453531598513 0.02498048399687744 0.028810408921933085
0 0.3481654957064793 0.5283457249070632 0.02810304449648712 0.047397769516728624
0 0.492583918813427 0.5009293680297398 0.0624512099921936 0.11524163568773234
0 0.5409836065573771 0.1923791821561338 0.02185792349726776 0.020446096654275093
0 0.22404371584699453 0.4953531598513011 0.01873536299765808 0.02973977695167286
