0 0.44715772618094474 0.6016699410609037 0.1208967173738991 0.13261296660117877
0 0.3034427542033627 0.7333005893909627 0.035228182546036824 0.05795677799607072
0 0.28022417934347477 0.5957760314341847 0.1120896717373899 0.08349705304518663
0 0.2762209767814251 0.31139489194499015 0.062449959967974374 0.09233791748526522
0 0.3618895116092874 0.5800589390962672 0.04643714971977582 0.13064833005893908
0 0.27582065652522014 0.6964636542239685 0.039231385108086464 0.08644400785854617
0 0.27702161729383507 0.4980353634577603 0.02722177742193755 0.03143418467583497
0 0.3791032826261009 0.46316306483300584 0.029623698959167333 0.052062868369351666
0 0.5296236989591673 0.5078585461689588 0.06645316253002402 0.12573673870333987
0 0.5596477181745396 0.8482318271119842 0.02241793434747798 0.022593320235756383
0 0.24619695756605284 0.48673870333988206 0.020016012810248198 0.03241650294695481
