0 0.40718750000000004 0.5915384615384616 0.120625 0.13384615384615384
0 0.2621875 0.7226923076923077 0.034375 0.05615384615384615
0 0.2390625 0.5842307692307692 0.111875 0.08384615384615385
0 0.23750000000000002 0.2957692307692308 0.0625 0.09153846153846154
0 0.32156250000000003 0.5692307692307692 0.046875 0.13076923076923078
0 0.2340625 0.6853846153846154 0.039375 0.08615384615384615
0 0.2365625 0.485 0.026875 0.03
0 0.3403125 0.45076923076923076 0.029375000000000002 0.05076923076923077
0 0.491875 0.4969230769230769 0.06625 0.12615384615384614
0 0.5190625 0.8419230769230769 0.021875000000000002 0.02076923076923077
0 0.205625 0.47307692307692306 0.01875 0.03076923076923077
