0 0.371875 0.3996153846153846 0.12125 0.13307692307692306
0 0.2265625 0.2684615384615385 0.034375 0.05692307692307692
0 0.20375000000000001 0.4073076923076923 0.1125 0.08384615384615385
0 0.201875 0.6953846153846154 0.0625 0.09230769230769231
0 0.28625 0.42230769230769233 0.04625 0.13076923076923078
0 0.19875 0.3057692307692308 0.03875 0.08692307692307692
0 0.20125 0.5061538461538462 0.02625 0.03076923076923077
0 0.3046875 0.5403846153846154 0.029375000000000002 0.05153846153846154
0 0.45625 0.4938461538461538 0.06625 0.12615384615384614
0 0.48375 0.14923076923076922 0.0225 0.021538461538461538
0 0.1703125 0.5180769230769231 0.019375 0.031538461538461536
