0 0.53625 0.4442307692307692 0.12125 0.13307692307692306
0 0.3909375 0.3130769230769231 0.034375 0.05692307692307692
0 0.368125 0.4519230769230769 0.1125 0.08384615384615385
0 0.36625 0.74 0.0625 0.09230769230769231
0 0.450625 0.46692307692307694 0.04625 0.13076923076923078
0 0.36312500000000003 0.3503846153846154 0.03875 0.08692307692307692
0 0.36562500000000003 0.5507692307692308 0.02625 0.03076923076923077
0 0.4690625 0.585 0.029375000000000002 0.05153846153846154
0 0.620625 0.5384615384615384 0.06625 0.12615384615384614
0 0.6481250000000001 0.19384615384615383 0.0225 0.021538461538461538
0 0.3346875 0.5626923076923077 0.019375 0.031538461538461536
