0 0.4518581081081081 0.4261710794297352 0.11655405405405406 0.12525458248472504
0 0.5962837837837838 0.3121181262729124 0.033783783783783786 0.05397148676171079
0 0.6127533783783784 0.44399185336048874 0.10895270270270271 0.07942973523421588
0 0.6030405405405406 0.7138492871690427 0.060810810810810814 0.0875763747454175
0 0.5329391891891893 0.45264765784114047 0.045608108108108114 0.12321792260692463
0 0.6211993243243243 0.3487780040733197 0.03800675675675676 0.08248472505091649
0 0.6110641891891893 0.5366598778004072 0.026182432432432436 0.030549898167006106
0 0.5105574324324325 0.5626272912423624 0.029560810810810814 0.049898167006109974
0 0.3673986486486487 0.5096741344195519 0.0641891891891892 0.11914460285132382
0 0.35472972972972977 0.18431771894093685 0.02195945945945946 0.02036659877800407
0 0.6397804054054055 0.5498981670061099 0.01942567567567568 0.030549898167006106
