0 0.7808333333333334 0.08620689655172414 0.03166666666666667 0.1075050709939148
0 0.7458333333333333 0.1744421906693712 0.085 0.08924949290060852
0 0.8466666666666667 0.0872210953346856 0.03666666666666667 0.07099391480730223
0 0.8641666666666667 0.029411764705882353 0.10666666666666667 0.05476673427991886
0 0.9237500000000001 0.06592292089249494 0.025833333333333337 0.028397565922920892
0 0.9625 0.13184584178498987 0.018333333333333333 0.030425963488843813
0 0.9091666666666667 0.14046653144016227 0.058333333333333334 0.10243407707910751
0 0.9579166666666667 0.22616632860040567 0.029166666666666667 0.038539553752535496
0 0.9104166666666668 0.2114604462474645 0.03916666666666667 0.035496957403651115
0 0.8712500000000001 0.17849898580121704 0.022500000000000003 0.05070993914807302
0 0.8404166666666667 0.16024340770791073 0.01916666666666667 0.04056795131845842
0 0.8129166666666667 0.22058823529411764 0.025833333333333337 0.02535496957403651
0 0.8570833333333334 0.23377281947261663 0.014166666666666668 0.04563894523326572
0 0.8200000000000001 0.13691683569979715 0.011666666666666667 0.018255578093306288
0 0.8233333333333334 0.1663286004056795 0.011666666666666667 0.016227180527383367
0 0.76 0.3737322515212982 0.06833333333333334 0.08823529411764705
0 0.6654166666666667 0.47718052738336714 0.1691666666666667 0.1308316430020284
0 0.7254166666666667 0.5547667342799188 0.1575 0.1460446247464503
0 0.8091666666666667 0.6531440162271805 0.04666666666666667 0.08316430020283976
0 0.8745833333333334 0.552738336713996 0.10750000000000001 0.08519269776876268
0 0.9329166666666667 0.4381338742393509 0.020833333333333336 0.028397565922920892
0 0.85875 0.3935091277890467 0.035833333333333335 0.032454361054766734
0 0.8129166666666667 0.37981744421906694 0.020833333333333336 0.04563894523326572
0 0.8350000000000001 0.31389452332657203 0.03666666666666667 0.063894523326572
0 0.7841666666666667 0.281947261663286 0.04833333333333334 0.05476673427991886
0 0.9650000000000001 0.6394523326572008 0.04666666666666667 0.1511156186612576
0 0.9233333333333333 0.7271805273833671 0.045000000000000005 0.08316430020283976
0 0.9058333333333334 0.6637931034482758 0.04 0.03955375253549696
0 0.8716666666666667 0.6262677484787018 0.028333333333333335 0.037525354969574036
0 0.8695833333333334 0.7129817444219066 0.04916666666666667 0.06693711967545639
0 0.98375 0.7520283975659229 0.014166666666666668 0.04766734279918864
0 0.9433333333333334 0.8316430020283976 0.030000000000000002 0.038539553752535496
0 0.8866666666666667 0.8468559837728195 0.03666666666666667 0.04259634888438134
0 0.8454166666666667 0.8078093306288032 0.06416666666666668 0.1105476673427992
0 0.7420833333333334 0.7256592292089249 0.08916666666666667 0.09837728194726167
0 0.65 0.6673427991886409 0.058333333333333334 0.06693711967545639
0 0.5745833333333333 0.6982758620689655 0.10416666666666667 0.13691683569979715
0 0.5916666666666667 0.5709939148073022 0.04 0.05273833671399594
0 0.7250000000000001 0.3159229208924949 0.043333333333333335 0.035496957403651115
0 0.6941666666666667 0.2702839756592292 0.030000000000000002 0.04158215010141988
0 0.6366666666666667 0.24645030425963488 0.030000000000000002 0.034482758620689655
0 0.6625000000000001 0.21703853955375252 0.03333333333333333 0.032454361054766734
0 0.6987500000000001 0.06490872210953347 0.02416666666666667 0.05070993914807302
0 0.64375 0.09178498985801217 0.037500000000000006 0.06795131845841784
0 0.6633333333333333 0.04107505070993915 0.021666666666666667 0.04563894523326572
0 0.6241666666666668 0.028397565922920892 0.021666666666666667 0.030425963488843813
0 0.5900000000000001 0.06135902636916836 0.016666666666666666 0.035496957403651115
0 0.5691666666666667 0.1724137931034483 0.06833333333333334 0.038539553752535496
0 0.5800000000000001 0.23529411764705882 0.06333333333333334 0.038539553752535496
0 0.5558333333333334 0.3078093306288032 0.07666666666666667 0.09432048681541583
0 0.6095833333333334 0.38995943204868155 0.050833333333333335 0.04563894523326572
0 0.4995833333333334 0.3321501014198783 0.11916666666666667 0.13488843813387424
0 0.48000000000000004 0.4781947261663286 0.055 0.14503042596348883
0 0.50625 0.592292089249493 0.0475 0.04462474645030426
0 0.375 0.4482758620689655 0.08333333333333334 0.07099391480730223
0 0.29125 0.46095334685598377 0.0275 0.04969574036511156
0 0.3429166666666667 0.5020283975659229 0.03416666666666667 0.036511156186612576
0 0.40458333333333335 0.5223123732251521 0.07583333333333334 0.056795131845841784
0 0.41625 0.5786004056795132 0.0775 0.055780933062880324
0 0.4133333333333334 0.6739350912778904 0.14166666666666666 0.09837728194726167
0 0.47708333333333336 0.7185598377281948 0.025833333333333337 0.02535496957403651
0 0.4366666666666667 0.7560851926977687 0.045000000000000005 0.04969574036511156
0 0.4475 0.8209939148073022 0.023333333333333334 0.029411764705882353
0 0.505 0.7804259634888439 0.043333333333333335 0.06592292089249494
0 0.31833333333333336 0.7109533468559838 0.06666666666666667 0.06490872210953347
0 0.2679166666666667 0.6343813387423936 0.13416666666666668 0.11866125760649088
0 0.255 0.5273833671399595 0.05 0.08316430020283976
0 0.19041666666666668 0.5228194726166329 0.025833333333333337 0.04563894523326572
0 0.13958333333333334 0.6247464503042597 0.030833333333333334 0.034482758620689655
0 0.39625000000000005 0.24746450304259635 0.07083333333333333 0.10953346855983773
0 0.36791666666666667 0.3088235294117647 0.01916666666666667 0.03144016227180527
0 0.2604166666666667 0.11866125760649088 0.17416666666666666 0.19269776876267747
0 0.14208333333333334 0.9244421906693712 0.2541666666666667 0.1389452332657201
0 0.37625000000000003 0.8945233265720081 0.08750000000000001 0.13793103448275862
0 0.43250000000000005 0.9112576064908722 0.021666666666666667 0.02332657200811359
0 0.42000000000000004 0.9599391480730223 0.025 0.035496957403651115
0 0.7808333333333334 0.9310344827586207 0.06666666666666667 0.08519269776876268
0 0.7254166666666667 0.9173427991886409 0.03416666666666667 0.09432048681541583
0 0.7683333333333334 0.8661257606490872 0.030000000000000002 0.05476673427991886
0 0.6675000000000001 0.8990872210953347 0.08 0.09837728194726167
0 0.6170833333333334 0.8539553752535497 0.04916666666666667 0.06490872210953347
0 0.5858333333333333 0.9234279918864097 0.04166666666666667 0.059837728194726165
0 0.53625 0.8544624746450304 0.029166666666666667 0.04158215010141988
0 0.615 0.9690669371196754 0.035 0.019269776876267748
0 0.3804166666666667 0.08874239350912778 0.015833333333333335 0.02738336713995943
0 0.41000000000000003 0.10091277890466531 0.016666666666666666 0.02738336713995943
