0 0.19968750000000002 0.08269230769230769 0.031875 0.11
0 0.2371875 0.17307692307692307 0.085625 0.09076923076923077
0 0.1321875 0.08692307692307692 0.036875 0.07230769230769231
0 0.113125 0.027307692307692307 0.10875 0.054615384615384614
0 0.0534375 0.06692307692307692 0.025625000000000002 0.027692307692307693
0 0.015 0.13615384615384615 0.0175 0.03076923076923077
0 0.0696875 0.14384615384615385 0.058125 0.10461538461538461
0 0.021875000000000002 0.23384615384615384 0.02875 0.038461538461538464
0 0.07 0.2169230769230769 0.03875 0.03538461538461538
0 0.1090625 0.18153846153846154 0.021875000000000002 0.05076923076923077
0 0.1403125 0.16153846153846155 0.018125 0.04
0 0.1696875 0.2230769230769231 0.025625000000000002 0.024615384615384615
0 0.125 0.23807692307692307 0.01375 0.045384615384615384
0 0.160625 0.1373076923076923 0.01125 0.01769230769230769
0 0.15812500000000002 0.1673076923076923 0.01125 0.016153846153846154
0 0.22718750000000001 0.37961538461538463 0.069375 0.09
0 0.3259375 0.48307692307692307 0.171875 0.13384615384615384
0 0.2665625 0.565 0.160625 0.15
0 0.183125 0.6692307692307692 0.04625 0.08461538461538462
0 0.1140625 0.568076923076923 0.109375 0.08692307692307692
0 0.051875000000000004 0.45153846153846156 0.02 0.027692307692307693
0 0.1265625 0.40307692307692305 0.035625000000000004 0.03230769230769231
0 0.1734375 0.38769230769230767 0.020625 0.046153846153846156
0 0.14906250000000001 0.3203846153846154 0.036875 0.06538461538461539
0 0.200625 0.2853846153846154 0.04875 0.055384615384615386
0 0.02375 0.6603846153846153 0.0475 0.15461538461538463
0 0.068125 0.7496153846153846 0.045 0.08538461538461538
0 0.0846875 0.6838461538461539 0.040625 0.04
0 0.11875000000000001 0.6442307692307693 0.02875 0.03769230769230769
0 0.1228125 0.7334615384615385 0.049375 0.06846153846153846
0 0.006875 0.7773076923076923 0.01375 0.04846153846153846
0 0.0503125 0.8580769230769231 0.029375000000000002 0.03923076923076923
0 0.1084375 0.8723076923076923 0.036875 0.043076923076923075
0 0.1496875 0.8303846153846154 0.064375 0.11307692307692307
0 0.2534375 0.7423076923076923 0.090625 0.1
0 0.34625 0.6788461538461539 0.058750000000000004 0.06846153846153846
0 0.42375 0.708076923076923 0.10625 0.14076923076923076
0 0.403125 0.5776923076923077 0.04 0.05384615384615385
0 0.26156250000000003 0.31846153846153846 0.043125000000000004 0.03538461538461538
0 0.291875 0.2703846153846154 0.03 0.04230769230769231
0 0.3503125 0.24384615384615385 0.029375000000000002 0.033846153846153845
0 0.323125 0.21461538461538462 0.03375 0.03230769230769231
0 0.2828125 0.058076923076923075 0.024375 0.05153846153846154
0 0.339375 0.08423076923076923 0.0375 0.06846153846153846
0 0.318125 0.03307692307692308 0.02125 0.046153846153846156
0 0.358125 0.01846153846153846 0.02125 0.03076923076923077
0 0.39375 0.051153846153846154 0.01625 0.03461538461538462
0 0.4175 0.16538461538461538 0.06875 0.038461538461538464
0 0.408125 0.23038461538461538 0.06375 0.03923076923076923
0 0.434375 0.30423076923076925 0.0775 0.09615384615384616
0 0.3809375 0.39076923076923076 0.050625 0.046153846153846156
0 0.4921875 0.32769230769230767 0.120625 0.13846153846153847
0 0.5153125000000001 0.4776923076923077 0.055625 0.14923076923076922
0 0.49125 0.5965384615384616 0.0475 0.045384615384615384
0 0.6218750000000001 0.4430769230769231 0.08375 0.07230769230769231
0 0.7075 0.45346153846153847 0.0275 0.05
0 0.655625 0.4976923076923077 0.03375 0.03692307692307692
0 0.5934375000000001 0.5207692307692308 0.076875 0.05846153846153846
0 0.5828125000000001 0.5792307692307692 0.078125 0.05692307692307692
0 0.5878125 0.6776923076923077 0.143125 0.10153846153846154
0 0.52375 0.7261538461538461 0.025 0.024615384615384615
0 0.5659375 0.7634615384615384 0.045625 0.05
0 0.5565625 0.8307692307692308 0.023125 0.02923076923076923
0 0.4965625 0.7907692307692308 0.043125000000000004 0.06769230769230769
0 0.685625 0.713076923076923 0.0675 0.06615384615384616
0 0.7353125 0.6319230769230769 0.136875 0.12230769230769231
0 0.74625 0.5207692307692308 0.05 0.08461538461538462
0 0.811875 0.5138461538461538 0.025 0.046153846153846156
0 0.8659375 0.6176923076923077 0.030625 0.033846153846153845
0 0.5959375 0.23692307692307693 0.07187500000000001 0.1123076923076923
0 0.6259375 0.29923076923076924 0.018125 0.03230769230769231
0 0.7315625 0.09923076923076923 0.176875 0.19846153846153847
0 0.8703125 0.9276923076923077 0.258125 0.14307692307692307
0 0.630625 0.9042307692307693 0.08875 0.1423076923076923
0 0.57375 0.9234615384615384 0.02125 0.023846153846153847
0 0.5871875 0.9730769230769231 0.024375 0.03538461538461538
0 0.218125 0.9553846153846154 0.0675 0.0876923076923077
0 0.274375 0.9392307692307692 0.03375 0.09692307692307692
0 0.22968750000000002 0.8876923076923077 0.029375000000000002 0.055384615384615386
0 0.3334375 0.9188461538461539 0.080625 0.10076923076923076
0 0.3834375 0.8707692307692307 0.049375 0.06615384615384616
0 0.4171875 0.9411538461538461 0.041875 0.06076923076923077
0 0.46625 0.8684615384615385 0.02875 0.04153846153846154
0 0.3884375 0.9892307692307692 0.034375 0.02
0 0.608125 0.0726923076923077 0.015 0.026923076923076925
0 0.578125 0.08615384615384615 0.01625 0.027692307692307693
