0 0.7567152724481965 0.09240622140896615 0.03069838833461243 0.10064043915827997
0 0.7275518035303147 0.17795059469350413 0.08135072908672294 0.08325709057639524
0 0.8204144282425172 0.09011893870082342 0.035303146584804296 0.06678865507776761
0 0.8349961627014582 0.0343092406221409 0.10283960092095165 0.050320219579139985
0 0.8933231005372217 0.06495882891125343 0.024558710667689946 0.02561756633119854
0 0.9332310053722179 0.12442817932296432 0.01688411358403684 0.0292772186642269
0 0.8825786646201075 0.13677950594693505 0.05525709900230238 0.09606587374199452
0 0.9332310053722179 0.21363220494053067 0.02762854950115119 0.035681610247026534
0 0.8867996930161166 0.2031107044830741 0.03760552570990023 0.032936870997255265
0 0.8480429777436684 0.17429094236047576 0.021488871834228703 0.046660567246111624
0 0.8177283192632386 0.15873741994510523 0.017651573292402148 0.03751143641354072
0 0.7935533384497314 0.217291857273559 0.024558710667689946 0.022872827081427266
0 0.8365310821181888 0.22689844464775846 0.013814274750575594 0.04208600182982617
0 0.7970069071373753 0.13860933211344922 0.011511895625479662 0.01738334858188472
0 0.8012279355333844 0.16605672461116194 0.010744435917114352 0.01555352241537054
0 0.7498081350729087 0.36505032021957917 0.06600153491941672 0.08234217749313816
0 0.6634689178818112 0.4675205855443733 0.16193399846508058 0.12259835315645014
0 0.7240982348426708 0.5370539798719122 0.15118956254796623 0.1372369624885636
0 0.8089025326170376 0.6244281793229643 0.044512663085188024 0.0777676120768527
0 0.8672294704528012 0.5256175663311986 0.10283960092095165 0.07959743824336689
0 0.9182655410590944 0.41445562671546204 0.01918649270913277 0.02561756633119854
0 0.8453568687643899 0.3774016468435499 0.03453568687643899 0.030192131747483992
0 0.8004604758250192 0.3673376029277219 0.019953952417498082 0.043000914913083256
0 0.8188795088257866 0.3037511436413541 0.035303146584804296 0.060384263494967984
0 0.7686108979278587 0.27721866422689845 0.04681504221028396 0.05123513266239708
0 0.9574059861857253 0.6015553522415371 0.04528012279355334 0.14181152790484905
0 0.9217191097467383 0.6866422689844465 0.042977743668457406 0.0777676120768527
0 0.9021488871834229 0.6280878316559927 0.039140445126630855 0.03751143641354072
0 0.8676132003069839 0.595608417200366 0.0283960092095165 0.03476669716376944
0 0.8691481197237145 0.6765782250686185 0.04681504221028396 0.06312900274473925
0 0.9804297774366846 0.7058554437328454 0.013046815042210284 0.04483074107959744
0 0.9451266308518803 0.7831655992680696 0.0283960092095165 0.036596523330283626
0 0.8917881811204912 0.8014638609332114 0.035303146584804296 0.04025617566331199
0 0.8503453568687643 0.7671546203110705 0.06139677666922486 0.10338517840805124
0 0.7475057559478128 0.6967063129002745 0.08595548733691481 0.09240622140896615
0 0.6565617805065234 0.6473010064043916 0.056024558710667687 0.06312900274473925
0 0.5855717574827322 0.681152790484904 0.0997697620874904 0.12900274473924978
0 0.5970836531082118 0.5608417200365966 0.03837298541826554 0.04940530649588289
0 0.7137375287797391 0.312900274473925 0.04144282425172678 0.032936870997255265
0 0.6822716807367614 0.2712717291857274 0.02916346891788181 0.039341262580054895
0 0.625863392171911 0.2529734675205856 0.0283960092095165 0.03202195791399817
0 0.649270913277053 0.22369624885635866 0.03223330775134305 0.030192131747483992
0 0.6772831926323868 0.0777676120768527 0.023791250959324634 0.04757548032936871
0 0.625863392171911 0.10658737419945105 0.036070606293169605 0.06312900274473925
0 0.6427475057559479 0.05809698078682526 0.02072141212586339 0.043000914913083256
0 0.6043745203376822 0.04894784995425435 0.02072141212586339 0.028362305580969808
0 0.5729086722947045 0.08188472095150962 0.016116653875671526 0.03202195791399817
0 0.5575594781273983 0.18801463860933212 0.06523407521105141 0.035681610247026534
0 0.5706062931696085 0.2461116193961574 0.060629316960859554 0.036596523330283626
0 0.5506523407521106 0.3151875571820677 0.07290867229470453 0.0887465690759378
0 0.6059094397544129 0.38929551692589204 0.04834996162701458 0.043000914913083256
0 0.49769762087490405 0.34172003659652334 0.11435149654643131 0.1271729185727356
0 0.4854182655410591 0.479871912168344 0.052954719877206444 0.1363220494053065
0 0.5153491941673062 0.5860018298261666 0.04528012279355334 0.043000914913083256
0 0.38334612432847276 0.45882891125343095 0.07904834996162702 0.06678865507776761
0 0.3035303146584804 0.47575480329368713 0.02686108979278588 0.04574565416285453
0 0.3553338449731389 0.5114364135407137 0.03223330775134305 0.03476669716376944
0 0.4148119723714505 0.5265324794144557 0.07290867229470453 0.053979871912168347
0 0.42824251726784346 0.5786825251601099 0.07367613200306984 0.05215004574565416
0 0.4297774366845741 0.6688014638609332 0.1350729086722947 0.09332113449222325
0 0.4927091327705295 0.7067703568161025 0.024558710667689946 0.022872827081427266
0 0.45548733691481197 0.7442817932296433 0.043745203376822715 0.046660567246111624
0 0.46853415195702225 0.8051235132662398 0.022256331542594012 0.02744739249771272
0 0.5226400613967767 0.7630375114364136 0.04144282425172678 0.06221408966148216
0 0.34036838066001535 0.7095150960658738 0.0636991557943208 0.06129917657822507
0 0.28856485034535684 0.6404391582799634 0.1289332310053722 0.11161939615736506
0 0.27168073676132004 0.540256175663312 0.04758250191864927 0.0777676120768527
0 0.20951650038372985 0.540256175663312 0.024558710667689946 0.043000914913083256
0 0.16538756715272449 0.6390667886550778 0.029930928626247123 0.03202195791399817
0 0.3948580199539524 0.2689844464775846 0.06830391404451266 0.10247026532479415
0 0.3702993092862625 0.327996340347667 0.017651573292402148 0.030192131747483992
0 0.2590176515732924 0.15599268069533395 0.16653875671527243 0.18023787740164685
0 0.18035303146584805 0.9208600182982617 0.24251726784343822 0.13083257090576395
0 0.40368380660015346 0.878316559926807 0.0844205679201842 0.12991765782250686
0 0.4585571757482732 0.8906678865507777 0.02072141212586339 0.022872827081427266
0 0.44858019953952416 0.9368709972552608 0.023791250959324634 0.032936870997255265
0 0.7935533384497314 0.8870082342177493 0.0644666155026861 0.07959743824336689
0 0.7398311588641596 0.8778591033851785 0.03223330775134305 0.0887465690759378
0 0.7785878741366078 0.8270814272644099 0.0283960092095165 0.05123513266239708
0 0.6834228702993093 0.8641354071363221 0.07597851112816577 0.09240622140896615
0 0.633537989255564 0.8252516010978957 0.04681504221028396 0.060384263494967984
0 0.6062931696085956 0.892497712717292 0.039907904834996163 0.05580969807868253
0 0.555640828856485 0.8307410795974383 0.02762854950115119 0.0384263494967978
0 0.63584036838066 0.9332113449222325 0.03300076745970836 0.018298261665141813
0 0.3733691481197237 0.12076852698993597 0.014581734458940905 0.02561756633119854
0 0.4025326170376055 0.1303751143641354 0.016116653875671526 0.026532479414455627
