0 0.25019186492709133 0.09395050412465628 0.03069838833461243 0.10174152153987168
0 0.28012279355333847 0.17965169569202566 0.08135072908672294 0.08432630614115491
0 0.18649270913277052 0.09211732355637031 0.035303146584804296 0.06691109074243813
0 0.17191097467382963 0.03620531622364803 0.10283960092095165 0.05041246562786435
0 0.11320030698388335 0.06691109074243813 0.02532617037605526 0.025664527956003668
0 0.07290867229470453 0.12694775435380384 0.01688411358403684 0.02841429880843263
0 0.12432847275518036 0.1388634280476627 0.05525709900230238 0.09624197983501376
0 0.07367613200306984 0.2167736021998167 0.02762854950115119 0.035747021081576534
0 0.12010744435917114 0.20531622364802934 0.03760552570990023 0.032997250229147575
0 0.15886415963161934 0.17644362969752522 0.021488871834228703 0.04674610449129239
0 0.18956254796623176 0.16086159486709442 0.01841903300076746 0.03758020164986251
0 0.2133537989255564 0.21952337305224565 0.024558710667689946 0.022914757103574702
0 0.170376055257099 0.22914757103574704 0.013814274750575594 0.042163153070577455
0 0.20990023023791252 0.14069660861594868 0.011511895625479662 0.017415215398716773
0 0.20606293169608594 0.1677360219981668 0.011511895625479662 0.016498625114573787
0 0.25863392171910976 0.3675527039413382 0.06600153491941672 0.08249312557286893
0 0.34535686876438987 0.4702108157653529 0.1627014581734459 0.12282309807516041
0 0.2847275518035303 0.5403299725022915 0.15195702225633154 0.1384051329055912
0 0.19992325402916347 0.6283226397800183 0.043745203376822715 0.077910174152154
0 0.14082885648503454 0.5297891842346472 0.10360706062931696 0.08065994500458296
0 0.0894090560245587 0.4179651695692026 0.01918649270913277 0.025664527956003668
0 0.16231772831926325 0.37992667277726855 0.03453568687643899 0.03024747937671861
0 0.20721412125863392 0.3698441796516957 0.019953952417498082 0.043079743354720444
0 0.1884113584036838 0.307057745187901 0.036070606293169605 0.06049495875343722
0 0.2390636991557943 0.2795600366636114 0.04681504221028396 0.051329055912007336
0 0.05103607060629317 0.6063244729605867 0.04528012279355334 0.14207149404216315
0 0.08710667689946278 0.692025664527956 0.043745203376822715 0.07882676443629698
0 0.10629316960859554 0.6329055912007333 0.039140445126630855 0.03758020164986251
0 0.14082885648503454 0.5999083409715857 0.0283960092095165 0.035747021081576534
0 0.13967766692248657 0.6814848762603116 0.04758250191864927 0.06324472960586618
0 0.028012279355333843 0.7117323556370303 0.013046815042210284 0.044912923923006415
0 0.06408288564850345 0.7891842346471127 0.0283960092095165 0.03666361136571952
0 0.1178050652340752 0.8075160403299725 0.036070606293169605 0.04032997250229148
0 0.15886415963161934 0.772685609532539 0.06139677666922486 0.10449129239230065
0 0.261703760552571 0.7007332722273144 0.08595548733691481 0.0925756186984418
0 0.35264773599386035 0.6512373968835931 0.056024558710667687 0.06324472960586618
0 0.4240214888718342 0.6842346471127406 0.10053722179585571 0.12923923006416133
0 0.4121258633921719 0.5637030247479377 0.03837298541826554 0.04949587534372136
0 0.29470452801227937 0.31439046746104493 0.04144282425172678 0.032997250229147575
0 0.32578664620107445 0.27360219981668193 0.0283960092095165 0.03941338221814849
0 0.3825786646201074 0.2543538038496792 0.0283960092095165 0.032080659945004586
0 0.35840368380660015 0.2250229147571036 0.03223330775134305 0.03024747937671861
0 0.329623944742901 0.07882676443629698 0.023791250959324634 0.04766269477543538
0 0.3810437452033768 0.1076993583868011 0.036070606293169605 0.06324472960586618
0 0.36415963161934 0.05912007332722273 0.02072141212586339 0.043079743354720444
0 0.4025326170376055 0.04903758020164986 0.02072141212586339 0.02841429880843263
0 0.4347659247889486 0.08203483043079744 0.016116653875671526 0.032080659945004586
0 0.4501151189562548 0.18835930339138407 0.06523407521105141 0.035747021081576534
0 0.43745203376822717 0.2465627864344638 0.06139677666922486 0.03666361136571952
0 0.45817344589409054 0.3166819431714024 0.07367613200306984 0.08890925756186985
0 0.4025326170376055 0.39092575618698444 0.04834996162701458 0.043079743354720444
0 0.5107444359171144 0.34326306141154905 0.11435149654643131 0.12740604949587533
0 0.5237912509593247 0.48212648945921177 0.052954719877206444 0.13748854262144822
0 0.49424405218726014 0.5884509624197983 0.04604758250191865 0.042163153070577455
0 0.6262471220260937 0.4596700274977085 0.07981580966999233 0.06691109074243813
0 0.7060629316960859 0.4761686526122823 0.026093630084420567 0.04674610449129239
0 0.6546431312356101 0.5123739688359303 0.03223330775134305 0.034830430797433545
0 0.5947812739831159 0.5279560036663612 0.07367613200306984 0.054995417048579284
0 0.5813507290867229 0.5802016498625114 0.07444359171143515 0.053162236480293314
0 0.580199539524175 0.6709440879926672 0.1350729086722947 0.09349220898258478
0 0.5172678434382195 0.7094408799266728 0.024558710667689946 0.02383134738771769
0 0.554489639293937 0.7474793767186068 0.043745203376822715 0.04674610449129239
0 0.5418265541059094 0.8075160403299725 0.023023791250959325 0.027497708524289642
0 0.48810437452033767 0.766269477543538 0.04144282425172678 0.062328139321723194
0 0.670376055257099 0.7117323556370303 0.0636991557943208 0.061411549037580206
0 0.7217958557175748 0.6420714940421631 0.12970069071373752 0.11274060494958754
0 0.7386799693016116 0.5412465627864345 0.04834996162701458 0.077910174152154
0 0.8008442056792018 0.5403299725022915 0.023791250959324634 0.043079743354720444
0 0.8453568687643899 0.6402383134738772 0.029930928626247123 0.032080659945004586
0 0.613584036838066 0.269019248395967 0.06830391404451266 0.10357470210815765
0 0.638142747505756 0.32859761686526123 0.017651573292402148 0.03024747937671861
0 0.7498081350729087 0.15490375802016498 0.16730621642363774 0.18148487626031165
0 0.8315425940138143 0.9234647112740605 0.24328472755180353 0.1310724106324473
0 0.6070606293169608 0.8813015582034831 0.0844205679201842 0.1310724106324473
0 0.5529547198772065 0.894133822181485 0.02072141212586339 0.022914757103574702
0 0.5621642363775902 0.9404216315307058 0.023791250959324634 0.032997250229147575
0 0.21642363775901766 0.8923006416131989 0.0644666155026861 0.07974335472043996
0 0.2701458173445894 0.8826764436296975 0.03223330775134305 0.08982584784601283
0 0.23138910207214122 0.8313473877176902 0.0283960092095165 0.051329055912007336
0 0.3269378357636224 0.8689275893675528 0.07674597083653108 0.09349220898258478
0 0.3768227168073676 0.8295142071494043 0.04758250191864927 0.06049495875343722
0 0.4044512663085188 0.8964252978918423 0.039907904834996163 0.05682859761686526
0 0.45471987720644663 0.8345554537121906 0.0283960092095165 0.03941338221814849
0 0.374136607828089 0.9381301558203483 0.03300076745970836 0.01924839596700275
0 0.6350729086722947 0.12007332722273144 0.014581734458940905 0.025664527956003668
0 0.6059094397544129 0.12969752520623282 0.016116653875671526 0.026581118240146657
