0 0.20017256255392582 0.916135881104034 0.03278688524590164 0.11040339702760085
0 0.2372735116479724 0.8259023354564756 0.08628127696289906 0.09129511677282377
0 0.13287316652286454 0.9113588110403397 0.03796376186367558 0.0732484076433121
0 0.11345987920621226 0.9713375796178344 0.1095772217428818 0.055201698513800426
0 0.05392579810181191 0.9315286624203821 0.026747195858498708 0.028662420382165606
0 0.01553062985332183 0.8625265392781316 0.01898188093183779 0.03078556263269639
0 0.06988783433994823 0.8550955414012739 0.058671268334771355 0.10509554140127389
0 0.022433132010353754 0.7648619957537155 0.029335634167385678 0.03927813163481953
0 0.07075064710957722 0.7818471337579618 0.03968938740293357 0.037154989384288746
0 0.1095772217428818 0.8174097664543525 0.022433132010353754 0.050955414012738856
0 0.14063848144952545 0.8370488322717622 0.01898188093183779 0.041401273885350316
0 0.17040552200172562 0.7760084925690021 0.026747195858498708 0.025477707006369428
0 0.12553925798101812 0.7611464968152866 0.014667817083692839 0.04670912951167728
0 0.16134598792062124 0.8614649681528662 0.012079378774805867 0.018046709129511677
0 0.15875754961173427 0.8312101910828026 0.012079378774805867 0.016985138004246284
0 0.2277825711820535 0.6194267515923567 0.07075064710957722 0.09023354564755838
0 0.32614322691975844 0.5164543524416135 0.1725625539257981 0.13481953290870488
0 0.2670405522001726 0.43418259023354566 0.16134598792062124 0.15074309978768577
0 0.18377911993097498 0.33014861995753714 0.04659188955996549 0.08492569002123142
0 0.11475409836065574 0.4315286624203822 0.11044003451251079 0.0881104033970276
0 0.052631578947368425 0.54723991507431 0.020707506471095774 0.028662420382165606
0 0.1272648835202761 0.5960721868365181 0.03710094909404659 0.032908704883227176
0 0.17385677308024158 0.6114649681528662 0.021570319240724764 0.04670912951167728
0 0.14969801553062986 0.6788747346072187 0.03710094909404659 0.06687898089171974
0 0.2010353753235548 0.7139065817409767 0.050043140638481455 0.05626326963906582
0 0.025021570319240728 0.339171974522293 0.04831751509922347 0.15605095541401273
0 0.06945642795513374 0.25 0.0457290767903365 0.08598726114649681
0 0.08541846419327007 0.31581740976645434 0.04141501294219155 0.041401273885350316
0 0.11949956859361519 0.35509554140127386 0.030198446937014668 0.03927813163481953
0 0.12338222605694565 0.2659235668789809 0.050043140638481455 0.06900212314225053
0 0.00819672131147541 0.2223991507430998 0.014667817083692839 0.04989384288747346
0 0.05133735979292494 0.14118895966029724 0.030198446937014668 0.040339702760084924
0 0.1095772217428818 0.12738853503184713 0.03796376186367558 0.044585987261146494
0 0.15056082830025885 0.16932059447983014 0.06471095772217429 0.11358811040339703
0 0.2545297670405522 0.25743099787685775 0.091458153580673 0.1008492569002123
0 0.3472821397756687 0.3211252653927813 0.059534081104400345 0.06900212314225053
0 0.42450388265746336 0.291932059447983 0.10698878343399483 0.14225053078556263
0 0.40336496980155306 0.42197452229299365 0.04055220017256256 0.054140127388535034
0 0.26186367558239865 0.6804670912951167 0.04400345125107852 0.036093418259023353
0 0.2924935289042278 0.7287685774946921 0.03106125970664366 0.0435244161358811
0 0.35073339085418465 0.755307855626327 0.030198446937014668 0.03503184713375796
0 0.32355478861087145 0.7845010615711252 0.03451251078515962 0.03397027600849257
0 0.2830025884383089 0.940552016985138 0.025884383088869718 0.05307855626326964
0 0.3395168248490078 0.9145435244161358 0.03882657463330458 0.06900212314225053
0 0.3183779119930975 0.9660297239915074 0.022433132010353754 0.04670912951167728
0 0.3580672993960311 0.9808917197452229 0.022433132010353754 0.03184713375796178
0 0.3938740293356342 0.9479830148619958 0.01639344262295082 0.036093418259023353
0 0.41760138050043144 0.833864118895966 0.06902502157031924 0.03927813163481953
0 0.408541846419327 0.7685774946921443 0.06471095772217429 0.040339702760084924
0 0.43442622950819676 0.6953290870488322 0.07851596203623815 0.09766454352441613
0 0.3813632441760138 0.6088110403397028 0.051768766177739435 0.04777070063694267
0 0.4922346850733391 0.671443736730361 0.12165660051768767 0.13906581740976645
0 0.5155306298533219 0.5217622080679405 0.056082830025884385 0.14968152866242038
0 0.49180327868852464 0.4033970276008492 0.04831751509922347 0.04670912951167728
0 0.6220880069025022 0.5567940552016986 0.08455565142364108 0.0732484076433121
0 0.7079378774805868 0.5467091295116773 0.028472821397756688 0.050955414012738856
0 0.6557377049180328 0.5021231422505308 0.03451251078515962 0.03821656050955414
0 0.5936151855047455 0.47876857749469215 0.07765314926660916 0.059447983014861996
0 0.5832614322691976 0.42091295116772826 0.07937877480586714 0.058386411889596604
0 0.588006902502157 0.3221868365180467 0.14408973252804141 0.1029723991507431
0 0.5245901639344263 0.27388535031847133 0.025884383088869718 0.025477707006369428
0 0.5664365832614323 0.2367303609341826 0.0457290767903365 0.050955414012738856
0 0.5573770491803279 0.16932059447983014 0.024158757549611734 0.03078556263269639
0 0.49741156169111306 0.2091295116772824 0.04400345125107852 0.06794055201698514
0 0.6859361518550475 0.28715498938428874 0.06902502157031924 0.06687898089171974
0 0.7355478861087145 0.36836518046709127 0.1371872303710095 0.12314225053078556
0 0.7467644521138913 0.47929936305732485 0.050905953408110445 0.08598726114649681
0 0.8119068162208801 0.4861995753715499 0.025884383088869718 0.04670912951167728
0 0.8662640207075065 0.38269639065817407 0.03106125970664366 0.03503184713375796
0 0.5962036238136325 0.7627388535031847 0.0724762726488352 0.11358811040339703
0 0.6264020707506471 0.7001061571125266 0.01898188093183779 0.032908704883227176
0 0.731665228645384 0.9002123142250531 0.17773943054357205 0.19957537154989383
0 0.8705780845556514 0.0727176220806794 0.25884383088869717 0.14331210191082802
0 0.6311475409836066 0.09607218683651804 0.08886971527178603 0.14331210191082802
0 0.5746333045729077 0.07696390658174097 0.022433132010353754 0.024416135881104032
0 0.588006902502157 0.027600849256900213 0.025021570319240728 0.036093418259023353
0 0.2191544434857636 0.04511677282377919 0.06902502157031924 0.0881104033970276
0 0.275237273511648 0.06050955414012739 0.03451251078515962 0.09766454352441613
0 0.23080241587575498 0.11199575371549894 0.030198446937014668 0.05626326963906582
0 0.33433994823123386 0.08121019108280254 0.0819672131147541 0.1008492569002123
0 0.3839516824849008 0.12898089171974522 0.050043140638481455 0.06687898089171974
0 0.4180327868852459 0.0589171974522293 0.04227782571182054 0.06263269639065817
0 0.4667817083692839 0.1316348195329087 0.029335634167385678 0.04246284501061571
0 0.3895599654874892 0.011146496815286623 0.03537532355478861 0.020169851380042462
0 0.6082830025884384 0.9267515923566879 0.01553062985332183 0.027600849256900213
0 0.5780845556514237 0.9134819532908705 0.01725625539257981 0.028662420382165606
