0 0.7628443782576322 0.09188224799286351 0.03052866716306776 0.1016949152542373
0 0.7319434102755026 0.17796610169491525 0.08190618019359643 0.08474576271186442
0 0.827252419955324 0.09099018733273863 0.035740878629932984 0.06779661016949153
0 0.842144452717796 0.034344335414808205 0.10424422933730454 0.05084745762711865
0 0.9009679821295606 0.06601248884924175 0.02531645569620253 0.026761819803746655
0 0.9408041697691735 0.1271186440677966 0.01712583767684289 0.029438001784121322
0 0.8894266567386448 0.13871543264942016 0.05584512285927029 0.09723461195361285
0 0.9393149664929263 0.21810883140053525 0.027550260610573342 0.03657448706512043
0 0.892777364110201 0.20606601248884926 0.03723008190618019 0.03389830508474576
0 0.8540580789277736 0.17618198037466548 0.02084884586746091 0.04727921498661909
0 0.8235294117647058 0.1601248884924175 0.017870439314966492 0.0383586083853702
0 0.7985852568875652 0.21944692239072258 0.024571854058078928 0.023193577163247103
0 0.8417721518987342 0.22925958965209636 0.014147431124348474 0.04281891168599465
0 0.8030528667163068 0.13960749330954506 0.011169024571854059 0.01694915254237288
0 0.8067758749069248 0.16681534344335416 0.011169024571854059 0.016057091882247992
0 0.7524199553239017 0.368421052631579 0.06626954579300075 0.08385370205173952
0 0.6641846612062546 0.47100802854594115 0.16381236038719285 0.1248884924174844
0 0.7244973938942666 0.5423728813559322 0.1533879374534624 0.13916146297948262
0 0.8086373790022338 0.6320249776984835 0.044676098287416234 0.07939339875111508
0 0.8693224125093075 0.5338983050847458 0.10498883097542815 0.08117752007136486
0 0.9221891288160834 0.4210526315789474 0.020104244229337306 0.026761819803746655
0 0.8488458674609084 0.38224799286351474 0.03425167535368578 0.0312221231043711
0 0.8037974683544303 0.37154326494201606 0.020104244229337306 0.043710972346119537
0 0.8235294117647058 0.3073148974130241 0.035740878629932984 0.06155218554861731
0 0.772524199553239 0.2792149866190901 0.04690990320178704 0.05173951828724353
0 0.9594192107222635 0.6115075825156111 0.045420699925539834 0.14362176628010706
0 0.9221891288160834 0.6975914362176628 0.04393149664929263 0.08028545941123996
0 0.9028294862248697 0.6382694023193577 0.039463886820551006 0.0383586083853702
0 0.8689501116902457 0.6039250669045495 0.02829486224869695 0.03568242640499554
0 0.8696947133283693 0.6868867082961642 0.04765450483991065 0.06422836752899197
0 0.9813849590469099 0.7185548617305977 0.01340282948622487 0.045495093666369314
0 0.9445271779597916 0.796164139161463 0.029039463886820552 0.03657448706512043
0 0.8905435591958303 0.8140053523639608 0.035740878629932984 0.04014272970561998
0 0.8492181682799702 0.7787689562890276 0.06180193596425912 0.10526315789473685
0 0.746090841399851 0.7047279214986619 0.08637379002233805 0.09277430865298841
0 0.6545048399106478 0.6534344335414809 0.0565897244973939 0.06333630686886708
0 0.5830230826507818 0.6864406779661018 0.10126582278481013 0.1311329170383586
0 0.5956813104988831 0.564228367528992 0.0387192851824274 0.05084745762711865
0 0.716306775874907 0.31400535236396077 0.04169769173492182 0.03389830508474576
0 0.6854058078927774 0.27252453166815344 0.029039463886820552 0.04014272970561998
0 0.6284437825763217 0.25245316681534347 0.02829486224869695 0.032114183764495985
0 0.6530156366344007 0.22301516503122212 0.03276247207743857 0.03033006244424621
0 0.6827997021593447 0.07537912578055309 0.023827252419955324 0.04906333630686887
0 0.6303052866716307 0.10392506690454952 0.03648548026805659 0.06333630686886708
0 0.6478034251675354 0.054861730597680645 0.02084884586746091 0.043710972346119537
0 0.609084139985108 0.04504906333630687 0.02084884586746091 0.029438001784121322
0 0.577066269545793 0.0776092774308653 0.016381236038719285 0.032114183764495985
0 0.5606850335070738 0.18510258697591436 0.06552494415487714 0.03657448706512043
0 0.5729709605361132 0.24397859054415702 0.06180193596425912 0.03657448706512043
0 0.5517498138495904 0.31445138269402323 0.07446016381236038 0.09009812667261374
0 0.6068503350707372 0.39027653880463875 0.049143708116157855 0.043710972346119537
0 0.498138495904691 0.34032114183764495 0.114668652271035 0.12934879571810884
0 0.48399106478034254 0.4803746654772525 0.05361131794489948 0.13826940231935772
0 0.513030528667163 0.5887600356824264 0.04616530156366344 0.04281891168599465
0 0.3812360387192852 0.4567350579839429 0.08041697691734923 0.06779661016949153
0 0.30081906180193596 0.47279214986619095 0.02680565897244974 0.04638715432649421
0 0.35219657483246464 0.5098126672613738 0.03276247207743857 0.034790365744870655
0 0.41213700670141473 0.5263157894736842 0.07371556217423679 0.05530776092774309
0 0.4251675353685778 0.5798394290811776 0.07446016381236038 0.05352363960749331
0 0.42553983618763963 0.6708296164139161 0.13626209977661952 0.09455842997323818
0 0.48883097542814596 0.7105263157894737 0.024571854058078928 0.02408563782337199
0 0.45085629188384213 0.747992863514719 0.04393149664929263 0.04727921498661909
0 0.4631422189128816 0.8095450490633364 0.022338049143708117 0.027653880463871544
0 0.5182427401340283 0.7685102586975915 0.04169769173492182 0.06333630686886708
0 0.33469843633655993 0.7109723461195362 0.06478034251675353 0.0624442462087422
0 0.28332092330603126 0.639607493309545 0.1303052866716307 0.11418376449598573
0 0.2673119880863738 0.5379125780553078 0.04765450483991065 0.07850133809099019
0 0.20439314966492927 0.5365744870651205 0.024571854058078928 0.043710972346119537
0 0.15860014892032762 0.6369313113291704 0.029784065524944156 0.032114183764495985
0 0.39501116902457184 0.2644959857270294 0.06924795234549516 0.10437109723461196
0 0.37006701414743115 0.324264049955397 0.017870439314966492 0.0312221231043711
0 0.25912137006701413 0.1471900089206066 0.16827997021593447 0.18376449598572703
0 0.1705137751303053 0.9228367528991972 0.2457185405807893 0.13291703835860838
0 0.3968726731198809 0.8831400535236397 0.08488458674609084 0.1320249776984835
0 0.45197319434102756 0.896520963425513 0.02084884586746091 0.023193577163247103
0 0.4415487714072971 0.9433541480820696 0.023827252419955324 0.03300624442462088
0 0.7903946388682055 0.8987511150758252 0.06478034251675353 0.08117752007136486
0 0.7364110201042442 0.8880463871543265 0.03276247207743857 0.09009812667261374
0 0.776247207743857 0.8371989295272079 0.029039463886820552 0.052631578947368425
0 0.6790766939687267 0.8737734165923283 0.0774385703648548 0.0936663693131133
0 0.6291883842144452 0.8336306868867084 0.04765450483991065 0.06155218554861731
0 0.6008935219657483 0.9009812667261374 0.04020848845867461 0.057091882247992866
0 0.5506329113924051 0.8376449598572703 0.027550260610573342 0.039250669045495096
0 0.6310498883097543 0.9429081177520072 0.03350707371556218 0.019625334522747548
0 0.37527922561429633 0.11373773416592328 0.014892032762472078 0.025869759143621766
0 0.4043186895011169 0.1239964317573595 0.016381236038719285 0.026761819803746655
