0 0.7996875 0.08269230769230769 0.031875 0.11
0 0.7621875 0.17307692307692307 0.085625 0.09076923076923077
0 0.8671875 0.08692307692307692 0.036875 0.07230769230769231
0 0.88625 0.027307692307692307 0.10875 0.054615384615384614
0 0.9459375 0.06692307692307692 0.025625000000000002 0.027692307692307693
0 0.984375 0.13615384615384615 0.0175 0.03076923076923077
0 0.9296875 0.14384615384615385 0.058125 0.10461538461538461
0 0.9775 0.23384615384615384 0.02875 0.038461538461538464
0 0.9293750000000001 0.2169230769230769 0.03875 0.03538461538461538
0 0.8903125000000001 0.18153846153846154 0.021875000000000002 0.05076923076923077
0 0.8590625000000001 0.16153846153846155 0.018125 0.04
0 0.8296875 0.2230769230769231 0.025625000000000002 0.024615384615384615
0 0.874375 0.23807692307692307 0.01375 0.045384615384615384
0 0.83875 0.1373076923076923 0.01125 0.01769230769230769
0 0.84125 0.1673076923076923 0.01125 0.016153846153846154
0 0.7721875 0.37961538461538463 0.069375 0.09
0 0.6734375 0.48307692307692307 0.171875 0.13384615384615384
0 0.7328125 0.565 0.160625 0.15
0 0.81625 0.6692307692307692 0.04625 0.08461538461538462
0 0.8853125000000001 0.568076923076923 0.109375 0.08692307692307692
0 0.9475 0.45153846153846156 0.02 0.027692307692307693
0 0.8728125 0.40307692307692305 0.035625000000000004 0.03230769230769231
0 0.8259375 0.38769230769230767 0.020625 0.046153846153846156
0 0.8503125 0.3203846153846154 0.036875 0.06538461538461539
0 0.7987500000000001 0.2853846153846154 0.04875 0.055384615384615386
0 0.9756250000000001 0.6603846153846153 0.0475 0.15461538461538463
0 0.93125 0.7496153846153846 0.045 0.08538461538461538
0 0.9146875 0.6838461538461539 0.040625 0.04
0 0.880625 0.6442307692307693 0.02875 0.03769230769230769
0 0.8765625 0.7334615384615385 0.049375 0.06846153846153846
0 0.9925 0.7773076923076923 0.01375 0.04846153846153846
0 0.9490625 0.8580769230769231 0.029375000000000002 0.03923076923076923
0 0.8909375 0.8723076923076923 0.036875 0.043076923076923075
0 0.8496875 0.8303846153846154 0.064375 0.11307692307692307
0 0.7459375 0.7423076923076923 0.090625 0.1
0 0.6531250000000001 0.6788461538461539 0.058750000000000004 0.06846153846153846
0 0.575625 0.708076923076923 0.10625 0.14076923076923076
0 0.5962500000000001 0.5776923076923077 0.04 0.05384615384615385
0 0.7378125 0.31846153846153846 0.043125000000000004 0.03538461538461538
0 0.7075 0.2703846153846154 0.03 0.04230769230769231
0 0.6490625 0.24384615384615385 0.029375000000000002 0.033846153846153845
0 0.67625 0.21461538461538462 0.03375 0.03230769230769231
0 0.7165625 0.058076923076923075 0.024375 0.05153846153846154
0 0.66 0.08423076923076923 0.0375 0.06846153846153846
0 0.68125 0.03307692307692308 0.02125 0.046153846153846156
0 0.64125 0.01846153846153846 0.02125 0.03076923076923077
0 0.605625 0.051153846153846154 0.01625 0.03461538461538462
0 0.581875 0.16538461538461538 0.06875 0.038461538461538464
0 0.59125 0.23038461538461538 0.06375 0.03923076923076923
0 0.5650000000000001 0.30423076923076925 0.0775 0.09615384615384616
0 0.6184375 0.39076923076923076 0.050625 0.046153846153846156
0 0.5071875 0.32769230769230767 0.120625 0.13846153846153847
0 0.4840625 0.4776923076923077 0.055625 0.14923076923076922
0 0.508125 0.5965384615384616 0.0475 0.045384615384615384
0 0.3775 0.4430769230769231 0.08375 0.07230769230769231
0 0.291875 0.45346153846153847 0.0275 0.05
0 0.34375 0.4976923076923077 0.03375 0.03692307692307692
0 0.4059375 0.5207692307692308 0.076875 0.05846153846153846
0 0.4165625 0.5792307692307692 0.078125 0.05692307692307692
0 0.4115625 0.6776923076923077 0.143125 0.10153846153846154
0 0.475625 0.7261538461538461 0.025 0.024615384615384615
0 0.43343750000000003 0.7634615384615384 0.045625 0.05
0 0.4428125 0.8307692307692308 0.023125 0.02923076923076923
0 0.5028125 0.7907692307692308 0.043125000000000004 0.06769230769230769
0 0.31375000000000003 0.713076923076923 0.0675 0.06615384615384616
0 0.2640625 0.6319230769230769 0.136875 0.12230769230769231
0 0.253125 0.5207692307692308 0.05 0.08461538461538462
0 0.1875 0.5138461538461538 0.025 0.046153846153846156
0 0.13343750000000001 0.6176923076923077 0.030625 0.033846153846153845
0 0.4034375 0.23692307692307693 0.07187500000000001 0.1123076923076923
0 0.37343750000000003 0.29923076923076924 0.018125 0.03230769230769231
0 0.2678125 0.09923076923076923 0.176875 0.19846153846153847
0 0.1290625 0.9276923076923077 0.258125 0.14307692307692307
0 0.36875 0.9042307692307693 0.08875 0.1423076923076923
0 0.42562500000000003 0.9234615384615384 0.02125 0.023846153846153847
0 0.4121875 0.9730769230769231 0.024375 0.03538461538461538
0 0.78125 0.9553846153846154 0.0675 0.0876923076923077
0 0.725 0.9392307692307692 0.03375 0.09692307692307692
0 0.7696875 0.8876923076923077 0.029375000000000002 0.055384615384615386
0 0.6659375 0.9188461538461539 0.080625 0.10076923076923076
0 0.6159375 0.8707692307692307 0.049375 0.06615384615384616
0 0.5821875 0.9411538461538461 0.041875 0.06076923076923077
0 0.533125 0.8684615384615385 0.02875 0.04153846153846154
0 0.6109375 0.9892307692307692 0.034375 0.02
0 0.39125 0.0726923076923077 0.015 0.026923076923076925
0 0.42125 0.08615384615384615 0.01625 0.027692307692307693
