0 0.7958656330749354 0.0835978835978836 0.03273040482342808 0.11005291005291006
0 0.7588285960378983 0.17354497354497356 0.08613264427217916 0.091005291005291
0 0.8634797588285961 0.08730158730158731 0.037037037037037035 0.07301587301587302
0 0.8824289405684754 0.028042328042328046 0.10938845822566753 0.05608465608465609
0 0.9418604651162791 0.0671957671957672 0.026701119724375538 0.028571428571428574
0 0.9806201550387597 0.13544973544973546 0.01808785529715762 0.03174603174603175
0 0.9259259259259259 0.1433862433862434 0.05857019810508183 0.10476190476190476
0 0.9737295434969854 0.23333333333333334 0.030146425495262703 0.039153439153439155
0 0.9259259259259259 0.21640211640211643 0.03962101636520241 0.03703703703703704
0 0.8867355727820844 0.1814814814814815 0.023255813953488372 0.05185185185185186
0 0.8552971576227391 0.1619047619047619 0.018949181739879414 0.04021164021164021
0 0.826442721791559 0.2232804232804233 0.026701119724375538 0.025396825396825397
0 0.8712316968130922 0.2375661375661376 0.014642549526270457 0.0455026455026455
0 0.8354866494401378 0.1375661375661376 0.012058570198105082 0.01904761904761905
0 0.8380706287683032 0.1671957671957672 0.012058570198105082 0.016931216931216932
0 0.7695951765719208 0.37883597883597886 0.06976744186046512 0.091005291005291
0 0.6718346253229974 0.48201058201058206 0.17226528854435832 0.1343915343915344
0 0.7312661498708011 0.562962962962963 0.16020671834625322 0.15026455026455027
0 0.8148148148148148 0.6666666666666667 0.046511627906976744 0.08465608465608467
0 0.8832902670111973 0.5656084656084657 0.10938845822566753 0.08783068783068784
0 0.9448751076658053 0.4492063492063492 0.020671834625323 0.028571428571428574
0 0.8699397071490095 0.4015873015873016 0.03617571059431524 0.03280423280423281
0 0.8229974160206718 0.3867724867724868 0.02153316106804479 0.04761904761904762
0 0.8475452196382429 0.3195767195767196 0.03789836347975883 0.06560846560846562
0 0.7958656330749354 0.2851851851851852 0.04995693367786391 0.05608465608465609
0 0.9732988802756245 0.6571428571428571 0.04823428079242033 0.1544973544973545
0 0.929801894918174 0.746031746031746 0.04565030146425495 0.08677248677248678
0 0.9130060292850991 0.680952380952381 0.041343669250646 0.041269841269841276
0 0.8785529715762274 0.6412698412698413 0.029285099052540915 0.0380952380952381
0 0.8751076658053403 0.7301587301587302 0.04995693367786391 0.06984126984126984
0 0.9905254091300603 0.773015873015873 0.013781223083548665 0.04973544973544974
0 0.9478897502153316 0.853968253968254 0.030146425495262703 0.04021164021164021
0 0.8897502153316107 0.8682539682539683 0.03789836347975883 0.04338624338624339
0 0.8484065460809647 0.826984126984127 0.06546080964685616 0.11322751322751323
0 0.7450473729543498 0.7396825396825397 0.0913006029285099 0.09947089947089947
0 0.6524547803617571 0.6767195767195767 0.059431524547803614 0.0687830687830688
0 0.5753660637381568 0.7063492063492064 0.10680447889750215 0.14074074074074075
0 0.595176571920758 0.5767195767195767 0.041343669250646 0.05502645502645503
0 0.7351421188630491 0.31851851851851853 0.04392764857881137 0.03597883597883598
0 0.7049956933677863 0.27037037037037037 0.030146425495262703 0.04338624338624339
0 0.6464254952627045 0.24497354497354498 0.030146425495262703 0.03492063492063492
0 0.673557278208441 0.21534391534391537 0.034453057708871665 0.03280423280423281
0 0.7136089577950043 0.05978835978835979 0.024978466838931956 0.05185185185185186
0 0.657192075796727 0.08571428571428572 0.03789836347975883 0.06984126984126984
0 0.67786391042205 0.03492063492063492 0.02239448751076658 0.04656084656084657
0 0.6382428940568475 0.020105820105820106 0.02239448751076658 0.03174603174603175
0 0.602928509905254 0.053439153439153446 0.017226528854435832 0.03492063492063492
0 0.5796726959517657 0.16666666666666669 0.06890611541774333 0.039153439153439155
0 0.5891472868217055 0.23174603174603176 0.06373815676141258 0.04021164021164021
0 0.5633074935400517 0.30529100529100534 0.07751937984496124 0.0962962962962963
0 0.6167097329888027 0.3904761904761905 0.05167958656330749 0.04656084656084657
0 0.5055986218776917 0.32857142857142857 0.12058570198105081 0.13862433862433862
0 0.48320413436692505 0.4777777777777778 0.056847545219638244 0.1492063492063492
0 0.5073212747631353 0.5957671957671958 0.04823428079242033 0.04656084656084657
0 0.3772609819121447 0.44391534391534393 0.08440999138673558 0.07301587301587302
0 0.29155900086132647 0.45502645502645506 0.028423772609819122 0.050793650793650794
0 0.34366925064599485 0.4984126984126985 0.034453057708871665 0.0380952380952381
0 0.40568475452196384 0.5206349206349207 0.07751937984496124 0.05925925925925926
0 0.4164513350559862 0.5793650793650794 0.07838070628768304 0.058201058201058205
0 0.4117140396210164 0.6772486772486773 0.1429801894918174 0.10158730158730159
0 0.4754521963824289 0.7248677248677249 0.025839793281653745 0.025396825396825397
0 0.43367786391042207 0.761904761904762 0.04565030146425495 0.050793650793650794
0 0.44315245478036175 0.8291005291005291 0.023255813953488372 0.03068783068783069
0 0.5025839793281653 0.788888888888889 0.04392764857881137 0.0687830687830688
0 0.313953488372093 0.7126984126984127 0.06804478897502153 0.06666666666666667
0 0.26442721791559 0.6328042328042328 0.13781223083548666 0.12275132275132276
0 0.2532299741602067 0.5216931216931218 0.04995693367786391 0.08465608465608467
0 0.18776916451335057 0.5153439153439153 0.025839793281653745 0.04656084656084657
0 0.1343669250645995 0.6185185185185186 0.031007751937984496 0.03492063492063492
0 0.40223944875107664 0.23915343915343917 0.07235142118863049 0.11216931216931218
0 0.37209302325581395 0.3010582010582011 0.018949181739879414 0.03280423280423281
0 0.2665805340223945 0.10264550264550265 0.17657192075796727 0.19894179894179895
0 0.13092161929371232 0.9264550264550265 0.25839793281653745 0.14285714285714288
0 0.3695090439276486 0.9026455026455027 0.08957795004306632 0.1417989417989418
0 0.4263565891472868 0.9211640211640212 0.02239448751076658 0.02433862433862434
0 0.41300602928509905 0.9703703703703704 0.024978466838931956 0.03597883597883598
0 0.780792420327304 0.9507936507936509 0.06804478897502153 0.08783068783068784
0 0.7243755383290267 0.9354497354497355 0.034453057708871665 0.09735449735449736
0 0.7687338501291989 0.8841269841269842 0.030146425495262703 0.05608465608465609
0 0.6658053402239449 0.9153439153439155 0.08096468561584841 0.10158730158730159
0 0.615848406546081 0.8682539682539683 0.04995693367786391 0.06666666666666667
0 0.5822566752799311 0.9386243386243387 0.04306632213608958 0.06137566137566138
0 0.533161068044789 0.8661375661375662 0.029285099052540915 0.04338624338624339
0 0.6111111111111112 0.9857142857142858 0.03531438415159346 0.020105820105820106
0 0.38931955211024977 0.07566137566137567 0.015503875968992248 0.028571428571428574
0 0.41946597760551246 0.08941798941798942 0.017226528854435832 0.028571428571428574
