0 0.19925124792013313 0.08979591836734695 0.0324459234608985 0.11020408163265308
0 0.23668885191347755 0.17908163265306123 0.08569051580698836 0.09081632653061225
0 0.13186356073211314 0.09438775510204082 0.03743760399334443 0.07244897959183674
0 0.1127287853577371 0.03571428571428572 0.10898502495840266 0.05510204081632654
0 0.05366056572379368 0.07551020408163266 0.025790349417637273 0.028571428571428574
0 0.015806988352745424 0.14438775510204083 0.018302828618968387 0.031632653061224494
0 0.07071547420965059 0.15153061224489797 0.05823627287853578 0.10510204081632654
0 0.023710482529118136 0.24081632653061227 0.02911813643926789 0.03877551020408164
0 0.07113144758735442 0.22397959183673471 0.039101497504159734 0.03571428571428572
0 0.10940099833610649 0.18877551020408165 0.022462562396006656 0.05102040816326531
0 0.14059900166389352 0.16836734693877553 0.018302828618968387 0.04081632653061225
0 0.17013311148086524 0.22908163265306125 0.025790349417637273 0.025510204081632654
0 0.12603993344425957 0.24438775510204083 0.014143094841930116 0.04591836734693878
0 0.1605657237936772 0.14387755102040817 0.011647254575707155 0.018367346938775512
0 0.15848585690515807 0.1739795918367347 0.01247920133111481 0.017346938775510204
0 0.22836938435940102 0.38265306122448983 0.06905158069883528 0.08979591836734695
0 0.326955074875208 0.4841836734693878 0.17138103161397672 0.13367346938775512
0 0.2687188019966722 0.5658163265306123 0.15973377703826955 0.15000000000000002
0 0.1867720465890183 0.6698979591836736 0.04742096505823627 0.08469387755102041
0 0.11772046589018303 0.5709183673469388 0.10898502495840266 0.08673469387755103
0 0.05490848585690516 0.45612244897959187 0.019966722129783693 0.028571428571428574
0 0.12853577371048253 0.4071428571428572 0.03577371048252912 0.0326530612244898
0 0.17512479201331116 0.3918367346938776 0.020798668885191347 0.04693877551020409
0 0.15016638935108154 0.32551020408163267 0.03743760399334443 0.0653061224489796
0 0.20133111480865226 0.29030612244897963 0.04991680532445924 0.056122448979591844
0 0.028702163061564062 0.6627551020408163 0.04742096505823627 0.15408163265306124
0 0.07321131447587355 0.7505102040816327 0.04492512479201331 0.08469387755102041
0 0.08901830282861897 0.6852040816326531 0.04159733777038269 0.039795918367346944
0 0.12271214642262895 0.6459183673469389 0.02911813643926789 0.03877551020408164
0 0.12728785357737105 0.7341836734693878 0.04991680532445924 0.06836734693877551
0 0.012895174708818636 0.7785714285714287 0.014143094841930116 0.0489795918367347
0 0.056572379367720464 0.8576530612244899 0.029950083194675542 0.039795918367346944
0 0.11439267886855242 0.8714285714285716 0.03743760399334443 0.04285714285714286
0 0.15474209650582363 0.8295918367346939 0.064891846921797 0.11224489795918369
0 0.2566555740432612 0.741326530612245 0.09068219633943428 0.0989795918367347
0 0.34900166389351084 0.6775510204081633 0.05906821963394343 0.06938775510204082
0 0.4259567387687188 0.7056122448979593 0.1064891846921797 0.13979591836734695
0 0.40432612312811983 0.5770408163265307 0.03993344425956739 0.05408163265306123
0 0.26206322795341097 0.3219387755102041 0.04326123128119801 0.03571428571428572
0 0.2915973377703827 0.27448979591836736 0.030782029950083195 0.04285714285714286
0 0.34941763727121466 0.24744897959183676 0.029950083194675542 0.0336734693877551
0 0.3223793677204659 0.21887755102040818 0.03410981697171381 0.0336734693877551
0 0.28119800332778705 0.06479591836734694 0.02495840266222962 0.05204081632653062
0 0.3377703826955075 0.08979591836734695 0.03826955074875208 0.06938775510204082
0 0.3161397670549085 0.03928571428571429 0.021630615640599003 0.04591836734693878
0 0.35565723793677206 0.02448979591836735 0.022462562396006656 0.030612244897959186
0 0.3910149750415973 0.056632653061224496 0.016638935108153077 0.03571428571428572
0 0.41555740432612315 0.16938775510204082 0.06905158069883528 0.03877551020408164
0 0.40640599001663896 0.23316326530612247 0.06405990016638935 0.039795918367346944
0 0.4334442595673877 0.30612244897959184 0.07820299500831947 0.09591836734693879
0 0.3810316139767055 0.39234693877551025 0.051580698835274545 0.04591836734693878
0 0.4908485856905158 0.32908163265306123 0.11980033277870217 0.13775510204081634
0 0.5149750415973378 0.47704081632653067 0.056572379367720464 0.1479591836734694
0 0.49168053244592347 0.5943877551020409 0.048252911813643926 0.04591836734693878
0 0.620216306156406 0.4413265306122449 0.08402662229617305 0.07244897959183674
0 0.7054908485856906 0.45102040816326533 0.028286189683860232 0.05102040816326531
0 0.6543261231281198 0.4954081632653062 0.03410981697171381 0.03775510204081633
0 0.5927620632279534 0.5183673469387755 0.07737104825291181 0.05918367346938776
0 0.5823627287853578 0.576530612244898 0.07820299500831947 0.05714285714285715
0 0.5881863560732113 0.6739795918367347 0.14309484193011648 0.10102040816326531
0 0.5253743760399334 0.7224489795918368 0.025790349417637273 0.02448979591836735
0 0.5669717138103162 0.7586734693877552 0.045757071547420966 0.05
0 0.5582362728785358 0.8255102040816328 0.02329450915141431 0.030612244897959186
0 0.4983361064891847 0.7867346938775511 0.04326123128119801 0.0673469387755102
0 0.6855241264559069 0.7076530612244899 0.06821963394342762 0.0663265306122449
0 0.7341930116472546 0.6270408163265306 0.1372712146422629 0.12142857142857144
0 0.7441763727121464 0.5168367346938776 0.05074875207986689 0.08469387755102041
0 0.8090682196339435 0.5091836734693878 0.025790349417637273 0.04693877551020409
0 0.8635607321131448 0.6112244897959184 0.03161397670549085 0.03469387755102041
0 0.5931780366056573 0.23775510204081635 0.07154742096505824 0.11224489795918369
0 0.6235440931780366 0.2989795918367347 0.01913477537437604 0.0326530612244898
0 0.7271214642262895 0.10051020408163266 0.17637271214642264 0.1969387755102041
0 0.8706322795341098 0.9178571428571429 0.25707154742096505 0.14183673469387756
0 0.6326955074875208 0.8974489795918368 0.08901830282861897 0.14183673469387756
0 0.5761231281198004 0.9173469387755103 0.022462562396006656 0.02448979591836735
0 0.5898502495840267 0.9658163265306123 0.02495840266222962 0.03571428571428572
0 0.22337770382695507 0.9520408163265307 0.06738768718801996 0.08775510204081634
0 0.2791181364392679 0.9357142857142858 0.03410981697171381 0.09591836734693879
0 0.23460898502495842 0.8852040816326532 0.029950083194675542 0.056122448979591844
0 0.3373544093178037 0.914795918367347 0.08069883527454243 0.10102040816326531
0 0.38685524126455906 0.8668367346938777 0.04991680532445924 0.0663265306122449
0 0.42054908485856907 0.9357142857142858 0.04242928452579035 0.06122448979591837
0 0.468801996672213 0.8637755102040817 0.02911813643926789 0.04183673469387755
0 0.39267886855241263 0.9836734693877552 0.03494176372712147 0.020408163265306124
0 0.6044093178036606 0.07500000000000001 0.015806988352745424 0.02755102040816327
0 0.5744592346089851 0.08877551020408164 0.017470881863560734 0.028571428571428574
