0 0.805199698568199 0.12919310970081596 0.03089675960813866 0.1042611060743427
0 0.76525998492841 0.2112420670897552 0.08214016578749059 0.08522212148685404
0 0.8696307460437076 0.1373526745240254 0.03617181612660136 0.06799637352674524
0 0.8903541823662396 0.0829555757026292 0.10474755086661643 0.05167724388032638
0 0.945742275810098 0.12375339981867634 0.02562170308967596 0.02629193109700816
0 0.979276563677468 0.19084315503173163 0.01733232856066315 0.029918404351767906
0 0.926525998492841 0.1944696282864914 0.05651846269781462 0.09882139619220308
0 0.9683496608892238 0.28195829555757024 0.028636021100226075 0.03626473254759746
0 0.9231348907309721 0.2629193109700816 0.037678975131876416 0.03445149592021759
0 0.8873398643556896 0.22756119673617406 0.02185380557648832 0.04895738893925657
0 0.8583270535041447 0.20670897552130552 0.01808590806330068 0.038077969174977334
0 0.8274302938960061 0.26246600181323665 0.02562170308967596 0.024478694469628286
0 0.8696307460437076 0.27923844061650044 0.013564431047475508 0.043517679057116954
0 0.8398643556895252 0.1826835902085222 0.011303692539562924 0.017225747960108794
0 0.8409947249434816 0.2112420670897552 0.012057272042200452 0.016319129646418858
0 0.7660135644310475 0.40525838621940163 0.06706857573474001 0.08522212148685404
0 0.6665410700828938 0.49546690843155033 0.1650339110776187 0.12601994560290117
0 0.7200452147701583 0.5757026291931097 0.1544837980406933 0.1414324569356301
0 0.7954031650339111 0.6786038077969175 0.044461190655614165 0.08068902991840435
0 0.86586284853052 0.5883952855847688 0.10550113036925396 0.08159564823209428
0 0.9302938960060286 0.48368087035358115 0.020346646571213264 0.02629193109700816
0 0.8609645817633761 0.43336355394378967 0.03541823662396383 0.030825022665457842
0 0.8168801808590807 0.4161378059836809 0.021100226073850793 0.043517679057116954
0 0.8432554634513941 0.35448776065276516 0.03617181612660136 0.061650045330915684
0 0.7954031650339111 0.31867633726201267 0.04747550866616428 0.05349048050770626
0 0.9480030143180106 0.6808703535811423 0.0452147701582517 0.14505893019038985
0 0.9020346646571213 0.7611060743427017 0.04370761115297664 0.08068902991840435
0 0.8888470233609645 0.6985494106980961 0.039939713639789 0.038984587488667274
0 0.8579502637528259 0.6591115140525838 0.027882441597588545 0.03626473254759746
0 0.8500376789751319 0.742520398912058 0.04822908816880181 0.06527651858567543
0 0.9593067068575735 0.7910244786944697 0.013564431047475508 0.04623753399818677
0 0.9140919366993218 0.8635539437896645 0.028636021100226075 0.037171350861287394
0 0.8579502637528259 0.8735267452402539 0.03541823662396383 0.04079782411604714
0 0.8202712886209496 0.8313689936536718 0.06254709871891484 0.10698096101541252
0 0.7249434815373021 0.742520398912058 0.08741522230595328 0.0942883046237534
0 0.639035418236624 0.6772438803263826 0.05727204220045215 0.06527651858567543
0 0.5636774679728711 0.699456029011786 0.10248681235870384 0.13327289211242066
0 0.5889223813112283 0.5788757932910245 0.03843255463451394 0.05167724388032638
0 0.7354935945742276 0.34587488667271077 0.042200452147701586 0.03354487760652765
0 0.7087415222305954 0.2987307343608341 0.0293896006028636 0.04079782411604714
0 0.6541070082893745 0.2701722574796011 0.028636021100226075 0.032638259292837715
0 0.6812358703843255 0.24478694469628287 0.033157498116051246 0.030825022665457842
0 0.7264506405425772 0.10063463281958296 0.024114544084400905 0.04895738893925657
0 0.6714393368500376 0.1214868540344515 0.03617181612660136 0.06527651858567543
0 0.6940467219291635 0.07524932003626474 0.021100226073850793 0.043517679057116954
0 0.6563677467972872 0.05893019038984587 0.021100226073850793 0.02901178603807797
0 0.6209495101733233 0.08748866727107887 0.016578749058025623 0.03354487760652765
0 0.5930670685757348 0.19265639165911153 0.06631499623210249 0.037171350861287394
0 0.5990957045968349 0.25385312783318226 0.06179351921627732 0.038077969174977334
0 0.5708364732479276 0.3209428830462375 0.0746043707611153 0.09066183136899365
0 0.618311981914092 0.4057116953762466 0.048982667671439335 0.04442429737080689
0 0.5146948003014318 0.33907524932003624 0.11605124340617935 0.13055303717135086
0 0.4860587792012057 0.4782411604714415 0.05425772418990203 0.14052583862194015
0 0.5037678975131876 0.5911151405258386 0.045968349660889224 0.043517679057116954
0 0.3854559155990957 0.43880326382592927 0.08063300678221552 0.06890299184043518
0 0.30293896006028637 0.442883046237534 0.027128862094951016 0.04805077062556663
0 0.35116804822908815 0.4882139619220308 0.033157498116051246 0.03535811423390753
0 0.4095704596834966 0.513599274705349 0.0746043707611153 0.055303717135086125
0 0.4167294649585531 0.5684496826835902 0.07535795026375283 0.05439709882139619
0 0.40806330067822155 0.6604714415231188 0.13790504898266767 0.09519492293744333
0 0.46684250188394877 0.7098821396192203 0.024868123587038434 0.02357207615593835
0 0.4253956292388847 0.7420670897552131 0.044461190655614165 0.04805077062556663
0 0.4310474755086662 0.8055303717135086 0.02260738507912585 0.028105167724388033
0 0.4902034664657121 0.7719854941069809 0.04144687264506405 0.0643699002719855
0 0.31273549359457425 0.6872166817769719 0.06480783722682742 0.06346328195829556
0 0.2686510926902788 0.6078875793291024 0.13187641296156744 0.11514052583862194
0 0.26337603617181615 0.5036264732547597 0.048982667671439335 0.08068902991840435
0 0.20082893745290128 0.4927470534904805 0.024868123587038434 0.04442429737080689
0 0.14468726450640543 0.586582048957389 0.03014318010550113 0.032638259292837715
0 0.4193669932177845 0.24796010879419764 0.07008289374529013 0.10607434270172257
0 0.38809344385832706 0.3041704442429737 0.01808590806330068 0.03173164097914778
0 0.29577995478522984 0.11015412511332728 0.16955538809344387 0.185856754306437
0 0.12697814619442352 0.8757932910244787 0.2479276563677468 0.1341795104261106
0 0.3571966842501884 0.8694469628286491 0.08590806330067823 0.1341795104261106
0 0.4107008289374529 0.8912058023572076 0.021100226073850793 0.02357207615593835
0 0.39562923888470236 0.9365367180417045 0.024114544084400905 0.03445149592021759
0 0.7494348153730218 0.943336355394379 0.06556141672946496 0.08250226654578423
0 0.6963074604370761 0.9252039891205802 0.033157498116051246 0.09156844968268359
0 0.7415222305953278 0.8798730734360835 0.028636021100226075 0.05349048050770626
0 0.6409193669932178 0.9025385312783318 0.07761868877166542 0.09519492293744333
0 0.5949510173323286 0.8544877606527652 0.04747550866616428 0.06255666364460562
0 0.5599095704596835 0.9174977334542158 0.04069329314242653 0.05802357207615594
0 0.5158251695553882 0.8467815049864007 0.027882441597588545 0.03989120580235721
0 0.5851544837980407 0.9641885766092475 0.03391107761868877 0.019038984587488667
0 0.41446872645064053 0.09383499546690843 0.015071590052750565 0.02629193109700816
0 0.4431047475508666 0.10788757932910245 0.016578749058025623 0.027198549410698096
