0 0.8018394648829431 0.10397553516819573 0.03177257525083612 0.10805300713557595
0 0.7637959866220736 0.1906218144750255 0.08444816053511706 0.08970438328236494
0 0.8683110367892977 0.11009174311926606 0.03762541806020067 0.07135575942915393
0 0.8879598662207357 0.05249745158002039 0.10702341137123746 0.05402650356778797
0 0.9460702341137124 0.09276248725790011 0.025919732441471572 0.028542303771661573
0 0.9824414715719063 0.16106014271151886 0.018394648829431436 0.030581039755351685
0 0.9285117056856187 0.16666666666666669 0.05769230769230769 0.10295616717635067
0 0.9736622073578595 0.2558613659531091 0.02926421404682274 0.038735983690112136
0 0.9268394648829431 0.2380224260958206 0.039297658862876256 0.03567787971457696
0 0.8892140468227424 0.20234454638124363 0.0225752508361204 0.04994903160040775
0 0.8586956521739131 0.1819571865443425 0.018394648829431436 0.039755351681957186
0 0.8290133779264214 0.24108053007135577 0.025919732441471572 0.025484199796126403
0 0.8724916387959866 0.25688073394495414 0.014214046822742474 0.04485219164118247
0 0.8394648829431438 0.1580020387359837 0.011705685618729096 0.01834862385321101
0 0.8411371237458194 0.18756371049949033 0.011705685618729096 0.0163098878695209
0 0.7696488294314381 0.3919469928644241 0.06939799331103678 0.08868501529051988
0 0.6709866220735786 0.48980632008154945 0.1697324414715719 0.13149847094801223
0 0.7274247491638796 0.5708460754332314 0.1588628762541806 0.14678899082568808
0 0.8072742474916388 0.6748216106014272 0.04598662207357859 0.0835881753312946
0 0.8770903010033445 0.5779816513761469 0.10869565217391304 0.08562691131498472
0 0.9402173913043478 0.46636085626911317 0.020903010033444816 0.027522935779816515
0 0.8678929765886287 0.4174311926605505 0.03511705685618729 0.03160040774719674
0 0.822324414715719 0.4011213047910296 0.020903010033444816 0.045871559633027525
0 0.8474080267558528 0.3363914373088685 0.03762541806020067 0.0652395514780836
0 0.7976588628762542 0.3007135575942916 0.048494983277591976 0.05504587155963303
0 0.9640468227424749 0.6702344546381244 0.046822742474916385 0.15188583078491336
0 0.9188963210702341 0.7558613659531092 0.0451505016722408 0.08460754332313966
0 0.9038461538461539 0.6916411824668706 0.04013377926421405 0.039755351681957186
0 0.8712374581939799 0.6518858307849134 0.028428093645484948 0.03771661569826708
0 0.8658026755852842 0.7390417940876657 0.04933110367892977 0.06727828746177371
0 0.9782608695652174 0.7844036697247707 0.013377926421404682 0.04791029561671764
0 0.9343645484949833 0.8618756371049949 0.02926421404682274 0.039755351681957186
0 0.8770903010033445 0.8741080530071357 0.03678929765886287 0.04383282364933742
0 0.8373745819397993 0.8323139653414884 0.06438127090301003 0.11111111111111112
0 0.7370401337792643 0.7436289500509684 0.08946488294314381 0.09887869520897044
0 0.6471571906354515 0.6794087665647299 0.05852842809364548 0.06829765545361877
0 0.5706521739130435 0.7059123343527014 0.10451505016722408 0.13761467889908258
0 0.5936454849498327 0.5795107033639144 0.04013377926421405 0.05402650356778797
0 0.7370401337792643 0.3312945973496432 0.042642140468227424 0.03465851172273191
0 0.7081939799331104 0.28389398572884816 0.030100334448160536 0.0417940876656473
0 0.6513377926421404 0.2563710499490316 0.030100334448160536 0.033639143730886854
0 0.6785117056856187 0.2288481141692151 0.034280936454849496 0.03160040774719674
0 0.7207357859531772 0.07747196738022427 0.02508361204013378 0.05096839959225281
0 0.665133779264214 0.10142711518858309 0.03762541806020067 0.06829765545361877
0 0.6864548494983278 0.05249745158002039 0.021739130434782608 0.045871559633027525
0 0.6479933110367893 0.03720693170234455 0.021739130434782608 0.03160040774719674
0 0.6120401337792643 0.06829765545361877 0.016722408026755852 0.03465851172273191
0 0.5869565217391304 0.17838939857288483 0.06856187290969899 0.038735983690112136
0 0.5944816053511706 0.24159021406727832 0.06354515050167224 0.038735983690112136
0 0.5677257525083612 0.3129459734964322 0.07692307692307693 0.09378185524974517
0 0.6187290969899666 0.3980632008154944 0.05016722408026756 0.045871559633027525
0 0.5104515050167224 0.33384301732925586 0.11956521739130435 0.13557594291539246
0 0.48494983277591974 0.4791029561671764 0.05518394648829431 0.14678899082568808
0 0.5062709030100334 0.5953109072375128 0.04765886287625418 0.04485219164118247
0 0.38085284280936454 0.4424057084607544 0.08277591973244147 0.07135575942915393
0 0.29682274247491636 0.4500509683995923 0.028428093645484948 0.04994903160040775
0 0.34698996655518394 0.49439347604485223 0.033444816053511704 0.03669724770642202
0 0.4076086956521739 0.5188583078491336 0.07608695652173914 0.057084607543323146
0 0.4168060200668896 0.5759429153924567 0.07775919732441472 0.057084607543323146
0 0.41011705685618727 0.671763506625892 0.14130434782608695 0.0998980632008155
0 0.47240802675585286 0.7206931702344547 0.02508361204013378 0.02446483180428135
0 0.43018394648829433 0.7558613659531092 0.04598662207357859 0.04994903160040775
0 0.43812709030100333 0.8211009174311927 0.023411371237458192 0.029561671763506627
0 0.4974916387959866 0.7838939857288482 0.043478260869565216 0.06727828746177371
0 0.31354515050167225 0.7033639143730888 0.06688963210702341 0.0652395514780836
0 0.266304347826087 0.6228338430173294 0.1346153846153846 0.12028542303771662
0 0.25752508361204013 0.5147808358817534 0.05016722408026756 0.0835881753312946
0 0.1931438127090301 0.5061162079510704 0.02508361204013378 0.045871559633027525
0 0.13837792642140467 0.6055045871559633 0.030936454849498328 0.03465851172273191
0 0.41011705685618727 0.24260958205912336 0.07107023411371237 0.11009174311926606
0 0.37959866220735783 0.30275229357798167 0.018394648829431436 0.0326197757390418
0 0.27968227424749165 0.10499490316004079 0.17474916387959866 0.19367991845056068
0 0.12792642140468227 0.9067278287461774 0.25418060200668896 0.1396534148827727
0 0.3641304347826087 0.8904179408766565 0.08779264214046822 0.1396534148827727
0 0.4197324414715719 0.9113149847094802 0.021739130434782608 0.02446483180428135
0 0.40551839464882944 0.9587155963302753 0.02508361204013378 0.03567787971457696
0 0.7679765886287625 0.9515800203873599 0.0677257525083612 0.08664627930682978
0 0.7127926421404682 0.9347604485219165 0.034280936454849496 0.09582059123343528
0 0.757943143812709 0.8858307849133538 0.02926421404682274 0.05504587155963303
0 0.6555183946488294 0.9128440366972478 0.0802675585284281 0.09887869520897044
0 0.6074414715719063 0.8654434250764527 0.04933110367892977 0.0652395514780836
0 0.572742474916388 0.9322120285423039 0.04180602006688963 0.06014271151885831
0 0.5259197324414716 0.8603465851172274 0.028428093645484948 0.040774719673802244
0 0.5999163879598662 0.9796126401630989 0.034280936454849496 0.020387359836901122
0 0.4013377926421405 0.08307849133537208 0.015050167224080268 0.027522935779816515
0 0.4306020066889632 0.09683995922528034 0.016722408026755852 0.028542303771661573
