0 0.21815154038301415 0.08713272543059777 0.03164029975020816 0.10739614994934145
0 0.2531223980016653 0.17527862208713274 0.08492922564529559 0.08915906788247215
0 0.15195670274771025 0.08915906788247215 0.03746877601998335 0.07092198581560284
0 0.13447127393838468 0.030395136778115502 0.10741049125728559 0.0547112462006079
0 0.07535387177352207 0.06686930091185411 0.025811823480432972 0.028368794326241138
0 0.036219816819317234 0.13272543059777103 0.017485428809325562 0.030395136778115502
0 0.08950874271440466 0.1413373860182371 0.05745212323064113 0.10233029381965553
0 0.041215653621981686 0.2269503546099291 0.029142381348875937 0.03850050658561297
0 0.08825978351373856 0.21225937183383994 0.03830141548709409 0.03546099290780142
0 0.1273938384679434 0.17933130699088148 0.02164862614487927 0.050658561296859174
0 0.1582014987510408 0.16109422492401218 0.018318068276436304 0.040526849037487336
0 0.18609492089925064 0.2213779128672746 0.025811823480432972 0.025329280648429587
0 0.14196502914238135 0.23454913880445796 0.014154870940882597 0.04559270516717326
0 0.17901748542880933 0.13829787234042554 0.011656952539550375 0.017223910840932118
0 0.17568692756036636 0.16717325227963528 0.011656952539550375 0.016210739614994935
0 0.23855120732722732 0.37436676798378926 0.06910907577019151 0.08814589665653497
0 0.33305578684429643 0.477710233029382 0.16819317235636969 0.13069908814589667
0 0.27310574521232306 0.5552178318135765 0.1582014987510408 0.14589665653495443
0 0.18942547876769358 0.6534954407294833 0.04579517069109076 0.08308004052684904
0 0.12406328059950042 0.5531914893617021 0.10824313072439634 0.08510638297872342
0 0.06577851790174855 0.4387031408308004 0.019983347210657785 0.028368794326241138
0 0.13946711074104912 0.3941236068895644 0.035803497085761866 0.03242147922998987
0 0.18609492089925064 0.38044579533941236 0.020815986677768527 0.04559270516717326
0 0.16361365528726063 0.31509625126646407 0.03746877601998335 0.06484295845997974
0 0.21482098251457118 0.2826747720364742 0.04829308909242298 0.0547112462006079
0 0.033721898417985015 0.6398176291793314 0.04746044962531224 0.15096251266464034
0 0.0749375520399667 0.7274569402228978 0.044962531223980015 0.08308004052684904
0 0.09283930058284763 0.6641337386018238 0.04079933388842631 0.03951367781155016
0 0.126977518734388 0.6276595744680852 0.029142381348875937 0.037487335359675786
0 0.1286427976686095 0.7137791286727457 0.049125728559533725 0.06788247213779129
0 0.014571190674437969 0.7522796352583587 0.014154870940882597 0.04761904761904762
0 0.05537052456286428 0.8318135764944277 0.029142381348875937 0.03850050658561297
0 0.11199000832639468 0.847517730496454 0.03746877601998335 0.04356636271529889
0 0.15320566194837637 0.8080040526849038 0.06328059950041633 0.110435663627153
0 0.25645295587010825 0.7264437689969605 0.08992506244796003 0.09726443768996962
0 0.34887593671940054 0.6681864235055724 0.058284762697751874 0.06788247213779129
0 0.4238134887593672 0.698581560283688 0.10491257285595337 0.13677811550151978
0 0.4063280599500416 0.5719351570415401 0.03996669442131557 0.053698074974670724
0 0.27352206494587844 0.31661600810536983 0.042464612822647796 0.03546099290780142
0 0.3043297252289759 0.2710233029381966 0.03080766028309742 0.04154002026342452
0 0.36219816819317235 0.24772036474164136 0.02997502081598668 0.033434650455927056
0 0.33597002497918405 0.21833839918946304 0.03413821815154038 0.031408308004052685
0 0.2997502081598668 0.06585612968591692 0.024979184013322234 0.050658561296859174
0 0.3551207327227311 0.09270516717325229 0.03746877601998335 0.06788247213779129
0 0.3347210657785179 0.0430597771023303 0.02164862614487927 0.04559270516717326
0 0.37468776019983346 0.029888551165146913 0.02164862614487927 0.031408308004052685
0 0.40882597835137385 0.06281661600810537 0.01665278934221482 0.034447821681864235
0 0.42964196502914237 0.17375886524822695 0.06827643630308076 0.037487335359675786
0 0.4188176519567028 0.23606889564336375 0.06328059950041633 0.03850050658561297
0 0.44296419650291424 0.30851063829787234 0.07660283097418819 0.09422492401215807
0 0.3888426311407161 0.39057750759878423 0.04995836802664447 0.04559270516717326
0 0.4991673605328893 0.33282674772036475 0.11906744379683597 0.1347517730496454
0 0.5183180682764363 0.4787234042553192 0.055786844296419655 0.14488348530901723
0 0.49250624479600336 0.593211752786221 0.04746044962531224 0.04559270516717326
0 0.6232306411323897 0.4488348530901723 0.08243130724396337 0.07092198581560284
0 0.7069109075770191 0.46149949341438706 0.028309741881765195 0.04964539007092199
0 0.6552872606161533 0.502532928064843 0.03330557868442964 0.03647416413373861
0 0.5940882597835138 0.5233029381965553 0.07577019150707744 0.057750759878419454
0 0.5824313072439634 0.5790273556231004 0.07743547044129892 0.05572441742654509
0 0.5849292256452956 0.6747720364741642 0.14071606994171523 0.09929078014184398
0 0.5212323064113239 0.7193515704154002 0.024979184013322234 0.024316109422492405
0 0.5616153205661949 0.7568389057750761 0.04579517069109076 0.04863221884498481
0 0.5512073272273106 0.8221884498480244 0.02331390507910075 0.02938196555217832
0 0.49333888426311406 0.7811550151975685 0.042464612822647796 0.06686930091185411
0 0.6798501248959201 0.7122593718338399 0.06744379683597003 0.06484295845997974
0 0.7302248126561199 0.635258358662614 0.13488759367194006 0.11955420466058765
0 0.7435470441298918 0.5278622087132726 0.04995836802664447 0.08308004052684904
0 0.8076602830974189 0.5233029381965553 0.024979184013322234 0.04559270516717326
0 0.8580349708576187 0.6256332320162108 0.03080766028309742 0.033434650455927056
0 0.6024146544546212 0.24873353596757855 0.070774354704413 0.110435663627153
0 0.630308076602831 0.31003039513677816 0.018318068276436304 0.03242147922998987
0 0.738134887593672 0.11955420466058765 0.1740216486261449 0.19250253292806485
0 0.8559533721898418 0.9255319148936171 0.2531223980016653 0.13880445795339413
0 0.6219816819317235 0.8951367781155016 0.08825978351373856 0.13880445795339413
0 0.566194837635304 0.9118541033434651 0.02164862614487927 0.024316109422492405
0 0.5778517901748543 0.9599797365754813 0.024979184013322234 0.03546099290780142
0 0.21731890091590342 0.9311043566362716 0.06661115736885928 0.08510638297872342
0 0.2726894254787677 0.9174265450861196 0.03413821815154038 0.09422492401215807
0 0.2302248126561199 0.8662613981762919 0.029142381348875937 0.0547112462006079
0 0.3309741881765196 0.8996960486322189 0.0791007493755204 0.09929078014184398
0 0.380932556203164 0.8551165146909828 0.049125728559533725 0.06484295845997974
0 0.41215653621981685 0.9235055724417427 0.041631973355537054 0.059777102330293826
0 0.4621149042464613 0.8551165146909828 0.028309741881765195 0.040526849037487336
0 0.38343047460449625 0.9696048632218845 0.03413821815154038 0.020263424518743668
0 0.6178184845961698 0.09017223910840932 0.01498751040799334 0.02634245187436677
0 0.5882597835137385 0.10233029381965553 0.017485428809325562 0.028368794326241138
