0 0.2319422150882825 0.3216374269005848 0.060995184590690206 0.09161793372319688
0 0.4065008025682183 0.6242690058479532 0.10674157303370786 0.17641325536062377
0 0.24919743178170145 0.7007797270955165 0.06340288924558588 0.10721247563352826
0 0.23796147672552168 0.5940545808966862 0.10674157303370786 0.08089668615984405
0 0.23274478330658105 0.49951267056530213 0.02728731942215088 0.03216374269005848
0 0.478330658105939 0.5058479532163742 0.06741573033707865 0.1189083820662768
0 0.31781701444622795 0.5779727095516569 0.04333868378812199 0.12475633528265107
0 0.33386837881219905 0.46637426900584794 0.03210272873194221 0.04775828460038986
0 0.2640449438202247 0.7261208576998051 0.03531300160513644 0.05458089668615984
0 0.31540930979133225 0.6135477582846004 0.024077046548956663 0.05555555555555555
0 0.6031300160513644 0.032651072124756333 0.03290529695024077 0.0341130604288499
0 0.02728731942215088 0.7548732943469785 0.014446227929373997 0.06335282651072124
