0 0.7696875 0.3026923076923077 0.061875 0.09461538461538462
0 0.5996875 0.6246153846153846 0.109375 0.18307692307692308
0 0.7628125 0.6976923076923077 0.064375 0.11076923076923077
0 0.7715625 0.5865384615384616 0.109375 0.0823076923076923
0 0.7740625 0.4880769230769231 0.026875 0.03307692307692308
0 0.5225 0.505 0.0675 0.12230769230769231
0 0.689375 0.5723076923076923 0.043750000000000004 0.12923076923076923
0 0.6696875 0.4576923076923077 0.031875 0.047692307692307694
0 0.7484375 0.725 0.035625000000000004 0.05615384615384615
0 0.6925 0.6096153846153847 0.02375 0.05615384615384615
0 0.38125000000000003 0.01769230769230769 0.0325 0.033846153846153845
0 0.9918750000000001 0.7446153846153846 0.01375 0.06461538461538462
