0 0.6846875 0.6738461538461539 0.061875 0.09384615384615384
0 0.5140625 0.35192307692307695 0.109375 0.1823076923076923
0 0.6775 0.2792307692307692 0.06375 0.11076923076923077
0 0.68625 0.3903846153846154 0.10875 0.0823076923076923
0 0.68875 0.48846153846153845 0.0275 0.03230769230769231
0 0.4371875 0.47192307692307695 0.068125 0.12230769230769231
0 0.60375 0.40384615384615385 0.043750000000000004 0.12923076923076923
0 0.5840625 0.5188461538461538 0.031875 0.04846153846153846
0 0.663125 0.2519230769230769 0.035 0.05615384615384615
0 0.6071875 0.3669230769230769 0.024375 0.05692307692307692
0 0.2959375 0.9592307692307692 0.033125 0.033846153846153845
0 0.9065625 0.23153846153846153 0.014375 0.06461538461538462
