0 0.22968750000000002 0.3026923076923077 0.061875 0.09461538461538462
0 0.39968750000000003 0.6246153846153846 0.109375 0.18307692307692308
0 0.2365625 0.6976923076923077 0.064375 0.11076923076923077
0 0.2278125 0.5865384615384616 0.109375 0.0823076923076923
0 0.2253125 0.4880769230769231 0.026875 0.03307692307692308
0 0.476875 0.505 0.0675 0.12230769230769231
0 0.31 0.5723076923076923 0.043750000000000004 0.12923076923076923
0 0.3296875 0.4576923076923077 0.031875 0.047692307692307694
0 0.2509375 0.725 0.035625000000000004 0.05615384615384615
0 0.306875 0.6096153846153847 0.02375 0.05615384615384615
0 0.618125 0.01769230769230769 0.0325 0.033846153846153845
0 0.0075 0.7446153846153846 0.01375 0.06461538461538462
