0 0.6991561181434599 0.6246185147507629 0.059915611814345994 0.08952187182095625
0 0.5489451476793249 0.3118006103763988 0.10548523206751055 0.17192268565615462
0 0.7084388185654008 0.2538148524923703 0.06160337552742616 0.10478128179043743
0 0.7122362869198312 0.35859613428280773 0.10464135021097047 0.07833163784333672
0 0.7105485232067511 0.4506612410986775 0.0270042194092827 0.03051881993896236
0 0.470042194092827 0.4201424211597151 0.06582278481012659 0.11597151576805696
0 0.6324894514767933 0.3662258392675483 0.043037974683544304 0.12207527975584943
0 0.6088607594936709 0.47304170905391657 0.031223628691983123 0.04679552390640895
0 0.6957805907172996 0.22736520854526956 0.03459915611814346 0.05391658189216683
0 0.6375527426160338 0.3316378433367243 0.024472573839662448 0.054933875890132246
0 0.31518987341772153 0.8687690742624619 0.03291139240506329 0.03255340793489318
0 0.929957805907173 0.22227873855544253 0.01518987341772152 0.06205493387589013
