0 0.2309253246753247 0.6971057884231536 0.0625 0.09481037924151696
0 0.4005681818181818 0.37574850299401197 0.10957792207792208 0.18263473053892215
0 0.2374188311688312 0.30339321357285426 0.06412337662337662 0.1117764471057884
0 0.2288961038961039 0.4146706586826347 0.10876623376623377 0.08283433133732535
0 0.22646103896103897 0.5119760479041916 0.0275974025974026 0.03393213572854291
0 0.47767857142857145 0.49451097804391214 0.0689935064935065 0.12275449101796407
0 0.3112824675324676 0.4271457085828343 0.044642857142857144 0.12974051896207583
0 0.33116883116883117 0.5419161676646707 0.03246753246753247 0.049900199600798396
0 0.25162337662337664 0.27594810379241513 0.03571428571428572 0.05688622754491018
0 0.3080357142857143 0.39071856287425144 0.025162337662337664 0.05688622754491018
0 0.6193181818181819 0.9800399201596806 0.034090909090909095 0.03393213572854291
0 0.008522727272727274 0.2564870259481038 0.015422077922077924 0.06586826347305388
