0 0.23255813953488372 0.6770428015564203 0.06094627105052125 0.09143968871595332
0 0.4069767441860465 0.3754863813229572 0.10665597433841219 0.17509727626459143
0 0.25020048115477145 0.29961089494163423 0.06255012028869286 0.10700389105058367
0 0.23857257417802727 0.4056420233463035 0.10665597433841219 0.07976653696498054
0 0.23336006415396954 0.4995136186770428 0.0272654370489174 0.032101167315175094
0 0.4783480352846832 0.49367704280155644 0.06655974338412189 0.11770428015564202
0 0.31836407377706494 0.42169260700389105 0.04330392943063352 0.1254863813229572
0 0.33440256615878106 0.5325875486381323 0.03207698476343224 0.047665369649805445
0 0.2650360866078589 0.27383268482490275 0.034482758620689655 0.05544747081712062
0 0.3159582999198075 0.3866731517509728 0.024057738572574178 0.05544747081712062
0 0.6018444266238974 0.9664396887159533 0.03287890938251804 0.034046692607003895
0 0.028869286287089013 0.2441634241245136 0.014434643143544507 0.0622568093385214
