0 0.7565625 0.6584615384615384 0.061875 0.09384615384615384
0 0.5859375 0.33653846153846156 0.109375 0.1823076923076923
0 0.749375 0.26384615384615384 0.06375 0.11076923076923077
0 0.758125 0.375 0.10875 0.0823076923076923
0 0.760625 0.47307692307692306 0.0275 0.03230769230769231
0 0.5090625 0.45653846153846156 0.068125 0.12230769230769231
0 0.675625 0.38846153846153847 0.043750000000000004 0.12923076923076923
0 0.6559375000000001 0.5034615384615385 0.031875 0.04846153846153846
0 0.735 0.23653846153846153 0.035 0.05615384615384615
0 0.6790625 0.3515384615384615 0.024375 0.05692307692307692
0 0.3678125 0.9438461538461539 0.033125 0.033846153846153845
0 0.9784375000000001 0.21615384615384614 0.014375 0.06461538461538462
