0 0.7003125 0.37538461538461537 0.061875 0.09384615384615384
0 0.5296875 0.6973076923076923 0.109375 0.1823076923076923
0 0.693125 0.77 0.06375 0.11076923076923077
0 0.701875 0.6588461538461539 0.10875 0.0823076923076923
0 0.704375 0.5607692307692308 0.0275 0.03230769230769231
0 0.4528125 0.5773076923076923 0.068125 0.12230769230769231
0 0.619375 0.6453846153846153 0.043750000000000004 0.12923076923076923
0 0.5996875 0.5303846153846153 0.031875 0.04846153846153846
0 0.67875 0.7973076923076923 0.035 0.05615384615384615
0 0.6228125 0.6823076923076923 0.024375 0.05692307692307692
0 0.3115625 0.09 0.033125 0.033846153846153845
0 0.9221875 0.8176923076923077 0.014375 0.06461538461538462
