0 0.31485943775100406 0.6556324110671936 0.06265060240963856 0.09387351778656126
0 0.4855421686746988 0.3344861660079051 0.11004016064257029 0.18280632411067194
0 0.32289156626506027 0.26136363636363635 0.06425702811244981 0.11166007905138339
0 0.3140562248995984 0.37252964426877466 0.10923694779116466 0.08300395256916995
0 0.31124497991967875 0.4703557312252964 0.02811244979919679 0.03359683794466403
0 0.5626506024096386 0.4540513833992095 0.06827309236947791 0.12351778656126482
0 0.3963855421686747 0.3858695652173913 0.04417670682730924 0.12944664031620554
0 0.41566265060240964 0.5009881422924901 0.03293172690763052 0.04940711462450593
0 0.33694779116465867 0.23418972332015808 0.03614457831325301 0.05731225296442687
0 0.3927710843373494 0.3493083003952569 0.02570281124497992 0.05830039525691699
0 0.7036144578313254 0.9412055335968379 0.033734939759036145 0.034584980237154145
0 0.09357429718875503 0.2134387351778656 0.015261044176706828 0.06521739130434782
