0 0.6996875 0.6415384615384615 0.061875 0.09384615384615384
0 0.5290625 0.31961538461538463 0.109375 0.1823076923076923
0 0.6925 0.2469230769230769 0.06375 0.11076923076923077
0 0.70125 0.35807692307692307 0.10875 0.0823076923076923
0 0.70375 0.45615384615384613 0.0275 0.03230769230769231
0 0.4521875 0.43961538461538463 0.068125 0.12230769230769231
0 0.61875 0.37153846153846154 0.043750000000000004 0.12923076923076923
0 0.5990625 0.48653846153846153 0.031875 0.04846153846153846
0 0.678125 0.21961538461538463 0.035 0.05615384615384615
0 0.6221875 0.3346153846153846 0.024375 0.05692307692307692
0 0.31093750000000003 0.926923076923077 0.033125 0.033846153846153845
0 0.9215625000000001 0.19923076923076924 0.014375 0.06461538461538462
