0 0.7403125 0.65 0.061875 0.09384615384615384
0 0.5696875 0.3280769230769231 0.109375 0.1823076923076923
0 0.733125 0.2553846153846154 0.06375 0.11076923076923077
0 0.7418750000000001 0.36653846153846154 0.10875 0.0823076923076923
0 0.744375 0.4646153846153846 0.0275 0.03230769230769231
0 0.4928125 0.4480769230769231 0.068125 0.12230769230769231
0 0.659375 0.38 0.043750000000000004 0.12923076923076923
0 0.6396875 0.495 0.031875 0.04846153846153846
0 0.71875 0.22807692307692307 0.035 0.05615384615384615
0 0.6628125 0.34307692307692306 0.024375 0.05692307692307692
0 0.3515625 0.9353846153846154 0.033125 0.033846153846153845
0 0.9621875 0.2076923076923077 0.014375 0.06461538461538462
