0 0.6540625 0.3607692307692308 0.061875 0.09384615384615384
0 0.4834375 0.6826923076923077 0.109375 0.1823076923076923
0 0.646875 0.7553846153846154 0.06375 0.11076923076923077
0 0.655625 0.6442307692307693 0.10875 0.0823076923076923
0 0.658125 0.5461538461538461 0.0275 0.03230769230769231
0 0.4065625 0.5626923076923077 0.068125 0.12230769230769231
0 0.573125 0.6307692307692307 0.043750000000000004 0.12923076923076923
0 0.5534375 0.5157692307692308 0.031875 0.04846153846153846
0 0.6325000000000001 0.7826923076923077 0.035 0.05615384615384615
0 0.5765625 0.6676923076923077 0.024375 0.05692307692307692
0 0.2653125 0.07538461538461538 0.033125 0.033846153846153845
0 0.8759375 0.803076923076923 0.014375 0.06461538461538462
