0 0.3671875 0.20076923076923076 0.100625 0.1276923076923077
0 0.6900000000000001 0.39153846153846156 0.06625 0.08307692307692308
0 0.3509375 0.6296153846153846 0.080625 0.10076923076923076
0 0.494375 0.515 0.1375 0.12846153846153846
0 0.4090625 0.3476923076923077 0.065625 0.10615384615384615
0 0.49343750000000003 0.36230769230769233 0.041875 0.06153846153846154
0 0.29031250000000003 0.32846153846153847 0.093125 0.07538461538461538
0 0.38125000000000003 0.8457692307692307 0.13125 0.13153846153846155
0 0.646875 0.2976923076923077 0.0425 0.06461538461538462
0 0.700625 0.5869230769230769 0.09375 0.15846153846153846
0 0.328125 0.4776923076923077 0.15625 0.09692307692307692
0 0.3225 0.7265384615384616 0.11125 0.09615384615384616
0 0.699375 0.7588461538461538 0.0625 0.08538461538461538
0 0.51125 0.20192307692307693 0.0925 0.09307692307692307
0 0.50125 0.7623076923076924 0.21375 0.22923076923076924
0 0.460625 0.35423076923076924 0.02875 0.03307692307692308
0 0.2596875 0.6323076923076923 0.054375 0.07538461538461538
0 0.9040625 0.6192307692307693 0.110625 0.18
0 0.6515625 0.8480769230769231 0.051875000000000004 0.10692307692307693
0 0.9359375 0.9507692307692308 0.081875 0.09538461538461539
0 0.618125 0.43576923076923074 0.07125000000000001 0.10846153846153846
0 0.56625 0.2542307692307692 0.20375000000000001 0.1976923076923077
0 0.545 0.8876923076923077 0.12625 0.08923076923076922
0 0.9540625 0.45615384615384613 0.091875 0.17692307692307693
0 0.9959375 0.8153846153846154 0.008125 0.03076923076923077
0 0.34218750000000003 0.37538461538461537 0.014375 0.010769230769230769
0 0.971875 0.6007692307692307 0.05625 0.05692307692307692
