0 0.33729216152019 0.17598842815814852 0.0997624703087886 0.12439729990356799
0 0.6492478226444972 0.3712632594021215 0.0665083135391924 0.08100289296046288
0 0.31235154394299286 0.5906460945033751 0.07996832937450514 0.09932497589199614
0 0.4548693586698337 0.4840887174541948 0.13539192399049882 0.12536162005785922
0 0.3752969121140142 0.319672131147541 0.06492478226444973 0.1051108968177435
0 0.4576405384006334 0.3360655737704918 0.04117181314330958 0.06075216972034716
0 0.2593032462391132 0.29797492767598843 0.09105304829770387 0.07328833172613308
0 0.33808392715756136 0.8013500482160077 0.12984956452889945 0.12729026036644167
0 0.6092636579572446 0.27820636451301833 0.04196357878068092 0.06268081002892961
0 0.6551860649247823 0.5602700096432016 0.09263657957244655 0.15429122468659595
0 0.2929532858273951 0.4426229508196721 0.1536025336500396 0.09450337512054002
0 0.282264449722882 0.6841851494696239 0.110055423594616 0.09546769527483125
0 0.6512272367379256 0.7270973963355835 0.0625494853523357 0.08293153326904533
0 0.47862232779097386 0.18129218900675026 0.09105304829770387 0.09064609450337513
0 0.4568487727632621 0.7242044358727098 0.20902612826603326 0.2217936354869817
0 0.4255740300870942 0.3273866923818708 0.02929532858273951 0.033751205400192864
0 0.22288202692003167 0.5906460945033751 0.05463182897862232 0.0742526518804243
0 0.8539192399049881 0.5978784956605593 0.10847189231987331 0.1755062680810029
0 0.6021377672209026 0.8119575699132112 0.05146476642913697 0.10414657666345227
0 0.8784639746634996 0.920443587270974 0.08155186064924781 0.0935390549662488
0 0.5783847980997624 0.41128254580520734 0.07046714172604909 0.1051108968177435
0 0.5308788598574822 0.233847637415622 0.20031670625494852 0.19189971070395373
0 0.4968329374505146 0.847155255544841 0.12430720506730007 0.08775313404050145
0 0.9065716547901821 0.4411764705882353 0.09026128266033254 0.17261330761812924
0 0.9402216943784639 0.7902603664416586 0.008709422011084718 0.029893924783027968
0 0.3087885985748218 0.34474445515911284 0.014251781472684084 0.012536162005785922
0 0.9208234362628661 0.5819672131147541 0.055423594615993665 0.05496624879459981
