0 0.3296875 0.8226923076923077 0.100625 0.12692307692307692
0 0.6521875 0.6315384615384615 0.066875 0.08307692307692308
0 0.3128125 0.3942307692307692 0.080625 0.10076923076923076
0 0.45625 0.5088461538461538 0.1375 0.12846153846153846
0 0.3715625 0.6757692307692308 0.065625 0.10692307692307693
0 0.455625 0.6615384615384615 0.04125 0.06153846153846154
0 0.2525 0.6946153846153846 0.0925 0.07538461538461538
0 0.3434375 0.1776923076923077 0.131875 0.13076923076923078
0 0.609375 0.7257692307692307 0.0425 0.06384615384615384
0 0.6625 0.43653846153846154 0.09375 0.1576923076923077
0 0.29 0.5461538461538461 0.15625 0.09692307692307692
0 0.284375 0.2969230769230769 0.11125 0.09692307692307692
0 0.6615625 0.26461538461538464 0.063125 0.08461538461538462
0 0.47375 0.8215384615384616 0.0925 0.09230769230769231
0 0.4634375 0.2611538461538462 0.213125 0.22846153846153847
0 0.42312500000000003 0.6696153846153846 0.02875 0.03307692307692308
0 0.2215625 0.39153846153846156 0.054375 0.07538461538461538
0 0.86625 0.4046153846153846 0.11 0.18
0 0.6134375 0.1753846153846154 0.051875000000000004 0.10615384615384615
0 0.8981250000000001 0.07230769230769231 0.0825 0.09538461538461539
0 0.5806250000000001 0.5876923076923077 0.07125000000000001 0.1076923076923077
0 0.5284375 0.7692307692307693 0.203125 0.19692307692307692
0 0.506875 0.13538461538461538 0.12625 0.08923076923076922
0 0.91625 0.5673076923076923 0.09125 0.1776923076923077
0 0.9578125000000001 0.20846153846153845 0.008125 0.03076923076923077
0 0.304375 0.6480769230769231 0.01375 0.011538461538461539
0 0.93375 0.4226923076923077 0.05625 0.05615384615384615
