0 0.6120218579234973 0.2124765478424015 0.09679937548790007 0.11913696060037524
0 0.31342701014832164 0.41275797373358347 0.06479313036690086 0.07879924953095685
0 0.6483216237314599 0.6102251407129455 0.07728337236533958 0.0947467166979362
0 0.5062451209992194 0.5136022514071295 0.13192818110850899 0.12101313320825516
0 0.5788446526151444 0.3522514071294559 0.06323185011709602 0.10037523452157598
0 0.4996096799375488 0.3714821763602251 0.04059328649492584 0.058161350844277676
0 0.6916471506635441 0.32645403377110693 0.08899297423887588 0.07129455909943715
0 0.6291959406713505 0.8137898686679175 0.12646370023419204 0.12288930581613508
0 0.35011709601873536 0.3222326454033771 0.04137392661982826 0.06097560975609756
0 0.3126463700234192 0.5952157598499062 0.0897736143637783 0.1472795497185741
0 0.6627634660421545 0.46763602251407127 0.14988290398126464 0.09099437148217636
0 0.6795472287275566 0.698874296435272 0.10694769711163153 0.09193245778611632
0 0.32162373145979706 0.7546904315196998 0.06088992974238876 0.07973733583489681
0 0.4746291959406713 0.22373358348968106 0.08899297423887588 0.08724202626641651
0 0.5109289617486339 0.7443714821763602 0.20374707259953162 0.2129455909943715
0 0.5300546448087432 0.3616322701688555 0.02810304449648712 0.03095684803001876
0 0.7353629976580797 0.6064727954971857 0.05308352849336456 0.07035647279549719
0 0.12021857923497267 0.6388367729831145 0.10616705698672912 0.16885553470919323
0 0.37158469945355194 0.8348968105065666 0.04996096799375488 0.09943714821763602
0 0.1053864168618267 0.950281425891182 0.07962529274004684 0.0900562851782364
0 0.3840749414519906 0.44840525328330205 0.06869633099141295 0.10131332082551595
0 0.42505854800936765 0.27626641651031897 0.19437939110070257 0.1848030018761726
0 0.47501951600312253 0.8644465290806754 0.1209992193598751 0.08348968105065666
0 0.06479313036690086 0.4910881801125704 0.08743169398907104 0.16604127579737335
0 0.04176424668227947 0.8278611632270169 0.008587041373926619 0.029080675422138838
0 0.6440281030444965 0.37335834896810505 0.01405152224824356 0.01125703564727955
0 0.05503512880562061 0.626641651031895 0.053864168618266976 0.052532833020637895
