0 0.3103125 0.8403846153846154 0.100625 0.12692307692307692
0 0.6328125 0.6492307692307693 0.066875 0.08307692307692308
0 0.2934375 0.41192307692307695 0.080625 0.10076923076923076
0 0.436875 0.5265384615384615 0.1375 0.12846153846153846
0 0.3521875 0.6934615384615385 0.065625 0.10692307692307693
0 0.43625 0.6792307692307692 0.04125 0.06153846153846154
0 0.233125 0.7123076923076923 0.0925 0.07538461538461538
0 0.32406250000000003 0.19538461538461538 0.131875 0.13076923076923078
0 0.59 0.7434615384615385 0.0425 0.06384615384615384
0 0.6431250000000001 0.4542307692307692 0.09375 0.1576923076923077
0 0.270625 0.5638461538461539 0.15625 0.09692307692307692
0 0.265 0.31461538461538463 0.11125 0.09692307692307692
0 0.6421875 0.2823076923076923 0.063125 0.08461538461538462
0 0.45437500000000003 0.8392307692307692 0.0925 0.09230769230769231
0 0.4440625 0.27884615384615385 0.213125 0.22846153846153847
0 0.40375 0.6873076923076923 0.02875 0.03307692307692308
0 0.2021875 0.40923076923076923 0.054375 0.07538461538461538
0 0.846875 0.42230769230769233 0.11 0.18
0 0.5940625 0.1930769230769231 0.051875000000000004 0.10615384615384615
0 0.87875 0.09 0.0825 0.09538461538461539
0 0.56125 0.6053846153846154 0.07125000000000001 0.1076923076923077
0 0.5090625 0.786923076923077 0.203125 0.19692307692307692
0 0.4875 0.15307692307692308 0.12625 0.08923076923076922
0 0.896875 0.585 0.09125 0.1776923076923077
0 0.9384375 0.22615384615384615 0.008125 0.03076923076923077
0 0.28500000000000003 0.6657692307692308 0.01375 0.011538461538461539
0 0.914375 0.4403846153846154 0.05625 0.05615384615384615
