0 0.2921875 0.838076923076923 0.100625 0.12692307692307692
0 0.6146875 0.6469230769230769 0.066875 0.08307692307692308
0 0.2753125 0.4096153846153846 0.080625 0.10076923076923076
0 0.41875 0.5242307692307693 0.1375 0.12846153846153846
0 0.3340625 0.6911538461538461 0.065625 0.10692307692307693
0 0.418125 0.676923076923077 0.04125 0.06153846153846154
0 0.215 0.71 0.0925 0.07538461538461538
0 0.30593750000000003 0.1930769230769231 0.131875 0.13076923076923078
0 0.571875 0.7411538461538462 0.0425 0.06384615384615384
0 0.625 0.4519230769230769 0.09375 0.1576923076923077
0 0.2525 0.5615384615384615 0.15625 0.09692307692307692
0 0.246875 0.3123076923076923 0.11125 0.09692307692307692
0 0.6240625 0.28 0.063125 0.08461538461538462
0 0.43625 0.8369230769230769 0.0925 0.09230769230769231
0 0.4259375 0.2765384615384615 0.213125 0.22846153846153847
0 0.385625 0.685 0.02875 0.03307692307692308
0 0.1840625 0.40692307692307694 0.054375 0.07538461538461538
0 0.82875 0.42 0.11 0.18
0 0.5759375 0.19076923076923077 0.051875000000000004 0.10615384615384615
0 0.860625 0.0876923076923077 0.0825 0.09538461538461539
0 0.543125 0.6030769230769231 0.07125000000000001 0.1076923076923077
0 0.4909375 0.7846153846153846 0.203125 0.19692307692307692
0 0.469375 0.15076923076923077 0.12625 0.08923076923076922
0 0.87875 0.5826923076923077 0.09125 0.1776923076923077
0 0.9203125 0.22384615384615383 0.008125 0.03076923076923077
0 0.26687500000000003 0.6634615384615384 0.01375 0.011538461538461539
0 0.89625 0.4380769230769231 0.05625 0.05615384615384615
