0 0.6048265460030167 0.2169811320754717 0.09502262443438915 0.11590296495956874
0 0.31485671191553544 0.4200359389038635 0.06410256410256411 0.07637017070979335
0 0.6474358974358975 0.6033243486073675 0.07616892911010559 0.09254267744833783
0 0.5060331825037707 0.5125786163522013 0.1297134238310709 0.11769991015274035
0 0.574660633484163 0.3535489667565139 0.06184012066365008 0.09793351302785265
0 0.49698340874811464 0.37421383647798745 0.0392156862745098 0.05660377358490566
0 0.6847662141779789 0.325696316262354 0.08748114630467572 0.06918238993710692
0 0.6327300150829562 0.802785265049416 0.12368024132730016 0.11949685534591195
0 0.34917043740573156 0.33018867924528306 0.04072398190045249 0.058400718778077274
0 0.3174962292609352 0.5974842767295597 0.0889894419306184 0.14375561545372867
0 0.6595022624434389 0.46316262353998205 0.14705882352941177 0.08894878706199462
0 0.6806184012066365 0.6886792452830189 0.1048265460030166 0.08894878706199462
0 0.32918552036199095 0.7533692722371969 0.05957767722473605 0.07816711590296496
0 0.4698340874811463 0.23090745732255166 0.08748114630467572 0.08445642407906559
0 0.5150829562594269 0.7380952380952381 0.20060331825037708 0.20754716981132076
0 0.5267722473604827 0.3638814016172507 0.02790346907993967 0.030548068283917342
0 0.7334087481146305 0.5970350404312669 0.05203619909502263 0.06918238993710692
0 0.12895927601809956 0.6455525606469003 0.10407239819004525 0.16442048517520216
0 0.3800904977375566 0.8292902066486972 0.0497737556561086 0.09703504043126684
0 0.12028657616892911 0.9492362982929021 0.07767722473604827 0.08715184186882301
0 0.38461538461538464 0.4528301886792453 0.06787330316742082 0.09883198562443846
0 0.42194570135746606 0.2834681042228212 0.19079939668174964 0.17879604672057503
0 0.48265460030165913 0.8557951482479785 0.1191553544494721 0.08176100628930819
0 0.07164404223227754 0.5026954177897575 0.08597285067873303 0.16262353998203055
0 0.05542986425339367 0.8319856244384547 0.008295625942684766 0.028751123090745734
0 0.6395173453996984 0.3724168912848158 0.013574660633484163 0.011680143755615454
0 0.06447963800904978 0.6352201257861636 0.05354449472096531 0.052111410601976646
