0 0.6448395490026019 0.1819137749737119 0.09800520381613183 0.12197686645636172
0 0.3261058109280139 0.35068349106203994 0.06591500433651344 0.08096740273396424
0 0.6487424111014743 0.592534174553102 0.0797918473547268 0.09779179810725552
0 0.513009540329575 0.47634069400630913 0.1344319167389419 0.12407991587802313
0 0.5997398091934085 0.3207150368033649 0.0650477016478751 0.10304942166140904
0 0.5177797051170858 0.33070452155625657 0.04163052905464007 0.05993690851735015
0 0.7159583694709454 0.30757097791798105 0.09106678230702515 0.0725552050473186
0 0.6127493495229835 0.7981072555205047 0.12922810060711187 0.12618296529968454
0 0.37033824804856896 0.26235541535226076 0.04163052905464007 0.06203995793901156
0 0.3104943625325238 0.5368033648790747 0.09193408499566348 0.15247108307045215
0 0.6751951431049436 0.44847528916929547 0.15177797051170858 0.0935856992639327
0 0.6734605377276669 0.68664563617245 0.10841283607979184 0.0946372239747634
0 0.3061578490893322 0.7013669821240799 0.062445793581960105 0.08201892744479496
0 0.5047701647875108 0.1771819137749737 0.09019947961838681 0.08937960042060988
0 0.49869904596704245 0.713459516298633 0.20815264527320035 0.21976866456361724
0 0.5494362532523851 0.3243953732912723 0.028620988725065046 0.03259726603575184
0 0.7372072853425845 0.5988433228180862 0.053772766695576756 0.0725552050473186
0 0.11188204683434519 0.5583596214511041 0.10754553339115351 0.17245005257623552
0 0.35082393755420643 0.7886435331230284 0.05117085862966175 0.10304942166140904
0 0.07111882046834345 0.8748685594111462 0.08152645273200347 0.09253417455310199
0 0.39418907198612313 0.39589905362776023 0.07025151777970512 0.10410094637223974
0 0.45013009540329574 0.22397476340694006 0.1977450130095403 0.1892744479495268
0 0.4527320034692107 0.8317560462670872 0.12315698178664354 0.08622502628811776
0 0.06808326105810927 0.40063091482649843 0.08933217692974849 0.17034700315457413
0 0.017346053772766695 0.741850683491062 0.008673026886383347 0.03049421661409043
0 0.6643538594969645 0.3501577287066246 0.013876843018213356 0.012618296529968454
0 0.046834345186470075 0.5383806519453207 0.055507372072853424 0.054679284963196635
