0 0.6312824956672444 0.20149253731343283 0.10138648180242633 0.1279317697228145
0 0.3093587521663778 0.39285714285714285 0.06759098786828423 0.08422174840085288
0 0.6486135181975736 0.6284648187633262 0.0805892547660312 0.10127931769722814
0 0.505632582322357 0.5149253731343284 0.13778162911611785 0.1300639658848614
0 0.5896880415944541 0.34808102345415776 0.06672443674176776 0.10767590618336886
0 0.505632582322357 0.3624733475479744 0.042461005199306755 0.06183368869936034
0 0.7084055459272096 0.3288912579957356 0.0927209705372617 0.07569296375266524
0 0.6182842287694974 0.8448827292110874 0.13258232235701906 0.13113006396588486
0 0.35181975736568455 0.2990405117270789 0.04332755632582322 0.0650319829424307
0 0.29939341421143845 0.5874200426439232 0.09445407279029462 0.15778251599147122
0 0.6711438474870017 0.47761194029850745 0.15684575389948005 0.09808102345415778
0 0.6772097053726169 0.7260127931769723 0.11178509532062392 0.09808102345415778
0 0.30069324090121313 0.7590618336886994 0.06412478336221837 0.08528784648187633
0 0.48743500866551126 0.203091684434968 0.0927209705372617 0.0927505330490405
0 0.49870017331022526 0.761727078891258 0.21403812824956672 0.22921108742004265
0 0.5381282495667244 0.3544776119402985 0.02946273830155979 0.03304904051172708
0 0.7396013864818024 0.6311300639658849 0.05459272097053726 0.07675906183368869
0 0.09662045060658578 0.6199360341151385 0.11005199306759098 0.18017057569296374
0 0.3492201039861352 0.847547974413646 0.05199306759098787 0.10660980810234541
0 0.06499133448873483 0.9514925373134329 0.08318890814558058 0.09701492537313433
0 0.38084922010398614 0.43656716417910446 0.07192374350086654 0.10767590618336886
0 0.43284228769497396 0.25533049040511724 0.20363951473136915 0.19722814498933902
0 0.45537261698440207 0.8875266524520256 0.12738301559792026 0.0906183368869936
0 0.04592720970537261 0.4578891257995735 0.09185441941074522 0.17803837953091683
0 0.005632582322357018 0.8155650319829424 0.009532062391681109 0.031982942430703626
0 0.6564124783362218 0.3752665245202559 0.014731369150779895 0.01279317697228145
0 0.029029462738301558 0.6023454157782516 0.05632582322357019 0.057569296375266525
