0 0.3478125 0.8334615384615385 0.100625 0.12692307692307692
0 0.6703125 0.6423076923076924 0.066875 0.08307692307692308
0 0.3309375 0.405 0.080625 0.10076923076923076
0 0.474375 0.5196153846153846 0.1375 0.12846153846153846
0 0.3896875 0.6865384615384615 0.065625 0.10692307692307693
0 0.47375 0.6723076923076923 0.04125 0.06153846153846154
0 0.270625 0.7053846153846154 0.0925 0.07538461538461538
0 0.3615625 0.18846153846153846 0.131875 0.13076923076923078
0 0.6275000000000001 0.7365384615384616 0.0425 0.06384615384615384
0 0.680625 0.4473076923076923 0.09375 0.1576923076923077
0 0.308125 0.556923076923077 0.15625 0.09692307692307692
0 0.3025 0.3076923076923077 0.11125 0.09692307692307692
0 0.6796875 0.2753846153846154 0.063125 0.08461538461538462
0 0.491875 0.8323076923076923 0.0925 0.09230769230769231
0 0.4815625 0.27192307692307693 0.213125 0.22846153846153847
0 0.44125000000000003 0.6803846153846154 0.02875 0.03307692307692308
0 0.2396875 0.4023076923076923 0.054375 0.07538461538461538
0 0.884375 0.4153846153846154 0.11 0.18
0 0.6315625 0.18615384615384614 0.051875000000000004 0.10615384615384615
0 0.91625 0.08307692307692308 0.0825 0.09538461538461539
0 0.59875 0.5984615384615385 0.07125000000000001 0.1076923076923077
0 0.5465625000000001 0.78 0.203125 0.19692307692307692
0 0.525 0.14615384615384616 0.12625 0.08923076923076922
0 0.9343750000000001 0.578076923076923 0.09125 0.1776923076923077
0 0.9759375 0.21923076923076923 0.008125 0.03076923076923077
0 0.3225 0.6588461538461539 0.01375 0.011538461538461539
0 0.951875 0.43346153846153845 0.05625 0.05615384615384615
