0 0.6959375 0.17346153846153847 0.100625 0.12692307692307692
0 0.37343750000000003 0.3646153846153846 0.066875 0.08307692307692308
0 0.7128125 0.6019230769230769 0.080625 0.10076923076923076
0 0.569375 0.48730769230769233 0.1375 0.12846153846153846
0 0.6540625 0.3203846153846154 0.065625 0.10692307692307693
0 0.5700000000000001 0.3346153846153846 0.04125 0.06153846153846154
0 0.7731250000000001 0.30153846153846153 0.0925 0.07538461538461538
0 0.6821875000000001 0.8184615384615385 0.131875 0.13076923076923078
0 0.41625 0.2703846153846154 0.0425 0.06384615384615384
0 0.36312500000000003 0.5596153846153846 0.09375 0.1576923076923077
0 0.735625 0.45 0.15625 0.09692307692307692
0 0.74125 0.6992307692307692 0.11125 0.09692307692307692
0 0.3640625 0.7315384615384616 0.063125 0.08461538461538462
0 0.551875 0.17461538461538462 0.0925 0.09230769230769231
0 0.5621875000000001 0.735 0.213125 0.22846153846153847
0 0.6025 0.32653846153846156 0.02875 0.03307692307692308
0 0.8040625 0.6046153846153847 0.054375 0.07538461538461538
0 0.15937500000000002 0.5915384615384616 0.11 0.18
0 0.4121875 0.8207692307692308 0.051875000000000004 0.10615384615384615
0 0.1275 0.9238461538461539 0.0825 0.09538461538461539
0 0.445 0.4084615384615385 0.07125000000000001 0.1076923076923077
0 0.4971875 0.22692307692307692 0.203125 0.19692307692307692
0 0.51875 0.8607692307692307 0.12625 0.08923076923076922
0 0.109375 0.4288461538461538 0.09125 0.1776923076923077
0 0.0678125 0.7876923076923077 0.008125 0.03076923076923077
0 0.7212500000000001 0.34807692307692306 0.01375 0.011538461538461539
0 0.091875 0.5734615384615385 0.05625 0.05615384615384615
