0 0.6413767579570688 0.23761061946902653 0.09548482605477424 0.11769911504424779
0 0.32642487046632124 0.38539823008849555 0.06365655070318282 0.07699115044247787
0 0.6328645447816432 0.6309734513274337 0.076980014803849 0.09380530973451327
0 0.5040710584752035 0.5141592920353982 0.13027387120651368 0.11858407079646018
0 0.5936343449296817 0.36858407079646016 0.06217616580310881 0.09823008849557521
0 0.5136935603256847 0.3743362831858407 0.03997039230199852 0.05663716814159292
0 0.7065136935603257 0.36150442477876105 0.08808290155440414 0.06991150442477875
0 0.5914137675795706 0.8265486725663717 0.12435233160621761 0.12035398230088495
0 0.37268689859363435 0.30221238938053097 0.040710584752035525 0.05929203539823009
0 0.30569948186528495 0.5628318584070796 0.08882309400444115 0.14513274336283186
0 0.6632124352331605 0.49424778761061944 0.1480384900074019 0.08938053097345133
0 0.653960029607698 0.7225663716814159 0.10584752035529237 0.08938053097345133
0 0.29681717246484085 0.7199115044247788 0.060695780903034784 0.07876106194690266
0 0.5059215396002961 0.22654867256637168 0.08808290155440414 0.08495575221238938
0 0.48334566987416727 0.7402654867256637 0.20133234641006661 0.2097345132743363
0 0.5447816432272391 0.3694690265486726 0.028127313101406363 0.030973451327433628
0 0.7187268689859363 0.6411504424778761 0.05181347150259067 0.06991150442477875
0 0.11213915618060695 0.5747787610619469 0.10436713545521835 0.1654867256637168
0 0.33715766099185784 0.8057522123893806 0.049592894152479645 0.09823008849557521
0 0.06291635825314582 0.8761061946902655 0.07846039970392302 0.08849557522123894
0 0.3915618060695781 0.4314159292035398 0.06809770540340489 0.1
0 0.45114729829755734 0.26946902654867255 0.19170984455958548 0.18141592920353983
0 0.43523316062176165 0.8517699115044247 0.11991117690599555 0.08230088495575222
0 0.07438934122871946 0.42168141592920355 0.08660251665433012 0.16371681415929204
0 0.014433752775721688 0.7464601769911504 0.008142116950407105 0.02920353982300885
0 0.6550703182827535 0.3995575221238938 0.013323464100666173 0.011504424778761062
0 0.049222797927461134 0.5526548672566372 0.0540340488527017 0.05221238938053097
