0 0.6321875 0.20076923076923076 0.100625 0.1276923076923077
0 0.309375 0.39153846153846156 0.06625 0.08307692307692308
0 0.6484375 0.6296153846153846 0.080625 0.10076923076923076
0 0.505 0.515 0.1375 0.12846153846153846
0 0.5903125 0.3476923076923077 0.065625 0.10615384615384615
0 0.5059375 0.36230769230769233 0.041875 0.06153846153846154
0 0.7090625 0.32846153846153847 0.093125 0.07538461538461538
0 0.618125 0.8457692307692307 0.13125 0.13153846153846155
0 0.3525 0.2976923076923077 0.0425 0.06461538461538462
0 0.29875 0.5869230769230769 0.09375 0.15846153846153846
0 0.671875 0.4776923076923077 0.15625 0.09692307692307692
0 0.676875 0.7265384615384616 0.11125 0.09615384615384616
0 0.3 0.7588461538461538 0.0625 0.08538461538461538
0 0.48812500000000003 0.20192307692307693 0.0925 0.09307692307692307
0 0.498125 0.7623076923076924 0.21375 0.22923076923076924
0 0.5387500000000001 0.35423076923076924 0.02875 0.03307692307692308
0 0.7396875 0.6323076923076923 0.054375 0.07538461538461538
0 0.09531250000000001 0.6192307692307693 0.110625 0.18
0 0.3478125 0.8480769230769231 0.051875000000000004 0.10692307692307693
0 0.06343750000000001 0.9507692307692308 0.081875 0.09538461538461539
0 0.38125000000000003 0.43576923076923074 0.07125000000000001 0.10846153846153846
0 0.433125 0.2542307692307692 0.20375000000000001 0.1976923076923077
0 0.45437500000000003 0.8876923076923077 0.12625 0.08923076923076922
0 0.045625 0.45615384615384613 0.09125 0.17692307692307693
0 0.00375 0.8153846153846154 0.0075 0.03076923076923077
0 0.6571875 0.37538461538461537 0.014375 0.010769230769230769
0 0.0278125 0.6007692307692307 0.055625 0.05692307692307692
