0 0.3328125 0.15730769230769232 0.100625 0.12692307692307692
0 0.6553125 0.34846153846153843 0.066875 0.08307692307692308
0 0.3159375 0.5857692307692308 0.080625 0.10076923076923076
0 0.45937500000000003 0.47115384615384615 0.1375 0.12846153846153846
0 0.3746875 0.30423076923076925 0.065625 0.10692307692307693
0 0.45875 0.31846153846153846 0.04125 0.06153846153846154
0 0.255625 0.2853846153846154 0.0925 0.07538461538461538
0 0.3465625 0.8023076923076923 0.131875 0.13076923076923078
0 0.6125 0.2542307692307692 0.0425 0.06384615384615384
0 0.665625 0.5434615384615384 0.09375 0.1576923076923077
0 0.293125 0.4338461538461538 0.15625 0.09692307692307692
0 0.28750000000000003 0.683076923076923 0.11125 0.09692307692307692
0 0.6646875 0.7153846153846154 0.063125 0.08461538461538462
0 0.476875 0.15846153846153846 0.0925 0.09230769230769231
0 0.4665625 0.7188461538461538 0.213125 0.22846153846153847
0 0.42625 0.31038461538461537 0.02875 0.03307692307692308
0 0.2246875 0.5884615384615385 0.054375 0.07538461538461538
0 0.869375 0.5753846153846154 0.11 0.18
0 0.6165625 0.8046153846153846 0.051875000000000004 0.10615384615384615
0 0.90125 0.9076923076923077 0.0825 0.09538461538461539
0 0.58375 0.3923076923076923 0.07125000000000001 0.1076923076923077
0 0.5315625 0.21076923076923076 0.203125 0.19692307692307692
0 0.51 0.8446153846153847 0.12625 0.08923076923076922
0 0.919375 0.4126923076923077 0.09125 0.1776923076923077
0 0.9609375 0.7715384615384615 0.008125 0.03076923076923077
0 0.3075 0.33192307692307693 0.01375 0.011538461538461539
0 0.936875 0.5573076923076923 0.05625 0.05615384615384615
