0 0.6340118744698897 0.7914937759336099 0.10093299406276506 0.12655601659751037
0 0.31340118744698897 0.6094398340248963 0.06700593723494487 0.08195020746887967
0 0.6458863443596268 0.3703319502074689 0.08057675996607294 0.09958506224066391
0 0.5050890585241731 0.4854771784232365 0.13655640373197625 0.12655601659751037
0 0.590754877014419 0.6483402489626556 0.06530958439355386 0.10580912863070539
0 0.5076335877862596 0.6353734439834025 0.041560644614079725 0.061203319502074686
0 0.7086513994910941 0.6644190871369294 0.09245122985581 0.07572614107883817
0 0.6128074639525021 0.15819502074688796 0.13146734520780323 0.12966804979253113
0 0.356234096692112 0.7012448132780082 0.04240882103477523 0.06431535269709543
0 0.3006785411365564 0.41804979253112035 0.09414758269720101 0.15560165975103735
0 0.6696352841391009 0.5191908713692946 0.15521628498727735 0.09647302904564316
0 0.6726039016115352 0.2743775933609959 0.1102629346904156 0.09647302904564316
0 0.29940627650551316 0.24948132780082988 0.06276505513146735 0.08402489626556017
0 0.49151823579304493 0.7930497925311203 0.09245122985581 0.09232365145228216
0 0.4953350296861747 0.24221991701244813 0.21204410517387617 0.22510373443983403
0 0.5398642917726887 0.6431535269709544 0.02968617472434266 0.03319502074688797
0 0.7357930449533503 0.36618257261410786 0.0551314673452078 0.07468879668049792
0 0.09881255301102629 0.3900414937759336 0.1094147582697201 0.17842323651452283
0 0.3460559796437659 0.1607883817427386 0.05258693808312129 0.10580912863070539
0 0.06361323155216285 0.06431535269709543 0.08312128922815945 0.0954356846473029
0 0.3833757421543681 0.5648340248962656 0.07124681933842239 0.10684647302904564
0 0.4368108566581849 0.7422199170124482 0.2018659881255301 0.19398340248962656
0 0.45122985581000846 0.11981327800829876 0.1255301102629347 0.08817427385892117
0 0.05131467345207803 0.5508298755186722 0.09075487701441899 0.17634854771784234
0 0.005937234944868533 0.19917012448132781 0.008481764206955046 0.03112033195020747
0 0.6569126378286684 0.6192946058091287 0.01441899915182358 0.012448132780082988
0 0.032230703986429174 0.4087136929460581 0.05597964376590331 0.056016597510373446
