0 0.6528960817717206 0.15906735751295337 0.09965928449744464 0.1233160621761658
0 0.3419931856899489 0.35440414507772017 0.065587734241908 0.08082901554404144
0 0.6788756388415673 0.5725388601036269 0.08006814310051108 0.09844559585492227
0 0.5362010221465077 0.46632124352331605 0.1354344122657581 0.12435233160621761
0 0.6149914821124361 0.3020725388601036 0.06473594548551959 0.10466321243523316
0 0.5332197614991482 0.31917098445595854 0.040885860306643956 0.06010362694300518
0 0.7312606473594548 0.2803108808290155 0.09114139693356048 0.07357512953367876
0 0.6541737649063033 0.7823834196891192 0.12947189097103917 0.12642487046632123
0 0.38160136286201024 0.2621761658031088 0.04258943781942078 0.06217616580310881
0 0.3364565587734242 0.5430051813471503 0.0919931856899489 0.15336787564766838
0 0.6976149914821125 0.4248704663212435 0.15332197614991483 0.09533678756476684
0 0.709114139693356 0.6652849740932643 0.10988074957410562 0.09533678756476684
0 0.3411413969335605 0.7088082901554403 0.062180579216354344 0.08290155440414507
0 0.512350936967632 0.16528497409326423 0.09114139693356048 0.09015544041450776
0 0.534923339011925 0.705699481865285 0.20954003407155025 0.22176165803108808
0 0.5647359454855196 0.30984455958549223 0.028960817717206135 0.03316062176165803
0 0.768313458262351 0.5715025906735751 0.054514480408858604 0.07357512953367876
0 0.13841567291311754 0.5808290155440414 0.10817717206132879 0.17512953367875647
0 0.3901192504258944 0.7937823834196891 0.05110732538330494 0.10362694300518134
0 0.11456558773424191 0.9025906735751295 0.0809199318568995 0.09326424870466321
0 0.4126916524701874 0.394300518134715 0.0706984667802385 0.10466321243523316
0 0.4599659284497445 0.21761658031088082 0.19931856899488928 0.19067357512953367
0 0.49531516183986374 0.8290155440414507 0.12350936967632027 0.08704663212435233
0 0.08560477001703577 0.4253886010362694 0.08943781942078365 0.17305699481865283
0 0.05281090289608177 0.7735751295336787 0.008517887563884156 0.03005181347150259
0 0.6814310051107325 0.32642487046632124 0.013628620102214651 0.012435233160621761
0 0.07155025553662692 0.5658031088082901 0.056218057921635436 0.05595854922279792
