0 0.6859375 0.8326923076923077 0.100625 0.12692307692307692
0 0.3634375 0.6415384615384615 0.066875 0.08307692307692308
0 0.7028125000000001 0.4042307692307692 0.080625 0.10076923076923076
0 0.5593750000000001 0.5188461538461538 0.1375 0.12846153846153846
0 0.6440625 0.6857692307692308 0.065625 0.10692307692307693
0 0.56 0.6715384615384615 0.04125 0.06153846153846154
0 0.763125 0.7046153846153846 0.0925 0.07538461538461538
0 0.6721875 0.18769230769230769 0.131875 0.13076923076923078
0 0.40625 0.7357692307692307 0.0425 0.06384615384615384
0 0.353125 0.44653846153846155 0.09375 0.1576923076923077
0 0.725625 0.5561538461538461 0.15625 0.09692307692307692
0 0.7312500000000001 0.3069230769230769 0.11125 0.09692307692307692
0 0.3540625 0.2746153846153846 0.063125 0.08461538461538462
0 0.541875 0.8315384615384616 0.0925 0.09230769230769231
0 0.5521875 0.27115384615384613 0.213125 0.22846153846153847
0 0.5925 0.6796153846153846 0.02875 0.03307692307692308
0 0.7940625 0.4015384615384615 0.054375 0.07538461538461538
0 0.149375 0.4146153846153846 0.11 0.18
0 0.40218750000000003 0.1853846153846154 0.051875000000000004 0.10615384615384615
0 0.11750000000000001 0.0823076923076923 0.0825 0.09538461538461539
0 0.435 0.5976923076923077 0.07125000000000001 0.1076923076923077
0 0.4871875 0.7792307692307693 0.203125 0.19692307692307692
0 0.50875 0.1453846153846154 0.12625 0.08923076923076922
0 0.099375 0.5773076923076923 0.09125 0.1776923076923077
0 0.0578125 0.21846153846153846 0.008125 0.03076923076923077
0 0.71125 0.6580769230769231 0.01375 0.011538461538461539
0 0.081875 0.4326923076923077 0.05625 0.05615384615384615
