0 0.6333922261484098 0.7938311688311688 0.10070671378091872 0.1266233766233766
0 0.3118374558303887 0.6087662337662337 0.06713780918727916 0.08333333333333333
0 0.6466431095406361 0.37067099567099565 0.0812720848056537 0.10064935064935066
0 0.5053003533568905 0.48538961038961037 0.13780918727915195 0.12878787878787878
0 0.590547703180212 0.6493506493506493 0.06625441696113074 0.10606060606060606
0 0.5075088339222614 0.6358225108225108 0.04151943462897526 0.06168831168831169
0 0.708922261484099 0.6666666666666666 0.09275618374558303 0.07575757575757576
0 0.6143992932862191 0.15692640692640691 0.13162544169611307 0.12987012987012986
0 0.35556537102473496 0.7018398268398268 0.04328621908127209 0.06385281385281386
0 0.30035335689045933 0.4161255411255411 0.09363957597173145 0.15692640692640691
0 0.6704946996466431 0.520021645021645 0.15547703180212014 0.09632034632034632
0 0.6740282685512368 0.27435064935064934 0.11130742049469965 0.09632034632034632
0 0.299469964664311 0.24675324675324675 0.0636042402826855 0.08441558441558442
0 0.4907243816254417 0.7943722943722944 0.09275618374558303 0.09307359307359307
0 0.49646643109540634 0.2408008658008658 0.21201413427561838 0.2261904761904762
0 0.5393109540636042 0.6433982683982684 0.029151943462897525 0.03354978354978355
0 0.7376325088339223 0.36688311688311687 0.054770318021201414 0.07575757575757576
0 0.0980565371024735 0.3874458874458874 0.10954063604240283 0.17965367965367965
0 0.3467314487632509 0.15800865800865802 0.052120141342756186 0.10606060606060606
0 0.0636042402826855 0.05952380952380952 0.08303886925795052 0.09523809523809523
0 0.3829505300353357 0.5643939393939394 0.0715547703180212 0.10714285714285714
0 0.43595406360424027 0.7435064935064936 0.20229681978798586 0.19480519480519481
0 0.45229681978798586 0.11742424242424243 0.1254416961130742 0.08982683982683982
0 0.04946996466431095 0.5487012987012987 0.09187279151943463 0.1774891774891775
0 0.005300353356890459 0.19534632034632035 0.0088339222614841 0.031385281385281384
0 0.657243816254417 0.6212121212121212 0.014134275618374558 0.012987012987012988
0 0.030918727915194347 0.40584415584415584 0.05653710247349823 0.05627705627705628
