0 0.645625 0.34076923076923077 0.06125 0.1
0 0.384375 0.37961538461538463 0.0675 0.07923076923076923
0 0.6771875 0.205 0.099375 0.12076923076923077
0 0.75625 0.32769230769230767 0.08625000000000001 0.06769230769230769
0 0.7028125000000001 0.6034615384615385 0.074375 0.09923076923076923
0 0.569375 0.3523076923076923 0.04 0.052307692307692305
0 0.6709375 0.8007692307692308 0.12687500000000002 0.10923076923076923
0 0.5671875000000001 0.7192307692307692 0.169375 0.18
0 0.7887500000000001 0.6053846153846154 0.04625 0.06461538461538462
0 0.3721875 0.565 0.090625 0.14384615384615385
0 0.3703125 0.7261538461538461 0.060625 0.08153846153846153
0 0.5484375 0.2023076923076923 0.093125 0.08153846153846153
0 0.7296875 0.6969230769230769 0.104375 0.1
0 0.7212500000000001 0.4511538461538461 0.11875000000000001 0.06230769230769231
0 0.1315625 0.6711538461538461 0.040625 0.05153846153846154
0 0.136875 0.42538461538461536 0.1 0.13692307692307693
0 0.5387500000000001 0.49653846153846154 0.19 0.12230769230769231
0 0.4290625 0.6703846153846154 0.066875 0.05615384615384615
0 0.6009375 0.3446153846153846 0.028125 0.03230769230769231
0 0.06281250000000001 0.4773076923076923 0.046875 0.10076923076923076
0 0.4503125 0.42115384615384616 0.061875 0.09923076923076923
0 0.1865625 0.58 0.080625 0.1276923076923077
0 0.6825 0.3842307692307692 0.01875 0.03923076923076923
0 0.7590625 0.5611538461538461 0.034375 0.03461538461538462
0 0.051250000000000004 0.9215384615384615 0.02375 0.038461538461538464
0 0.154375 0.9315384615384615 0.11375 0.13384615384615384
0 0.708125 0.3669230769230769 0.01375 0.010769230769230769
0 0.5021875 0.2523076923076923 0.18812500000000001 0.1753846153846154
0 0.054375 0.6230769230769231 0.03 0.05076923076923077
0 0.4875 0.815 0.0525 0.036153846153846154
