0 0.62 0.30615384615384617 0.06125 0.1
0 0.35875 0.345 0.0675 0.07923076923076923
0 0.6515625 0.17038461538461538 0.099375 0.12076923076923077
0 0.730625 0.29307692307692307 0.08625000000000001 0.06769230769230769
0 0.6771875 0.5688461538461539 0.074375 0.09923076923076923
0 0.5437500000000001 0.3176923076923077 0.04 0.052307692307692305
0 0.6453125000000001 0.7661538461538462 0.12687500000000002 0.10923076923076923
0 0.5415625000000001 0.6846153846153846 0.169375 0.18
0 0.763125 0.5707692307692308 0.04625 0.06461538461538462
0 0.3465625 0.5303846153846153 0.090625 0.14384615384615385
0 0.3446875 0.6915384615384615 0.060625 0.08153846153846153
0 0.5228125 0.1676923076923077 0.093125 0.08153846153846153
0 0.7040625 0.6623076923076923 0.104375 0.1
0 0.695625 0.4165384615384615 0.11875000000000001 0.06230769230769231
0 0.1059375 0.6365384615384615 0.040625 0.05153846153846154
0 0.11125 0.39076923076923076 0.1 0.13692307692307693
0 0.513125 0.46192307692307694 0.19 0.12230769230769231
0 0.4034375 0.6357692307692308 0.066875 0.05615384615384615
0 0.5753125 0.31 0.028125 0.03230769230769231
0 0.0371875 0.4426923076923077 0.046875 0.10076923076923076
0 0.4246875 0.38653846153846155 0.061875 0.09923076923076923
0 0.1609375 0.5453846153846154 0.080625 0.1276923076923077
0 0.656875 0.3496153846153846 0.01875 0.03923076923076923
0 0.7334375 0.5265384615384615 0.034375 0.03461538461538462
0 0.025625000000000002 0.8869230769230769 0.02375 0.038461538461538464
0 0.12875 0.8969230769230769 0.11375 0.13384615384615384
0 0.6825 0.3323076923076923 0.01375 0.010769230769230769
0 0.4765625 0.21769230769230768 0.18812500000000001 0.1753846153846154
0 0.02875 0.5884615384615385 0.03 0.05076923076923077
0 0.46187500000000004 0.7803846153846153 0.0525 0.036153846153846154
