0 0.380625 0.3153846153846154 0.06125 0.1
0 0.641875 0.35423076923076924 0.0675 0.07923076923076923
0 0.3490625 0.17961538461538462 0.099375 0.12076923076923077
0 0.27 0.30230769230769233 0.08625000000000001 0.06769230769230769
0 0.3234375 0.578076923076923 0.074375 0.09923076923076923
0 0.45687500000000003 0.3269230769230769 0.04 0.052307692307692305
0 0.35531250000000003 0.7753846153846153 0.12687500000000002 0.10923076923076923
0 0.4590625 0.6938461538461539 0.169375 0.18
0 0.23750000000000002 0.58 0.04625 0.06461538461538462
0 0.6540625 0.5396153846153846 0.090625 0.14384615384615385
0 0.6559375000000001 0.7007692307692308 0.060625 0.08153846153846153
0 0.47781250000000003 0.17692307692307693 0.093125 0.08153846153846153
0 0.2965625 0.6715384615384615 0.104375 0.1
0 0.305 0.4257692307692308 0.11875000000000001 0.06230769230769231
0 0.8946875 0.6457692307692308 0.040625 0.05153846153846154
0 0.889375 0.4 0.1 0.13692307692307693
0 0.4875 0.47115384615384615 0.19 0.12230769230769231
0 0.5971875 0.645 0.066875 0.05615384615384615
0 0.4253125 0.3192307692307692 0.028125 0.03230769230769231
0 0.9634375000000001 0.4519230769230769 0.046875 0.10076923076923076
0 0.5759375 0.39576923076923076 0.061875 0.09923076923076923
0 0.8396875 0.5546153846153846 0.080625 0.1276923076923077
0 0.34375 0.35884615384615387 0.01875 0.03923076923076923
0 0.2671875 0.5357692307692308 0.034375 0.03461538461538462
0 0.975 0.8961538461538462 0.02375 0.038461538461538464
0 0.8718750000000001 0.9061538461538462 0.11375 0.13384615384615384
0 0.318125 0.3415384615384615 0.01375 0.010769230769230769
0 0.5240625 0.22692307692307692 0.18812500000000001 0.1753846153846154
0 0.971875 0.5976923076923077 0.03 0.05076923076923077
0 0.5387500000000001 0.7896153846153846 0.0525 0.036153846153846154
