0 0.6062176165803108 0.34235668789808915 0.06217616580310881 0.1008492569002123
0 0.34585492227979275 0.3800424628450106 0.06822107081174439 0.08067940552016985
0 0.6381692573402418 0.2070063694267516 0.1001727115716753 0.12101910828025478
0 0.7167530224525043 0.32961783439490444 0.08635578583765112 0.06900212314225053
0 0.6627806563039723 0.6040339702760085 0.07512953367875648 0.09978768577494691
0 0.5302245250431779 0.3535031847133758 0.04145077720207253 0.05307855626326964
0 0.6303972366148531 0.8009554140127388 0.12780656303972365 0.10934182590233546
0 0.5272020725388601 0.7197452229299363 0.1701208981001727 0.18046709129511676
0 0.7487046632124352 0.6061571125265393 0.046632124352331605 0.06581740976645435
0 0.33290155440414504 0.564755838641189 0.09067357512953367 0.14437367303609341
0 0.33117443868739205 0.725583864118896 0.0613126079447323 0.08174097664543524
0 0.5094991364421416 0.20382165605095542 0.09326424870466321 0.08280254777070063
0 0.6895509499136442 0.6979830148619958 0.10449050086355785 0.1008492569002123
0 0.6813471502590673 0.45276008492569003 0.11917098445595854 0.06263269639065817
0 0.0924006908462867 0.6698513800424628 0.04145077720207253 0.05307855626326964
0 0.09844559585492227 0.4251592356687898 0.1001727115716753 0.13694267515923567
0 0.4995682210708117 0.4968152866242038 0.19084628670120898 0.12314225053078556
0 0.38946459412780654 0.6698513800424628 0.06735751295336788 0.05732484076433121
0 0.5617443868739205 0.346072186836518 0.028497409326424868 0.03397027600849257
0 0.024611398963730567 0.47664543524416136 0.047495682210708115 0.10191082802547771
0 0.4110535405872193 0.42144373673036095 0.06217616580310881 0.09978768577494691
0 0.14766839378238342 0.5790870488322718 0.08117443868739205 0.12845010615711253
0 0.6429188255613125 0.38535031847133755 0.019861830742659757 0.040339702760084924
0 0.7189119170984456 0.5621019108280255 0.03540587219343696 0.03503184713375796
0 0.012089810017271156 0.9193205944798302 0.024179620034542312 0.040339702760084924
0 0.114853195164076 0.9294055201698513 0.11398963730569947 0.13481953290870488
0 0.668825561312608 0.36889596602972397 0.01468048359240069 0.01167728237791932
0 0.46329879101899824 0.2537154989384289 0.18911917098445594 0.1762208067940552
0 0.015544041450777202 0.6215498938428875 0.031088082901554404 0.05201698513800425
0 0.4473229706390328 0.814755838641189 0.0535405872193437 0.037154989384288746
