0 0.3934375 0.6580769230769231 0.060625 0.10076923076923076
0 0.6546875 0.6192307692307693 0.066875 0.07846153846153846
0 0.3621875 0.7942307692307692 0.099375 0.12076923076923077
0 0.283125 0.6707692307692308 0.08625000000000001 0.06769230769230769
0 0.3359375 0.39576923076923076 0.074375 0.09923076923076923
0 0.46968750000000004 0.6469230769230769 0.040625 0.052307692307692305
0 0.368125 0.19807692307692307 0.12625 0.10846153846153846
0 0.4715625 0.2796153846153846 0.169375 0.18076923076923077
0 0.250625 0.3934615384615385 0.04625 0.06384615384615384
0 0.666875 0.4338461538461538 0.09125 0.14461538461538462
0 0.6687500000000001 0.2726923076923077 0.06125 0.0823076923076923
0 0.4903125 0.7965384615384615 0.093125 0.08076923076923077
0 0.3090625 0.3019230769230769 0.104375 0.09923076923076923
0 0.3178125 0.5473076923076923 0.11812500000000001 0.06230769230769231
0 0.9078125 0.3273076923076923 0.040625 0.05153846153846154
0 0.9025 0.5738461538461539 0.1 0.13692307692307693
0 0.5003125 0.5019230769230769 0.19062500000000002 0.12230769230769231
0 0.6103125 0.32846153846153847 0.066875 0.05692307692307692
0 0.4378125 0.6542307692307693 0.028125 0.03307692307692308
0 0.9765625 0.5219230769230769 0.046875 0.10076923076923076
0 0.58875 0.578076923076923 0.0625 0.09923076923076923
0 0.8525 0.41884615384615387 0.08 0.12846153846153846
0 0.3565625 0.615 0.018125 0.03923076923076923
0 0.2803125 0.4373076923076923 0.034375 0.03461538461538462
0 0.988125 0.07730769230769231 0.02375 0.03769230769230769
0 0.8846875000000001 0.0673076923076923 0.113125 0.13307692307692306
0 0.330625 0.6319230769230769 0.01375 0.01
0 0.536875 0.7461538461538462 0.1875 0.1753846153846154
0 0.985 0.37576923076923074 0.03 0.05153846153846154
0 0.5515625000000001 0.18423076923076923 0.053125 0.036153846153846154
