0 0.5975409836065574 0.34409136047666333 0.060655737704918035 0.09632571996027806
0 0.34590163934426227 0.39374379344587884 0.06557377049180328 0.07646474677259185
0 0.6237704918032787 0.21300893743793445 0.09672131147540984 0.11618669314796425
0 0.7045081967213115 0.32671300893743793 0.08442622950819673 0.06554121151936444
0 0.6610655737704918 0.5918570009930486 0.07295081967213114 0.09533267130089373
0 0.5241803278688525 0.3584905660377358 0.04016393442622951 0.05163853028798411
0 0.6364754098360655 0.7815292949354519 0.12377049180327869 0.10526315789473684
0 0.534016393442623 0.7080436941410129 0.16475409836065574 0.1727904667328699
0 0.7446721311475409 0.5893743793445879 0.045081967213114756 0.06256206554121152
0 0.3401639344262295 0.570506454816286 0.08852459016393442 0.13803376365441905
0 0.3434426229508197 0.724428997020854 0.05901639344262295 0.07845084409136048
0 0.49959016393442623 0.2169811320754717 0.09098360655737706 0.07845084409136048
0 0.6901639344262295 0.67974180734856 0.10163934426229508 0.09632571996027806
0 0.6741803278688525 0.44538232373386294 0.11557377049180328 0.0605759682224429
0 0.11024590163934427 0.6832174776564052 0.04016393442622951 0.04965243296921549
0 0.10778688524590165 0.448857994041708 0.09754098360655737 0.13108242303872888
0 0.49918032786885247 0.4975173783515392 0.18524590163934426 0.11717974180734855
0 0.3983606557377049 0.6683217477656405 0.06557377049180328 0.05362462760675273
0 0.5545081967213115 0.34955312810327704 0.028688524590163935 0.031777557100297914
0 0.03770491803278689 0.5014895729890765 0.04590163934426229 0.09731876861966236
0 0.41147540983606556 0.4299900695134061 0.060655737704918035 0.09533267130089373
0 0.16065573770491803 0.5933465739821251 0.07868852459016393 0.1221449851042701
0 0.6348360655737705 0.38381330685203574 0.018852459016393444 0.03872889771598808
0 0.714344262295082 0.5486593843098312 0.03360655737704918 0.03475670307845084
0 0.04057377049180328 0.9255213505461768 0.023770491803278688 0.03773584905660377
0 0.14057377049180328 0.9299900695134061 0.11065573770491803 0.12810327706057598
0 0.659016393442623 0.3659384309831182 0.014754098360655738 0.010923535253227408
0 0.45614754098360655 0.26663356504468716 0.18278688524590164 0.16782522343594836
0 0.03442622950819672 0.6405163853028798 0.029508196721311476 0.04965243296921549
0 0.4594262295081967 0.8033763654419066 0.051639344262295085 0.03574975173783515
