0 0.6067073170731707 0.7014585232452142 0.057926829268292686 0.09206927985414767
0 0.3628048780487805 0.6440291704649043 0.06402439024390244 0.07383773928896992
0 0.6288109756097561 0.8286235186873291 0.09451219512195122 0.11121239744758432
0 0.7103658536585367 0.7224247948951686 0.08231707317073171 0.06289881494986327
0 0.6756859756097561 0.4658158614402917 0.07088414634146342 0.09115770282588878
0 0.5354420731707318 0.6845943482224248 0.038871951219512195 0.049225159525979945
0 0.6570121951219512 0.28258887876025524 0.12042682926829269 0.10027347310847766
0 0.5544969512195123 0.3482224247948952 0.16082317073170732 0.1659070191431176
0 0.756859756097561 0.47128532360984504 0.044207317073170736 0.0601640838650866
0 0.3616615853658537 0.47310847766636277 0.08612804878048781 0.13309024612579762
0 0.3696646341463415 0.3258887876025524 0.057926829268292686 0.07566089334548769
0 0.5072408536585366 0.8199635369188696 0.08917682926829269 0.07566089334548769
0 0.7065548780487805 0.38240656335460343 0.09908536585365854 0.09206927985414767
0 0.6844512195121951 0.6071103008204193 0.11280487804878049 0.05834092980856882
0 0.14138719512195122 0.35597082953509573 0.038871951219512195 0.04831358249772106
0 0.13224085365853658 0.581130355515041 0.09527439024390244 0.1267092069279854
0 0.5152439024390244 0.5496809480401094 0.1798780487804878 0.11303555150410209
0 0.4214939024390244 0.38149498632634454 0.06402439024390244 0.05195989061075661
0 0.5647865853658537 0.694165907019143 0.027439024390243903 0.0300820419325433
0 0.06516768292682927 0.5278030993618961 0.04496951219512195 0.09298085688240657
0 0.42721036585365857 0.6112123974475843 0.058689024390243906 0.09206927985414767
0 0.18788109756097562 0.4439380127620784 0.07698170731707317 0.11850501367365542
0 0.6440548780487805 0.6649954421148587 0.01829268292682927 0.037374658158614404
0 0.7263719512195123 0.5095715587967183 0.03353658536585366 0.032816773017319965
0 0.08003048780487805 0.11987237921604375 0.022865853658536585 0.03555150410209663
0 0.17759146341463417 0.11941659070191431 0.10823170731707317 0.12397447584320875
0 0.6669207317073171 0.682771194165907 0.013719512195121951 0.010938924339106655
0 0.46646341463414637 0.7707383773928896 0.17835365853658539 0.16134913400182316
0 0.06554878048780488 0.39288969917958066 0.028963414634146343 0.04740200546946217
0 0.48475609756097565 0.2538742023701003 0.05030487804878049 0.03372835004557885
