0 0.67375 0.3130769230769231 0.06125 0.1
0 0.41250000000000003 0.35192307692307695 0.0675 0.07923076923076923
0 0.7053125 0.1773076923076923 0.099375 0.12076923076923077
0 0.784375 0.3 0.08625000000000001 0.06769230769230769
0 0.7309375 0.5757692307692308 0.074375 0.09923076923076923
0 0.5975 0.32461538461538464 0.04 0.052307692307692305
0 0.6990625 0.7730769230769231 0.12687500000000002 0.10923076923076923
0 0.5953125 0.6915384615384615 0.169375 0.18
0 0.816875 0.5776923076923077 0.04625 0.06461538461538462
0 0.4003125 0.5373076923076923 0.090625 0.14384615384615385
0 0.3984375 0.6984615384615385 0.060625 0.08153846153846153
0 0.5765625 0.17461538461538462 0.093125 0.08153846153846153
0 0.7578125 0.6692307692307692 0.104375 0.1
0 0.749375 0.42346153846153844 0.11875000000000001 0.06230769230769231
0 0.1596875 0.6434615384615384 0.040625 0.05153846153846154
0 0.165 0.3976923076923077 0.1 0.13692307692307693
0 0.566875 0.46884615384615386 0.19 0.12230769230769231
0 0.4571875 0.6426923076923077 0.066875 0.05615384615384615
0 0.6290625 0.3169230769230769 0.028125 0.03230769230769231
0 0.0909375 0.44961538461538464 0.046875 0.10076923076923076
0 0.4784375 0.3934615384615385 0.061875 0.09923076923076923
0 0.2146875 0.5523076923076923 0.080625 0.1276923076923077
0 0.7106250000000001 0.3565384615384615 0.01875 0.03923076923076923
0 0.7871875 0.5334615384615384 0.034375 0.03461538461538462
0 0.079375 0.8938461538461538 0.02375 0.038461538461538464
0 0.1825 0.9038461538461539 0.11375 0.13384615384615384
0 0.73625 0.3392307692307692 0.01375 0.010769230769230769
0 0.5303125 0.2246153846153846 0.18812500000000001 0.1753846153846154
0 0.0825 0.5953846153846154 0.03 0.05076923076923077
0 0.515625 0.7873076923076923 0.0525 0.036153846153846154
