0 0.6022258862324814 0.657258064516129 0.06183017312448475 0.09879032258064516
0 0.3454245671887881 0.6139112903225806 0.06760098928276999 0.07862903225806452
0 0.631492168178071 0.7913306451612903 0.0989282769991756 0.1189516129032258
0 0.7114591920857378 0.672883064516129 0.08573784006595218 0.06754032258064516
0 0.6619950535861501 0.4012096774193548 0.0741962077493817 0.09879032258064516
0 0.5272052761747733 0.6446572580645161 0.0403957131079967 0.05141129032258064
0 0.6335531739488871 0.20715725806451613 0.1261335531739489 0.10786290322580645
0 0.5300906842539159 0.2852822580645161 0.16817807089859851 0.1774193548387097
0 0.7469084913437758 0.4012096774193548 0.046166529266281946 0.06451612903225806
0 0.3359439406430338 0.4324596774193548 0.0898598516075845 0.1411290322580645
0 0.3359439406430338 0.27419354838709675 0.060181368507831824 0.08064516129032258
0 0.5045342126957956 0.7913306451612903 0.09233305853256389 0.08064516129032258
0 0.6900247320692499 0.31048387096774194 0.10387469084913438 0.09879032258064516
0 0.6780708985985161 0.5509072580645161 0.11788953009068426 0.06149193548387097
0 0.09975267930750206 0.3235887096774194 0.041220115416323165 0.05241935483870967
0 0.10181368507831823 0.564516129032258 0.09975267930750206 0.1350806451612903
0 0.49876339653751034 0.5030241935483871 0.18796372629843364 0.12096774193548387
0 0.3928276999175598 0.33014112903225806 0.06677658697444352 0.055443548387096774
0 0.5585325638911789 0.6527217741935484 0.028854080791426217 0.03326612903225806
0 0.02926628194558945 0.5120967741935484 0.04699093157460841 0.09879032258064516
0 0.41096455070074195 0.5751008064516129 0.06183017312448475 0.09778225806451613
0 0.15292662819455896 0.41381048387096775 0.07996702390766694 0.12600806451612903
0 0.6393239901071723 0.6154233870967741 0.018961253091508656 0.03931451612903226
0 0.717230008244023 0.4440524193548387 0.03462489694971146 0.035282258064516125
0 0.023907666941467436 0.07661290322580645 0.0247320692497939 0.038306451612903226
0 0.12572135201978565 0.0690524193548387 0.11294311624072548 0.13205645161290322
0 0.6644682605111294 0.6330645161290323 0.01483924154987634 0.012096774193548387
0 0.4600164880461665 0.7414314516129032 0.1863149216817807 0.1723790322580645
0 0.023083264633140973 0.3689516129032258 0.02967848309975268 0.05040322580645161
0 0.4525968672712284 0.18951612903225806 0.05276174773289365 0.03629032258064516
