0 0.3649093904448105 0.6760280842527583 0.060955518945634266 0.09829488465396188
0 0.6198517298187809 0.629889669007021 0.06672158154859967 0.07823470411233702
0 0.3373146622734761 0.8084252758274825 0.09802306425041186 0.11835506519558676
0 0.257001647446458 0.6920762286860582 0.085667215815486 0.06619859578736209
0 0.3035420098846788 0.4237713139418255 0.07331136738056013 0.09729187562688064
0 0.43945634266886324 0.6624874623871615 0.04036243822075783 0.05115346038114343
0 0.33031301482701814 0.2316950852557673 0.12520593080724876 0.10631895687061184
0 0.4341021416803954 0.3074222668004012 0.16639209225700166 0.17552657973921765
0 0.21911037891268534 0.4242728184553661 0.04612850082372323 0.0641925777331996
0 0.6280889621087314 0.45035105315947843 0.08978583196046129 0.14042126379137412
0 0.6264415156507414 0.29438314944834504 0.06013179571663921 0.07923771313941826
0 0.46293245469522243 0.8069207622868606 0.09225700164744646 0.07923771313941826
0 0.2755354200988468 0.3340020060180542 0.10296540362438221 0.09829488465396188
0 0.28912685337726524 0.5712136409227683 0.11696869851729819 0.06118355065195587
0 0.8612026359143328 0.34002006018054165 0.04036243822075783 0.05015045135406219
0 0.8607907742998353 0.578234704112337 0.09884678747940692 0.1334002006018054
0 0.46622734761120266 0.5220661985957874 0.18616144975288304 0.119358074222668
0 0.5700164744645799 0.35005015045135407 0.06589785831960461 0.05616850551654965
0 0.4085667215815486 0.6710130391173521 0.02800658978583196 0.0320962888665998
0 0.9324546952224053 0.5255767301905717 0.04612850082372323 0.09829488465396188
0 0.5543657331136738 0.5922768304914744 0.060955518945634266 0.09729187562688064
0 0.8093080724876441 0.42978936810431295 0.0799011532125206 0.12537612838515547
0 0.32825370675453047 0.6354062186559679 0.018945634266886325 0.03911735205616851
0 0.24958813838550248 0.4663991975927783 0.03459637561779242 0.034102306920762285
0 0.934514003294893 0.09528585757271815 0.023887973640856673 0.03811434302908726
0 0.8331960461285008 0.08826479438314945 0.1128500823723229 0.13039117352056168
0 0.3035420098846788 0.652457372116349 0.01400329489291598 0.011033099297893681
0 0.5074135090609555 0.757271815446339 0.18451400329489293 0.17051153460381144
0 0.9373970345963756 0.38415245737211634 0.029654036243822075 0.05015045135406219
0 0.5094728171334432 0.21163490471414242 0.051894563426688634 0.03610832497492478
