0 0.607051826677995 0.34953464322647365 0.06032285471537808 0.09720785935884178
0 0.35046728971962615 0.37900723888314375 0.06711979609175871 0.07755946225439504
0 0.6406117247238743 0.21923474663908998 0.09855564995751911 0.11789038262668046
0 0.7153780798640612 0.34022750775594623 0.08496176720475786 0.06618407445708377
0 0.6576040781648258 0.6054808686659773 0.07306711979609176 0.09617373319544985
0 0.532285471537808 0.35780765253360913 0.03993203058623619 0.0517063081695967
0 0.6223449447748514 0.7957600827300931 0.12489379779099405 0.10651499482936919
0 0.5225148683092609 0.7135470527404344 0.16652506372132542 0.17580144777662876
0 0.7417162276975361 0.610134436401241 0.045879354290569246 0.0641158221302999
0 0.334749362786746 0.5579110651499484 0.09005947323704333 0.13960703205791108
0 0.3292268479184367 0.7140641158221304 0.06032285471537808 0.07962771458117891
0 0.5148683092608326 0.2125129265770424 0.09175870858113849 0.07962771458117891
0 0.6818181818181819 0.6970010341261634 0.102803738317757 0.09720785935884178
0 0.6788445199660154 0.4586349534643227 0.11724723874256585 0.0610134436401241
0 0.09685641461342397 0.6530506721820063 0.04078164825828377 0.05067218200620476
0 0.1070518266779949 0.4152016546018615 0.09855564995751911 0.13340227507755947
0 0.49915038232795245 0.49689762150982425 0.1860662701784197 0.1189245087900724
0 0.3882752761257434 0.6618407445708376 0.06627017841971113 0.05584281282316443
0 0.5632965165675446 0.3521199586349535 0.02888700084961767 0.03205791106514995
0 0.033559898045879354 0.4632885211995864 0.04672897196261682 0.09927611168562565
0 0.41418861512319455 0.42088934850051707 0.06202209005947324 0.09720785935884178
0 0.15293118096856415 0.5667011375387798 0.07986406117247238 0.12409513960703207
0 0.6423109600679694 0.3929679420889349 0.01869158878504673 0.03929679420889349
0 0.7132540356839422 0.5661840744570839 0.034834324553950725 0.03412616339193382
0 0.013169073916737469 0.8929679420889349 0.02463891248937978 0.038262668045501554
0 0.11384876805437553 0.9058945191313341 0.11214953271028037 0.13029989658738367
0 0.667374681393373 0.3769389865563599 0.014443500424808835 0.011375387797311273
0 0.4685641461342396 0.25904860392967943 0.18436703483432457 0.17063081695966908
0 0.022514868309260833 0.6044467425025853 0.029736618521665252 0.05067218200620476
0 0.44222599830076464 0.8035160289555326 0.051826677994902294 0.035160289555325755
