0 0.5931528662420382 0.6548757170172084 0.0589171974522293 0.09369024856596558
0 0.34673566878980894 0.5999043977055449 0.06449044585987261 0.07361376673040153
0 0.616640127388535 0.782982791586998 0.09474522292993631 0.11281070745697896
0 0.6982484076433121 0.6744741873804971 0.08280254777070065 0.06405353728489484
0 0.660828025477707 0.4149139579349904 0.07165605095541401 0.09369024856596558
0 0.5210987261146497 0.638623326959847 0.03901273885350319 0.049713193116634795
0 0.6397292993630573 0.22992351816443593 0.12181528662420382 0.1022944550669216
0 0.5370222929936306 0.2978011472275334 0.16162420382165607 0.1673040152963671
0 0.7424363057324841 0.4196940726577438 0.045382165605095545 0.06118546845124283
0 0.3443471337579618 0.4268642447418738 0.08678343949044587 0.13479923518164436
0 0.35031847133757965 0.27724665391969405 0.0589171974522293 0.07648183556405354
0 0.4940286624203822 0.7762906309751434 0.08996815286624205 0.07648183556405354
0 0.6906847133757962 0.3298279158699809 0.09952229299363058 0.09369024856596558
0 0.6707802547770702 0.5578393881453154 0.11385350318471338 0.05831739961759082
0 0.12022292993630573 0.31118546845124284 0.039808917197452234 0.04875717017208413
0 0.11345541401273886 0.5391969407265774 0.0963375796178344 0.12810707456978968
0 0.499203821656051 0.5023900573613767 0.18152866242038218 0.11376673040152964
0 0.4032643312101911 0.3331739961759082 0.06449044585987261 0.052581261950286805
0 0.5509554140127388 0.6481835564053537 0.027070063694267517 0.030592734225621414
0 0.04578025477707007 0.48613766730401525 0.045382165605095545 0.09464627151051624
0 0.41122611464968156 0.5659655831739961 0.059713375796178345 0.09369024856596558
0 0.16839171974522293 0.40009560229445507 0.07722929936305734 0.11950286806883365
0 0.6305732484076434 0.6171128107074569 0.019108280254777073 0.0372848948374761
0 0.7117834394904459 0.45841300191204587 0.03343949044585987 0.033460803059273424
0 0.056130573248407645 0.0731357552581262 0.023089171974522295 0.0372848948374761
0 0.15485668789808918 0.07122370936902485 0.10907643312101911 0.12523900573613767
0 0.6540605095541402 0.6347992351816444 0.013535031847133758 0.01147227533460803
0 0.45262738853503187 0.7265774378585086 0.17914012738853505 0.1644359464627151
0 0.0445859872611465 0.34990439770554493 0.028662420382165606 0.04780114722753346
0 0.4657643312101911 0.20363288718929254 0.050955414012738856 0.03441682600382409
