0 0.39151321056845473 0.3607108549471662 0.059247397918334666 0.09317963496637847
0 0.6417133706965572 0.37752161383285304 0.06485188150520416 0.07492795389048991
0 0.35508406725380304 0.2377521613832853 0.09527622097678141 0.11239193083573487
0 0.2862289831865492 0.3573487031700288 0.08246597277822257 0.06340057636887608
0 0.35028022417934346 0.6080691642651297 0.07125700560448359 0.09221902017291066
0 0.46437149719775817 0.3659942363112392 0.03843074459567654 0.049951969260326606
0 0.3907125700560448 0.7886647454370798 0.12169735788630903 0.10182516810758885
0 0.4851881505204163 0.7050912584053795 0.16172938350680544 0.16714697406340057
0 0.2690152121697358 0.6162343900096061 0.04483586869495596 0.06051873198847262
0 0.6621297037630104 0.548030739673391 0.08646917534027221 0.1335254562920269
0 0.6721377101681345 0.6969260326609029 0.05844675740592473 0.07588856868395773
0 0.47678142514011207 0.22574447646493756 0.088871096877502 0.07684918347742555
0 0.3294635708566853 0.6969260326609029 0.10008006405124098 0.09317963496637847
0 0.32506004803843075 0.46829971181556196 0.11369095276220977 0.05859750240153698
0 0.8963170536429143 0.6287223823246878 0.039231385108086464 0.04899135446685879
0 0.8787029623698959 0.4015369836695485 0.09527622097678141 0.12680115273775217
0 0.5008006405124099 0.49711815561959655 0.18174539631705364 0.1143131604226705
0 0.6136909527622098 0.6498559077809798 0.06485188150520416 0.052833813640730067
0 0.4339471577261809 0.3611911623439001 0.02722177742193755 0.03073967339097022
0 0.9515612489991992 0.4438040345821326 0.04563650920736589 0.09414024975984629
0 0.5808646917534027 0.4207492795389049 0.06004803843074459 0.09221902017291066
0 0.8394715772618094 0.5485110470701249 0.077662129703763 0.11911623439000961
0 0.35908726981585265 0.40393852065321806 0.01841473178542834 0.037463976945244955
0 0.2950360288230584 0.5734870317002881 0.03282626100880704 0.03266090297790586
0 0.9847878302642114 0.8539865513928915 0.024019215372297835 0.03650336215177714
0 0.8875100080064051 0.8712776176753122 0.10808646917534026 0.12487992315081652
0 0.333466773418735 0.38952929875120074 0.013610888710968775 0.010566762728146013
0 0.5236188951160928 0.2680115273775216 0.17934347477982385 0.1633045148895293
0 0.9667734187349879 0.5782901056676273 0.029623698959167333 0.04803073967339097
0 0.5656525220176141 0.7877041306436119 0.05044035228182546 0.034582132564841495
