0 0.6129310344827587 0.3291139240506329 0.06206896551724138 0.09915611814345991
0 0.35387931034482756 0.3633966244725738 0.06810344827586207 0.0791139240506329
0 0.6452586206896551 0.1962025316455696 0.09913793103448276 0.12025316455696201
0 0.7224137931034482 0.31856540084388185 0.08620689655172414 0.06751054852320675
0 0.6668103448275862 0.5886075949367088 0.075 0.09915611814345991
0 0.5375 0.3396624472573839 0.04051724137931034 0.05274261603375527
0 0.6331896551724138 0.7821729957805906 0.1267241379310345 0.10864978902953586
0 0.5314655172413792 0.7009493670886076 0.16810344827586207 0.17827004219409281
0 0.7517241379310344 0.5922995780590716 0.04655172413793103 0.06434599156118143
0 0.3400862068965517 0.545886075949367 0.09051724137931035 0.14240506329113922
0 0.33663793103448275 0.7046413502109704 0.061206896551724135 0.08227848101265822
0 0.5181034482758621 0.19145569620253164 0.09310344827586206 0.08122362869198312
0 0.6926724137931034 0.681434599156118 0.10431034482758621 0.09915611814345991
0 0.6866379310344828 0.43934599156118137 0.11810344827586207 0.06223628691983122
0 0.10086206896551723 0.6471518987341771 0.041379310344827586 0.05168776371308016
0 0.10862068965517241 0.40506329113924044 0.1 0.1350210970464135
0 0.505603448275862 0.48154008438818563 0.18879310344827585 0.12130801687763712
0 0.39482758620689656 0.6503164556962024 0.06724137931034482 0.05590717299578059
0 0.5685344827586207 0.33280590717299574 0.028448275862068967 0.032700421940928266
0 0.034482758620689655 0.455168776371308 0.04655172413793103 0.10021097046413502
0 0.4189655172413793 0.405590717299578 0.06206896551724138 0.0981012658227848
0 0.1560344827586207 0.5580168776371307 0.08103448275862069 0.12658227848101264
0 0.6487068965517241 0.37289029535864976 0.01982758620689655 0.0390295358649789
0 0.7228448275862069 0.5479957805907173 0.0353448275862069 0.03481012658227848
0 0.01853448275862069 0.8918776371308016 0.025 0.0390295358649789
0 0.12068965517241378 0.9034810126582278 0.11379310344827587 0.13185654008438819
0 0.6745689655172413 0.35601265822784806 0.014655172413793103 0.01160337552742616
0 0.47198275862068967 0.23997890295358648 0.18706896551724136 0.1740506329113924
0 0.02456896551724138 0.5981012658227848 0.030172413793103446 0.050632911392405056
0 0.45129310344827583 0.7937763713080168 0.052586206896551725 0.03691983122362869
