0 0.6077097505668935 0.3546617915904936 0.06046863189720333 0.09506398537477148
0 0.35411942554799697 0.3779707495429616 0.06575963718820863 0.07586837294332724
0 0.6424792139077854 0.22760511882998172 0.09674981103552532 0.11517367458866545
0 0.7146636432350718 0.34780621572212067 0.08390022675736962 0.06489945155393052
0 0.653817082388511 0.6069469835466179 0.07256235827664399 0.09506398537477148
0 0.5336356764928194 0.36151736745886653 0.039304610733182165 0.050274223034734916
0 0.6164021164021164 0.7925045703839122 0.12320483749055178 0.10420475319926874
0 0.518896447467876 0.7097806215722121 0.164021164021164 0.17093235831809872
0 0.7369614512471655 0.613345521023766 0.045351473922902494 0.062157221206581355
0 0.335978835978836 0.553473491773309 0.08843537414965986 0.1380255941499086
0 0.3287981859410431 0.706581352833638 0.05895691609977324 0.07861060329067641
0 0.5185185185185185 0.21846435100548445 0.09070294784580499 0.07861060329067641
0 0.6764928193499622 0.696983546617916 0.10128495842781557 0.09597806215722121
0 0.6768707482993197 0.463436928702011 0.11564625850340136 0.0603290676416819
0 0.10015117157974301 0.6421389396709324 0.0400604686318972 0.050274223034734916
0 0.11375661375661376 0.40904936014625226 0.09750566893424037 0.13071297989031078
0 0.499244142101285 0.49725776965265084 0.1836734693877551 0.1170018281535649
0 0.3873771730914588 0.6563071297989032 0.06575963718820863 0.054844606946983544
0 0.5642479213907785 0.3560329067641682 0.027966742252456538 0.031992687385740404
0 0.040438397581254726 0.4547531992687386 0.04610733182161754 0.09597806215722121
0 0.41647770219198793 0.42138939670932357 0.06046863189720333 0.09506398537477148
0 0.1564625850340136 0.5585009140767825 0.07860922146636433 0.12248628884826325
0 0.6421012849584279 0.3976234003656307 0.01889644746787604 0.038391224862888484
0 0.7097505668934241 0.569926873857404 0.03325774754346183 0.033820840950639856
0 0.013983371126228269 0.8752285191956124 0.02343159486016629 0.037477148080438755
0 0.11337868480725624 0.8903107861060329 0.11035525321239607 0.12797074954296161
0 0.6670445956160242 0.3829981718464351 0.01436130007558579 0.010968921389396709
0 0.47203325774754346 0.26371115173674586 0.18216175359032502 0.16727605118829983
0 0.0272108843537415 0.5923217550274223 0.030234315948601664 0.04936014625228519
0 0.4391534391534392 0.796617915904936 0.05139833711262283 0.0356489945155393
