0 0.5923460898502496 0.34546360917248253 0.05823627287853578 0.09272183449651046
0 0.3469217970049917 0.40129611166500495 0.064891846921797 0.07477567298105682
0 0.6148086522462562 0.21784646061814555 0.09484193011647254 0.11266201395812561
0 0.6963394342762064 0.32502492522432697 0.08319467554076539 0.06380857427716849
0 0.6601497504159733 0.5837487537387837 0.07071547420965059 0.09272183449651046
0 0.5207986688851913 0.36191425722831505 0.03826955074875208 0.049850448654037885
0 0.6401830282861897 0.7676969092721834 0.12063227953410982 0.10169491525423728
0 0.5374376039933444 0.7003988035892322 0.16139767054908485 0.16650049850448653
0 0.7416805324459235 0.5787637088733798 0.04409317803660566 0.060817547357926216
0 0.3448419301164726 0.5732801595214356 0.08735440931780367 0.13359920239282153
0 0.35108153078202997 0.7218344965104685 0.05823627287853578 0.07577268195413758
0 0.49292845257903495 0.22482552342971085 0.08901830282861897 0.07676969092721835
0 0.6905158069883528 0.6674975074775672 0.09983361064891848 0.09272183449651046
0 0.6697171381031615 0.4411764705882353 0.11314475873544093 0.0588235294117647
0 0.12229617304492513 0.6894317048853439 0.03993344425956739 0.04885343968095712
0 0.11439267886855242 0.46261216350947154 0.0956738768718802 0.12761714855433698
0 0.49916805324459235 0.4975074775672981 0.18136439267886856 0.11365902293120637
0 0.403910149750416 0.6665004985044864 0.06405990016638935 0.05284147557328016
0 0.5503327787021631 0.35244267198404783 0.02745424292845258 0.030907278165503486
0 0.047004991680532446 0.5159521435692921 0.045757071547420966 0.09471585244267197
0 0.4113976705490849 0.43419740777666993 0.05906821963394343 0.09272183449651046
0 0.1697171381031614 0.6016949152542372 0.07653910149750416 0.11864406779661016
0 0.6293677204658902 0.38235294117647056 0.01913477537437604 0.036889332003988036
0 0.7113144758735441 0.5398803589232303 0.033277870216306155 0.032901296111665
0 0.05906821963394343 0.9267198404785643 0.02329450915141431 0.036889332003988036
0 0.15765391014975041 0.9282153539381853 0.10898502495840266 0.12362911266201394
0 0.6526622296173045 0.3644067796610169 0.014143094841930116 0.010967098703888335
0 0.45174708818635606 0.2746759720837487 0.17970049916805325 0.16251246261216348
0 0.04658901830282862 0.6510468594217348 0.029950083194675542 0.04785643070787637
0 0.4671381031613977 0.7951146560319042 0.05074875207986689 0.03489531405782652
