0 0.3934375 0.34115384615384614 0.060625 0.10076923076923076
0 0.6546875 0.38 0.066875 0.07846153846153846
0 0.3621875 0.205 0.099375 0.12076923076923077
0 0.283125 0.32846153846153847 0.08625000000000001 0.06769230769230769
0 0.3359375 0.6034615384615385 0.074375 0.09923076923076923
0 0.46968750000000004 0.3523076923076923 0.040625 0.052307692307692305
0 0.368125 0.8011538461538461 0.12625 0.10846153846153846
0 0.4715625 0.7196153846153847 0.169375 0.18076923076923077
0 0.250625 0.6057692307692307 0.04625 0.06384615384615384
0 0.666875 0.5653846153846154 0.09125 0.14461538461538462
0 0.6687500000000001 0.7265384615384616 0.06125 0.0823076923076923
0 0.4903125 0.2026923076923077 0.093125 0.08076923076923077
0 0.3090625 0.6973076923076923 0.104375 0.09923076923076923
0 0.3178125 0.4519230769230769 0.11812500000000001 0.06230769230769231
0 0.9078125 0.671923076923077 0.040625 0.05153846153846154
0 0.9025 0.42538461538461536 0.1 0.13692307692307693
0 0.5003125 0.4973076923076923 0.19062500000000002 0.12230769230769231
0 0.6103125 0.6707692307692308 0.066875 0.05692307692307692
0 0.4378125 0.345 0.028125 0.03307692307692308
0 0.9765625 0.4773076923076923 0.046875 0.10076923076923076
0 0.58875 0.42115384615384616 0.0625 0.09923076923076923
0 0.8525 0.5803846153846154 0.08 0.12846153846153846
0 0.3565625 0.3842307692307692 0.018125 0.03923076923076923
0 0.2803125 0.561923076923077 0.034375 0.03461538461538462
0 0.988125 0.921923076923077 0.02375 0.03769230769230769
0 0.8846875000000001 0.931923076923077 0.113125 0.13307692307692306
0 0.330625 0.36730769230769234 0.01375 0.01
0 0.536875 0.2530769230769231 0.1875 0.1753846153846154
0 0.985 0.6234615384615385 0.03 0.05153846153846154
0 0.5515625000000001 0.815 0.053125 0.036153846153846154
