0 0.5973451327433628 0.3438715953307393 0.06033789219629927 0.0963035019455253
0 0.34593724859211583 0.3939688715953307 0.0659694288012872 0.07587548638132297
0 0.6234915526950925 0.2135214007782101 0.09654062751407884 0.11575875486381323
0 0.7035398230088495 0.32636186770428016 0.08447304907481898 0.0651750972762646
0 0.66130329847144 0.5904669260700389 0.07240547063555913 0.09533073929961089
0 0.5241351568785196 0.35894941634241245 0.039420756234915526 0.05058365758754864
0 0.6371681415929203 0.7791828793774319 0.12389380530973451 0.10505836575875487
0 0.5341914722445695 0.7071984435797666 0.164119066773934 0.17120622568093385
0 0.744569589702333 0.5875486381322957 0.045856798069187445 0.0622568093385214
0 0.3407079646017699 0.5705252918287937 0.08769106999195495 0.13715953307392997
0 0.34432823813354785 0.7237354085603113 0.05953338696701528 0.07782101167315175
0 0.49879324215607396 0.2174124513618677 0.09010458567980692 0.07879377431906615
0 0.6906677393403057 0.6780155642023347 0.10217216411906677 0.09533073929961089
0 0.6741753821399838 0.4450389105058366 0.1158487530168946 0.05933852140077821
0 0.11182622687047465 0.6833657587548638 0.04022526146419952 0.049610894941634245
0 0.10860820595333869 0.44990272373540857 0.09814963797264682 0.13132295719844359
0 0.49919549477071595 0.4970817120622568 0.18423169750603377 0.11673151750972763
0 0.39943684633950116 0.6678015564202334 0.06516492357200321 0.05350194552529183
0 0.5543041029766693 0.34970817120622566 0.02735317779565567 0.032101167315175094
0 0.03901850362027353 0.5029182879377432 0.045856798069187445 0.09727626459143969
0 0.41150442477876104 0.42996108949416345 0.06033789219629927 0.09533073929961089
0 0.16170555108608206 0.5943579766536965 0.07884151246983105 0.12256809338521402
0 0.6343523732904264 0.3832684824902724 0.018503620273531775 0.038910505836575876
0 0.7144006436041834 0.5471789883268483 0.03378921962992759 0.034046692607003895
0 0.042638777152051485 0.9250972762645915 0.02413515687851971 0.03696498054474708
0 0.1423974255832663 0.9294747081712063 0.11102172164119066 0.12743190661478598
0 0.658487530168946 0.36575875486381326 0.013676588897827835 0.011673151750972763
0 0.4557522123893805 0.26750972762645914 0.1826226870474658 0.16731517509727628
0 0.03580048270313757 0.6415369649805448 0.02976669348350764 0.049610894941634245
0 0.46017699115044247 0.8020428015564203 0.05148833467417538 0.03599221789883268
