0 0.3969435736677116 0.6729500471253534 0.058777429467084634 0.0942507068803016
0 0.6445924764890282 0.6192271442035815 0.06504702194357366 0.07540056550424128
0 0.3730407523510972 0.8016022620169652 0.09561128526645768 0.11404335532516494
0 0.29231974921630094 0.6927426955702167 0.08307210031347963 0.0640904806786051
0 0.33072100313479624 0.43166823751178135 0.07210031347962383 0.0942507068803016
0 0.46943573667711597 0.6573986804901036 0.03918495297805642 0.04995287464655985
0 0.35227272727272724 0.24552309142318568 0.12147335423197492 0.10273327049952874
0 0.4549373040752351 0.31432610744580586 0.1622257053291536 0.16870876531573986
0 0.24843260188087773 0.4359095193213949 0.045454545454545456 0.06126295947219604
0 0.6481191222570533 0.44533459000942505 0.0877742946708464 0.1347785108388313
0 0.6422413793103448 0.295004712535344 0.058777429467084634 0.07728557964184732
0 0.49608150470219436 0.7954759660697455 0.08934169278996865 0.07728557964184732
0 0.30094043887147337 0.3459000942507069 0.10031347962382445 0.0942507068803016
0 0.31974921630094044 0.5749293119698398 0.11442006269592477 0.05843543826578699
0 0.8730407523510971 0.3298774740810556 0.03918495297805642 0.049010367577756835
0 0.8789184952978056 0.5598491988689915 0.0963949843260188 0.1281809613572102
0 0.4921630094043887 0.5202639019792649 0.18181818181818182 0.11498586239396795
0 0.5889498432601881 0.3510838831291235 0.06504702194357366 0.05372290292177191
0 0.4396551724137931 0.6663524976437323 0.028213166144200625 0.030160226201696512
0 0.9474921630094043 0.5065975494816211 0.045454545454545456 0.09519321394910461
0 0.5799373040752351 0.5848256361922715 0.05956112852664577 0.09330819981149858
0 0.8248432601880877 0.4189443920829406 0.07758620689655173 0.11969839773798303
0 0.35971786833855796 0.6347785108388313 0.018808777429467086 0.036757775683317624
0 0.27860501567398116 0.47455230914231855 0.03369905956112852 0.03298774740810556
0 0.9380877742946708 0.09095193213949104 0.023510971786833854 0.036757775683317624
0 0.8393416927899686 0.08906691800188501 0.10971786833855798 0.12535344015080113
0 0.33620689655172414 0.6526861451460886 0.014106583072100312 0.010367577756833175
0 0.5380094043887147 0.7459943449575872 0.1810344827586207 0.1649387370405278
0 0.9490595611285266 0.36993402450518376 0.029780564263322883 0.048067860508953814
0 0.5266457680250783 0.22007540056550423 0.050156739811912224 0.03487276154571159
