0 0.2957271364317841 0.32187499999999997 0.07571214392803598 0.054464285714285715
0 0.37256371814092953 0.22366071428571427 0.08095952023988005 0.10267857142857142
0 0.393928035982009 0.34330357142857143 0.05622188905547226 0.08482142857142858
0 0.6304347826086957 0.403125 0.06296851574212893 0.07053571428571428
0 0.4553973013493253 0.48482142857142857 0.11619190404797601 0.10178571428571428
0 0.4625187406296851 0.3607142857142857 0.035982008995502246 0.04642857142857143
0 0.6221889055472264 0.5633928571428571 0.07196401799100449 0.1357142857142857
0 0.9182908545727136 0.9058035714285714 0.047976011994003 0.054464285714285715
0 0.32946026986506743 0.5691964285714286 0.06671664167916042 0.08660714285714285
0 0.3204647676161919 0.43705357142857143 0.11169415292353822 0.05089285714285714
0 0.34632683658170915 0.7464285714285714 0.11244377811094453 0.09999999999999999
0 0.30134932533733133 0.6477678571428571 0.0914542728635682 0.08125
0 0.8013493253373313 0.6151785714285715 0.07346326836581708 0.1392857142857143
0 0.4415292353823088 0.6848214285714286 0.14692653673163417 0.15357142857142855
0 0.5558470764617691 0.47276785714285713 0.07421289355322339 0.16339285714285715
0 0.8530734632683658 0.4674107142857143 0.10194902548725637 0.12053571428571429
0 0.7664917541229385 0.9147321428571429 0.05622188905547226 0.05625
0 0.6176911544227885 0.7169642857142857 0.05847076461769115 0.08928571428571429
0 0.49662668665667165 0.2375 0.08620689655172413 0.05892857142857143
0 0.9261619190404797 0.5169642857142857 0.060719640179910044 0.0875
0 0.7852323838080959 0.7098214285714286 0.05322338830584707 0.0375
0 0.5625937031484257 0.6553571428571429 0.05172413793103448 0.05178571428571428
0 0.33883058470764615 0.3620535714285714 0.013493253373313342 0.009821428571428571
0 0.8125937031484257 0.9080357142857143 0.08695652173913043 0.11071428571428571
0 0.5416041979010494 0.3294642857142857 0.13418290854572712 0.11071428571428571
0 0.2709895052473763 0.5325892857142857 0.06371814092953523 0.15803571428571428
