0 0.23093750000000002 0.31076923076923074 0.080625 0.06
0 0.305 0.19423076923076923 0.08625000000000001 0.11307692307692307
0 0.336875 0.32346153846153847 0.058750000000000004 0.09307692307692307
0 0.5928125 0.36230769230769233 0.066875 0.07692307692307693
0 0.4128125 0.47192307692307695 0.123125 0.11153846153846154
0 0.41125 0.3346153846153846 0.0375 0.05076923076923077
0 0.5962500000000001 0.5392307692307692 0.07625 0.14923076923076922
0 0.936875 0.8819230769230769 0.05 0.05923076923076923
0 0.285625 0.578076923076923 0.07 0.09461538461538462
0 0.2659375 0.4346153846153846 0.11812500000000001 0.055384615384615386
0 0.3171875 0.7711538461538462 0.11937500000000001 0.11
0 0.26156250000000003 0.6676923076923077 0.096875 0.08923076923076922
0 0.7903125 0.5757692307692308 0.078125 0.15307692307692308
0 0.4134375 0.693076923076923 0.15687500000000001 0.16923076923076924
0 0.51875 0.4473076923076923 0.07875 0.17923076923076922
0 0.8340625 0.4076923076923077 0.108125 0.13230769230769232
0 0.77625 0.9088461538461539 0.058750000000000004 0.06076923076923077
0 0.6034375 0.7088461538461538 0.061875 0.09769230769230769
0 0.4378125 0.19538461538461538 0.091875 0.06461538461538462
0 0.915625 0.4542307692307692 0.06375 0.09615384615384616
0 0.780625 0.681923076923077 0.05625 0.040769230769230766
0 0.54 0.6469230769230769 0.055 0.05692307692307692
0 0.27968750000000003 0.35 0.013125 0.00923076923076923
0 0.8250000000000001 0.8961538461538462 0.0925 0.12153846153846154
0 0.4925 0.29115384615384615 0.14250000000000002 0.12076923076923077
0 0.22062500000000002 0.5446153846153846 0.0675 0.17384615384615384
