0 0.7309375 0.3269230769230769 0.080625 0.06
0 0.65625 0.21076923076923076 0.08625000000000001 0.1123076923076923
0 0.6246875000000001 0.34 0.059375000000000004 0.09230769230769231
0 0.36875 0.37884615384615383 0.0675 0.07615384615384616
0 0.5490625 0.48846153846153845 0.123125 0.1123076923076923
0 0.5503125 0.35115384615384615 0.036875 0.05153846153846154
0 0.3653125 0.5561538461538461 0.076875 0.14923076923076922
0 0.025 0.8984615384615384 0.05 0.06
0 0.67625 0.5946153846153847 0.07 0.09538461538461539
0 0.6953125 0.4511538461538461 0.11812500000000001 0.054615384615384614
0 0.644375 0.7880769230769231 0.12 0.11
0 0.7000000000000001 0.6838461538461539 0.09625 0.08923076923076922
0 0.1709375 0.5923076923076923 0.078125 0.1523076923076923
0 0.5478125 0.71 0.15687500000000001 0.16923076923076924
0 0.4428125 0.46384615384615385 0.078125 0.18
0 0.1275 0.42423076923076924 0.10875 0.13307692307692306
0 0.185625 0.9253846153846154 0.058750000000000004 0.06153846153846154
0 0.358125 0.7257692307692307 0.0625 0.09769230769230769
0 0.52375 0.2123076923076923 0.09125 0.06461538461538462
0 0.04625 0.47115384615384615 0.06375 0.09615384615384616
0 0.1809375 0.6988461538461539 0.055625 0.040769230769230766
0 0.4215625 0.6638461538461539 0.055625 0.05692307692307692
0 0.6821875000000001 0.36653846153846154 0.013125 0.008461538461538461
0 0.136875 0.9123076923076923 0.0925 0.12153846153846154
0 0.46875 0.3080769230769231 0.14250000000000002 0.12076923076923077
0 0.740625 0.5615384615384615 0.0675 0.17384615384615384
