0 0.2731023102310231 0.3654223968565815 0.07590759075907591 0.05500982318271119
0 0.334983498349835 0.2529469548133595 0.08085808580858087 0.10314341846758349
0 0.37293729372937295 0.36689587426326126 0.056105610561056105 0.08546168958742632
0 0.6150990099009901 0.3781925343811395 0.06353135313531354 0.07072691552062868
0 0.4537953795379538 0.4941060903732809 0.11551155115511551 0.10216110019646364
0 0.4434818481848185 0.3703339882121807 0.03547854785478548 0.04715127701375245
0 0.6295379537953796 0.537328094302554 0.07260726072607261 0.1355599214145383
0 0.9702970297029703 0.8153241650294695 0.04785478547854786 0.05500982318271119
0 0.3415841584158416 0.6021611001964636 0.066006600660066 0.08644400785854617
0 0.3139438943894389 0.47445972495088407 0.11138613861386139 0.05108055009823182
0 0.38366336633663367 0.7740667976424361 0.11221122112211221 0.10019646365422397
0 0.3246699669966997 0.6851669941060903 0.09158415841584158 0.08153241650294694
0 0.8131188118811882 0.5520628683693516 0.07343234323432343 0.13948919449901767
0 0.4682343234323432 0.6940078585461689 0.1476897689768977 0.1542239685658153
0 0.5511551155115512 0.4616895874263261 0.07425742574257425 0.1630648330058939
0 0.8432343234323433 0.39636542239685657 0.10231023102310231 0.12082514734774066
0 0.8217821782178218 0.8551080550098231 0.056105610561056105 0.05599214145383104
0 0.6472772277227723 0.6900785854616895 0.05858085808580858 0.08939096267190569
0 0.4591584158415842 0.24165029469548133 0.08663366336633664 0.058939096267190565
0 0.9228547854785478 0.43074656188605104 0.06023102310231023 0.087426326129666
0 0.8110561056105611 0.6493123772102161 0.052805280528052806 0.03732809430255402
0 0.5837458745874587 0.6404715127701375 0.05198019801980198 0.05304518664047151
0 0.320957095709571 0.39636542239685657 0.013201320132013201 0.008840864440078585
0 0.8663366336633663 0.8384086444007858 0.08745874587458746 0.11100196463654223
0 0.516914191419142 0.3231827111984283 0.13448844884488448 0.11001964636542239
0 0.27887788778877887 0.5780943025540275 0.06435643564356436 0.15815324165029468
