0 0.27101335428122547 0.34681255946717415 0.07855459544383347 0.058039961941008564
0 0.3389630793401414 0.23215984776403426 0.08405341712490182 0.10846812559467174
0 0.37391987431264734 0.35394862036156044 0.05813040062843677 0.08943862987630828
0 0.6229379418695994 0.37868696479543296 0.06598586017282011 0.07421503330161751
0 0.45208169677926163 0.49143672692673646 0.12018853102906521 0.10751665080875357
0 0.4465828750981933 0.36060894386298764 0.03692065985860173 0.049476688867745006
0 0.6319717203456403 0.5470980019029495 0.0746268656716418 0.142721217887726
0 0.9725058915946584 0.857278782112274 0.04870384917517675 0.05708848715509039
0 0.33267871170463476 0.5984776403425309 0.06834249803613512 0.09134157944814462
0 0.3091123330714847 0.46289248334919125 0.1154752553024352 0.05423406279733587
0 0.3692065985860173 0.7816365366317793 0.11626080125687353 0.10561370123691723
0 0.3118617439120189 0.6850618458610848 0.09426551453260017 0.0856327307326356
0 0.8212882953652789 0.5727878211227403 0.07619795758051846 0.14652711703139867
0 0.45993715632364496 0.7021883920076119 0.15318146111547526 0.16175071360608945
0 0.553809897879026 0.46336822074215034 0.0769835035349568 0.1712654614652712
0 0.8578161822466615 0.41056137012369176 0.10526315789473685 0.12654614652711704
0 0.8181461115475256 0.8905803996194102 0.057344854673998434 0.05899143672692674
0 0.6445404556166536 0.7083729781160799 0.06048703849175177 0.09419600380589915
0 0.46779261586802834 0.2269267364414843 0.09033778476040849 0.06184586108468126
0 0.9383346425765908 0.4509990485252141 0.06205813040062844 0.09324452901998097
0 0.8150039277297723 0.6745956232159848 0.05577376276512176 0.039961941008563276
0 0.5809112333071486 0.6527117031398668 0.0542026708562451 0.05518553758325405
0 0.3193244304791831 0.38154138915318747 0.01335428122545169 0.009514747859181731
0 0.8644933228593873 0.8763082778306375 0.09033778476040849 0.11607992388201713
0 0.5239591516103692 0.3158896289248335 0.1382560879811469 0.11607992388201713
0 0.26865671641791045 0.5704091341579448 0.06598586017282011 0.1665080875356803
