0 0.7521875 0.29538461538461536 0.080625 0.06
0 0.678125 0.17884615384615385 0.08625000000000001 0.11307692307692307
0 0.64625 0.3080769230769231 0.058750000000000004 0.09307692307692307
0 0.3903125 0.34692307692307695 0.066875 0.07692307692307693
0 0.5703125 0.45653846153846156 0.123125 0.11153846153846154
0 0.571875 0.3192307692307692 0.0375 0.05076923076923077
0 0.386875 0.5238461538461539 0.07625 0.14923076923076922
0 0.04625 0.8665384615384616 0.05 0.05923076923076923
0 0.6975 0.5626923076923077 0.07 0.09461538461538462
0 0.7171875 0.41923076923076924 0.11812500000000001 0.055384615384615386
0 0.6659375 0.7557692307692307 0.11937500000000001 0.11
0 0.7215625 0.6523076923076923 0.096875 0.08923076923076922
0 0.1928125 0.5603846153846154 0.078125 0.15307692307692308
0 0.5696875 0.6776923076923077 0.15687500000000001 0.16923076923076924
0 0.464375 0.4319230769230769 0.07875 0.17923076923076922
0 0.14906250000000001 0.3923076923076923 0.108125 0.13230769230769232
0 0.206875 0.8934615384615384 0.058750000000000004 0.06076923076923077
0 0.3796875 0.6934615384615385 0.061875 0.09769230769230769
0 0.5453125 0.18 0.091875 0.06461538461538462
0 0.0675 0.43884615384615383 0.06375 0.09615384615384616
0 0.2025 0.6665384615384615 0.05625 0.040769230769230766
0 0.443125 0.6315384615384615 0.055 0.05692307692307692
0 0.7034375 0.3346153846153846 0.013125 0.00923076923076923
0 0.15812500000000002 0.8807692307692307 0.0925 0.12153846153846154
0 0.49 0.2765384615384615 0.14250000000000002 0.12076923076923077
0 0.761875 0.53 0.0675 0.17384615384615384
