0 0.2398477157360406 0.7203302373581011 0.08037225042301184 0.059855521155830746
0 0.3142978003384095 0.8323013415892673 0.08544839255499154 0.11042311661506707
0 0.34390862944162437 0.7053663570691434 0.05837563451776649 0.09184726522187822
0 0.594331641285956 0.6615067079463364 0.06683587140439932 0.07636738906088751
0 0.416243654822335 0.5593395252837977 0.12182741116751268 0.10939112487100103
0 0.41666666666666663 0.6929824561403508 0.03807106598984771 0.05056759545923632
0 0.5951776649746192 0.4891640866873065 0.07529610829103214 0.14654282765737872
0 0.9242808798646361 0.14654282765737872 0.04991539763113367 0.05779153766769865
0 0.2893401015228426 0.4587203302373581 0.06937394247038917 0.09391124871001032
0 0.27241962774957695 0.5990712074303405 0.11675126903553298 0.054695562435500514
0 0.31683587140439934 0.2698658410732714 0.11759729272419628 0.10835913312693497
0 0.2639593908629442 0.3720330237358101 0.09644670050761421 0.08771929824561403
0 0.7851099830795262 0.44840041279669757 0.077834179357022 0.14963880288957687
0 0.4128595600676819 0.3436532507739938 0.155668358714044 0.1651186790505676
0 0.5203045685279187 0.5799793601651186 0.077834179357022 0.17543859649122806
0 0.8307952622673435 0.6109391124871001 0.1065989847715736 0.13003095975232198
0 0.7660744500846023 0.1243550051599587 0.05837563451776649 0.060887512899896794
0 0.5994077834179357 0.32352941176470584 0.06175972927241963 0.09597523219814241
0 0.4450084602368866 0.82765737874097 0.09137055837563451 0.06398348813209494
0 0.910321489001692 0.5634674922600619 0.06429780033840947 0.09494324045407636
0 0.7741116751269035 0.34520123839009287 0.05583756345177665 0.04024767801857585
0 0.5376480541455161 0.3854489164086687 0.05499153976311336 0.05675954592363261
0 0.28680203045685276 0.6811145510835913 0.01353637901861252 0.010319917440660475
0 0.8138747884940778 0.13519091847265222 0.09137055837563451 0.11971104231166149
0 0.49746192893401014 0.7327141382868937 0.1404399323181049 0.1176470588235294
0 0.2263113367174281 0.4927760577915376 0.06683587140439932 0.17027863777089783
