0 0.2189922480620155 0.6703806870937791 0.07674418604651162 0.055710306406685235
0 0.28294573643410853 0.7836583101207056 0.08217054263565891 0.10584958217270195
0 0.31976744186046513 0.6671309192200557 0.056589147286821705 0.08635097493036212
0 0.5643410852713178 0.6513463324048282 0.06356589147286822 0.07149489322191271
0 0.39961240310077517 0.5366759517177344 0.11705426356589146 0.10399257195914577
0 0.39108527131782944 0.6624883936861653 0.03643410852713178 0.04735376044568245
0 0.5767441860465117 0.48885793871866295 0.07286821705426356 0.13834726090993502
0 0.9178294573643411 0.20009285051067782 0.04806201550387597 0.05478180129990715
0 0.28527131782945736 0.4285051067780873 0.06666666666666667 0.0882079851439183
0 0.25852713178294573 0.5589600742804085 0.1124031007751938 0.051996285979572884
0 0.3251937984496124 0.25348189415041783 0.11395348837209301 0.1021355617455896
0 0.26705426356589146 0.34447539461467036 0.09224806201550387 0.08356545961002786
0 0.7624031007751938 0.4702878365831012 0.07519379844961241 0.14206128133704735
0 0.41201550387596897 0.3328690807799443 0.1496124031007752 0.15691736304549675
0 0.49883720930232556 0.5677808727948004 0.07519379844961241 0.16620241411327763
0 0.7949612403100775 0.6285979572887651 0.10310077519379846 0.12256267409470752
0 0.7670542635658915 0.16295264623955433 0.056589147286821705 0.056638811513463325
0 0.5926356589147287 0.3333333333333333 0.059689922480620154 0.09099350046425256
0 0.40891472868217055 0.7934076137418756 0.08759689922480621 0.060352831940575676
0 0.8748062015503876 0.5923862581244197 0.06124031007751938 0.08913649025069638
0 0.7589147286821706 0.37186629526462395 0.05426356589147287 0.03806870937790158
0 0.5294573643410853 0.3853296193129062 0.05271317829457364 0.05385329619312906
0 0.26705426356589146 0.638347260909935 0.01317829457364341 0.01021355617455896
0 0.8124031007751937 0.17827298050139276 0.08837209302325581 0.11327762302692665
0 0.465891472868217 0.7089136490250696 0.13488372093023254 0.11234911792014857
0 0.22209302325581395 0.4540389972144847 0.06434108527131782 0.1615598885793872
