0 0.7803125 0.7146153846153847 0.080625 0.06
0 0.70625 0.8311538461538461 0.08625000000000001 0.11307692307692307
0 0.6743750000000001 0.7019230769230769 0.058750000000000004 0.09307692307692307
0 0.4184375 0.6630769230769231 0.066875 0.07692307692307693
0 0.5984375000000001 0.5534615384615384 0.123125 0.11153846153846154
0 0.6 0.6907692307692308 0.0375 0.05076923076923077
0 0.41500000000000004 0.48615384615384616 0.07625 0.14923076923076922
0 0.074375 0.14346153846153847 0.05 0.05923076923076923
0 0.725625 0.4473076923076923 0.07 0.09461538461538462
0 0.7453125 0.5907692307692307 0.11812500000000001 0.055384615384615386
0 0.6940625 0.2542307692307692 0.11937500000000001 0.11
0 0.7496875000000001 0.3576923076923077 0.096875 0.08923076923076922
0 0.2209375 0.44961538461538464 0.078125 0.15307692307692308
0 0.5978125 0.3323076923076923 0.15687500000000001 0.16923076923076924
0 0.4925 0.578076923076923 0.07875 0.17923076923076922
0 0.1771875 0.6176923076923077 0.108125 0.13230769230769232
0 0.23500000000000001 0.11653846153846154 0.058750000000000004 0.06076923076923077
0 0.4078125 0.31653846153846155 0.061875 0.09769230769230769
0 0.5734375 0.83 0.091875 0.06461538461538462
0 0.095625 0.5711538461538461 0.06375 0.09615384615384616
0 0.230625 0.3434615384615385 0.05625 0.040769230769230766
0 0.47125 0.37846153846153846 0.055 0.05692307692307692
0 0.7315625 0.6753846153846154 0.013125 0.00923076923076923
0 0.18625 0.12923076923076923 0.0925 0.12153846153846154
0 0.5181250000000001 0.7334615384615385 0.14250000000000002 0.12076923076923077
0 0.79 0.48 0.0675 0.17384615384615384
