0 0.25208681135225375 0.34665334665334663 0.07679465776293823 0.055944055944055944
0 0.31552587646076796 0.23426573426573427 0.08180300500834725 0.1048951048951049
0 0.35267111853088484 0.3501498501498502 0.055926544240400666 0.08691308691308691
0 0.5964106844741236 0.36513486513486515 0.0642737896494157 0.07092907092907093
0 0.4323873121869783 0.4805194805194805 0.11686143572621036 0.1038961038961039
0 0.42362270450751255 0.3546453546453546 0.03589315525876461 0.04795204795204795
0 0.6093489148580968 0.5274725274725275 0.07345575959933222 0.13786213786213786
0 0.9499165275459098 0.8146853146853147 0.048414023372287146 0.054945054945054944
0 0.31803005008347246 0.5884115884115884 0.0667779632721202 0.0879120879120879
0 0.2917362270450751 0.45754245754245754 0.11268781302170285 0.05194805194805195
0 0.3589315525876461 0.7632367632367633 0.11352253756260434 0.1018981018981019
0 0.3005008347245409 0.6728271728271729 0.09181969949916528 0.08291708291708291
0 0.7946577629382304 0.5454545454545454 0.07512520868113523 0.14185814185814186
0 0.4453255425709516 0.6833166833166833 0.14941569282136896 0.15584415584415584
0 0.5308848080133556 0.44955044955044954 0.07512520868113523 0.16583416583416583
0 0.8267946577629383 0.3871128871128871 0.10267111853088481 0.12287712287712288
0 0.7996661101836394 0.8526473526473527 0.05676126878130217 0.056943056943056944
0 0.6256260434056762 0.6828171828171828 0.05926544240400668 0.09090909090909091
0 0.4411519198664441 0.2242757242757243 0.08764607679465776 0.060939060939060936
0 0.906093489148581 0.42357642357642356 0.06093489148580968 0.0899100899100899
0 0.7913188647746244 0.6433566433566433 0.05342237061769616 0.03796203796203796
0 0.5621869782971619 0.6308691308691309 0.05258764607679466 0.052947052947052944
0 0.30008347245409017 0.3791208791208791 0.012520868113522538 0.008991008991008992
0 0.8451585976627713 0.8366633366633367 0.08764607679465776 0.11288711288711288
0 0.498330550918197 0.3086913086913087 0.13522537562604342 0.11188811188811189
0 0.2554257095158598 0.5629370629370629 0.0651085141903172 0.16083916083916083
