0 0.24112075769534333 0.7005703422053232 0.07813733228097869 0.057034220532319393
0 0.30702446724546173 0.814638783269962 0.08366219415943173 0.10646387832699619
0 0.34293606945540644 0.6958174904942965 0.05761641673243883 0.08745247148288973
0 0.5895816890292028 0.6753802281368821 0.06471981057616416 0.07319391634980989
0 0.4222573007103394 0.5613117870722434 0.11838989739542226 0.10551330798479087
0 0.414759273875296 0.689638783269962 0.037095501183898975 0.04847908745247148
0 0.6002367797947908 0.5104562737642585 0.0734017363851618 0.14068441064638784
0 0.9408050513022889 0.2115019011406844 0.0489344909234412 0.05608365019011407
0 0.30465666929755325 0.4543726235741445 0.06787687450670876 0.08935361216730038
0 0.2801894238358327 0.5869771863117871 0.11365430149960537 0.05228136882129278
0 0.34333070244672453 0.27519011406844107 0.11523283346487766 0.10361216730038023
0 0.2857142857142857 0.3683460076045627 0.0931333859510655 0.08460076045627377
0 0.7876874506708761 0.48859315589353614 0.07576953433307024 0.1444866920152091
0 0.43212312549329124 0.35456273764258556 0.15074980268350435 0.1596958174904943
0 0.5224940805051302 0.591254752851711 0.07576953433307024 0.16920152091254753
0 0.8224151539068666 0.6487642585551331 0.10418310970797158 0.12452471482889733
0 0.7884767166535123 0.1758555133079848 0.056827150749802685 0.057034220532319393
0 0.6148382004735596 0.3521863117870722 0.05998421468034728 0.09220532319391635
0 0.4340962904498816 0.8217680608365019 0.08839779005524862 0.06178707224334601
0 0.9021310181531176 0.6102661596958174 0.06156274664561957 0.09125475285171103
0 0.7829518547750592 0.3883079847908745 0.055248618784530384 0.03897338403041825
0 0.5513022888713497 0.405893536121673 0.05288082083662194 0.055133079847908745
0 0.2892659826361484 0.6673003802281369 0.013417521704814523 0.009505703422053232
0 0.834648776637727 0.1905893536121673 0.08918705603788477 0.1150190114068441
0 0.4909234411996843 0.7357414448669202 0.13733228097868982 0.11406844106463879
0 0.24191002367797948 0.48098859315589354 0.06550907655880031 0.1634980988593156
