0 0.7787755102040816 0.7151454363089268 0.0816326530612245 0.06018054162487462
0 0.7053061224489796 0.831494483450351 0.08653061224489796 0.11434302908726178
0 0.673061224489796 0.7031093279839519 0.05959183673469388 0.09428284854563691
0 0.4175510204081633 0.6654964894684052 0.06775510204081633 0.07723169508525576
0 0.5971428571428572 0.555667001003009 0.12326530612244899 0.1123370110330993
0 0.5987755102040817 0.6920762286860582 0.03836734693877551 0.05215646940822467
0 0.4138775510204082 0.4889669007021063 0.07673469387755102 0.14944834503510532
0 0.07346938775510205 0.14944834503510532 0.05061224489795919 0.06018054162487462
0 0.7236734693877551 0.44884653961885657 0.07102040816326531 0.09528585757271815
0 0.7436734693877551 0.5917753259779338 0.11918367346938775 0.05616850551654965
0 0.6918367346938776 0.2567703109327984 0.12000000000000001 0.11033099297893681
0 0.7473469387755103 0.3600802407221665 0.09714285714285714 0.09027081243731194
0 0.22040816326530613 0.4538615847542628 0.0783673469387755 0.1534603811434303
0 0.5959183673469388 0.33550651955867605 0.156734693877551 0.16950852557673018
0 0.49142857142857144 0.5802407221664995 0.08 0.17953861584754263
0 0.17673469387755103 0.6208625877632898 0.10857142857142857 0.13239719157472418
0 0.23346938775510204 0.12186559679037111 0.05877551020408164 0.06118355065195587
0 0.4061224489795919 0.31995987963891676 0.06285714285714286 0.09829488465396188
0 0.5726530612244898 0.8309929789368105 0.09224489795918368 0.06519558676028084
0 0.09551020408163266 0.5747241725175527 0.0636734693877551 0.0962888665997994
0 0.22938775510204082 0.347542627883651 0.05714285714285715 0.041123370110330994
0 0.46979591836734697 0.38164493480441325 0.0563265306122449 0.05717151454363089
0 0.730204081632653 0.6760280842527583 0.013877551020408163 0.010030090270812437
0 0.18448979591836737 0.13440320962888666 0.09306122448979592 0.12236710130391174
0 0.5179591836734694 0.7357071213640923 0.14285714285714285 0.1213640922768305
0 0.7881632653061225 0.4819458375125376 0.06775510204081633 0.17352056168505517
