0 0.7534375 0.33 0.080625 0.06
0 0.6793750000000001 0.21346153846153845 0.08625000000000001 0.11307692307692307
0 0.6475 0.3426923076923077 0.058750000000000004 0.09307692307692307
0 0.39156250000000004 0.38153846153846155 0.066875 0.07692307692307693
0 0.5715625 0.49115384615384616 0.123125 0.11153846153846154
0 0.573125 0.35384615384615387 0.0375 0.05076923076923077
0 0.388125 0.5584615384615385 0.07625 0.14923076923076922
0 0.0475 0.9011538461538462 0.05 0.05923076923076923
0 0.69875 0.5973076923076923 0.07 0.09461538461538462
0 0.7184375000000001 0.45384615384615384 0.11812500000000001 0.055384615384615386
0 0.6671875 0.7903846153846154 0.11937500000000001 0.11
0 0.7228125 0.686923076923077 0.096875 0.08923076923076922
0 0.1940625 0.595 0.078125 0.15307692307692308
0 0.5709375 0.7123076923076923 0.15687500000000001 0.16923076923076924
0 0.465625 0.4665384615384615 0.07875 0.17923076923076922
0 0.15031250000000002 0.4269230769230769 0.108125 0.13230769230769232
0 0.208125 0.928076923076923 0.058750000000000004 0.06076923076923077
0 0.3809375 0.7280769230769231 0.061875 0.09769230769230769
0 0.5465625000000001 0.21461538461538462 0.091875 0.06461538461538462
0 0.06875 0.47346153846153843 0.06375 0.09615384615384616
0 0.20375000000000001 0.7011538461538461 0.05625 0.040769230769230766
0 0.444375 0.6661538461538462 0.055 0.05692307692307692
0 0.7046875 0.36923076923076925 0.013125 0.00923076923076923
0 0.15937500000000002 0.9153846153846154 0.0925 0.12153846153846154
0 0.491875 0.31038461538461537 0.14250000000000002 0.12076923076923077
0 0.76375 0.5638461538461539 0.0675 0.17384615384615384
