0 0.776964560862866 0.33956969130028064 0.07935285053929123 0.057998129092609915
0 0.7080123266563945 0.22497661365762395 0.0847457627118644 0.10944808231992517
0 0.673728813559322 0.34752104770813846 0.05778120184899846 0.09073900841908325
0 0.4233436055469954 0.37511693171188026 0.06548536209553159 0.07483629560336763
0 0.5959167950693375 0.48737137511693174 0.12095531587057011 0.10851262862488308
0 0.600924499229584 0.3554724041159963 0.03697996918335902 0.050514499532273154
0 0.41563944530046226 0.5449017773620206 0.07473035439137134 0.1449953227315248
0 0.07473035439137134 0.8606173994387278 0.04930662557781202 0.057998129092609915
0 0.7168721109399075 0.5940130963517306 0.06856702619414484 0.09167446211412535
0 0.7395993836671803 0.45743685687558466 0.11556240369799692 0.05425631431244154
0 0.6810477657935285 0.7782974742750234 0.11710323574730355 0.10664172123479888
0 0.7380585516178737 0.6814780168381666 0.09553158705701079 0.08699719363891488
0 0.22573189522342066 0.5724976613657624 0.07704160246533129 0.14780168381665107
0 0.5893682588597843 0.6997193638914874 0.15408320493066258 0.1627689429373246
0 0.49345146379044685 0.4597754911131899 0.07781201848998459 0.17305893358278765
0 0.187211093990755 0.4092609915809167 0.10631741140215717 0.12815715622076707
0 0.23035439137134053 0.8928905519176801 0.058551617873651776 0.05893358278765201
0 0.4040832049306626 0.7076707202993452 0.06086286594761171 0.09448082319925163
0 0.5789676425269645 0.2207670720299345 0.0901386748844376 0.06361085126286249
0 0.10670261941448382 0.45088868101029 0.06240369799691834 0.09354536950420954
0 0.23189522342064717 0.6749298409728719 0.05546995377503852 0.040224508886810104
0 0.4672573189522342 0.6506080449017774 0.05469953775038521 0.05519176800748363
0 0.7284283513097073 0.3755846585594013 0.013097072419106319 0.01028999064546305
0 0.18335901386748846 0.8783910196445276 0.09090909090909091 0.11786716557530402
0 0.5227272727272727 0.31103835360149673 0.13944530046224962 0.11693171188026193
0 0.7804314329738059 0.5650140318054256 0.0662557781201849 0.16838166510757718
