0 0.2684375 0.6723076923076923 0.080625 0.06
0 0.343125 0.7884615384615384 0.08625000000000001 0.1123076923076923
0 0.3746875 0.6592307692307692 0.059375000000000004 0.09230769230769231
0 0.630625 0.6203846153846154 0.0675 0.07615384615384616
0 0.4503125 0.5107692307692308 0.123125 0.1123076923076923
0 0.44906250000000003 0.6480769230769231 0.036875 0.05153846153846154
0 0.6340625 0.4430769230769231 0.076875 0.14923076923076922
0 0.9746875 0.10076923076923076 0.050625 0.06
0 0.323125 0.4046153846153846 0.07 0.09538461538461539
0 0.3040625 0.5480769230769231 0.11812500000000001 0.054615384615384614
0 0.355 0.21115384615384616 0.12 0.11
0 0.299375 0.3153846153846154 0.09625 0.08923076923076922
0 0.8284375 0.40692307692307694 0.078125 0.1523076923076923
0 0.45156250000000003 0.28923076923076924 0.15687500000000001 0.16923076923076924
0 0.5565625 0.5353846153846153 0.078125 0.18
0 0.8718750000000001 0.575 0.10875 0.13307692307692306
0 0.8140625 0.07384615384615384 0.059375000000000004 0.06153846153846154
0 0.64125 0.2734615384615385 0.0625 0.09769230769230769
0 0.475625 0.786923076923077 0.09125 0.06461538461538462
0 0.9534375 0.5280769230769231 0.063125 0.09615384615384616
0 0.8184375 0.30038461538461536 0.055625 0.040769230769230766
0 0.5778125000000001 0.3353846153846154 0.055625 0.05692307692307692
0 0.3171875 0.6326923076923077 0.013125 0.008461538461538461
0 0.8625 0.08692307692307692 0.0925 0.12153846153846154
0 0.530625 0.6911538461538461 0.14250000000000002 0.12076923076923077
0 0.25875 0.4376923076923077 0.0675 0.17384615384615384
