0 0.27825077399380804 0.3253295668549906 0.07972136222910217 0.05932203389830508
0 0.35294117647058826 0.21516007532956685 0.08513931888544893 0.11016949152542373
0 0.3811919504643963 0.3413370998116761 0.058049535603715174 0.09133709981167608
0 0.6308049535603716 0.3870056497175141 0.06656346749226007 0.07532956685499058
0 0.45239938080495357 0.4872881355932203 0.12151702786377709 0.10828625235404896
0 0.4535603715170279 0.3545197740112994 0.03715170278637771 0.04990583804143126
0 0.6304179566563468 0.5583804143126176 0.07507739938080496 0.14500941619585686
0 0.9558823529411765 0.9006591337099811 0.04953560371517028 0.057438794726930316
0 0.32546439628482976 0.5856873822975518 0.06888544891640867 0.09227871939736346
0 0.30959752321981426 0.4463276836158192 0.11609907120743035 0.054613935969868174
0 0.3521671826625387 0.7730696798493408 0.11764705882352942 0.10734463276836158
0 0.30030959752321984 0.6718455743879472 0.09597523219814243 0.08757062146892655
0 0.8196594427244582 0.5998116760828625 0.07739938080495357 0.1487758945386064
0 0.4481424148606811 0.701035781544256 0.15479876160990713 0.1647834274952919
0 0.5565015479876161 0.4665725047080979 0.07739938080495357 0.1741996233521657
0 0.8657120743034056 0.4387947269303201 0.10603715170278638 0.128060263653484
0 0.798374613003096 0.9213747645951036 0.058049535603715174 0.05932203389830508
0 0.6335139318885449 0.7226930320150659 0.06114551083591332 0.0951035781544256
0 0.48258513931888547 0.22080979284369115 0.09055727554179567 0.0630885122410546
0 0.9446594427244582 0.4863465160075329 0.06269349845201239 0.09322033898305085
0 0.8072755417956656 0.7019774011299434 0.05572755417956657 0.04048964218455744
0 0.5731424148606812 0.6605461393596986 0.05495356037151703 0.05555555555555555
0 0.3246904024767802 0.3648775894538606 0.013157894736842106 0.010357815442561204
0 0.8463622291021672 0.9105461393596986 0.09055727554179567 0.11864406779661016
0 0.5344427244582044 0.3149717514124294 0.14009287925696595 0.11770244821092278
0 0.26315789473684215 0.551789077212806 0.06656346749226007 0.1694915254237288
