0 0.7294168096054888 0.3402922755741127 0.0797598627787307 0.058455114822546964
0 0.6590909090909091 0.22546972860125258 0.08490566037735849 0.11064718162839247
0 0.6252144082332761 0.34916492693110646 0.05831903945111492 0.09081419624217119
0 0.37435677530017153 0.3789144050104384 0.0660377358490566 0.07515657620041753
0 0.5480274442538593 0.49060542797494777 0.12178387650085763 0.10855949895615866
0 0.5523156089193825 0.3580375782881002 0.03773584905660377 0.050104384133611686
0 0.3670668953687822 0.5495824634655532 0.07547169811320754 0.1450939457202505
0 0.026586620926243566 0.8705636743215031 0.04974271012006861 0.058455114822546964
0 0.6702401372212693 0.5970772442588725 0.06946826758147513 0.09185803757828809
0 0.6925385934819897 0.45929018789144044 0.1157804459691252 0.05427974947807933
0 0.6350771869639794 0.7834029227557411 0.11749571183533447 0.10751565762004174
0 0.6916809605488851 0.6847599164926931 0.09519725557461406 0.08768267223382045
0 0.17667238421955403 0.5788100208768266 0.07718696397941681 0.14926931106471814
0 0.5428816466552315 0.7045929018789143 0.15437392795883362 0.1649269311064718
0 0.4446826758147513 0.46294363256784965 0.07804459691252144 0.174321503131524
0 0.137221269296741 0.4149269311064718 0.10634648370497427 0.12839248434237996
0 0.1835334476843911 0.9013569937369519 0.05831903945111492 0.05949895615866388
0 0.3563464837049743 0.7134655532359081 0.060891938250428816 0.09498956158663882
0 0.5291595197255574 0.2218162839248434 0.09090909090909091 0.06367432150313151
0 0.05660377358490566 0.45720250521920663 0.0634648370497427 0.0939457202505219
0 0.18396226415094338 0.6821503131524008 0.05574614065180103 0.04070981210855949
0 0.419811320754717 0.6555323590814196 0.054030874785591765 0.056367432150313146
0 0.6809605488850772 0.3768267223382046 0.0137221269296741 0.010438413361169102
0 0.13593481989708406 0.887787056367432 0.09176672384219554 0.11795407098121084
0 0.4734133790737564 0.3136743215031315 0.14065180102915953 0.11795407098121084
0 0.7341337907375644 0.5668058455114822 0.06689536878216124 0.16910229645093944
