0 0.2346875 0.32461538461538464 0.080625 0.06
0 0.30875 0.20807692307692308 0.08625000000000001 0.11307692307692307
0 0.340625 0.3373076923076923 0.058750000000000004 0.09307692307692307
0 0.5965625 0.37615384615384617 0.066875 0.07692307692307693
0 0.4165625 0.4857692307692308 0.123125 0.11153846153846154
0 0.41500000000000004 0.34846153846153843 0.0375 0.05076923076923077
0 0.6 0.553076923076923 0.07625 0.14923076923076922
0 0.940625 0.8957692307692308 0.05 0.05923076923076923
0 0.289375 0.5919230769230769 0.07 0.09461538461538462
0 0.2696875 0.44846153846153847 0.11812500000000001 0.055384615384615386
0 0.3209375 0.785 0.11937500000000001 0.11
0 0.2653125 0.6815384615384615 0.096875 0.08923076923076922
0 0.7940625 0.5896153846153847 0.078125 0.15307692307692308
0 0.4171875 0.7069230769230769 0.15687500000000001 0.16923076923076924
0 0.5225 0.46115384615384614 0.07875 0.17923076923076922
0 0.8378125000000001 0.42153846153846153 0.108125 0.13230769230769232
0 0.78 0.9226923076923077 0.058750000000000004 0.06076923076923077
0 0.6071875 0.7226923076923077 0.061875 0.09769230769230769
0 0.4415625 0.20923076923076922 0.091875 0.06461538461538462
0 0.919375 0.46807692307692306 0.06375 0.09615384615384616
0 0.784375 0.6957692307692308 0.05625 0.040769230769230766
0 0.5437500000000001 0.6607692307692308 0.055 0.05692307692307692
0 0.2834375 0.3638461538461538 0.013125 0.00923076923076923
0 0.82875 0.91 0.0925 0.12153846153846154
0 0.49625 0.305 0.14250000000000002 0.12076923076923077
0 0.224375 0.5584615384615385 0.0675 0.17384615384615384
