0 0.7074380165289256 0.32230997038499504 0.07603305785123966 0.05626850937808489
0 0.63099173553719 0.22211253701875616 0.08181818181818182 0.104639684106614
0 0.6082644628099173 0.34304047384007896 0.05619834710743801 0.08588351431391905
0 0.36983471074380164 0.4002961500493583 0.06363636363636363 0.07206317867719644
0 0.5454545454545454 0.4851924975320829 0.11735537190082644 0.10365251727541953
0 0.5388429752066115 0.35932872655478776 0.03636363636363636 0.04738400789733464
0 0.3768595041322314 0.5621915103652517 0.07272727272727272 0.13721618953603157
0 0.07520661157024794 0.9042448173741362 0.04793388429752066 0.05528134254689042
0 0.671487603305785 0.5715695952615991 0.06694214876033058 0.08687068114511352
0 0.6818181818181818 0.43830207305034546 0.11239669421487603 0.05133267522211253
0 0.6524793388429752 0.7507403751233958 0.11322314049586776 0.10167818361303059
0 0.6991735537190082 0.6515301085883514 0.09256198347107437 0.08292201382033564
0 0.19586776859504132 0.6125370187561697 0.0743801652892562 0.14116485686080946
0 0.5578512396694215 0.6870681145113524 0.1487603305785124 0.15597235932872655
0 0.4442148760330578 0.4713721618953603 0.07520661157024794 0.16485686080947679
0 0.1446280991735537 0.4619940769990128 0.1024793388429752 0.1224086870681145
0 0.228099173553719 0.9155972359328726 0.05619834710743801 0.05626850937808489
0 0.3793388429752066 0.7181638696939783 0.05950413223140496 0.08983218163869694
0 0.5057851239669421 0.23445212240868704 0.08760330578512396 0.06021717670286278
0 0.07066115702479339 0.5113524185587364 0.06033057851239669 0.08884501480750247
0 0.21115702479338844 0.7082922013820335 0.05371900826446281 0.0384995064165844
0 0.43553719008264463 0.6559723593287266 0.05289256198347107 0.052319842053307
0 0.6636363636363636 0.36229022704837116 0.013223140495867768 0.009871668311944718
0 0.18181818181818182 0.908193484698914 0.08760330578512396 0.11253701875616978
0 0.45950413223140496 0.3272458045409674 0.13553719008264462 0.11154985192497531
0 0.7305785123966942 0.5360315893385982 0.06446280991735537 0.15992102665350444
