0 0.46107784431137727 0.7003577817531306 0.058383233532934134 0.09838998211091235
0 0.4857784431137725 0.8282647584973166 0.09580838323353294 0.11806797853309481
0 0.5625 0.8881932021466905 0.04116766467065869 0.0518783542039356
0 0.4854041916167665 0.9194991055456172 0.07559880239520958 0.08407871198568873
0 0.4191616766467066 0.8989266547406083 0.055389221556886234 0.08765652951699464
0 0.3529191616766467 0.9445438282647585 0.047155688622754495 0.059033989266547404
0 0.2911676646706587 0.8850626118067979 0.07485029940119761 0.18694096601073346
0 0.21182634730538924 0.7625223613595706 0.07035928143712575 0.10644007155635063
0 0.18338323353293415 0.8085867620751341 0.08233532934131738 0.06440071556350627
0 0.1126497005988024 0.7951699463327371 0.03817365269461078 0.06618962432915922
0 0.15269461077844312 0.748211091234347 0.03293413173652695 0.04025044722719141
0 0.13847305389221556 0.6784436493738819 0.037425149700598806 0.04025044722719141
0 0.21482035928143714 0.6413237924865832 0.029940119760479042 0.055456171735241505
0 0.09318862275449102 0.3962432915921288 0.1160179640718563 0.1377459749552773
0 0.08046407185628743 0.25849731663685155 0.06961077844311378 0.11091234347048301
0 0.060254491017964075 0.18336314847942756 0.10703592814371259 0.07692307692307693
0 0.21145209580838326 0.120304114490161 0.16242514970059882 0.10644007155635063
0 0.38547904191616766 0.08497316636851521 0.14221556886227546 0.06797853309481217
0 0.33270958083832336 0.23300536672629696 0.10853293413173654 0.15831842576028624
0 0.26833832335329344 0.3680679785330948 0.05464071856287425 0.12075134168157424
0 0.219311377245509 0.24016100178890876 0.07185628742514971 0.04561717352415027
0 0.17702095808383234 0.30366726296958857 0.048652694610778445 0.04382826475849732
0 0.19910179640718564 0.4007155635062612 0.05089820359281438 0.08407871198568873
0 0.4584580838323354 0.22719141323792486 0.04416167664670659 0.08050089445438283
0 0.5681137724550899 0.06037567084078712 0.059880239520958084 0.04561717352415027
0 0.5273203592814372 0.10420393559928444 0.032185628742514974 0.03309481216457961
0 0.627994011976048 0.10957066189624329 0.04790419161676647 0.04740608228980322
0 0.717814371257485 0.3023255813953488 0.07634730538922156 0.05366726296958855
0 0.6994760479041917 0.481216457960644 0.05913173652694611 0.04830053667262969
0 0.7077095808383234 0.5800536672629696 0.04266467065868264 0.10286225402504472
0 0.6339820359281437 0.7334525939177102 0.04491017964071856 0.03935599284436494
0 0.48690119760479045 0.5854203935599285 0.05164670658682635 0.049194991055456175
0 0.8420658682634731 0.43067978533094814 0.04491017964071856 0.050983899821109124
0 0.9221556886227545 0.35778175313059035 0.08532934131736528 0.12880143112701253
0 0.845808383233533 0.33273703041144903 0.07784431137724551 0.0518783542039356
0 0.8959580838323354 0.23255813953488372 0.058383233532934134 0.07155635062611806
0 0.9217814371257486 0.193649373881932 0.06661676646706587 0.1887298747763864
0 0.9318862275449102 0.524597495527728 0.05089820359281438 0.0742397137745975
0 0.9326347305389222 0.6135957066189625 0.02544910179640719 0.03220035778175313
0 0.9217814371257486 0.6963327370304114 0.026197604790419163 0.06708407871198568
0 0.8884730538922156 0.6775491949910555 0.02694610778443114 0.04025044722719141
0 0.971556886227545 0.6377459749552773 0.02245508982035928 0.08407871198568873
0 0.6294910179640719 0.5559033989266547 0.02095808383233533 0.03130590339892665
0 0.1590568862275449 0.9745080500894454 0.03068862275449102 0.03309481216457961
