0 0.455470737913486 0.2982546201232033 0.05937234944868532 0.10164271047227927
0 0.4770992366412214 0.16478439425051336 0.09923664122137404 0.12217659137577003
0 0.5538592027141646 0.09958932238193019 0.04240882103477523 0.053388090349075976
0 0.4741306191687871 0.06981519507186859 0.07803223070398643 0.08829568788501027
0 0.40754877014419 0.09394250513347023 0.056827820186598814 0.09137577002053389
0 0.3379983036471586 0.049794661190965095 0.04834605597964377 0.060574948665297744
0 0.2765055131467345 0.11344969199178645 0.07803223070398643 0.1940451745379877
0 0.19804919423240033 0.2433264887063655 0.0720949957591179 0.11088295687885011
0 0.16793893129770993 0.19763860369609856 0.08481764206955046 0.06673511293634497
0 0.09584393553859202 0.21406570841889117 0.039016115351993216 0.06878850102669405
0 0.138676844783715 0.26129363449691995 0.03477523324851569 0.04209445585215606
0 0.12595419847328243 0.33418891170431214 0.03816793893129771 0.04209445585215606
0 0.20483460559796438 0.3690965092402464 0.031382527565733676 0.058521560574948665
0 0.08778625954198473 0.6288501026694046 0.11959287531806616 0.14271047227926079
0 0.07803223070398643 0.7720739219712526 0.07124681933842239 0.11498973305954827
0 0.06022052586938083 0.8506160164271047 0.1102629346904156 0.08110882956878851
0 0.21670907548770144 0.9096509240246407 0.1670907548770144 0.11088295687885011
0 0.39525021204410515 0.938911704312115 0.1458863443596268 0.07084188911704313
0 0.3371501272264631 0.7885010266940452 0.11280746395250212 0.16427104722792607
0 0.2680237489397795 0.6498973305954826 0.05597964376590331 0.12525667351129363
0 0.22094995759117897 0.7849075975359343 0.0737913486005089 0.048254620123203286
0 0.1759966072943172 0.7207392197125257 0.05004240882103477 0.045174537987679675
0 0.19550466497031382 0.6196098562628337 0.05173876166242578 0.08726899383983573
0 0.4660729431721798 0.7890143737166325 0.04495335029686175 0.08316221765913757
0 0.5826972010178118 0.9573921971252567 0.061068702290076333 0.046201232032854214
0 0.5398642917726887 0.9137577002053389 0.03307888040712468 0.034907597535934295
0 0.6429177268871925 0.904517453798768 0.04919423240033927 0.049281314168377825
0 0.7290076335877862 0.7007186858316222 0.07888040712468193 0.056468172484599594
0 0.7052586938083121 0.5159137577002053 0.06022052586938083 0.050308008213552365
0 0.7111959287531806 0.4127310061601643 0.043256997455470736 0.10677618069815195
0 0.6310432569974554 0.2566735112936345 0.04580152671755725 0.04106776180698152
0 0.4855810008481764 0.41683778234086244 0.05343511450381679 0.051334702258726904
0 0.8524173027989822 0.5626283367556468 0.04580152671755725 0.053388090349075976
0 0.9372349448685326 0.6350102669404518 0.08821034775233248 0.13449691991786447
0 0.8592027141645462 0.6637577002053389 0.07972858354537744 0.054414784394250515
0 0.9139100932994063 0.7654004106776181 0.06022052586938083 0.07494866529774127
0 0.9414758269720102 0.8044147843942505 0.06785411365564037 0.19609856262833678
0 0.9418999151823579 0.46149897330595485 0.05173876166242578 0.07700205338809035
0 0.9406276505513147 0.3690965092402464 0.02544529262086514 0.033880903490759756
0 0.9270568278201866 0.2833675564681725 0.02714164546225615 0.06981519507186859
0 0.8935538592027141 0.3044147843942505 0.027989821882951654 0.04209445585215606
0 0.9792196776929601 0.3429158110882957 0.022900763358778626 0.08829568788501027
0 0.631891433418151 0.4414784394250513 0.02205258693808312 0.03285420944558522
0 0.138676844783715 0.026180698151950718 0.031382527565733676 0.033880903490759756
