0 0.5573221757322175 0.2938775510204082 0.0602510460251046 0.10408163265306124
0 0.5422594142259414 0.1556122448979592 0.100418410041841 0.12551020408163266
0 0.46778242677824267 0.0836734693877551 0.04351464435146443 0.05510204081632654
0 0.5506276150627615 0.059693877551020416 0.07866108786610879 0.08877551020408164
0 0.6163179916317991 0.08928571428571429 0.05774058577405857 0.09285714285714286
0 0.6891213389121339 0.050510204081632655 0.049372384937238493 0.06224489795918368
0 0.7481171548117155 0.11989795918367348 0.07866108786610879 0.19897959183673472
0 0.8196652719665272 0.25867346938775515 0.07280334728033472 0.11326530612244899
0 0.8531380753138075 0.21377551020408164 0.08619246861924686 0.06836734693877551
0 0.9251046025104602 0.2362244897959184 0.03933054393305439 0.07040816326530613
0 0.8790794979079497 0.28163265306122454 0.03430962343096234 0.04285714285714286
0 0.8882845188284518 0.35663265306122455 0.03933054393305439 0.04183673469387755
0 0.806276150627615 0.3862244897959184 0.03096234309623431 0.06020408163265307
0 0.9108786610878661 0.6596938775510205 0.12133891213389121 0.14591836734693878
0 0.9125523012552301 0.8066326530612246 0.07280334728033472 0.11734693877551021
0 0.9267782426778242 0.888265306122449 0.1112970711297071 0.0826530612244898
0 0.7656903765690376 0.9357142857142858 0.16903765690376568 0.11224489795918369
0 0.5828451882845188 0.9515306122448981 0.14811715481171547 0.07244897959183674
0 0.6502092050209205 0.8025510204081633 0.11380753138075313 0.16836734693877553
0 0.7276150627615062 0.6673469387755102 0.056066945606694556 0.1285714285714286
0 0.7677824267782426 0.8081632653061225 0.07447698744769873 0.0489795918367347
0 0.8163179916317991 0.7469387755102042 0.05104602510460251 0.04693877551020409
0 0.8020920502092049 0.6418367346938776 0.052719665271966525 0.08979591836734695
0 0.5192468619246862 0.7928571428571429 0.046025104602510455 0.08571428571428572
0 0.3924686192468619 0.9551020408163267 0.06192468619246862 0.0489795918367347
0 0.43807531380753134 0.9142857142857144 0.03430962343096234 0.03469387755102041
0 0.33472803347280333 0.8964285714285715 0.0502092050209205 0.05
0 0.2581589958158996 0.6816326530612246 0.0794979079497908 0.05714285714285715
0 0.2924686192468619 0.4954081632653062 0.06108786610878661 0.05204081632653062
0 0.2916317991631799 0.3903061224489796 0.04435146443514644 0.10918367346938776
0 0.38158995815899577 0.23775510204081635 0.04686192468619246 0.04285714285714286
0 0.5200836820083682 0.41224489795918373 0.05439330543933054 0.05306122448979592
0 0.1405857740585774 0.5311224489795919 0.04686192468619246 0.05408163265306123
0 0.05146443514644351 0.5979591836734695 0.08953974895397489 0.13673469387755102
0 0.12845188284518827 0.6336734693877552 0.08117154811715481 0.05510204081632654
0 0.06820083682008368 0.7331632653061225 0.06108786610878661 0.07653061224489796
0 0.03807531380753138 0.7709183673469389 0.06945606694560669 0.20102040816326533
0 0.05564853556485355 0.4209183673469388 0.052719665271966525 0.07857142857142858
0 0.06234309623430962 0.3275510204081633 0.02594142259414226 0.03469387755102041
0 0.0807531380753138 0.24183673469387756 0.027615062761506274 0.07142857142857144
0 0.11380753138075313 0.2653061224489796 0.02845188284518828 0.04285714285714286
0 0.024267782426778243 0.2969387755102041 0.02343096234309623 0.08979591836734695
0 0.3707112970711297 0.4255102040816327 0.021757322175732216 0.03469387755102041
0 0.8920502092050209 0.04183673469387755 0.031799163179916316 0.03469387755102041
