0 0.4483870967741935 0.2890316205533597 0.06129032258064516 0.10573122529644267
0 0.46733870967741936 0.1492094861660079 0.10080645161290322 0.12648221343873517
0 0.5443548387096774 0.07905138339920947 0.043548387096774194 0.05533596837944664
0 0.46169354838709675 0.05138339920948616 0.07983870967741935 0.0909090909090909
0 0.3939516129032258 0.07905138339920947 0.05887096774193548 0.09486166007905138
0 0.3217741935483871 0.035573122529644265 0.05 0.06324110671936758
0 0.26048387096774195 0.10375494071146245 0.07903225806451612 0.20158102766798416
0 0.18387096774193548 0.24209486166007904 0.07419354838709677 0.11462450592885375
0 0.15201612903225806 0.19466403162055335 0.08629032258064516 0.06916996047430829
0 0.07862903225806452 0.21492094861660077 0.03951612903225806 0.07213438735177866
0 0.12379032258064517 0.2618577075098814 0.03467741935483871 0.043478260869565216
0 0.1125 0.3384387351778656 0.03951612903225806 0.042490118577075096
0 0.1939516129032258 0.3720355731225296 0.031451612903225803 0.06027667984189723
0 0.08064516129032258 0.6442687747035573 0.12258064516129032 0.14822134387351776
0 0.07459677419354839 0.7929841897233201 0.07338709677419354 0.11956521739130434
0 0.05806451612903226 0.8749999999999999 0.11290322580645161 0.08399209486166008
0 0.21935483870967742 0.9308300395256917 0.17096774193548386 0.11462450592885375
0 0.4036290322580645 0.9545454545454545 0.14919354838709678 0.07312252964426877
0 0.33991935483870966 0.800395256916996 0.1153225806451613 0.16996047430830039
0 0.2653225806451613 0.6600790513833992 0.056451612903225805 0.13043478260869565
0 0.22096774193548388 0.8013833992094861 0.07580645161290323 0.04940711462450593
0 0.17338709677419356 0.7366600790513833 0.05161290322580645 0.04644268774703557
0 0.19112903225806452 0.6309288537549407 0.0532258064516129 0.08992094861660078
0 0.4717741935483871 0.7964426877470355 0.0467741935483871 0.08695652173913043
0 0.5951612903225807 0.9664031620553359 0.06290322580645161 0.04940711462450593
0 0.5504032258064516 0.9229249011857706 0.03467741935483871 0.035573122529644265
0 0.655241935483871 0.9090909090909091 0.050806451612903224 0.05138339920948616
0 0.7387096774193549 0.6946640316205533 0.08064516129032258 0.05928853754940711
0 0.709274193548387 0.5044466403162055 0.062096774193548386 0.05237154150197628
0 0.7129032258064516 0.3977272727272727 0.04516129032258064 0.10968379446640315
0 0.6270161290322581 0.23913043478260868 0.04758064516129032 0.043478260869565216
0 0.48185483870967744 0.4100790513833992 0.05403225806451613 0.0533596837944664
0 0.8612903225806452 0.5474308300395256 0.0467741935483871 0.05533596837944664
0 0.9495967741935484 0.6190711462450592 0.08951612903225807 0.13932806324110672
0 0.8709677419354839 0.6521739130434783 0.08225806451612903 0.05533596837944664
0 0.9290322580645162 0.7549407114624506 0.06129032258064516 0.07707509881422925
0 0.9580645161290322 0.7944664031620553 0.06935483870967742 0.20355731225296442
0 0.95 0.43922924901185767 0.0532258064516129 0.0800395256916996
0 0.9459677419354838 0.3438735177865612 0.025806451612903226 0.035573122529644265
0 0.9306451612903226 0.2559288537549407 0.027419354838709678 0.07312252964426877
0 0.896774193548387 0.27865612648221344 0.02903225806451613 0.043478260869565216
0 0.9854838709677419 0.3147233201581027 0.024193548387096774 0.09189723320158102
0 0.6326612903225807 0.4303359683794466 0.021774193548387097 0.034584980237154145
0 0.11733870967741936 0.018774703557312252 0.031451612903225803 0.035573122529644265
