0 0.5583190394511149 0.7026041666666667 0.060034305317324184 0.103125
0 0.5445969125214408 0.8401041666666667 0.09948542024013722 0.12395833333333334
0 0.4716981132075472 0.9125 0.04288164665523156 0.05416666666666667
0 0.5536020583190394 0.9348958333333334 0.07804459691252144 0.08854166666666667
0 0.619639794168096 0.9046875 0.057461406518010294 0.09270833333333334
0 0.6916809605488851 0.9427083333333334 0.04888507718696398 0.0625
0 0.7495711835334476 0.8729166666666667 0.07890222984562607 0.19583333333333333
0 0.8198970840480274 0.7348958333333333 0.07204116638078902 0.11145833333333333
0 0.8529159519725558 0.7786458333333334 0.08490566037735849 0.06770833333333333
0 0.9245283018867925 0.7557291666666667 0.03945111492281304 0.06979166666666667
0 0.8782161234991424 0.7119791666666666 0.03430531732418525 0.042708333333333334
0 0.8867924528301887 0.6375 0.03945111492281304 0.041666666666666664
0 0.8053173241852487 0.6088541666666667 0.030874785591766724 0.059375
0 0.9073756432246998 0.33697916666666666 0.12006861063464837 0.14479166666666665
0 0.9082332761578045 0.19166666666666665 0.07204116638078902 0.11666666666666667
0 0.9215265866209262 0.1109375 0.11063464837049743 0.08229166666666667
0 0.7607204116638079 0.065625 0.1680960548885077 0.11041666666666666
0 0.5789022298456261 0.0515625 0.14751286449399656 0.071875
0 0.6470840480274442 0.19895833333333332 0.11234991423670669 0.16666666666666666
0 0.7251286449399656 0.33125 0.05574614065180103 0.12708333333333333
0 0.7637221269296741 0.19166666666666665 0.07461406518010291 0.04791666666666666
0 0.8126072041166381 0.2520833333333333 0.05060034305317324 0.04583333333333333
0 0.7993138936535162 0.35572916666666665 0.051457975986277875 0.08854166666666667
0 0.5175814751286449 0.20989583333333334 0.045454545454545456 0.084375
0 0.3902229845626072 0.051041666666666666 0.06174957118353345 0.04791666666666666
0 0.43567753001715265 0.090625 0.03430531732418525 0.035416666666666666
0 0.3327615780445969 0.109375 0.04974271012006861 0.05
0 0.2585763293310463 0.3223958333333333 0.0797598627787307 0.057291666666666664
0 0.29416809605488853 0.5067708333333333 0.06174957118353345 0.051041666666666666
0 0.2945969125214408 0.6109375 0.04373927958833619 0.10729166666666666
0 0.38421955403087477 0.7604166666666666 0.04631217838765009 0.041666666666666664
0 0.5210120068610634 0.5864583333333333 0.054030874785591765 0.052083333333333336
0 0.1432246998284734 0.47291666666666665 0.04631217838765009 0.05416666666666667
0 0.05445969125214408 0.40781249999999997 0.08833619210977701 0.13645833333333332
0 0.13036020583190394 0.371875 0.08061749571183534 0.05416666666666667
0 0.06946826758147513 0.2739583333333333 0.060034305317324184 0.075
0 0.03945111492281304 0.23697916666666666 0.0686106346483705 0.19895833333333332
0 0.05960548885077187 0.5828125 0.0523156089193825 0.078125
0 0.06689536878216124 0.6755208333333333 0.025728987993138937 0.034375
0 0.08576329331046312 0.7604166666666666 0.0274442538593482 0.07083333333333333
0 0.1179245283018868 0.7359375 0.02830188679245283 0.042708333333333334
0 0.029588336192109776 0.70625 0.023156089193825044 0.08958333333333333
0 0.37264150943396224 0.575 0.02144082332761578 0.03333333333333333
0 0.8932246998284734 0.9484374999999999 0.03173241852487135 0.034375
