0 0.5608591885441527 0.30230326295585414 0.0588703261734288 0.10172744721689059
0 0.5493237867939539 0.16794625719769674 0.09785202863961814 0.12092130518234165
0 0.47772474144789184 0.095489443378119 0.042163882259347654 0.052783109404990404
0 0.5592680986475737 0.07485604606525911 0.07637231503579953 0.08637236084452975
0 0.6233094669848847 0.10652591170825336 0.056483691328560064 0.09021113243761995
0 0.6957040572792363 0.07053742802303263 0.04852824184566428 0.060460652591170824
0 0.7513922036595068 0.1401151631477927 0.07716785998408911 0.19193857965451055
0 0.8186157517899761 0.2763915547024952 0.07159904534606205 0.10940499040307101
0 0.8520286396181385 0.23464491362763915 0.08432776451869531 0.06621880998080613
0 0.9220365950676214 0.258637236084453 0.03818615751789976 0.06813819577735125
0 0.8766905330151153 0.30086372360844527 0.03341288782816229 0.04126679462571977
0 0.8838504375497216 0.3738003838771593 0.03818615751789976 0.04126679462571977
0 0.8031026252983294 0.4001919385796545 0.03102625298329356 0.05758157389635316
0 0.8993635640413684 0.668426103646833 0.11853619729514718 0.14107485604606526
0 0.8977724741447892 0.8104606525911708 0.07080350039777247 0.11420345489443377
0 0.9097056483691329 0.8901151631477927 0.10898965791567224 0.07965451055662187
0 0.7505966587112172 0.9313819577735124 0.1662688941925219 0.10844529750479846
0 0.5712012728719172 0.940978886756238 0.14478918058870327 0.07005758157389635
0 0.6404136833731107 0.7979846449136276 0.11137629276054098 0.16218809980806143
0 0.7195704057279236 0.6698656429942418 0.05489260143198091 0.12476007677543186
0 0.7557677008750995 0.8075815738963531 0.07319013524264122 0.04702495201535509
0 0.8046937151949085 0.7490403071017274 0.050119331742243436 0.04510556621880998
0 0.7931583134447097 0.6477927063339731 0.05091487669053302 0.08637236084452975
0 0.5127287191726333 0.7845489443378119 0.04534606205250597 0.08349328214971209
0 0.3850437549721559 0.9380998080614203 0.06046141607000796 0.04702495201535509
0 0.4303898170246619 0.8997120921305182 0.03341288782816229 0.03358925143953934
0 0.32935560859188545 0.8785988483685221 0.04932378679395386 0.04894433781190019
0 0.25934765314240255 0.668426103646833 0.07796340493237869 0.05662188099808061
0 0.2971360381861575 0.4889635316698656 0.05966587112171838 0.04894433781190019
0 0.2987271280827367 0.387236084452975 0.04375497215592681 0.10460652591170826
0 0.38981702466189344 0.24232245681381956 0.046141607000795545 0.04126679462571977
0 0.5222752585521082 0.41602687140115163 0.053301511535401754 0.050863723608445294
0 0.1475735879077168 0.519193857965451 0.04534606205250597 0.051823416506717845
0 0.0588703261734288 0.5806142034548945 0.08750994431185362 0.13243761996161227
0 0.13365155131264916 0.6180422264875239 0.07955449482895784 0.053742802303262956
0 0.07199681782020685 0.7120921305182342 0.05966587112171838 0.07293666026871401
0 0.041766109785202864 0.7476007677543186 0.06762132060461416 0.19385796545105566
0 0.06722354813046938 0.40930902111324374 0.0517104216388226 0.07581573896353166
0 0.07557677008750995 0.3190978886756238 0.02545743834526651 0.03358925143953934
0 0.09506762132060462 0.236084452975048 0.026252983293556086 0.0690978886756238
0 0.12688941925218775 0.2605566218809981 0.027844073190135245 0.04126679462571977
0 0.038583929992044554 0.2883877159309021 0.023070803500397773 0.0873320537428023
0 0.3750994431185362 0.42370441458733205 0.021479713603818618 0.03358925143953934
0 0.894590294351631 0.0690978886756238 0.03102625298329356 0.03262955854126679
