0 0.5401182432432433 0.298582995951417 0.05827702702702703 0.09919028340080972
0 0.5160472972972974 0.16902834008097167 0.09628378378378379 0.1194331983805668
0 0.4391891891891892 0.1082995951417004 0.04222972972972973 0.05263157894736842
0 0.5168918918918919 0.07692307692307693 0.07601351351351351 0.08502024291497975
0 0.5831925675675677 0.09868421052631579 0.05658783783783784 0.08805668016194332
0 0.6503378378378378 0.053643724696356275 0.0472972972972973 0.058704453441295545
0 0.7119932432432433 0.11336032388663968 0.07601351351351351 0.1882591093117409
0 0.7913851351351352 0.23785425101214575 0.07094594594594594 0.10728744939271255
0 0.8196790540540541 0.19180161943319837 0.08361486486486487 0.06578947368421052
0 0.890625 0.2054655870445344 0.03800675675675676 0.06680161943319839
0 0.8500844594594595 0.25303643724696356 0.03293918918918919 0.04048582995951417
0 0.8640202702702703 0.3233805668016194 0.03885135135135136 0.039473684210526314
0 0.7871621621621622 0.3598178137651822 0.030405405405405407 0.05566801619433198
0 0.9079391891891893 0.6077935222672065 0.11655405405405406 0.13866396761133604
0 0.9201858108108109 0.7469635627530364 0.07010135135135136 0.11133603238866396
0 0.9396114864864865 0.8228744939271255 0.10726351351351351 0.07894736842105263
0 0.7871621621621622 0.8851214574898786 0.16385135135135137 0.1062753036437247
0 0.6123310810810811 0.9190283400809717 0.14358108108108109 0.06882591093117409
0 0.6663851351351352 0.770748987854251 0.1097972972972973 0.15890688259109312
0 0.7318412162162162 0.6346153846153846 0.05489864864864865 0.12145748987854252
0 0.7799831081081081 0.7641700404858299 0.07179054054054054 0.0465587044534413
0 0.8230574324324325 0.7004048582995952 0.049831081081081086 0.04453441295546559
0 0.8015202702702703 0.6022267206477733 0.05067567567567568 0.08502024291497975
0 0.5401182432432433 0.7753036437246964 0.044763513513513514 0.08097165991902834
0 0.42905405405405406 0.9423076923076923 0.060810810810810814 0.0465587044534413
0 0.47001689189189194 0.8987854251012146 0.03293918918918919 0.03441295546558704
0 0.3690878378378379 0.8927125506072875 0.048986486486486486 0.048582995951417005
0 0.2799831081081081 0.6973684210526316 0.07685810810810811 0.05465587044534413
0 0.2998310810810811 0.5172064777327935 0.05912162162162163 0.048582995951417005
0 0.29180743243243246 0.41801619433198384 0.04307432432432433 0.10323886639676114
0 0.36697635135135137 0.26366396761133604 0.044763513513513514 0.039473684210526314
0 0.5135135135135136 0.4144736842105263 0.05236486486486487 0.04959514170040486
0 0.15625 0.5673076923076923 0.045608108108108114 0.05161943319838057
0 0.07474662162162163 0.6396761133603239 0.08530405405405406 0.12955465587044535
0 0.15160472972972974 0.6654858299595142 0.0785472972972973 0.05161943319838057
0 0.10050675675675676 0.7656882591093117 0.05912162162162163 0.07186234817813765
0 0.07390202702702703 0.8046558704453441 0.06672297297297297 0.1902834008097166
0 0.06630067567567569 0.4716599190283401 0.05152027027027027 0.07489878542510121
0 0.06587837837837839 0.38208502024291496 0.02533783783783784 0.03340080971659919
0 0.07728040540540541 0.2990890688259109 0.026182432432432436 0.06781376518218624
0 0.1106418918918919 0.31781376518218624 0.02702702702702703 0.04048582995951417
0 0.027449324324324325 0.35728744939271256 0.022804054054054057 0.08502024291497975
0 0.37035472972972977 0.4423076923076923 0.021114864864864864 0.032388663967611336
0 0.8454391891891893 0.02479757085020243 0.030405405405405407 0.03340080971659919
