0 0.43478260869565216 0.70849609375 0.05958132045088567 0.1025390625
0 0.44806763285024154 0.8447265625 0.09903381642512077 0.123046875
0 0.5213365539452496 0.91650390625 0.0426731078904992 0.0537109375
0 0.4388083735909823 0.939453125 0.07729468599033816 0.087890625
0 0.37318840579710144 0.908203125 0.0571658615136876 0.091796875
0 0.30112721417069244 0.9462890625 0.04830917874396135 0.060546875
0 0.24355877616747182 0.876953125 0.07809983896940419 0.1953125
0 0.17391304347826086 0.73876953125 0.07246376811594203 0.1123046875
0 0.14090177133655393 0.78271484375 0.0853462157809984 0.0673828125
0 0.06964573268921095 0.75927734375 0.039452495974235106 0.0693359375
0 0.11513687600644122 0.71533203125 0.033816425120772944 0.0419921875
0 0.107085346215781 0.64111328125 0.03864734299516908 0.0419921875
0 0.1888083735909823 0.61328125 0.03140096618357488 0.05859375
0 0.08776167471819646 0.34228515625 0.11916264090177134 0.1435546875
0 0.08735909822866345 0.197265625 0.071658615136876 0.115234375
0 0.07447665056360708 0.11669921875 0.11030595813204509 0.0810546875
0 0.23470209339774556 0.072265625 0.1682769726247987 0.111328125
0 0.41626409017713367 0.05908203125 0.14653784219001612 0.0712890625
0 0.34782608695652173 0.20556640625 0.11272141706924316 0.1650390625
0 0.2693236714975845 0.33740234375 0.05555555555555555 0.1259765625
0 0.23148148148148148 0.19775390625 0.07326892109500806 0.0478515625
0 0.1823671497584541 0.25830078125 0.050724637681159424 0.0458984375
0 0.1956521739130435 0.361328125 0.05152979066022544 0.087890625
0 0.47705314009661837 0.216796875 0.04589371980676329 0.083984375
0 0.604669887278583 0.05859375 0.061191626409017714 0.046875
0 0.5587761674718197 0.0986328125 0.033816425120772944 0.03515625
0 0.6610305958132046 0.11767578125 0.0499194847020934 0.0498046875
0 0.7347020933977456 0.330078125 0.07971014492753623 0.056640625
0 0.6988727858293076 0.513671875 0.061191626409017714 0.05078125
0 0.6984702093397746 0.6171875 0.04428341384863124 0.107421875
0 0.6082930756843801 0.76611328125 0.04589371980676329 0.0419921875
0 0.4722222222222222 0.59228515625 0.05394524959742351 0.0517578125
0 0.8494363929146538 0.47998046875 0.04669887278582931 0.0537109375
0 0.9388083735909822 0.416015625 0.08856682769726248 0.134765625
0 0.8627214170692431 0.37939453125 0.07971014492753623 0.0537109375
0 0.9239130434782609 0.2822265625 0.06038647342995169 0.07421875
0 0.9537037037037037 0.24609375 0.06843800322061191 0.197265625
0 0.9327697262479872 0.59033203125 0.05233494363929146 0.0771484375
0 0.9251207729468599 0.6826171875 0.02576489533011272 0.033203125
0 0.9061996779388084 0.7666015625 0.026570048309178744 0.0703125
0 0.8739935587761675 0.74267578125 0.02818035426731079 0.0419921875
0 0.9625603864734299 0.712890625 0.023349436392914653 0.087890625
0 0.6203703703703703 0.5810546875 0.021739130434782608 0.033203125
0 0.10024154589371981 0.95166015625 0.03140096618357488 0.0341796875
