0 0.5699100572363042 0.2966601178781925 0.058871627146361405 0.10019646365422397
0 0.5596892886345053 0.16404715127701375 0.0973017170891251 0.11984282907662082
0 0.4897792313982012 0.09135559921414538 0.04251839738348324 0.05304518664047151
0 0.570727718724448 0.07220039292730844 0.07686017988552739 0.08546168958742632
0 0.634096484055601 0.10363457760314342 0.056418642681929684 0.08939096267190569
0 0.705641864268193 0.06925343811394892 0.04742436631234669 0.05992141453831041
0 0.7608340147179068 0.13899803536345776 0.07604251839738349 0.18958742632612965
0 0.8262469337694195 0.27504911591355596 0.07113654946852004 0.10805500982318271
0 0.8593622240392478 0.23379174852652257 0.08340147179067867 0.06483300589390963
0 0.92886345053148 0.2583497053045187 0.03761242845461979 0.0667976424361493
0 0.8834832379394931 0.2991159135559921 0.033524121013900246 0.04027504911591355
0 0.8896156991005724 0.37180746561886047 0.03761242845461979 0.04027504911591355
0 0.8090760425183974 0.39587426326129665 0.030253475061324614 0.05697445972495088
0 0.902289452166803 0.6630648330058939 0.11692559280457891 0.13948919449901767
0 0.8994276369582993 0.8030451866404714 0.07031888798037612 0.11296660117878192
0 0.910874897792314 0.8821218074656187 0.10793131643499591 0.07858546168958742
0 0.7526573998364677 0.9199410609037327 0.1643499591169256 0.10707269155206287
0 0.5748160261651677 0.9273084479371315 0.1439084219133279 0.06876227897838899
0 0.6447260834014719 0.787328094302554 0.11038430089942763 0.16011787819253437
0 0.7240392477514309 0.6615913555992141 0.05478331970564187 0.12278978388998034
0 0.7587898609975471 0.7986247544204321 0.07195421095666395 0.04715127701375245
0 0.8082583810302535 0.7416502946954813 0.04987735077677841 0.045186640471512766
0 0.7972199509403107 0.6409626719056974 0.050695012264922325 0.08546168958742632
0 0.517988552739166 0.7725933202357563 0.044971381847914965 0.08153241650294694
0 0.3900245298446443 0.9219056974459724 0.06050695012264923 0.04616895874263261
0 0.43540474243663124 0.8845776031434184 0.033524121013900246 0.034381139489194495
0 0.3352412101390025 0.8629666011787819 0.04905968928863451 0.048133595284872294
0 0.26778413736713 0.6542239685658153 0.0776778413736713 0.05500982318271119
0 0.3070318887980376 0.47740667976424356 0.059689288634505316 0.04911591355599214
0 0.3094848732624694 0.3772102161100196 0.04333605887162715 0.10412573673870333
0 0.40106295993458707 0.23526522593320234 0.044971381847914965 0.04027504911591355
0 0.5306623058053966 0.40815324165029465 0.05233033524121014 0.05009823182711198
0 0.15862632869991825 0.5054027504911591 0.04578904333605888 0.052062868369351666
0 0.06950122649223221 0.5648330058939096 0.0866721177432543 0.13163064833005894
0 0.14309076042518398 0.6026522593320235 0.07849550286181521 0.052062868369351666
0 0.08176614881439084 0.6944990176817288 0.058871627146361405 0.07269155206286837
0 0.05151267375306623 0.7293713163064832 0.06704824202780049 0.19155206286836934
0 0.07972199509403108 0.3953831041257367 0.05151267375306623 0.07563850687622789
0 0.08871627146361406 0.30648330058939094 0.025347506132461162 0.03339882121807465
0 0.10915780866721178 0.22495088408644398 0.02698282910874898 0.06876227897838899
0 0.13982011447260834 0.24950884086444006 0.027800490596892886 0.041257367387033395
0 0.05314799672935405 0.2755402750491159 0.02289452166802944 0.08546168958742632
0 0.3851185609157809 0.41404715127701375 0.02125919869174162 0.03241650294695481
0 0.9031071136549469 0.07072691552062868 0.030253475061324614 0.03339882121807465
