0 0.4453125 0.713076923076923 0.060625 0.10615384615384615
0 0.463125 0.8546153846153847 0.10125 0.1276923076923077
0 0.5403125 0.926923076923077 0.043125000000000004 0.055384615384615386
0 0.4565625 0.9538461538461539 0.079375 0.09076923076923077
0 0.3884375 0.925 0.058125 0.09461538461538462
0 0.3153125 0.9676923076923077 0.049375 0.06307692307692307
0 0.2540625 0.8976923076923077 0.079375 0.20307692307692307
0 0.178125 0.7569230769230769 0.07375 0.11538461538461539
0 0.1453125 0.8038461538461539 0.08687500000000001 0.06923076923076923
0 0.0715625 0.7826923076923077 0.039375 0.07153846153846154
0 0.1171875 0.7353846153846154 0.034375 0.043076923076923075
0 0.1065625 0.6580769230769231 0.039375 0.04230769230769231
0 0.18937500000000002 0.6253846153846154 0.03125 0.06
0 0.0775 0.34692307692307695 0.1225 0.14923076923076922
0 0.0728125 0.19615384615384615 0.073125 0.12
0 0.056875 0.11269230769230769 0.1125 0.08384615384615385
0 0.2203125 0.05884615384615385 0.171875 0.11461538461538462
0 0.40625 0.037307692307692306 0.15 0.07307692307692308
0 0.340625 0.1926923076923077 0.115 0.17153846153846153
0 0.2640625 0.33384615384615385 0.056875 0.13076923076923078
0 0.22062500000000002 0.19 0.075 0.04923076923076923
0 0.171875 0.255 0.051250000000000004 0.04692307692307692
0 0.18875 0.36230769230769233 0.0525 0.09076923076923077
0 0.47375 0.19884615384615384 0.04625 0.08692307692307692
0 0.6 0.028076923076923076 0.0625 0.04846153846153846
0 0.5543750000000001 0.07153846153846154 0.03375 0.03538461538461538
0 0.6603125 0.08692307692307692 0.050625 0.05076923076923077
0 0.7421875 0.30538461538461537 0.080625 0.05846153846153846
0 0.7109375 0.4980769230769231 0.061875 0.05153846153846154
0 0.7134375000000001 0.6061538461538462 0.044375 0.11076923076923077
0 0.6253125 0.7657692307692308 0.046875 0.04230769230769231
0 0.48031250000000003 0.5903846153846154 0.054375 0.05307692307692308
0 0.8646875 0.45653846153846156 0.046875 0.054615384615384614
0 0.954375 0.3853846153846154 0.09 0.14
0 0.8753125 0.3507692307692308 0.081875 0.055384615384615386
0 0.935 0.2469230769230769 0.06125 0.07692307692307693
0 0.9646875 0.2073076923076923 0.069375 0.2053846153846154
0 0.9534375 0.5676923076923077 0.053125 0.08
0 0.9484375 0.6642307692307692 0.025625000000000002 0.03461538461538462
0 0.9315625000000001 0.7530769230769231 0.026875 0.07230769230769231
0 0.8978125 0.7292307692307692 0.028125 0.043076923076923075
0 0.9878125 0.6942307692307692 0.023125 0.09153846153846154
0 0.6325000000000001 0.5723076923076923 0.02125 0.033846153846153845
0 0.10875 0.9819230769230769 0.03125 0.03461538461538462
