0 0.4500846023688663 0.29007238883143743 0.06091370558375634 0.10444674250258533
0 0.4695431472081218 0.15201654601861428 0.09983079526226735 0.12616339193381593
0 0.5465313028764806 0.08324715615305067 0.04399323181049069 0.054808686659772496
0 0.46446700507614214 0.054808686659772496 0.07952622673434856 0.08893485005170632
0 0.39720812182741116 0.08169596690796278 0.05837563451776649 0.09307135470527406
0 0.3257191201353638 0.038262668045501554 0.049069373942470386 0.062047569803516035
0 0.2643824027072758 0.10496380558428128 0.07868020304568528 0.19958634953464324
0 0.18739424703891708 0.2409513960703206 0.07360406091370558 0.11375387797311273
0 0.155668358714044 0.19441571871768357 0.08629441624365482 0.06825232678386764
0 0.0829103214890017 0.21354705274043434 0.038917089678511 0.07135470527404345
0 0.127326565143824 0.2611168562564633 0.03468697123519458 0.04239917269906929
0 0.11548223350253807 0.33660806618407446 0.03976311336717428 0.04239917269906929
0 0.1967005076142132 0.37021716649431236 0.031302876480541454 0.059979317476732165
0 0.08248730964467005 0.6401240951396071 0.1209813874788494 0.1468459152016546
0 0.07529610829103214 0.7874870734229577 0.0727580372250423 0.1189245087900724
0 0.05837563451776649 0.8686659772492245 0.1116751269035533 0.0827300930713547
0 0.21869712351945853 0.9250258531540849 0.17005076142131978 0.1127197518097208
0 0.40143824027072755 0.9503619441571872 0.14805414551607443 0.07238883143743537
0 0.3392554991539763 0.7967942088934851 0.11336717428087986 0.16856256463288521
0 0.26607445008460234 0.657187176835574 0.05668358714043993 0.12926577042399173
0 0.22081218274111675 0.7967942088934851 0.07445008460236886 0.04860392967942089
0 0.17385786802030456 0.7321613236814892 0.051607445008460234 0.047569803516028956
0 0.19204737732656513 0.6271975180972079 0.052453468697123515 0.08996897621509825
0 0.4703891708967851 0.7936918304033093 0.04568527918781726 0.08583247156153051
0 0.5922165820642977 0.9632885211995864 0.06260575296108291 0.04860392967942089
0 0.5478003384094754 0.9198552223371252 0.03468697123519458 0.03619441571871768
0 0.6522842639593909 0.907445708376422 0.050761421319796954 0.05067218200620476
0 0.7364636209813874 0.6949327817993796 0.08037225042301184 0.0579110651499483
0 0.7085448392554992 0.5062047569803516 0.06175972927241963 0.05067218200620476
0 0.7123519458544839 0.4002068252326784 0.04399323181049069 0.10961737331954499
0 0.6277495769881557 0.2425025853154085 0.047377326565143825 0.04239917269906929
0 0.4826565143824027 0.41106514994829374 0.05499153976311336 0.052740434332988625
0 0.8591370558375634 0.5501551189245089 0.04653130287648054 0.05377456049638056
0 0.9462774957698815 0.6220268872802482 0.08883248730964467 0.13753877973112721
0 0.8680203045685279 0.6540847983453982 0.08121827411167512 0.054808686659772496
0 0.9255499153976311 0.7569803516028956 0.06091370558375634 0.07652533609100311
0 0.953891708967851 0.7957600827300931 0.06852791878172589 0.2016546018614271
0 0.947969543147208 0.4431230610134437 0.0532994923857868 0.07962771458117891
0 0.944585448392555 0.3490175801447777 0.026226734348561757 0.03412616339193382
0 0.9293570219966159 0.26163391933815927 0.027918781725888325 0.07238883143743537
0 0.8959390862944162 0.28438469493278185 0.028764805414551606 0.04343329886246122
0 0.9839255499153976 0.3205791106514995 0.023688663282571912 0.09100310237849019
0 0.631979695431472 0.4317476732161324 0.021996615905245345 0.03412616339193382
0 0.12225042301184433 0.019648397104446744 0.031302876480541454 0.035160289555325755
