0 0.5417376490630323 0.2963917525773196 0.059625212947189095 0.10206185567010309
0 0.5195911413969335 0.16237113402061856 0.09880749574105623 0.12268041237113403
0 0.44293015332197616 0.0979381443298969 0.04258943781942078 0.053608247422680416
0 0.522572402044293 0.06804123711340207 0.07751277683134583 0.0865979381443299
0 0.5898637137989778 0.09175257731958764 0.05706984667802385 0.09072164948453608
0 0.6588586030664395 0.04793814432989691 0.048551959114139696 0.060824742268041236
0 0.7201873935264055 0.11134020618556702 0.07751277683134583 0.19381443298969073
0 0.7985519591141397 0.24175257731958763 0.07240204429301533 0.11030927835051546
0 0.8283645655877343 0.19536082474226804 0.08432708688245315 0.06701030927835051
0 0.9003407155025553 0.21185567010309278 0.039182282793867124 0.06907216494845361
0 0.8577512776831346 0.25876288659793817 0.034071550255536626 0.041237113402061855
0 0.8705281090289608 0.3319587628865979 0.039182282793867124 0.041237113402061855
0 0.7917376490630323 0.36701030927835054 0.031516183986371384 0.0577319587628866
0 0.9088586030664395 0.6257731958762887 0.11925042589437819 0.1422680412371134
0 0.9182282793867121 0.7690721649484537 0.07155025553662692 0.1154639175257732
0 0.936541737649063 0.8474226804123711 0.10988074957410562 0.08041237113402062
0 0.780664395229983 0.906701030927835 0.16609880749574105 0.11030927835051546
0 0.6017887563884157 0.9365979381443299 0.14565587734241908 0.0711340206185567
0 0.6601362862010222 0.7850515463917526 0.11243611584327087 0.16391752577319588
0 0.7291311754684838 0.6474226804123712 0.056218057921635436 0.12577319587628866
0 0.7759795570698467 0.7819587628865979 0.07325383304940375 0.04845360824742268
0 0.8206984667802385 0.7180412371134021 0.05025553662691652 0.04639175257731959
0 0.801107325383305 0.6170103092783505 0.051959114139693355 0.08762886597938145
0 0.5310902896081772 0.7860824742268041 0.04514480408858603 0.08350515463917527
0 0.4148211243611584 0.954639175257732 0.06132879045996593 0.04742268041237113
0 0.4578364565587734 0.911340206185567 0.03321976149914821 0.03505154639175258
0 0.35477001703577515 0.9020618556701031 0.05025553662691652 0.04948453608247423
0 0.2683134582623509 0.6984536082474226 0.07836456558773425 0.05670103092783505
0 0.2921635434412266 0.5134020618556702 0.06132879045996593 0.04948453608247423
0 0.28620102214650767 0.4108247422680412 0.044293015332197615 0.10618556701030928
0 0.36626916524701875 0.25463917525773194 0.04599659284497445 0.041237113402061855
0 0.5119250425894378 0.4144329896907217 0.05281090289608177 0.051546391752577324
0 0.14480408858603067 0.5608247422680412 0.04599659284497445 0.053608247422680416
0 0.06090289608177172 0.6329896907216495 0.08773424190800681 0.13402061855670103
0 0.13798977853492334 0.6618556701030928 0.08006814310051108 0.053608247422680416
0 0.08390119250425894 0.7628865979381444 0.06047700170357751 0.07422680412371134
0 0.056643952299829645 0.8020618556701031 0.06729131175468483 0.1958762886597938
0 0.05579216354344123 0.45927835051546395 0.051959114139693355 0.07731958762886598
0 0.05706984667802385 0.3675257731958763 0.02555366269165247 0.034020618556701035
0 0.0706984667802385 0.2824742268041237 0.027257240204429302 0.07010309278350516
0 0.10434412265758092 0.30360824742268044 0.028109028960817718 0.042268041237113405
0 0.018313458262350937 0.3407216494845361 0.022998296422487224 0.08762886597938145
0 0.3658432708688245 0.43917525773195876 0.02129471890971039 0.032989690721649485
0 0.8577512776831346 0.02422680412371134 0.030664395229982964 0.034020618556701035
