0 0.43471208434712083 0.5939629990262902 0.024330900243309004 0.03894839337877313
0 0.33779399837794 0.6280428432327166 0.028386050283860504 0.03894839337877313
0 0.3832116788321168 0.5881207400194742 0.025141930251419302 0.03700097370983447
0 0.3223844282238443 0.5326192794547225 0.034874290348742905 0.033106134371957155
0 0.28345498783454987 0.5920155793573515 0.020275750202757504 0.027263875365141188
0 0.2396593673965937 0.5525803310613437 0.0413625304136253 0.04771178188899708
0 0.14720194647201948 0.624634858812074 0.0413625304136253 0.030185004868549175
0 0.16423357664233576 0.691333982473223 0.04460665044606651 0.09152872444011685
0 0.14476885644768858 0.8125608568646544 0.06569343065693431 0.1139240506329114
0 0.1954582319545823 0.8067185978578384 0.047039740470397405 0.045764362220058426
0 0.2047850770478508 0.8919182083739046 0.09489051094890512 0.08568646543330088
0 0.05677210056772101 0.873904576436222 0.05352798053527981 0.0691333982473223
0 0.07988645579886457 0.7336903602726388 0.07380373073803731 0.11976630963972737
0 0.014193025141930252 0.711781888997079 0.008921330089213302 0.054527750730282376
0 0.6220600162206001 0.22151898734177217 0.06974858069748581 0.05744888023369036
0 0.6370640713706407 0.1679649464459591 0.030008110300081103 0.05160662122687439
0 0.5364963503649636 0.2103213242453749 0.028386050283860504 0.023369036027263874
0 0.45174371451743717 0.2667964946445959 0.025952960259529603 0.027263875365141188
0 0.9128142741281428 0.9625121713729309 0.07542579075425791 0.05160662122687439
0 0.8171127331711273 0.9625121713729309 0.04460665044606651 0.0379746835443038
0 0.8771289537712895 0.8962999026290166 0.05758313057583131 0.09250243427458618
0 0.8223844282238443 0.870983446932814 0.06001622060016221 0.08081791626095423
0 0.7818329278183292 0.888510223953262 0.06163828061638281 0.11197663096397274
0 0.8260340632603407 0.7891918208373905 0.0705596107055961 0.07497565725413827
0 0.8004866180048662 0.6796494644595911 0.0373073803730738 0.06815968841285297
0 0.907948094079481 0.7575462512171374 0.07704785077047852 0.0934761441090555
0 0.9448499594484996 0.830574488802337 0.025952960259529603 0.054527750730282376
0 0.894566098945661 0.6665043816942552 0.07137064071370641 0.11002921129503408
0 0.8252230332522303 0.5472249269717624 0.07704785077047852 0.1460564751703992
0 0.9022708840227088 0.49707887049659205 0.0786699107866991 0.18597857838364168
0 0.9103811841038119 0.13631937682570594 0.0786699107866991 0.09152872444011685
0 0.83779399837794 0.06815968841285297 0.1411192214111922 0.033106134371957155
0 0.9748580697485807 0.13924050632911392 0.038929440389294405 0.11295034079844207
