0 0.43791118421052627 0.612008072653885 0.02549342105263158 0.04137235116044399
0 0.3388157894736842 0.6543895055499496 0.029605263157894735 0.04137235116044399
0 0.3840460526315789 0.6094853683148335 0.02631578947368421 0.04036326942482341
0 0.3182565789473684 0.5544904137235116 0.03618421052631579 0.035317860746720484
0 0.28042763157894735 0.62058526740666 0.021381578947368418 0.028254288597376387
0 0.23314144736842105 0.5812310797174571 0.04358552631578947 0.050454086781029264
0 0.140625 0.6644803229061554 0.042763157894736836 0.03128153380423814
0 0.1611842105263158 0.7341069626639758 0.046052631578947366 0.09788092835519677
0 0.14638157894736842 0.8647830474268415 0.06907894736842105 0.12108980827447023
0 0.19942434210526314 0.855196770938446 0.04851973684210526 0.04944500504540868
0 0.21299342105263155 0.9445005045408679 0.09868421052631579 0.09081735620585267
0 0.05797697368421052 0.9359233097880928 0.055098684210526314 0.07366296670030273
0 0.0756578947368421 0.7855701311806257 0.07730263157894736 0.12815338042381433
0 0.006167763157894737 0.7663975782038345 0.009046052631578948 0.05751765893037336
0 0.6151315789473684 0.20232088799192735 0.07401315789473684 0.0615539858728557
0 0.6282894736842105 0.144803229061554 0.03125 0.05549949545913219
0 0.5259046052631579 0.19626639757820383 0.030427631578947366 0.025227043390514632
0 0.43996710526315785 0.2623612512613522 0.02631578947368421 0.028254288597376387
0 0.953125 0.9702320887991928 0.07894736842105263 0.05549949545913219
0 0.8540296052631579 0.9767911200807265 0.046875 0.04036326942482341
0 0.9132401315789473 0.9021190716448032 0.060032894736842105 0.09889001009081735
0 0.8544407894736842 0.8789101917255298 0.0625 0.08678102926337034
0 0.8129111842105262 0.9006054490413724 0.0649671052631579 0.12008072653884964
0 0.8544407894736842 0.7916246215943491 0.07401315789473684 0.07971745711402624
0 0.8227796052631579 0.6770938446014128 0.03865131578947368 0.07265388496468214
0 0.9383223684210525 0.7522704339051464 0.0805921052631579 0.09989909182643794
0 0.9802631578947368 0.82744702320888 0.02631578947368421 0.05852674066599395
0 0.9198190789473684 0.6559031281533805 0.07483552631578946 0.1170534813319879
0 0.8421052631578947 0.5343087790110999 0.0805921052631579 0.15640766902119072
0 0.9198190789473684 0.47578203834510596 0.08141447368421052 0.1987891019172553
0 0.9111842105263157 0.09233097880928355 0.08223684210526315 0.09788092835519677
0 0.8326480263157894 0.024217961654894045 0.14720394736842105 0.034308779011099896
0 0.9782072368421052 0.09031281533804238 0.04029605263157895 0.12008072653884964
