0 0.5599662162162162 0.3848547717842324 0.02533783783783784 0.04149377593360996
0 0.6583614864864865 0.34024896265560167 0.029560810810810814 0.04149377593360996
0 0.613597972972973 0.38589211618257263 0.026182432432432436 0.03941908713692946
0 0.6803209459459459 0.43983402489626555 0.03631756756756757 0.035269709543568464
0 0.7174831081081081 0.37344398340248963 0.021114864864864864 0.029045643153526972
0 0.765625 0.4113070539419087 0.04307432432432433 0.0508298755186722
0 0.8568412162162162 0.32676348547717843 0.04307432432432433 0.03112033195020747
0 0.8353040540540541 0.2567427385892116 0.0472972972972973 0.09854771784232365
0 0.847972972972973 0.12603734439834025 0.06925675675675676 0.12136929460580913
0 0.7956081081081081 0.13641078838174273 0.048986486486486486 0.0487551867219917
0 0.7808277027027027 0.04719917012448133 0.09881756756756757 0.09024896265560166
0 0.9358108108108109 0.052904564315352696 0.05574324324324324 0.07468879668049792
0 0.9201858108108109 0.20383817427385892 0.07685810810810811 0.1275933609958506
0 0.9902871621621622 0.22147302904564314 0.009290540540540541 0.05705394190871369
0 0.38724662162162166 0.7982365145228216 0.07347972972972973 0.061203319502074686
0 0.37457770270270274 0.8563278008298755 0.03125 0.054979253112033194
0 0.477195945945946 0.8023858921161826 0.030405405405405407 0.025933609958506226
0 0.5620777027027027 0.7349585062240664 0.026182432432432436 0.028008298755186723
0 0.03969594594594595 0.03578838174273859 0.0793918918918919 0.054979253112033194
0 0.13893581081081083 0.026970954356846474 0.04645270270270271 0.03941908713692946
0 0.08065878378378379 0.10269709543568464 0.05996621621621622 0.09958506224066391
0 0.13935810810810811 0.125 0.0625 0.08609958506224066
0 0.18074324324324326 0.10269709543568464 0.0641891891891892 0.12033195020746888
0 0.140625 0.2121369294605809 0.07347972972972973 0.07987551867219916
0 0.17398648648648649 0.3262448132780083 0.03885135135135136 0.07365145228215768
0 0.057432432432432436 0.25311203319502074 0.08108108108108109 0.09958506224066391
0 0.014358108108108109 0.17946058091286307 0.02702702702702703 0.058091286307053944
0 0.07685810810810811 0.3495850622406639 0.07432432432432433 0.11825726141078838
0 0.15625 0.4699170124481328 0.08108108108108109 0.15560165975103735
0 0.0789695945945946 0.5300829875518672 0.08192567567567569 0.19917012448132781
0 0.09248310810810811 0.9144190871369294 0.08192567567567569 0.09854771784232365
0 0.1722972972972973 0.9808091286307054 0.14695945945945946 0.03423236514522822
0 0.02533783783783784 0.9180497925311203 0.04054054054054054 0.12033195020746888
