0 0.5618022328548644 0.38791423001949316 0.024720893141945775 0.04093567251461988
0 0.6606858054226475 0.3469785575048733 0.029505582137161084 0.04093567251461988
0 0.6152312599681021 0.3908382066276803 0.02631578947368421 0.03898635477582846
0 0.6798245614035088 0.44541910331384016 0.03588516746411483 0.03508771929824561
0 0.7185007974481659 0.38109161793372315 0.02073365231259968 0.029239766081871343
0 0.7647527910685805 0.4205653021442495 0.0430622009569378 0.049707602339181284
0 0.8572567783094099 0.3391812865497076 0.0430622009569378 0.031189083820662766
0 0.8373205741626795 0.26949317738791423 0.046251993620414676 0.09649122807017543
0 0.8524720893141946 0.14083820662768032 0.0685805422647528 0.11988304093567251
0 0.8006379585326954 0.15009746588693956 0.04784688995215311 0.04873294346978557
0 0.7874800637958532 0.06140350877192982 0.09808612440191387 0.08966861598440545
0 0.9413875598086124 0.07115009746588694 0.05502392344497608 0.07407407407407407
0 0.9226475279106858 0.21978557504873292 0.07655502392344497 0.12573099415204678
0 0.9916267942583732 0.23976608187134502 0.008771929824561403 0.056530214424951264
0 0.3827751196172249 0.7914230019493177 0.0733652312599681 0.06042884990253411
0 0.36881977671451355 0.8479532163742689 0.03110047846889952 0.05458089668615984
0 0.47169059011164277 0.7977582846003898 0.029505582137161084 0.024366471734892786
0 0.5570175438596491 0.7334307992202729 0.02631578947368421 0.028265107212475632
0 0.05263157894736842 0.028265107212475632 0.07814992025518341 0.05458089668615984
0 0.15151515151515152 0.022417153996101363 0.046251993620414676 0.03898635477582846
0 0.09210526315789473 0.09551656920077972 0.05980861244019139 0.09746588693957114
0 0.1499202551834131 0.11939571150097465 0.06220095693779904 0.0847953216374269
0 0.19098883572567782 0.09844054580896686 0.0645933014354067 0.1189083820662768
0 0.14912280701754385 0.20565302144249512 0.0733652312599681 0.07797270955165692
0 0.18022328548644337 0.3192007797270955 0.03827751196172249 0.07309941520467836
0 0.06578947368421052 0.24366471734892786 0.08054226475279107 0.09746588693957114
0 0.024720893141945775 0.16910331384015592 0.02711323763955343 0.057504873294346975
0 0.08333333333333333 0.3386939571150097 0.07416267942583732 0.11598440545808966
0 0.1594896331738437 0.4600389863547758 0.07974481658692185 0.1539961013645224
0 0.08213716108452951 0.5170565302144249 0.08133971291866028 0.195906432748538
0 0.08811802232854865 0.8971734892787524 0.08213716108452951 0.09649122807017543
0 0.16547049441786285 0.9649122807017543 0.145933014354067 0.03508771929824561
0 0.02113237639553429 0.8981481481481481 0.04066985645933014 0.11793372319688109
