0 0.43547077922077926 0.5985507246376811 0.02353896103896104 0.03768115942028986
0 0.3392857142857143 0.6294685990338164 0.0275974025974026 0.03768115942028986
0 0.38474025974025977 0.5922705314009662 0.024350649350649352 0.03671497584541063
0 0.3262987012987013 0.5367149758454106 0.034090909090909095 0.03188405797101449
0 0.286525974025974 0.5932367149758454 0.01948051948051948 0.027053140096618356
0 0.24431818181818182 0.553623188405797 0.040584415584415584 0.0463768115942029
0 0.15259740259740262 0.621256038647343 0.040584415584415584 0.028985507246376812
0 0.16801948051948054 0.6869565217391305 0.04383116883116883 0.08888888888888889
0 0.14610389610389612 0.8048309178743961 0.06493506493506494 0.11014492753623188
0 0.19642857142857145 0.8004830917874396 0.045454545454545456 0.04541062801932367
0 0.2041396103896104 0.8830917874396135 0.09334415584415585 0.08309178743961353
0 0.05844155844155845 0.8618357487922705 0.05194805194805195 0.06763285024154589
0 0.08400974025974027 0.7260869565217392 0.07224025974025974 0.11690821256038647
0 0.019886363636363636 0.7028985507246377 0.00892857142857143 0.05314009661835749
0 0.6270292207792209 0.24057971014492752 0.0689935064935065 0.05603864734299517
0 0.6428571428571429 0.18888888888888888 0.029220779220779224 0.051207729468599035
0 0.5430194805194806 0.22705314009661834 0.0275974025974026 0.02318840579710145
0 0.45819805194805197 0.2801932367149758 0.025162337662337664 0.025120772946859903
0 0.8993506493506495 0.9710144927536232 0.07467532467532469 0.050241545893719805
0 0.8051948051948052 0.9685990338164251 0.04383116883116883 0.0357487922705314
0 0.8656655844155845 0.9057971014492754 0.05600649350649351 0.08985507246376812
0 0.8120941558441559 0.8792270531400966 0.05925324675324676 0.07922705314009662
0 0.7715097402597403 0.8951690821256039 0.06087662337662338 0.10917874396135266
0 0.8173701298701299 0.7995169082125604 0.06980519480519481 0.07246376811594203
0 0.794237012987013 0.6922705314009662 0.03652597402597403 0.06666666666666667
0 0.8985389610389611 0.7710144927536232 0.07629870129870131 0.09082125603864734
0 0.9330357142857143 0.8429951690821256 0.025162337662337664 0.05314009661835749
0 0.8863636363636365 0.6816425120772946 0.06980519480519481 0.1072463768115942
0 0.8210227272727273 0.563768115942029 0.07548701298701299 0.14202898550724638
0 0.8977272727272728 0.5164251207729469 0.07629870129870131 0.18067632850241547
0 0.9119318181818182 0.16521739130434782 0.07711038961038962 0.08888888888888889
0 0.8421266233766235 0.09710144927536232 0.1387987012987013 0.03188405797101449
0 0.9752435064935066 0.16956521739130434 0.038149350649350655 0.10917874396135266
