0 0.4378306878306878 0.6102702702702703 0.025573192239858905 0.04216216216216216
0 0.3386243386243386 0.652972972972973 0.029982363315696647 0.041081081081081085
0 0.3835978835978836 0.6081081081081081 0.026455026455026454 0.04
0 0.3187830687830688 0.552972972972973 0.036155202821869487 0.03567567567567568
0 0.2804232804232804 0.6189189189189189 0.021164021164021163 0.02918918918918919
0 0.23324514991181655 0.5794594594594594 0.043209876543209874 0.04972972972972973
0 0.140652557319224 0.6621621621621622 0.043209876543209874 0.03135135135135135
0 0.16181657848324515 0.7318918918918919 0.04673721340388007 0.0972972972972973
0 0.1468253968253968 0.8627027027027027 0.06966490299823633 0.12108108108108108
0 0.1988536155202822 0.8524324324324325 0.048500881834215165 0.04864864864864865
0 0.21340388007054673 0.9416216216216217 0.09876543209876543 0.09081081081081081
0 0.0582010582010582 0.9335135135135135 0.054673721340388004 0.0745945945945946
0 0.07583774250440917 0.7832432432432432 0.07760141093474426 0.1264864864864865
0 0.006613756613756613 0.7637837837837838 0.009700176366843033 0.057297297297297295
0 0.615079365079365 0.20216216216216218 0.07319223985890652 0.06054054054054054
0 0.628747795414462 0.14432432432432432 0.031746031746031744 0.055135135135135134
0 0.5264550264550264 0.1962162162162162 0.029982363315696647 0.024864864864864864
0 0.44047619047619047 0.2616216216216216 0.027336860670194002 0.02810810810810811
0 0.9519400352733686 0.9691891891891892 0.07848324514991181 0.055135135135135134
0 0.8531746031746031 0.9756756756756757 0.04673721340388007 0.04
0 0.911816578483245 0.9010810810810811 0.059964726631393295 0.09837837837837839
0 0.8536155202821869 0.8778378378378379 0.06349206349206349 0.08648648648648649
0 0.8121693121693121 0.898918918918919 0.06525573192239859 0.12
0 0.8536155202821869 0.7908108108108108 0.07407407407407407 0.07891891891891892
0 0.8218694885361552 0.6767567567567567 0.03880070546737213 0.07351351351351351
0 0.937389770723104 0.7513513513513513 0.08112874779541446 0.09945945945945946
0 0.9792768959435626 0.8264864864864865 0.027336860670194002 0.057297297297297295
0 0.9188712522045854 0.6556756756756756 0.07407407407407407 0.11783783783783784
0 0.841710758377425 0.534054054054054 0.08024691358024691 0.15567567567567567
0 0.9193121693121693 0.47513513513513517 0.082010582010582 0.19783783783783784
0 0.9113756613756613 0.09297297297297298 0.082010582010582 0.0972972972972973
0 0.8328924162257495 0.024864864864864864 0.1472663139329806 0.034594594594594595
0 0.9779541446208112 0.09081081081081081 0.04056437389770723 0.11891891891891893
