0 0.5609375 0.3842307692307692 0.024375 0.040769230769230766
0 0.660625 0.3396153846153846 0.02875 0.040769230769230766
0 0.6153125 0.38576923076923075 0.025625000000000002 0.03923076923076923
0 0.6815625 0.4403846153846154 0.035625000000000004 0.03461538461538462
0 0.7196875 0.37346153846153846 0.020625 0.02846153846153846
0 0.7675000000000001 0.4126923076923077 0.0425 0.05
0 0.86 0.32769230769230767 0.0425 0.03076923076923077
0 0.83875 0.2573076923076923 0.04625 0.09769230769230769
0 0.8525 0.12538461538461537 0.06875 0.12153846153846154
0 0.7996875 0.13576923076923078 0.048125 0.04846153846153846
0 0.785 0.045384615384615384 0.09875 0.09076923076923077
0 0.94125 0.052307692307692305 0.055 0.07384615384615384
0 0.9246875 0.20461538461538462 0.076875 0.1276923076923077
0 0.995 0.2230769230769231 0.00875 0.05692307692307692
0 0.3853125 0.7996153846153846 0.073125 0.06076923076923077
0 0.3721875 0.8580769230769231 0.030625 0.054615384615384614
0 0.4753125 0.8046153846153846 0.029375000000000002 0.024615384615384615
0 0.56125 0.7369230769230769 0.02625 0.027692307692307693
0 0.039375 0.027307692307692307 0.07875 0.054615384615384614
0 0.139375 0.019615384615384614 0.04625 0.03923076923076923
0 0.0803125 0.09538461538461539 0.059375000000000004 0.09846153846153846
0 0.139375 0.11846153846153847 0.0625 0.08615384615384615
0 0.1809375 0.09615384615384616 0.064375 0.12
0 0.14 0.20653846153846153 0.07375 0.07923076923076923
0 0.1728125 0.3219230769230769 0.038125 0.07307692307692308
0 0.0559375 0.2473076923076923 0.080625 0.09923076923076923
0 0.013125 0.17192307692307693 0.02625 0.057692307692307696
0 0.0753125 0.34423076923076923 0.074375 0.1176923076923077
0 0.1540625 0.4665384615384615 0.080625 0.15615384615384614
0 0.07625 0.5265384615384615 0.08125 0.19923076923076924
0 0.0878125 0.9142307692307692 0.081875 0.09769230769230769
0 0.1675 0.9819230769230769 0.1475 0.03461538461538462
0 0.02 0.916923076923077 0.04 0.12
