0 0.4396404109589041 0.38485804416403785 0.02482876712328767 0.04206098843322818
0 0.3407534246575342 0.3401682439537329 0.02910958904109589 0.04100946372239748
0 0.3857020547945205 0.38590956887486855 0.026541095890410957 0.03995793901156677
0 0.3193493150684931 0.4400630914826498 0.03595890410958904 0.03470031545741325
0 0.28125 0.3732912723449001 0.021404109589041095 0.029442691903259724
0 0.23373287671232876 0.41219768664563616 0.04280821917808219 0.050473186119873815
0 0.14212328767123286 0.32702418506834907 0.04280821917808219 0.031545741324921134
0 0.16352739726027396 0.25709779179810727 0.046232876712328765 0.09779179810725552
0 0.1502568493150685 0.12618296529968454 0.06934931506849315 0.12197686645636172
0 0.2033390410958904 0.13617245005257622 0.0488013698630137 0.04942166140904311
0 0.21832191780821916 0.04679284963196635 0.09931506849315068 0.0914826498422713
0 0.062071917808219176 0.053101997896950574 0.05565068493150685 0.07465825446898001
0 0.0783390410958904 0.20399579390115666 0.07791095890410958 0.12828601472134596
0 0.008133561643835616 0.222397476340694 0.009417808219178082 0.05783385909568875
0 0.613013698630137 0.7986330178759201 0.07363013698630136 0.06203995793901156
0 0.6254280821917808 0.8569926393270242 0.031678082191780824 0.054679284963196635
0 0.5231164383561644 0.8033648790746583 0.030821917808219176 0.025236593059936908
0 0.4379280821917808 0.7355415352260778 0.026541095890410957 0.028391167192429023
0 0.9601883561643835 0.033648790746582544 0.07962328767123288 0.054679284963196635
0 0.8608732876712328 0.025236593059936908 0.047089041095890405 0.03995793901156677
0 0.9195205479452054 0.10094637223974763 0.059931506849315065 0.09884332281808622
0 0.860445205479452 0.12355415352260778 0.06335616438356165 0.08727655099894847
0 0.8193493150684931 0.10094637223974763 0.06506849315068493 0.1198738170347003
0 0.8591609589041096 0.2113564668769716 0.074486301369863 0.07991587802313355
0 0.8261986301369862 0.3259726603575184 0.039383561643835614 0.07360672975814932
0 0.9430650684931506 0.2518401682439537 0.08133561643835616 0.09989484752891693
0 0.9858732876712328 0.17770767613038907 0.026541095890410957 0.05888538380651945
0 0.9233732876712328 0.3480546792849632 0.074486301369863 0.1177707676130389
0 0.8446061643835616 0.46950578338590954 0.08133561643835616 0.15667718191377497
0 0.9216609589041095 0.5294426919032598 0.08133561643835616 0.19873817034700314
0 0.908390410958904 0.9143007360672976 0.0821917808219178 0.09779179810725552
0 0.8287671232876712 0.9810725552050473 0.14726027397260272 0.035751840168243953
0 0.9760273972602739 0.9174553101997897 0.0410958904109589 0.12092534174553102
