0 0.4373983739837398 0.6067913385826772 0.024390243902439025 0.040354330708661415
0 0.3394308943089431 0.6441929133858267 0.028455284552845527 0.040354330708661415
0 0.3849593495934959 0.6028543307086615 0.025203252032520326 0.038385826771653545
0 0.3227642276422764 0.547244094488189 0.03577235772357724 0.033464566929133854
0 0.283739837398374 0.6087598425196851 0.02113821138211382 0.02854330708661417
0 0.23902439024390243 0.5693897637795275 0.04227642276422764 0.04822834645669291
0 0.1467479674796748 0.6451771653543307 0.041463414634146344 0.03051181102362205
0 0.16504065040650406 0.7130905511811023 0.04552845528455285 0.09350393700787402
0 0.14715447154471545 0.8380905511811023 0.06666666666666667 0.1171259842519685
0 0.1983739837398374 0.8307086614173228 0.04715447154471545 0.047244094488188976
0 0.2097560975609756 0.9173228346456693 0.0959349593495935 0.08661417322834646
0 0.05894308943089431 0.9030511811023622 0.05447154471544716 0.0718503937007874
0 0.08008130081300813 0.7588582677165354 0.07560975609756097 0.1220472440944882
0 0.012601626016260163 0.7381889763779528 0.00894308943089431 0.05511811023622047
0 0.6211382113821138 0.22096456692913385 0.07154471544715447 0.058070866141732284
0 0.6353658536585366 0.1658464566929134 0.03008130081300813 0.05216535433070866
0 0.5341463414634147 0.21161417322834644 0.029268292682926828 0.023622047244094488
0 0.44878048780487806 0.27165354330708663 0.026016260162601626 0.027559055118110236
0 0.9292682926829269 0.9714566929133858 0.07642276422764227 0.0531496062992126
0 0.832520325203252 0.9739173228346456 0.04552845528455285 0.038385826771653545
0 0.891869918699187 0.90501968503937 0.058536585365853655 0.09547244094488189
0 0.8353658536585366 0.8799212598425197 0.06097560975609756 0.0826771653543307
0 0.7947154471544715 0.8991141732283464 0.06260162601626017 0.11515748031496063
0 0.8378048780487805 0.7962598425196851 0.07235772357723577 0.07677165354330709
0 0.8101626016260163 0.6850393700787402 0.038211382113821135 0.07086614173228346
0 0.9207317073170732 0.7618110236220472 0.07886178861788617 0.09448818897637795
0 0.959349593495935 0.8356299212598425 0.026016260162601626 0.05511811023622047
0 0.9052845528455284 0.6687992125984252 0.07235772357723577 0.11318897637795275
0 0.8329268292682926 0.5487204724409449 0.07886178861788617 0.14862204724409447
0 0.9101626016260163 0.4955708661417323 0.07886178861788617 0.18996062992125984
0 0.9121951219512195 0.1264763779527559 0.07967479674796749 0.09350393700787402
0 0.8373983739837398 0.05905511811023622 0.14308943089430895 0.033464566929133854
0 0.9776422764227642 0.12746062992125984 0.03983739837398374 0.11515748031496063
