0 0.4388576025744167 0.38461538461538464 0.024939662107803698 0.04142011834319527
0 0.3403057119871279 0.33974358974358976 0.02896218825422365 0.04043392504930967
0 0.38495575221238937 0.38560157790927024 0.02654867256637168 0.03944773175542406
0 0.31898632341110217 0.4388560157790927 0.036202735317779566 0.03550295857988166
0 0.2815768302493966 0.3722879684418146 0.020917135961383747 0.028599605522682446
0 0.23411102172164117 0.4107495069033531 0.04344328238133548 0.05029585798816568
0 0.1427996781979083 0.3254437869822485 0.042638777152051485 0.03155818540433925
0 0.164923572003218 0.25641025641025644 0.046661303298471436 0.09664694280078896
0 0.15205148833467416 0.1257396449704142 0.06918744971842317 0.121301775147929
0 0.20434432823813353 0.13658777120315582 0.04827031375703942 0.04832347140039448
0 0.21922767497988735 0.04733727810650888 0.0989541432019308 0.09072978303747535
0 0.06476267095736121 0.05276134122287969 0.05551086082059533 0.07396449704142012
0 0.07964601769911504 0.20364891518737674 0.07723250201126307 0.12721893491124261
0 0.01005631536604988 0.22090729783037477 0.008849557522123894 0.05719921104536489
0 0.6098149637972646 0.7968441814595661 0.0740144810941271 0.0611439842209073
0 0.6222847948511665 0.8550295857988166 0.031375703942075624 0.05522682445759369
0 0.5205148833467417 0.8007889546351086 0.030571198712791632 0.025641025641025644
0 0.4360418342719227 0.7332347140039448 0.02735317779565567 0.028599605522682446
0 0.9589702333065164 0.038461538461538464 0.07884151246983105 0.05522682445759369
0 0.8600160901045856 0.02958579881656805 0.046661303298471436 0.03944773175542406
0 0.917940466613033 0.10552268244575938 0.05953338696701528 0.09861932938856016
0 0.8592115848753016 0.12771203155818542 0.06275140788415125 0.08579881656804735
0 0.8181818181818181 0.10502958579881658 0.06436041834271922 0.1193293885601578
0 0.8576025744167337 0.21449704142011836 0.0740144810941271 0.07988165680473373
0 0.82461786001609 0.32840236686390534 0.038616251005631534 0.07297830374753451
0 0.9404666130329846 0.25542406311637084 0.08045052292839903 0.09861932938856016
0 0.9835076427996782 0.1819526627218935 0.02654867256637168 0.0581854043392505
0 0.9207562349155269 0.351577909270217 0.0748189863234111 0.11735700197238659
0 0.8415124698310539 0.47090729783037477 0.08045052292839903 0.15483234714003946
0 0.918342719227675 0.5310650887573964 0.08125502815768303 0.19822485207100593
0 0.9038616251005631 0.9137080867850099 0.08125502815768303 0.09763313609467456
0 0.8242156074014481 0.9797830374753452 0.1472244569589702 0.03451676528599606
0 0.9710378117457763 0.9176528599605523 0.04022526146419952 0.1193293885601578
