0 0.43843750000000004 0.615 0.024375 0.040769230769230766
0 0.33875 0.6596153846153846 0.02875 0.040769230769230766
0 0.38406250000000003 0.6134615384615385 0.025625000000000002 0.03923076923076923
0 0.3178125 0.5588461538461539 0.035625000000000004 0.03461538461538462
0 0.27968750000000003 0.6257692307692307 0.020625 0.02846153846153846
0 0.231875 0.5865384615384616 0.0425 0.05
0 0.139375 0.6715384615384615 0.0425 0.03076923076923077
0 0.160625 0.7419230769230769 0.04625 0.09769230769230769
0 0.146875 0.8738461538461538 0.06875 0.12153846153846154
0 0.19968750000000002 0.8634615384615385 0.048125 0.04846153846153846
0 0.214375 0.9538461538461539 0.09875 0.09076923076923077
0 0.058125 0.9469230769230769 0.055 0.07384615384615384
0 0.0746875 0.7946153846153846 0.076875 0.1276923076923077
0 0.004375 0.7761538461538462 0.00875 0.05692307692307692
0 0.6140625000000001 0.1996153846153846 0.073125 0.06076923076923077
0 0.6271875 0.14115384615384616 0.030625 0.054615384615384614
0 0.5240625 0.1946153846153846 0.029375000000000002 0.024615384615384615
0 0.438125 0.2623076923076923 0.02625 0.027692307692307693
0 0.96 0.9719230769230769 0.07875 0.054615384615384614
0 0.86 0.9796153846153847 0.04625 0.03923076923076923
0 0.9190625 0.9038461538461539 0.059375000000000004 0.09846153846153846
0 0.86 0.8807692307692307 0.0625 0.08615384615384615
0 0.8184375 0.9030769230769231 0.064375 0.12
0 0.859375 0.7926923076923077 0.07375 0.07923076923076923
0 0.8265625 0.6773076923076923 0.038125 0.07307692307692308
0 0.9434375 0.7519230769230769 0.080625 0.09923076923076923
0 0.9862500000000001 0.8273076923076923 0.02625 0.057692307692307696
0 0.9240625 0.655 0.074375 0.1176923076923077
0 0.8453125 0.5326923076923077 0.080625 0.15615384615384614
0 0.923125 0.4726923076923077 0.08125 0.19923076923076924
0 0.9115625 0.085 0.081875 0.09769230769230769
0 0.831875 0.01730769230769231 0.1475 0.03461538461538462
0 0.979375 0.0823076923076923 0.04 0.12
