0 0.153125 0.9446153846153846 0.06 0.07384615384615384
0 0.148125 0.85 0.09375 0.08461538461538462
0 0.2096875 0.39615384615384613 0.031875 0.08923076923076922
0 0.96375 0.045384615384615384 0.04875 0.08615384615384615
0 0.9753125 0.12730769230769232 0.025625000000000002 0.057692307692307696
0 0.5171875 0.014615384615384615 0.056875 0.024615384615384615
0 0.1940625 0.8176923076923077 0.019375 0.03076923076923077
0 0.3771875 0.24653846153846154 0.085625 0.07307692307692308
0 0.23750000000000002 0.3303846153846154 0.055 0.08076923076923077
0 0.3025 0.28384615384615386 0.03125 0.043076923076923075
0 0.16468750000000001 0.22884615384615384 0.053125 0.045384615384615384
0 0.235625 0.24384615384615385 0.0325 0.04153846153846154
0 0.845 0.15576923076923077 0.20875 0.11461538461538462
0 0.6240625 0.02846153846153846 0.041875 0.052307692307692305
0 0.5796875 0.021923076923076924 0.035625000000000004 0.03923076923076923
0 0.6528125 0.07384615384615384 0.039375 0.04461538461538461
0 0.725625 0.16653846153846155 0.02125 0.025384615384615384
0 0.7146875 0.14 0.023125 0.03076923076923077
