0 0.8347589424572317 0.9447619047619048 0.059875583203732506 0.07428571428571429
0 0.8405909797822706 0.8514285714285714 0.09331259720062209 0.0838095238095238
0 0.7838258164852255 0.4038095238095238 0.03265940902021773 0.08952380952380952
0 0.04082426127527216 0.047619047619047616 0.048989113530326596 0.08571428571428572
0 0.028382581648522552 0.1280952380952381 0.025660964230171075 0.058095238095238096
0 0.48289269051321926 0.023333333333333334 0.05754276827371695 0.025714285714285714
0 0.7954898911353032 0.8195238095238095 0.02021772939346812 0.03142857142857143
0 0.6189735614307932 0.2542857142857143 0.08553654743390357 0.07238095238095238
0 0.7562208398133748 0.33904761904761904 0.0552099533437014 0.08
0 0.692457231726283 0.2923809523809524 0.03188180404354588 0.04380952380952381
0 0.8297045101088647 0.24 0.05287713841368585 0.045714285714285714
0 0.7593312597200622 0.25333333333333335 0.03343701399688958 0.0419047619047619
0 0.15668740279937793 0.1580952380952381 0.20762052877138415 0.11428571428571428
0 0.37674961119751166 0.03571428571428571 0.042768273716951785 0.05238095238095238
0 0.42068429237947125 0.030476190476190476 0.03576982892690513 0.04
0 0.3479782270606532 0.08047619047619048 0.03965785381026438 0.04476190476190476
0 0.2748833592534992 0.17095238095238094 0.02255054432348367 0.025714285714285714
0 0.28615863141524106 0.1442857142857143 0.02332814930015552 0.03142857142857143
