0 0.1640625 0.9415384615384615 0.059375000000000004 0.07384615384615384
0 0.15875 0.8473076923076923 0.09375 0.08384615384615385
0 0.2203125 0.3934615384615385 0.031875 0.09
0 0.9746875 0.04269230769230769 0.048125 0.08538461538461538
0 0.9859375 0.125 0.025625000000000002 0.057692307692307696
0 0.528125 0.012307692307692308 0.05625 0.024615384615384615
0 0.2053125 0.8153846153846154 0.019375 0.03076923076923077
0 0.3884375 0.24423076923076922 0.085625 0.07307692307692308
0 0.24875 0.3280769230769231 0.055 0.08076923076923077
0 0.31375000000000003 0.2815384615384615 0.03125 0.043076923076923075
0 0.1759375 0.22653846153846155 0.053125 0.045384615384615384
0 0.246875 0.24153846153846154 0.0325 0.04153846153846154
0 0.8562500000000001 0.15346153846153845 0.20875 0.11461538461538462
0 0.6353125000000001 0.026153846153846153 0.041875 0.052307692307692305
0 0.5909375 0.019615384615384614 0.035625000000000004 0.03923076923076923
0 0.6640625 0.07153846153846154 0.039375 0.04461538461538461
0 0.7368750000000001 0.16423076923076924 0.02125 0.025384615384615384
0 0.7259375 0.1376923076923077 0.023125 0.03076923076923077
