0 0.15151515151515152 0.056387225548902194 0.05896805896805897 0.07285429141716566
0 0.14496314496314497 0.14820359281437123 0.09336609336609338 0.08283433133732535
0 0.196969696969697 0.590818363273453 0.03194103194103194 0.08782435129740518
0 0.9307944307944308 0.9525948103792414 0.048321048321048325 0.08483033932135728
0 0.9438984438984439 0.872754491017964 0.02538902538902539 0.05688622754491018
0 0.49180999180999185 0.9705588822355289 0.056511056511056514 0.024950099800399198
0 0.1891891891891892 0.1811377245508982 0.01965601965601966 0.03093812375249501
0 0.35913185913185913 0.7405189620758482 0.08435708435708436 0.0718562874251497
0 0.2231777231777232 0.655189620758483 0.054873054873054876 0.07884231536926146
0 0.2866502866502867 0.7020958083832335 0.031122031122031123 0.04291417165668662
0 0.1502866502866503 0.7519960079840319 0.05323505323505324 0.044910179640718556
0 0.22031122031122033 0.7390219560878243 0.03276003276003276 0.04091816367265469
0 0.816953316953317 0.841816367265469 0.20556920556920558 0.11277445109780439
0 0.5974610974610975 0.9590818363273452 0.041769041769041775 0.05189620758483034
0 0.5536445536445537 0.964570858283433 0.036036036036036036 0.03892215568862275
0 0.6265356265356266 0.9161676646706586 0.03931203931203932 0.04391217564870259
0 0.6998361998361999 0.8278443113772455 0.022113022113022116 0.024950099800399198
0 0.6883701883701884 0.8537924151696606 0.023751023751023753 0.03093812375249501
