0 0.1325 0.9484615384615385 0.06 0.07384615384615384
0 0.1275 0.8538461538461538 0.09375 0.08461538461538462
0 0.1890625 0.4 0.031875 0.08923076923076922
0 0.943125 0.04923076923076923 0.04875 0.08615384615384615
0 0.9546875 0.13115384615384615 0.025625000000000002 0.057692307692307696
0 0.4965625 0.01846153846153846 0.056875 0.024615384615384615
0 0.1734375 0.8215384615384616 0.019375 0.03076923076923077
0 0.3571875 0.25115384615384617 0.085625 0.07307692307692308
0 0.2175 0.335 0.055 0.08076923076923077
0 0.28250000000000003 0.28846153846153844 0.03125 0.043076923076923075
0 0.1446875 0.23346153846153847 0.053125 0.045384615384615384
0 0.215625 0.24846153846153846 0.0325 0.04153846153846154
0 0.8250000000000001 0.16038461538461538 0.20875 0.11461538461538462
0 0.6040625000000001 0.03307692307692308 0.041875 0.052307692307692305
0 0.5596875 0.02653846153846154 0.035625000000000004 0.03923076923076923
0 0.6328125 0.07846153846153846 0.039375 0.04461538461538461
0 0.7056250000000001 0.17115384615384616 0.02125 0.025384615384615384
0 0.6946875 0.14461538461538462 0.023125 0.03076923076923077
