0 0.12687500000000002 0.05076923076923077 0.06 0.07384615384615384
0 0.121875 0.1453846153846154 0.09375 0.08461538461538462
0 0.1834375 0.5992307692307692 0.031875 0.08923076923076922
0 0.9375 0.95 0.04875 0.08615384615384615
0 0.9490625 0.8680769230769231 0.025625000000000002 0.057692307692307696
0 0.4909375 0.9807692307692307 0.056875 0.024615384615384615
0 0.1678125 0.1776923076923077 0.019375 0.03076923076923077
0 0.3515625 0.7488461538461538 0.085625 0.07307692307692308
0 0.211875 0.665 0.055 0.08076923076923077
0 0.276875 0.7115384615384616 0.03125 0.043076923076923075
0 0.1390625 0.7665384615384615 0.053125 0.045384615384615384
0 0.21 0.7515384615384615 0.0325 0.04153846153846154
0 0.819375 0.8396153846153847 0.20875 0.11461538461538462
0 0.5984375000000001 0.9669230769230769 0.041875 0.052307692307692305
0 0.5540625 0.9734615384615385 0.035625000000000004 0.03923076923076923
0 0.6271875 0.9215384615384615 0.039375 0.04461538461538461
0 0.7000000000000001 0.8288461538461539 0.02125 0.025384615384615384
0 0.6890625 0.8553846153846154 0.023125 0.03076923076923077
