0 0.8413098236775819 0.06174089068825911 0.05877413937867338 0.0708502024291498
0 0.8501259445843828 0.15030364372469635 0.08984047019311503 0.07995951417004049
0 0.8098236775818639 0.5799595141700405 0.031066330814441646 0.08502024291497975
0 0.10201511335012595 0.9549595141700405 0.04785894206549118 0.08198380566801619
0 0.0873215785054576 0.8790485829959515 0.025188916876574305 0.05566801619433198
0 0.5310663308144417 0.9564777327935223 0.054575986565911 0.024291497975708502
0 0.8073047858942065 0.18319838056680163 0.019311502938706968 0.03036437246963563
0 0.6553316540722082 0.7302631578947368 0.08312342569269521 0.06983805668016195
0 0.7858942065491183 0.6427125506072875 0.05373635600335852 0.07692307692307693
0 0.72544080604534 0.6907894736842105 0.030226700251889168 0.04149797570850203
0 0.8597816960537363 0.7332995951417004 0.052057094878253565 0.043522267206477734
0 0.7909319899244333 0.7236842105263158 0.03190596137699412 0.04048582995951417
0 0.21116708648194793 0.8436234817813765 0.20067170445004198 0.1082995951417004
0 0.427791771620487 0.9498987854251012 0.04114189756507137 0.04959514170040486
0 0.4706129303106633 0.9529352226720648 0.03442485306465155 0.03744939271255061
0 0.3984047019311503 0.9089068825910931 0.03778337531486146 0.04251012145748988
0 0.3249370277078086 0.826417004048583 0.0218303946263644 0.025303643724696356
0 0.336272040302267 0.8507085020242915 0.022670025188916875 0.029352226720647773
