0 0.13817427385892117 0.9102306920762286 0.05892116182572614 0.0712136409227683
0 0.13692946058091285 0.820962888665998 0.0912863070539419 0.08124373119358075
0 0.21161825726141079 0.3936810431293882 0.03153526970954357 0.08525576730190572
0 0.9518672199170124 0.10030090270812438 0.04813278008298755 0.08224674022066199
0 0.9601659751037345 0.17853560682046138 0.024896265560165973 0.05616850551654965
0 0.5219917012448133 0.0481444332998997 0.056431535269709544 0.02407221664994985
0 0.1821576763485477 0.7923771313941825 0.01908713692946058 0.03009027081243731
0 0.3788381742738589 0.26078234704112335 0.08381742738589211 0.07021063189568706
0 0.24107883817427386 0.33350050150451355 0.05394190871369294 0.07723169508525576
0 0.30580912863070536 0.29237713139418253 0.030705394190871368 0.041123370110330994
0 0.17468879668049792 0.23319959879638916 0.05228215767634855 0.04312938816449348
0 0.24273858921161826 0.25075225677031093 0.032365145228215764 0.04012036108324975
0 0.833609958506224 0.1990972918756269 0.2016597510373444 0.10932798395185557
0 0.624896265560166 0.06720160481444333 0.04149377593360996 0.05015045135406219
0 0.5821576763485476 0.058676028084252756 0.03568464730290456 0.03911735205616851
0 0.6510373443983403 0.11183550651955868 0.03900414937759336 0.04312938816449348
0 0.7178423236514523 0.20310932798395184 0.021576763485477178 0.025075225677031094
0 0.7087136929460581 0.17753259779338015 0.023236514522821577 0.03009027081243731
