0 0.8639788997739262 0.8666965888689407 0.05651846269781462 0.06732495511669659
0 0.8624717407686511 0.7805206463195692 0.08816880180859081 0.07809694793536805
0 0.7750565184626979 0.3765709156193896 0.03089675960813866 0.08168761220825853
0 0.04785229841748304 0.131508078994614 0.045968349660889224 0.07809694793536805
0 0.042577241899020346 0.2069120287253142 0.024868123587038434 0.05296229802513465
0 0.46307460437076114 0.06104129263913824 0.053504144687264506 0.02333931777378815
0 0.8172569706103994 0.755834829443447 0.018839487565938208 0.02872531418312388
0 0.6085154483798041 0.25763016157989227 0.08063300678221552 0.06642728904847398
0 0.7445365486058779 0.32001795332136446 0.05275056518462698 0.07450628366247757
0 0.6808590806330068 0.28411131059245964 0.0293896006028636 0.04039497307001796
0 0.8059532780708365 0.22127468581687612 0.050489826676714394 0.0421903052064632
0 0.7403918613413715 0.24147217235188512 0.03089675960813866 0.03770197486535009
0 0.1657874905802562 0.2203770197486535 0.19593067068575734 0.10502692998204669
0 0.3636021100226074 0.08393177737881509 0.039939713639789 0.04757630161579893
0 0.4050489826676714 0.07405745062836624 0.03391107761868877 0.03680430879712747
0 0.3398643556895252 0.12746858168761221 0.037678975131876416 0.04129263913824058
0 0.27807083647324793 0.21858168761220825 0.021100226073850793 0.024236983842010774
0 0.2863602110022607 0.1938958707360862 0.02260738507912585 0.02872531418312388
