0 0.15125 0.9469230769230769 0.06 0.07384615384615384
0 0.14625 0.8523076923076923 0.09375 0.08461538461538462
0 0.2078125 0.3984615384615385 0.031875 0.08923076923076922
0 0.961875 0.047692307692307694 0.04875 0.08615384615384615
0 0.9734375000000001 0.1296153846153846 0.025625000000000002 0.057692307692307696
0 0.5153125000000001 0.016923076923076923 0.056875 0.024615384615384615
0 0.1921875 0.82 0.019375 0.03076923076923077
0 0.37593750000000004 0.24884615384615386 0.085625 0.07307692307692308
0 0.23625000000000002 0.3326923076923077 0.055 0.08076923076923077
0 0.30125 0.28615384615384615 0.03125 0.043076923076923075
0 0.1634375 0.23115384615384615 0.053125 0.045384615384615384
0 0.234375 0.24615384615384617 0.0325 0.04153846153846154
0 0.84375 0.1580769230769231 0.20875 0.11461538461538462
0 0.6228125 0.03076923076923077 0.041875 0.052307692307692305
0 0.5784375 0.02423076923076923 0.035625000000000004 0.03923076923076923
0 0.6515625 0.07615384615384616 0.039375 0.04461538461538461
0 0.724375 0.16884615384615384 0.02125 0.025384615384615384
0 0.7134375000000001 0.1423076923076923 0.023125 0.03076923076923077
