0 0.15638207945900254 0.061266874350986496 0.06086221470836855 0.07476635514018691
0 0.15173288250211325 0.1557632398753894 0.09382924767540152 0.08515057113187954
0 0.21470836855452238 0.6064382139148494 0.032121724429416736 0.08930425752855659
0 0.9670329670329669 0.95067497403946 0.04902789518174133 0.0861889927310488
0 0.978021978021978 0.8691588785046729 0.027049873203719356 0.058151609553478714
0 0.5224006762468301 0.9839044652128764 0.057480980557903634 0.02596053997923157
0 0.1978021978021978 0.18743509865005192 0.02028740490278952 0.032191069574247146
0 0.3820794590025359 0.7533748701973001 0.08622147083685544 0.07372793354101766
0 0.24260355029585798 0.6708203530633436 0.05579036348267117 0.08099688473520249
0 0.30769230769230765 0.7170301142263759 0.032121724429416736 0.04465212876427829
0 0.17075232459847844 0.7725856697819314 0.05409974640743871 0.04569055036344756
0 0.24133558748943362 0.7570093457943925 0.03296703296703297 0.041536863966770504
0 0.8482671174978866 0.8411214953271028 0.20879120879120877 0.1142263759086189
0 0.628909551986475 0.9693665628245067 0.042265426880811495 0.0529595015576324
0 0.584530853761623 0.9755970924195223 0.03634826711749788 0.040498442367601244
0 0.6572273879966187 0.9236760124610591 0.039729501267962805 0.04465212876427829
0 0.7295012679628063 0.8312564901349948 0.021978021978021976 0.02596053997923157
0 0.7185122569737954 0.857736240913811 0.023668639053254437 0.03115264797507788
