0 0.14421487603305785 0.05455455455455455 0.05867768595041322 0.07107107107107107
0 0.13677685950413224 0.14414414414414414 0.09173553719008264 0.08208208208208208
0 0.18223140495867768 0.5795795795795796 0.032231404958677684 0.08608608608608609
0 0.9016528925619834 0.9484484484484484 0.04793388429752066 0.08308308308308308
0 0.9152892561983471 0.8708708708708709 0.0256198347107438 0.056056056056056056
0 0.46818181818181814 0.9574574574574575 0.05537190082644628 0.025025025025025023
0 0.18016528925619835 0.17717717717717718 0.01983471074380165 0.03003003003003003
0 0.3400826446280992 0.7297297297297297 0.08347107438016528 0.07007007007007007
0 0.20743801652892563 0.6436436436436437 0.05454545454545454 0.07807807807807808
0 0.2690082644628099 0.6906906906906907 0.030578512396694214 0.04204204204204204
0 0.13388429752066117 0.7367367367367368 0.05289256198347107 0.044044044044044044
0 0.20289256198347108 0.7257257257257257 0.032231404958677684 0.04004004004004004
0 0.790495867768595 0.8378378378378378 0.2024793388429752 0.11011011011011011
0 0.5727272727272728 0.948948948948949 0.04132231404958678 0.050050050050050046
0 0.5293388429752066 0.9529529529529529 0.03553719008264463 0.03803803803803804
0 0.6020661157024794 0.9069069069069069 0.03884297520661157 0.044044044044044044
0 0.675206611570248 0.8223223223223223 0.021487603305785124 0.025025025025025023
0 0.6636363636363636 0.8468468468468469 0.023140495867768594 0.03003003003003003
