0 0.15729421352893236 0.11844660194174757 0.05704971475142624 0.06796116504854369
0 0.1589242053789731 0.20485436893203882 0.08801955990220048 0.07766990291262135
0 0.24531377343113284 0.6097087378640776 0.030969845150774243 0.08155339805825243
0 0.9735126324368377 0.8572815533980582 0.04645476772616137 0.07961165048543689
0 0.9788101059494702 0.7820388349514563 0.024449877750611245 0.05339805825242718
0 0.5574572127139364 0.9271844660194174 0.05378973105134474 0.02330097087378641
0 0.2041564792176039 0.23009708737864076 0.018744906275468622 0.029126213592233007
0 0.4119804400977995 0.7296116504854369 0.08068459657701711 0.06699029126213592
0 0.27587612061939687 0.666504854368932 0.05297473512632436 0.07475728155339806
0 0.3394458027709861 0.7024271844660194 0.03015484922575387 0.039805825242718446
0 0.2143439282803586 0.7655339805825242 0.05052974735126324 0.04174757281553398
0 0.2795436022819886 0.7451456310679612 0.030969845150774243 0.037864077669902914
0 0.8553382233088834 0.7679611650485436 0.19641401792991034 0.10485436893203882
0 0.6564792176039119 0.903883495145631 0.03993480032599837 0.04854368932038835
0 0.6157294213528932 0.9140776699029126 0.03341483292583537 0.035922330097087375
0 0.680521597392013 0.8601941747572815 0.037489812550937245 0.040776699029126215
0 0.7428687856560717 0.7694174757281553 0.020374898125509373 0.024271844660194174
0 0.7343113284433578 0.7941747572815534 0.022819885900570495 0.029126213592233007
