0 0.12769353551476456 0.943025540275049 0.06065442936951317 0.07465618860510805
0 0.12250598563447726 0.8482318271119842 0.09497206703910616 0.08546168958742632
0 0.18435754189944134 0.3953831041257367 0.03192338387869114 0.08939096267190569
0 0.9377494014365523 0.04616895874263261 0.04948124501197127 0.08644400785854617
0 0.9493216280925778 0.12770137524557956 0.026336791699920193 0.058939096267190565
0 0.4916201117318436 0.014734774066797641 0.05746209098164406 0.02554027504911591
0 0.16839584996009577 0.8163064833005893 0.020750199521149242 0.03143418467583497
0 0.35195530726256985 0.24656188605108054 0.08619313647246608 0.07465618860510805
0 0.2122905027932961 0.33055009823182707 0.0558659217877095 0.08153241650294694
0 0.27773343974461295 0.28388998035363455 0.03192338387869114 0.043222003929273084
0 0.13966480446927376 0.22838899803536344 0.05426975259377494 0.04616895874263261
0 0.21069433359936154 0.24410609037328093 0.0335195530726257 0.04223968565815324
0 0.8192338387869115 0.15667976424361493 0.20989624900239426 0.11493123772102161
0 0.5985634477254589 0.029469548133595282 0.04309656823623304 0.05304518664047151
0 0.554269752593775 0.022593320235756383 0.035913806863527534 0.03929273084479371
0 0.627294493216281 0.07465618860510805 0.03990422984836393 0.045186640471512766
0 0.6999201915403033 0.16748526522593318 0.0223463687150838 0.026522593320235755
0 0.6887470071827614 0.1404715127701375 0.023942537909018357 0.03143418467583497
