0 0.1640625 0.057692307692307696 0.059375000000000004 0.07384615384615384
0 0.15875 0.1519230769230769 0.09375 0.08384615384615385
0 0.2203125 0.6057692307692307 0.031875 0.09
0 0.9746875 0.9569230769230769 0.048125 0.08615384615384615
0 0.9859375 0.8742307692307693 0.025625000000000002 0.057692307692307696
0 0.528125 0.9873076923076923 0.05625 0.025384615384615384
0 0.2053125 0.18384615384615385 0.019375 0.03076923076923077
0 0.3884375 0.755 0.085625 0.07307692307692308
0 0.24875 0.6711538461538461 0.055 0.08076923076923077
0 0.31375000000000003 0.7176923076923077 0.03125 0.043076923076923075
0 0.1759375 0.7726923076923077 0.053125 0.045384615384615384
0 0.246875 0.7576923076923077 0.0325 0.04153846153846154
0 0.8562500000000001 0.8457692307692307 0.20875 0.11461538461538462
0 0.6353125000000001 0.9730769230769231 0.041875 0.052307692307692305
0 0.5909375 0.9796153846153847 0.035625000000000004 0.03923076923076923
0 0.6640625 0.9276923076923077 0.039375 0.04461538461538461
0 0.7368750000000001 0.835 0.02125 0.025384615384615384
0 0.7259375 0.8615384615384616 0.023125 0.03076923076923077
