0 0.8046218487394958 0.9351570415400203 0.05798319327731093 0.07092198581560284
0 0.8134453781512605 0.8465045592705168 0.09075630252100841 0.0800405268490375
0 0.7722689075630252 0.4164133738601824 0.0319327731092437 0.08510638297872342
0 0.06260504201680672 0.04204660587639311 0.04789915966386555 0.08206686930091187
0 0.04789915966386555 0.11854103343465046 0.025210084033613446 0.0547112462006079
0 0.492436974789916 0.03951367781155016 0.055462184873949584 0.024316109422492405
0 0.7701680672268908 0.8135764944275583 0.019327731092436976 0.030395136778115502
0 0.6172268907563025 0.26595744680851063 0.08319327731092438 0.06990881458966566
0 0.7478991596638656 0.353596757852077 0.05378151260504202 0.07700101317122594
0 0.6873949579831933 0.3054711246200608 0.030252100840336138 0.04154002026342452
0 0.8218487394957984 0.2619047619047619 0.052100840336134456 0.04356636271529889
0 0.7529411764705882 0.27203647416413373 0.0319327731092437 0.03951367781155016
0 0.17184873949579832 0.1529888551165147 0.2008403361344538 0.1094224924012158
0 0.38865546218487396 0.04660587639311044 0.041176470588235294 0.050658561296859174
0 0.4319327731092437 0.0430597771023303 0.03529411764705882 0.037487335359675786
0 0.3596638655462185 0.08763931104356637 0.03865546218487395 0.04356636271529889
0 0.28613445378151264 0.17021276595744683 0.02100840336134454 0.024316109422492405
0 0.29747899159663865 0.14589665653495443 0.023529411764705882 0.030395136778115502
