0 0.13063829787234044 0.06614583333333333 0.06042553191489362 0.07395833333333333
0 0.12680851063829787 0.15885416666666666 0.09361702127659574 0.084375
0 0.19234042553191488 0.6046875 0.03234042553191489 0.08854166666666667
0 0.9425531914893617 0.9385416666666666 0.04851063829787234 0.08541666666666667
0 0.9527659574468085 0.8578125 0.026382978723404255 0.057291666666666664
0 0.5008510638297873 0.9755208333333333 0.05702127659574468 0.026041666666666668
0 0.1727659574468085 0.190625 0.020425531914893616 0.03125
0 0.36 0.7489583333333333 0.0851063829787234 0.07291666666666667
0 0.22085106382978723 0.66875 0.05531914893617021 0.08125
0 0.28595744680851065 0.7135416666666666 0.03234042553191489 0.04375
0 0.15021276595744681 0.7697916666666667 0.05361702127659575 0.04583333333333333
0 0.22 0.7541666666666667 0.033191489361702124 0.041666666666666664
0 0.8238297872340425 0.8312499999999999 0.2076595744680851 0.11458333333333333
0 0.6068085106382979 0.9598958333333333 0.0425531914893617 0.053125
0 0.5629787234042554 0.9666666666666667 0.03659574468085106 0.03958333333333333
0 0.634468085106383 0.9151041666666666 0.04 0.04479166666666667
0 0.705531914893617 0.8223958333333333 0.022127659574468085 0.026041666666666668
0 0.6953191489361702 0.8489583333333334 0.023829787234042554 0.03125
