0 0.16061339790153348 0.05905511811023622 0.05972558514931396 0.07283464566929133
0 0.15375302663438256 0.15108267716535434 0.09281678773204197 0.08366141732283465
0 0.2062146892655367 0.5939960629921259 0.03147699757869249 0.08759842519685039
0 0.940274414850686 0.9557086614173228 0.048426150121065374 0.08464566929133858
0 0.9531880548829701 0.8759842519685039 0.0258272800645682 0.05708661417322834
0 0.5012106537530266 0.9734251968503936 0.05649717514124294 0.025590551181102362
0 0.19814366424535915 0.18356299212598426 0.020177562550443905 0.03051181102362205
0 0.3684422921711057 0.7436023622047244 0.0847457627118644 0.0718503937007874
0 0.23244552058111378 0.6584645669291338 0.05488297013720742 0.07874015748031496
0 0.29580306698950765 0.7052165354330708 0.03147699757869249 0.04232283464566929
0 0.15940274414850686 0.7549212598425197 0.052461662631154156 0.045275590551181105
0 0.22921711057304275 0.7421259842519685 0.03228410008071025 0.04133858267716535
0 0.8260694108151735 0.8444881889763779 0.20581113801452783 0.11220472440944881
0 0.6069410815173527 0.9621062992125984 0.041969330104923326 0.05216535433070866
0 0.562953995157385 0.96751968503937 0.03631961259079903 0.03937007874015748
0 0.635593220338983 0.9187992125984252 0.03954802259887005 0.04429133858267716
0 0.7090395480225988 0.8307086614173228 0.021791767554479417 0.025590551181102362
0 0.6977401129943502 0.8562992125984252 0.02340597255851493 0.031496062992125984
