0 0.8268621236133122 0.9410058027079303 0.05942947702060222 0.0735009671179884
0 0.8332012678288432 0.8491295938104448 0.09270998415213946 0.08317214700193423
0 0.7805071315372425 0.4047388781431335 0.03169572107765452 0.08800773694390716
0 0.04477020602218701 0.04448742746615087 0.04833597464342314 0.0851063829787234
0 0.0320919175911252 0.12427466150870406 0.026148969889064975 0.05705996131528047
0 0.48415213946117275 0.02562862669245648 0.05705229793977813 0.024177949709864605
0 0.7888272583201268 0.816247582205029 0.019809825673534072 0.030947775628626693
0 0.6176703645007924 0.2553191489361702 0.08478605388272584 0.07156673114119923
0 0.7539619651347068 0.3404255319148936 0.05467511885895404 0.0793036750483559
0 0.6905705229793978 0.2935203094777563 0.030903328050713157 0.043520309477756286
0 0.8268621236133122 0.2432301740812379 0.05309033280507132 0.045454545454545456
0 0.7571315372424723 0.2562862669245648 0.03248811410459588 0.04061895551257253
0 0.15927099841521394 0.15522243713733075 0.20602218700475436 0.11315280464216634
0 0.3783676703645008 0.0367504835589942 0.041996830427892234 0.05222437137330754
0 0.42274167987321715 0.031431334622823985 0.03565768621236133 0.03965183752417795
0 0.34944532488114105 0.08027079303675048 0.039619651347068144 0.04448742746615087
0 0.2765451664025357 0.16876208897485492 0.022187004754358162 0.02611218568665377
0 0.2876386687797147 0.14313346228239845 0.02377179080824089 0.030947775628626693
