0 0.5490625 0.16923076923076924 0.051875000000000004 0.07384615384615384
0 0.2925 0.43653846153846154 0.0725 0.08692307692307692
0 0.174375 0.6003846153846154 0.058750000000000004 0.05615384615384615
0 0.2328125 0.7946153846153846 0.038125 0.04153846153846154
0 0.23125 0.7207692307692307 0.0325 0.05076923076923077
0 0.2990625 0.5176923076923077 0.054375 0.04153846153846154
0 0.443125 0.07923076923076923 0.08125 0.11846153846153847
0 0.386875 0.315 0.02 0.031538461538461536
0 0.35000000000000003 0.3819230769230769 0.03875 0.036153846153846154
0 0.395 0.24576923076923077 0.02625 0.05923076923076923
0 0.3984375 0.835 0.025625000000000002 0.03
0 0.4346875 0.8088461538461539 0.023125 0.026923076923076925
0 0.2290625 0.4703846153846154 0.020625 0.026923076923076925
0 0.4415625 0.6165384615384616 0.025625000000000002 0.026923076923076925
0 0.3434375 0.4296153846153846 0.020625 0.026923076923076925
0 0.3765625 0.6196153846153846 0.019375 0.023846153846153847
0 0.241875 0.665 0.0225 0.025384615384615384
0 0.196875 0.40192307692307694 0.06125 0.10076923076923076
0 0.3921875 0.7407692307692307 0.024375 0.027692307692307693
0 0.7784375 0.18423076923076923 0.040625 0.08692307692307692
0 0.509375 0.8623076923076923 0.025 0.03076923076923077
0 0.4328125 0.48538461538461536 0.020625 0.027692307692307693
0 0.481875 0.8065384615384615 0.02125 0.02846153846153846
0 0.4946875 0.2746153846153846 0.028125 0.03230769230769231
0 0.32875 0.27192307692307693 0.04 0.03
0 0.4325 0.7373076923076923 0.01875 0.023846153846153847
0 0.3153125 0.63 0.060625 0.07076923076923076
0 0.18125 0.7023076923076923 0.03875 0.04153846153846154
0 0.4478125 0.688076923076923 0.016875 0.019230769230769232
0 0.6575 0.5257692307692308 0.01875 0.023846153846153847
0 0.6446875 0.021538461538461538 0.044375 0.021538461538461538
0 0.7546875000000001 0.12538461538461537 0.040625 0.024615384615384615
0 0.6121875 0.026153846153846153 0.108125 0.03076923076923077
0 0.3503125 0.4503846153846154 0.036875 0.06846153846153846
0 0.2171875 0.5334615384615384 0.014375 0.01769230769230769
