0 0.518896447467876 0.17730173199635368 0.050642479213907785 0.07019143117593436
0 0.2830687830687831 0.4434822242479489 0.07029478458049887 0.0829535095715588
0 0.17687074829931973 0.6048313582497721 0.05744520030234316 0.053783044667274384
0 0.24074074074074076 0.7839562443026435 0.037037037037037035 0.040109389243391066
0 0.2362055933484505 0.7142206016408387 0.03250188964474679 0.04831358249772106
0 0.29327286470143615 0.5195989061075661 0.052910052910052914 0.040109389243391066
0 0.41345427059712775 0.09890610756608934 0.07860922146636433 0.1121239744758432
0 0.3688586545729403 0.3236098450319052 0.019652305366591082 0.03099361896080219
0 0.3363567649281935 0.3887876025524157 0.03779289493575208 0.03555150410209663
0 0.3741496598639456 0.25797629899726526 0.025699168556311415 0.056517775752051046
0 0.40098261526832957 0.8113035551504102 0.024943310657596373 0.02917046490428441
0 0.4349962207105064 0.7848678213309025 0.02343159486016629 0.02552415679124886
0 0.22411186696900984 0.47903372835004554 0.020408163265306124 0.02643573381950775
0 0.4338624338624339 0.6039197812215132 0.025699168556311415 0.02643573381950775
0 0.3321995464852608 0.43436645396536006 0.020408163265306124 0.02643573381950775
0 0.37150415721844293 0.6107566089334548 0.01889644746787604 0.023701002734731084
0 0.24414210128495845 0.6613491340018232 0.022675736961451247 0.024612579762989972
0 0.19009826152683296 0.4170464904284412 0.05971277399848829 0.09571558796718323
0 0.39153439153439157 0.7233363719234275 0.02418745275888133 0.02643573381950775
0 0.7392290249433107 0.17730173199635368 0.039304610733182165 0.0829535095715588
0 0.508692365835223 0.8309024612579763 0.02418745275888133 0.0300820419325433
0 0.4198790627362056 0.4813126709206928 0.020408163265306124 0.027347310847766634
0 0.4799697656840514 0.7798541476754786 0.021164021164021163 0.028258887876025523
0 0.47052154195011336 0.27939835916134914 0.027966742252456538 0.03190519598906107
0 0.31141345427059713 0.2866909753874202 0.039304610733182165 0.028258887876025523
0 0.42970521541950113 0.7178669097538742 0.01889644746787604 0.022789425706472195
0 0.3129251700680272 0.6244302643573382 0.05895691609977324 0.0674567000911577
0 0.1874527588813303 0.7000911577028259 0.03779289493575208 0.040109389243391066
0 0.4425547996976569 0.670464904284412 0.017384731670445956 0.019143117593436645
0 0.6368102796674225 0.5054694621695534 0.01889644746787604 0.022789425706472195
0 0.6043083900226758 0.03236098450319052 0.04308390022675737 0.020966271649954422
0 0.7139077853363568 0.12351868732907931 0.0400604686318972 0.024612579762989972
0 0.573318216175359 0.038742023701002735 0.10506424792139078 0.0300820419325433
0 0.3393801965230537 0.45305378304466726 0.036281179138321996 0.06563354603463993
0 0.21504157218442932 0.5391978122151322 0.01436130007558579 0.017319963536918868
