0 0.5715625 0.20076923076923076 0.051875000000000004 0.07384615384615384
0 0.315 0.46807692307692306 0.0725 0.08692307692307692
0 0.196875 0.6319230769230769 0.058750000000000004 0.05615384615384615
0 0.2553125 0.8261538461538461 0.038125 0.04153846153846154
0 0.25375000000000003 0.7523076923076923 0.0325 0.05076923076923077
0 0.32156250000000003 0.5492307692307692 0.054375 0.04153846153846154
0 0.465625 0.11076923076923077 0.08125 0.11846153846153847
0 0.409375 0.3465384615384615 0.02 0.031538461538461536
0 0.3725 0.41346153846153844 0.03875 0.036153846153846154
0 0.4175 0.2773076923076923 0.02625 0.05923076923076923
0 0.4209375 0.8665384615384616 0.025625000000000002 0.03
0 0.4571875 0.8403846153846154 0.023125 0.026923076923076925
0 0.2515625 0.5019230769230769 0.020625 0.026923076923076925
0 0.4640625 0.6480769230769231 0.025625000000000002 0.026923076923076925
0 0.3659375 0.46115384615384614 0.020625 0.026923076923076925
0 0.3990625 0.6511538461538462 0.019375 0.023846153846153847
0 0.264375 0.6965384615384616 0.0225 0.025384615384615384
0 0.21937500000000001 0.43346153846153845 0.06125 0.10076923076923076
0 0.4146875 0.7723076923076924 0.024375 0.027692307692307693
0 0.8009375 0.21576923076923077 0.040625 0.08692307692307692
0 0.531875 0.8938461538461538 0.025 0.03076923076923077
0 0.4553125 0.5169230769230769 0.020625 0.027692307692307693
0 0.504375 0.838076923076923 0.02125 0.02846153846153846
0 0.5171875 0.30615384615384617 0.028125 0.03230769230769231
0 0.35125 0.30346153846153845 0.04 0.03
0 0.455 0.7688461538461538 0.01875 0.023846153846153847
0 0.3378125 0.6615384615384615 0.060625 0.07076923076923076
0 0.20375000000000001 0.7338461538461538 0.03875 0.04153846153846154
0 0.4703125 0.7196153846153847 0.016875 0.019230769230769232
0 0.68 0.5573076923076923 0.01875 0.023846153846153847
0 0.6671875 0.05307692307692308 0.044375 0.021538461538461538
0 0.7771875 0.15692307692307692 0.040625 0.024615384615384615
0 0.6346875 0.057692307692307696 0.108125 0.03076923076923077
0 0.3728125 0.4819230769230769 0.036875 0.06846153846153846
0 0.2396875 0.565 0.014375 0.01769230769230769
