0 0.5340625 0.1580769230769231 0.051875000000000004 0.07461538461538461
0 0.276875 0.42538461538461536 0.0725 0.0876923076923077
0 0.15875 0.5888461538461538 0.058750000000000004 0.05615384615384615
0 0.2175 0.7830769230769231 0.0375 0.04153846153846154
0 0.21625 0.7096153846153846 0.0325 0.05153846153846154
0 0.2840625 0.5065384615384615 0.054375 0.04230769230769231
0 0.4278125 0.06846153846153846 0.081875 0.11846153846153847
0 0.3715625 0.30346153846153845 0.020625 0.031538461538461536
0 0.335 0.3707692307692308 0.03875 0.03538461538461538
0 0.379375 0.23461538461538461 0.02625 0.06
0 0.383125 0.8238461538461539 0.02625 0.03076923076923077
0 0.4196875 0.7976923076923077 0.023125 0.026153846153846153
0 0.2134375 0.4592307692307692 0.020625 0.026153846153846153
0 0.42625 0.605 0.02625 0.026923076923076925
0 0.3284375 0.41846153846153844 0.020625 0.026153846153846153
0 0.3615625 0.6080769230769231 0.019375 0.023846153846153847
0 0.2265625 0.6538461538461539 0.021875000000000002 0.026153846153846153
0 0.181875 0.39076923076923076 0.06125 0.1
0 0.3771875 0.73 0.024375 0.027692307692307693
0 0.763125 0.1726923076923077 0.04 0.08692307692307692
0 0.4940625 0.8515384615384616 0.024375 0.03076923076923077
0 0.4171875 0.47423076923076923 0.020625 0.026923076923076925
0 0.4665625 0.7957692307692308 0.020625 0.02846153846153846
0 0.479375 0.26346153846153847 0.02875 0.03307692307692308
0 0.3134375 0.26076923076923075 0.040625 0.02923076923076923
0 0.4171875 0.7265384615384616 0.018125 0.023846153846153847
0 0.3 0.6188461538461538 0.06 0.07153846153846154
0 0.16593750000000002 0.6907692307692308 0.039375 0.04153846153846154
0 0.4321875 0.676923076923077 0.016875 0.02
0 0.6425 0.5142307692307693 0.01875 0.023846153846153847
0 0.6296875000000001 0.010384615384615384 0.044375 0.02076923076923077
0 0.739375 0.11423076923076923 0.04 0.025384615384615384
0 0.596875 0.015384615384615385 0.10875 0.03076923076923077
0 0.335 0.43961538461538463 0.03625 0.06846153846153846
0 0.2015625 0.5226923076923077 0.014375 0.01769230769230769
