0 0.5309375000000001 0.1946153846153846 0.051875000000000004 0.07384615384615384
0 0.274375 0.46192307692307694 0.0725 0.08692307692307692
0 0.15625 0.6257692307692307 0.058750000000000004 0.05615384615384615
0 0.2146875 0.82 0.038125 0.04153846153846154
0 0.213125 0.7461538461538462 0.0325 0.05076923076923077
0 0.2809375 0.5430769230769231 0.054375 0.04153846153846154
0 0.425 0.10461538461538461 0.08125 0.11846153846153847
0 0.36875 0.3403846153846154 0.02 0.031538461538461536
0 0.33187500000000003 0.4073076923076923 0.03875 0.036153846153846154
0 0.376875 0.27115384615384613 0.02625 0.05923076923076923
0 0.3803125 0.8603846153846154 0.025625000000000002 0.03
0 0.4165625 0.8342307692307692 0.023125 0.026923076923076925
0 0.2109375 0.4957692307692308 0.020625 0.026923076923076925
0 0.4234375 0.6419230769230769 0.025625000000000002 0.026923076923076925
0 0.3253125 0.455 0.020625 0.026923076923076925
0 0.3584375 0.645 0.019375 0.023846153846153847
0 0.22375 0.6903846153846154 0.0225 0.025384615384615384
0 0.17875 0.42730769230769233 0.06125 0.10076923076923076
0 0.3740625 0.7661538461538462 0.024375 0.027692307692307693
0 0.7603125000000001 0.20961538461538462 0.040625 0.08692307692307692
0 0.49125 0.8876923076923077 0.025 0.03076923076923077
0 0.4146875 0.5107692307692308 0.020625 0.027692307692307693
0 0.46375 0.8319230769230769 0.02125 0.02846153846153846
0 0.4765625 0.3 0.028125 0.03230769230769231
0 0.310625 0.29730769230769233 0.04 0.03
0 0.414375 0.7626923076923077 0.01875 0.023846153846153847
0 0.2971875 0.6553846153846153 0.060625 0.07076923076923076
0 0.163125 0.7276923076923076 0.03875 0.04153846153846154
0 0.4296875 0.7134615384615385 0.016875 0.019230769230769232
0 0.639375 0.5511538461538461 0.01875 0.023846153846153847
0 0.6265625 0.04692307692307692 0.044375 0.021538461538461538
0 0.7365625 0.15076923076923077 0.040625 0.024615384615384615
0 0.5940625 0.05153846153846154 0.108125 0.03076923076923077
0 0.3321875 0.4757692307692308 0.036875 0.06846153846153846
0 0.1990625 0.5588461538461539 0.014375 0.01769230769230769
