0 0.5786933927245731 0.8254884547069272 0.04974016332590943 0.06838365896980463
0 0.3507795100222717 0.5590586145648313 0.06904231625835189 0.0808170515097691
0 0.24870081662954713 0.39920071047957373 0.05642167780252413 0.052397868561278864
0 0.3147735708982925 0.22557726465364122 0.03711952487008166 0.03907637655417407
0 0.3088344469190794 0.29307282415630553 0.031180400890868595 0.047957371225577264
0 0.3615441722345954 0.4849023090586146 0.05196733481811432 0.03907637655417407
0 0.4732739420935412 0.8992007104795737 0.0779510022271715 0.10923623445825933
0 0.4335560504825538 0.6780639431616341 0.019302152932442463 0.02930728241563055
0 0.4023756495916852 0.613676731793961 0.03711952487008166 0.03374777975133215
0 0.437268002969562 0.7424511545293073 0.02524127691165553 0.055062166962699825
0 0.4732739420935412 0.20159857904085257 0.024498886414253896 0.028419182948490232
0 0.505939123979213 0.22868561278863234 0.02301410541945063 0.025754884547069274
0 0.2928730512249443 0.5226465364120781 0.020044543429844096 0.025754884547069274
0 0.5018559762435041 0.4063055062166963 0.02524127691165553 0.025754884547069274
0 0.39866369710467703 0.5697158081705151 0.020786933927245732 0.025754884547069274
0 0.4406087602078693 0.3978685612788633 0.01855976243504083 0.023090586145648313
0 0.31588715664439493 0.3450266429840142 0.021529324424647365 0.023978685612788632
0 0.25872308834446917 0.5830373001776199 0.05864884929472902 0.09325044404973358
0 0.4617668893838159 0.2877442273534636 0.023756495916852263 0.026642984014209593
0 0.7958426132145509 0.830373001776199 0.038604305864884926 0.07992895204262877
0 0.5794357832219748 0.18605683836589698 0.024498886414253896 0.02930728241563055
0 0.4862657757980698 0.5257548845470693 0.020786933927245732 0.026642984014209593
0 0.5501113585746102 0.23490230905861456 0.020786933927245732 0.027531083481349913
0 0.5326651818856718 0.7242451154529308 0.02746844840386043 0.03108348134991119
0 0.37639198218262804 0.7131438721136768 0.038604305864884926 0.028419182948490232
0 0.5 0.294404973357016 0.01855976243504083 0.022202486678507993
0 0.38307349665924273 0.3836589698046181 0.05790645879732739 0.06571936056838366
0 0.26057906458797325 0.30595026642984013 0.03711952487008166 0.03818827708703375
0 0.5115070527097253 0.34058614564831263 0.016332590942835932 0.018650088809946716
0 0.700445434298441 0.5071047957371225 0.01855976243504083 0.023090586145648313
0 0.6603563474387527 0.9684724689165187 0.042316258351893093 0.020426287744227355
0 0.7702301410541945 0.8823268206039077 0.03934669636228656 0.023978685612788632
0 0.6299183370452858 0.9618117229129662 0.10319227913882702 0.028419182948490232
0 0.4060876020786934 0.5510657193605684 0.035634743875278395 0.0630550621669627
0 0.285449146250928 0.46403197158081705 0.014105419450631032 0.016873889875666074
