0 0.5217041800643086 0.17363813229571984 0.05144694533762058 0.07101167315175097
0 0.2821543408360129 0.4396887159533074 0.0707395498392283 0.08365758754863814
0 0.17323151125401928 0.6011673151750972 0.05707395498392283 0.054474708171206226
0 0.23593247588424437 0.7830739299610895 0.03778135048231511 0.04085603112840467
0 0.23231511254019294 0.7130350194552529 0.03215434083601286 0.048638132295719845
0 0.2909967845659164 0.5165369649805448 0.05305466237942122 0.04085603112840467
0 0.4159967845659164 0.0928988326848249 0.07958199356913183 0.11381322957198443
0 0.36937299035369775 0.3200389105058366 0.02009646302250804 0.0311284046692607
0 0.3360128617363344 0.3852140077821012 0.03858520900321544 0.03501945525291829
0 0.375 0.2534046692607004 0.02652733118971061 0.05739299610894942
0 0.3979099678456592 0.813715953307393 0.02572347266881029 0.030155642023346304
0 0.4320739549839228 0.7869649805447471 0.023311897106109324 0.027237354085603113
0 0.22186495176848875 0.4751945525291829 0.02090032154340836 0.026264591439688716
0 0.432475884244373 0.6035992217898832 0.02572347266881029 0.026264591439688716
0 0.3311897106109325 0.43093385214007784 0.02090032154340836 0.027237354085603113
0 0.36937299035369775 0.6099221789883269 0.02009646302250804 0.023346303501945526
0 0.24035369774919613 0.6595330739299611 0.022508038585209004 0.02529182879377432
0 0.1885048231511254 0.41147859922178986 0.06028938906752412 0.09727626459143969
0 0.38866559485530544 0.7247081712062257 0.02491961414790997 0.027237354085603113
0 0.7439710610932476 0.17607003891050585 0.03938906752411576 0.08365758754863814
0 0.5060289389067524 0.8341439688715954 0.02491961414790997 0.030155642023346304
0 0.4196141479099678 0.4795719844357977 0.02090032154340836 0.027237354085603113
0 0.477491961414791 0.7825875486381323 0.02090032154340836 0.02821011673151751
0 0.4722668810289389 0.27626459143968873 0.028135048231511254 0.0311284046692607
0 0.31189710610932475 0.2816147859922179 0.04019292604501608 0.030155642023346304
0 0.4272508038585209 0.7188715953307393 0.018488745980707395 0.023346303501945526
0 0.3102893890675241 0.622568093385214 0.0594855305466238 0.06809338521400779
0 0.1832797427652733 0.6979571984435797 0.03858520900321544 0.03988326848249027
0 0.4405144694533762 0.6712062256809339 0.017684887459807074 0.019455252918287938
0 0.6382636655948553 0.5068093385214008 0.01929260450160772 0.023346303501945526
0 0.6093247588424437 0.02821011673151751 0.04340836012861736 0.021400778210116732
0 0.7190514469453376 0.12159533073929961 0.03938906752411576 0.02529182879377432
0 0.5783762057877814 0.03453307392996109 0.10530546623794212 0.030155642023346304
0 0.3388263665594855 0.45038910505836577 0.03617363344051447 0.06614785992217899
0 0.21262057877813503 0.5359922178988327 0.01527331189710611 0.017509727626459144
