0 0.5269413629160064 0.7753346080305927 0.05071315372424723 0.07074569789674952
0 0.2702060221870048 0.5391969407265774 0.06973058637083994 0.08221797323135754
0 0.15055467511885895 0.39196940726577434 0.05705229793977813 0.05353728489483747
0 0.19849445324881143 0.2055449330783939 0.03724247226624406 0.040152963671128104
0 0.20007923930269414 0.27581261950286806 0.03248811410459588 0.04875717017208413
0 0.27297939778129954 0.4627151051625239 0.05309033280507132 0.040152963671128104
0 0.42908082408874804 0.8661567877629063 0.07844690966719493 0.11281070745697896
0 0.365689381933439 0.6481835564053537 0.019809825673534072 0.030592734225621414
0 0.3272583201267829 0.5869980879541109 0.03803486529318542 0.03441682600382409
0 0.37599049128367673 0.7127151051625239 0.026148969889064975 0.05640535372848948
0 0.35578446909667194 0.15822179732313574 0.025356576862123614 0.029636711281070746
0 0.391838351822504 0.1806883365200765 0.022979397781299524 0.026768642447418736
0 0.2076069730586371 0.5109942638623327 0.020602218700475437 0.02581261950286807
0 0.40570522979397783 0.36089866156787764 0.025356576862123614 0.02581261950286807
0 0.3193343898573693 0.5425430210325047 0.020602218700475437 0.02581261950286807
0 0.34350237717908083 0.3618546845124283 0.019809825673534072 0.02390057361376673
0 0.21236133122028528 0.32695984703632885 0.022187004754358162 0.024856596558317397
0 0.1794770206022187 0.5774378585086042 0.05942947702060222 0.09560229445506692
0 0.35380348652931853 0.247131931166348 0.024564183835182253 0.027724665391969407
0 0.7464342313787639 0.7476099426386233 0.039619651347068144 0.08221797323135754
0 0.4611727416798732 0.125717017208413 0.025356576862123614 0.029636711281070746
0 0.40253565768621236 0.48470363288718926 0.020602218700475437 0.026768642447418736
0 0.43700475435816166 0.18021032504780113 0.0213946117274168 0.027724665391969407
0 0.4702852614896989 0.6792543021032504 0.027733755942947705 0.03154875717017208
0 0.31141045958795566 0.6916826003824091 0.039619651347068144 0.029636711281070746
0 0.39223454833597465 0.24808795411089865 0.01901743264659271 0.02390057361376673
0 0.2844690966719493 0.3561185468451243 0.058637083993660855 0.06787762906309751
0 0.15293185419968305 0.2954110898661568 0.03803486529318542 0.040152963671128104
0 0.40927099841521397 0.29349904397705545 0.01664025356576862 0.019120458891013385
0 0.616877971473851 0.43355640535372847 0.01822503961965135 0.02390057361376673
0 0.6248019017432647 0.9082217973231357 0.043581616481774964 0.021032504780114723
0 0.7258320126782885 0.8044933078393881 0.039619651347068144 0.02390057361376673
0 0.5935023771790808 0.905831739961759 0.1045958795562599 0.029636711281070746
0 0.32488114104595883 0.5229445506692161 0.0364500792393027 0.0650095602294455
0 0.19413629160063392 0.4521988527724665 0.014263074484944533 0.017208413001912046
