0 0.5228448275862069 0.17189132706374088 0.05086206896551724 0.07210031347962383
0 0.2818965517241379 0.4383490073145246 0.0706896551724138 0.08463949843260189
0 0.17198275862068965 0.6003134796238245 0.05775862068965517 0.05538140020898642
0 0.23448275862068965 0.7831765935214212 0.03793103448275862 0.04075235109717869
0 0.23060344827586207 0.7126436781609196 0.03189655172413793 0.05015673981191223
0 0.29051724137931034 0.5156739811912227 0.05344827586206896 0.04075235109717869
0 0.41724137931034483 0.0903866248693835 0.0793103448275862 0.11389759665621736
0 0.36982758620689654 0.31870428422152564 0.020689655172413793 0.031347962382445145
0 0.33577586206896554 0.3834900731452456 0.03879310344827586 0.035527690700104496
0 0.3754310344827586 0.25182863113897597 0.02672413793103448 0.05851619644723094
0 0.39655172413793105 0.8145245559038663 0.02586206896551724 0.030303030303030307
0 0.43060344827586206 0.787878787878788 0.023275862068965515 0.02716823406478579
0 0.22155172413793103 0.4738766980146291 0.020689655172413793 0.026123301985370953
0 0.43189655172413793 0.6039707419017765 0.02586206896551724 0.02716823406478579
0 0.3310344827586207 0.42946708463949845 0.020689655172413793 0.02716823406478579
0 0.36853448275862066 0.609717868338558 0.01982758620689655 0.024033437826541278
0 0.2396551724137931 0.6593521421107629 0.022413793103448276 0.025078369905956115
0 0.1879310344827586 0.410135841170324 0.06034482758620689 0.09717868338557994
0 0.3875 0.7246603970741903 0.025 0.02821316614420063
0 0.7456896551724138 0.17607105538140022 0.0396551724137931 0.08463949843260189
0 0.5047413793103448 0.8354231974921631 0.025 0.030303030303030307
0 0.4189655172413793 0.47910135841170326 0.020689655172413793 0.02821316614420063
0 0.47629310344827586 0.7836990595611286 0.021551724137931036 0.02925809822361547
0 0.4728448275862069 0.27481713688610243 0.028448275862068967 0.031347962382445145
0 0.3120689655172414 0.2795193312434692 0.0396551724137931 0.030303030303030307
0 0.4267241379310345 0.719435736677116 0.01896551724137931 0.024033437826541278
0 0.3099137931034483 0.6222570532915361 0.059482758620689656 0.06792058516196448
0 0.1814655172413793 0.6974921630094044 0.03879310344827586 0.04075235109717869
0 0.4396551724137931 0.6718913270637409 0.017241379310344827 0.018808777429467086
0 0.6387931034482759 0.5078369905956114 0.01896551724137931 0.02298850574712644
0 0.6107758620689655 0.026645768025078374 0.04396551724137931 0.021943573667711602
0 0.7211206896551724 0.12121212121212123 0.04051724137931034 0.025078369905956115
0 0.5797413793103449 0.0329153605015674 0.1060344827586207 0.030303030303030307
0 0.33836206896551724 0.4493207941483804 0.03706896551724138 0.06687565308254964
0 0.21163793103448275 0.5344827586206897 0.014655172413793103 0.017763845350052248
