0 0.6040625000000001 0.8269230769230769 0.051875000000000004 0.07384615384615384
0 0.34750000000000003 0.5596153846153846 0.0725 0.08692307692307692
0 0.229375 0.39576923076923076 0.058750000000000004 0.05615384615384615
0 0.2878125 0.20153846153846153 0.038125 0.04153846153846154
0 0.28625 0.2753846153846154 0.0325 0.05076923076923077
0 0.3540625 0.47846153846153844 0.054375 0.04153846153846154
0 0.498125 0.916923076923077 0.08125 0.11846153846153847
0 0.441875 0.6811538461538461 0.02 0.031538461538461536
0 0.405 0.6142307692307692 0.03875 0.036153846153846154
0 0.45 0.7503846153846154 0.02625 0.05923076923076923
0 0.4534375 0.16115384615384615 0.025625000000000002 0.03
0 0.4896875 0.18730769230769231 0.023125 0.026923076923076925
0 0.2840625 0.5257692307692308 0.020625 0.026923076923076925
0 0.4965625 0.37961538461538463 0.025625000000000002 0.026923076923076925
0 0.3984375 0.5665384615384615 0.020625 0.026923076923076925
0 0.4315625 0.37653846153846154 0.019375 0.023846153846153847
0 0.296875 0.33115384615384613 0.0225 0.025384615384615384
0 0.251875 0.5942307692307692 0.06125 0.10076923076923076
0 0.4471875 0.2553846153846154 0.024375 0.027692307692307693
0 0.8334375 0.811923076923077 0.040625 0.08692307692307692
0 0.564375 0.13384615384615384 0.025 0.03076923076923077
0 0.48781250000000004 0.5107692307692308 0.020625 0.027692307692307693
0 0.536875 0.1896153846153846 0.02125 0.02846153846153846
0 0.5496875 0.7215384615384616 0.028125 0.03230769230769231
0 0.38375000000000004 0.7242307692307692 0.04 0.03
0 0.4875 0.25884615384615384 0.01875 0.023846153846153847
0 0.3703125 0.36615384615384616 0.060625 0.07076923076923076
0 0.23625000000000002 0.29384615384615387 0.03875 0.04153846153846154
0 0.5028125 0.3080769230769231 0.016875 0.019230769230769232
0 0.7125 0.4703846153846154 0.01875 0.023846153846153847
0 0.6996875 0.9746153846153847 0.044375 0.021538461538461538
0 0.8096875 0.8707692307692307 0.040625 0.024615384615384615
0 0.6671875 0.97 0.108125 0.03076923076923077
0 0.4053125 0.5457692307692308 0.036875 0.06846153846153846
0 0.2721875 0.4626923076923077 0.014375 0.01769230769230769
