0 0.5140625 0.1976923076923077 0.051875000000000004 0.07384615384615384
0 0.2575 0.465 0.0725 0.08692307692307692
0 0.139375 0.6288461538461538 0.058750000000000004 0.05615384615384615
0 0.1978125 0.823076923076923 0.038125 0.04153846153846154
0 0.19625 0.7492307692307693 0.0325 0.05076923076923077
0 0.2640625 0.5461538461538461 0.054375 0.04153846153846154
0 0.408125 0.1076923076923077 0.08125 0.11846153846153847
0 0.351875 0.3434615384615385 0.02 0.031538461538461536
0 0.315 0.4103846153846154 0.03875 0.036153846153846154
0 0.36 0.2742307692307692 0.02625 0.05923076923076923
0 0.3634375 0.8634615384615385 0.025625000000000002 0.03
0 0.39968750000000003 0.8373076923076923 0.023125 0.026923076923076925
0 0.1940625 0.49884615384615383 0.020625 0.026923076923076925
0 0.4065625 0.645 0.025625000000000002 0.026923076923076925
0 0.30843750000000003 0.4580769230769231 0.020625 0.026923076923076925
0 0.3415625 0.6480769230769231 0.019375 0.023846153846153847
0 0.206875 0.6934615384615385 0.0225 0.025384615384615384
0 0.161875 0.43038461538461537 0.06125 0.10076923076923076
0 0.3571875 0.7692307692307693 0.024375 0.027692307692307693
0 0.7434375 0.21269230769230768 0.040625 0.08692307692307692
0 0.474375 0.8907692307692308 0.025 0.03076923076923077
0 0.3978125 0.5138461538461538 0.020625 0.027692307692307693
0 0.446875 0.835 0.02125 0.02846153846153846
0 0.4596875 0.3030769230769231 0.028125 0.03230769230769231
0 0.29375 0.30038461538461536 0.04 0.03
0 0.3975 0.7657692307692308 0.01875 0.023846153846153847
0 0.2803125 0.6584615384615384 0.060625 0.07076923076923076
0 0.14625 0.7307692307692307 0.03875 0.04153846153846154
0 0.4128125 0.7165384615384616 0.016875 0.019230769230769232
0 0.6225 0.5542307692307692 0.01875 0.023846153846153847
0 0.6096875 0.05 0.044375 0.021538461538461538
0 0.7196875 0.15384615384615385 0.040625 0.024615384615384615
0 0.5771875 0.054615384615384614 0.108125 0.03076923076923077
0 0.3153125 0.47884615384615387 0.036875 0.06846153846153846
0 0.1821875 0.561923076923077 0.014375 0.01769230769230769
