0 0.4566831683168317 0.16330645161290322 0.05198019801980198 0.07258064516129031
0 0.7132838283828383 0.4178427419354839 0.07178217821782178 0.08568548387096774
0 0.8320957095709571 0.5756048387096774 0.05858085808580858 0.056451612903225805
0 0.7772277227722773 0.766633064516129 0.037953795379537955 0.04133064516129032
0 0.7780528052805281 0.6945564516129032 0.033003300330033 0.05040322580645161
0 0.7079207920792079 0.4974798387096774 0.054455445544554455 0.04133064516129032
0 0.5594059405940595 0.07258064516129031 0.08085808580858087 0.11693548387096774
0 0.6183993399339934 0.30191532258064513 0.020627062706270627 0.03125
0 0.6555280528052805 0.3659274193548387 0.038778877887788776 0.03629032258064516
0 0.6093234323432344 0.234375 0.027227722772277228 0.0594758064516129
0 0.6150990099009901 0.8094758064516129 0.02557755775577558 0.03024193548387097
0 0.5792079207920792 0.7847782258064516 0.023102310231023104 0.02721774193548387
0 0.775990099009901 0.4501008064516129 0.020627062706270627 0.02721774193548387
0 0.5693069306930694 0.5972782258064516 0.026402640264026403 0.02721774193548387
0 0.6629537953795379 0.4128024193548387 0.020627062706270627 0.02721774193548387
0 0.6336633663366337 0.5987903225806451 0.019801980198019802 0.024193548387096774
0 0.7665016501650165 0.6401209677419355 0.023102310231023104 0.026209677419354836
0 0.806930693069307 0.3820564516129032 0.06105610561056106 0.09879032258064516
0 0.6196369636963697 0.717741935483871 0.024752475247524754 0.028225806451612902
0 0.23143564356435645 0.18296370967741934 0.04042904290429043 0.08568548387096774
0 0.5061881188118812 0.8392137096774194 0.02557755775577558 0.03125
0 0.5759075907590759 0.4692540322580645 0.02145214521452145 0.02721774193548387
0 0.5325907590759076 0.7837701612903225 0.022277227722772276 0.029233870967741934
0 0.511963696369637 0.2651209677419355 0.028877887788778877 0.03225806451612903
0 0.6749174917491749 0.25806451612903225 0.039603960396039604 0.03024193548387097
0 0.58003300330033 0.7152217741935484 0.019801980198019802 0.025201612903225805
0 0.6934818481848185 0.6078629032258064 0.06023102310231023 0.07056451612903225
0 0.8267326732673267 0.6748991935483871 0.039603960396039604 0.04133064516129032
0 0.5639438943894389 0.6673387096774194 0.017326732673267328 0.020161290322580645
0 0.3556105610561056 0.5141129032258064 0.019801980198019802 0.024193548387096774
0 0.36056105610561057 0.021169354838709676 0.04455445544554455 0.02217741935483871
0 0.2537128712871287 0.1255040322580645 0.04042904290429043 0.025201612903225805
0 0.39232673267326734 0.02469758064516129 0.10643564356435643 0.03125
0 0.6563531353135313 0.4329637096774193 0.03712871287128713 0.06754032258064516
0 0.7887788778877888 0.5110887096774194 0.01485148514851485 0.01814516129032258
