0 0.5 0.23849765258215963 0.04889589905362776 0.0676056338028169
0 0.2772082018927445 0.504225352112676 0.06861198738170347 0.07887323943661971
0 0.1778391167192429 0.6633802816901408 0.055993690851735015 0.05164319248826291
0 0.24487381703470032 0.8342723004694835 0.03706624605678233 0.038497652582159626
0 0.23856466876971608 0.7671361502347418 0.030757097791798107 0.046948356807511735
0 0.2890378548895899 0.5769953051643192 0.051261829652996846 0.038497652582159626
0 0.3955047318611987 0.16666666666666666 0.07649842271293375 0.107981220657277
0 0.35764984227129337 0.38544600938967133 0.01971608832807571 0.029107981220657275
0 0.3276813880126183 0.4497652582159624 0.03706624605678233 0.03380281690140845
0 0.361198738170347 0.3220657276995305 0.025236593059936908 0.054460093896713614
0 0.402602523659306 0.8544600938967136 0.02444794952681388 0.028169014084507043
0 0.4345425867507886 0.8276995305164319 0.022082018927444793 0.02535211267605634
0 0.22042586750788642 0.5413145539906103 0.01971608832807571 0.02535211267605634
0 0.42862776025236593 0.6530516431924882 0.02444794952681388 0.02535211267605634
0 0.32452681388012616 0.49342723004694833 0.01971608832807571 0.02535211267605634
0 0.36829652996845424 0.6619718309859155 0.01892744479495268 0.02253521126760563
0 0.24526813880126183 0.715962441314554 0.022082018927444793 0.023474178403755867
0 0.18611987381703468 0.4816901408450704 0.0583596214511041 0.092018779342723
0 0.39037854889589907 0.7699530516431925 0.02365930599369085 0.02629107981220657
0 0.7156940063091483 0.2300469483568075 0.03864353312302839 0.07887323943661971
0 0.5078864353312302 0.8690140845070422 0.02365930599369085 0.029107981220657275
0 0.4120662460567823 0.5352112676056338 0.01971608832807571 0.02629107981220657
0 0.4787066246056782 0.8211267605633803 0.02050473186119874 0.027230046948356807
0 0.4562302839116719 0.3389671361502347 0.027602523659305992 0.03004694835680751
0 0.30086750788643535 0.352112676056338 0.03864353312302839 0.028169014084507043
0 0.4278391167192429 0.7633802816901408 0.01813880126182965 0.02253521126760563
0 0.3111198738170347 0.6774647887323944 0.05757097791798107 0.0647887323943662
0 0.19045741324921134 0.7553990610328638 0.03706624605678233 0.038497652582159626
0 0.4388801261829653 0.7169014084507042 0.016561514195583597 0.01784037558685446
0 0.6246056782334385 0.5502347417840375 0.01892744479495268 0.02253521126760563
0 0.5800473186119873 0.09577464788732394 0.0417981072555205 0.020657276995305163
0 0.6896687697160883 0.1788732394366197 0.03864353312302839 0.023474178403755867
0 0.5500788643533123 0.1028169014084507 0.10173501577287065 0.029107981220657275
0 0.33241324921135645 0.5112676056338028 0.03548895899053628 0.06291079812206572
0 0.2137223974763407 0.5990610328638497 0.014195583596214511 0.016901408450704224
