0 0.4091680814940577 0.1893704850361197 0.050933786078098474 0.07327141382868936
0 0.6536502546689303 0.45614035087719296 0.07130730050933785 0.08462332301341588
0 0.7652801358234296 0.6181630546955624 0.05857385398981324 0.05572755417956656
0 0.7041595925297114 0.8039215686274509 0.038200339558573854 0.0412796697626419
0 0.7071307300509337 0.7321981424148606 0.03225806451612903 0.05056759545923632
0 0.6455857385398981 0.5345717234262125 0.053480475382003394 0.0412796697626419
0 0.514855687606112 0.10629514963880288 0.08064516129032258 0.1155830753353973
0 0.564516129032258 0.3353973168214654 0.020373514431239387 0.03095975232198142
0 0.5988964346349746 0.40144478844169246 0.038200339558573854 0.03508771929824561
0 0.5581494057724957 0.2683178534571723 0.02631578947368421 0.05779153766769865
0 0.5411714770797963 0.8369453044375644 0.02631578947368421 0.03095975232198142
0 0.5063667232597623 0.8101135190918471 0.022920203735144314 0.026831785345717233
0 0.715195246179966 0.49122807017543857 0.021222410865874362 0.026831785345717233
0 0.5042444821731749 0.6243550051599587 0.025466893039049237 0.026831785345717233
0 0.6039898132427843 0.4478844169246646 0.021222410865874362 0.026831785345717233
0 0.5674872665534805 0.6300309597523219 0.019524617996604415 0.02373581011351909
0 0.6982173174872666 0.6785345717234261 0.022920203735144314 0.025799793601651185
0 0.7478777589134126 0.42569659442724456 0.06112054329371817 0.09803921568627451
0 0.549660441426146 0.7466460268317853 0.02461799660441426 0.02786377708978328
0 0.18505942275042445 0.19607843137254902 0.040747028862478774 0.08462332301341588
0 0.432088285229202 0.8596491228070174 0.025466893039049237 0.03095975232198142
0 0.515704584040747 0.4984520123839009 0.021222410865874362 0.026831785345717233
0 0.4605263157894737 0.8065015479876161 0.021222410865874362 0.02786377708978328
0 0.4601018675721562 0.29256965944272445 0.028862478777589132 0.03199174406604747
0 0.6218166383701188 0.2956656346749226 0.039898132427843805 0.029927760577915373
0 0.5101867572156197 0.741486068111455 0.01867572156196944 0.02373581011351909
0 0.6269100169779287 0.6418988648090814 0.06027164685908319 0.07017543859649122
0 0.7563667232597623 0.7162022703818369 0.03904923599320883 0.0412796697626419
0 0.49660441426146007 0.6934984520123838 0.01697792869269949 0.018575851393188854
0 0.29541595925297115 0.5299277605779154 0.01867572156196944 0.02373581011351909
0 0.31918505942275044 0.043859649122807015 0.044142614601018676 0.021671826625386994
0 0.20967741935483872 0.14035087719298245 0.040747028862478774 0.024767801857585137
0 0.351018675721562 0.049535603715170275 0.10611205432937182 0.03095975232198142
0 0.5971986417657046 0.46697626418988647 0.0365025466893039 0.06707946336429307
0 0.7253820033955857 0.5521155830753354 0.014431239388794566 0.018575851393188854
