0 0.49343750000000003 0.1776923076923077 0.051875000000000004 0.07384615384615384
0 0.236875 0.445 0.0725 0.08692307692307692
0 0.11875000000000001 0.6088461538461538 0.058750000000000004 0.05615384615384615
0 0.1771875 0.803076923076923 0.038125 0.04153846153846154
0 0.175625 0.7292307692307692 0.0325 0.05076923076923077
0 0.2434375 0.5261538461538462 0.054375 0.04153846153846154
0 0.3875 0.0876923076923077 0.08125 0.11846153846153847
0 0.33125 0.32346153846153847 0.02 0.031538461538461536
0 0.294375 0.3903846153846154 0.03875 0.036153846153846154
0 0.339375 0.2542307692307692 0.02625 0.05923076923076923
0 0.3428125 0.8434615384615385 0.025625000000000002 0.03
0 0.3790625 0.8173076923076923 0.023125 0.026923076923076925
0 0.1734375 0.47884615384615387 0.020625 0.026923076923076925
0 0.3859375 0.625 0.025625000000000002 0.026923076923076925
0 0.2878125 0.4380769230769231 0.020625 0.026923076923076925
0 0.3209375 0.6280769230769231 0.019375 0.023846153846153847
0 0.18625 0.6734615384615384 0.0225 0.025384615384615384
0 0.14125000000000001 0.4103846153846154 0.06125 0.10076923076923076
0 0.3365625 0.7492307692307693 0.024375 0.027692307692307693
0 0.7228125 0.1926923076923077 0.040625 0.08692307692307692
0 0.45375 0.8707692307692307 0.025 0.03076923076923077
0 0.3771875 0.4938461538461538 0.020625 0.027692307692307693
0 0.42625 0.815 0.02125 0.02846153846153846
0 0.4390625 0.28307692307692306 0.028125 0.03230769230769231
0 0.273125 0.2803846153846154 0.04 0.03
0 0.376875 0.7457692307692307 0.01875 0.023846153846153847
0 0.2596875 0.6384615384615384 0.060625 0.07076923076923076
0 0.12562500000000001 0.7107692307692308 0.03875 0.04153846153846154
0 0.3921875 0.6965384615384616 0.016875 0.019230769230769232
0 0.601875 0.5342307692307692 0.01875 0.023846153846153847
0 0.5890625 0.03 0.044375 0.021538461538461538
0 0.6990625 0.13384615384615384 0.040625 0.024615384615384615
0 0.5565625 0.03461538461538462 0.108125 0.03076923076923077
0 0.2946875 0.45884615384615385 0.036875 0.06846153846153846
0 0.1615625 0.541923076923077 0.014375 0.01769230769230769
