0 0.5334201388888888 0.841880341880342 0.05295138888888889 0.0747863247863248
0 0.27734375 0.5747863247863249 0.07378472222222222 0.08760683760683761
0 0.15928819444444445 0.41079059829059833 0.05989583333333333 0.05662393162393163
0 0.21744791666666666 0.21688034188034191 0.0390625 0.042735042735042736
0 0.21614583333333331 0.2905982905982906 0.03298611111111111 0.05128205128205129
0 0.28385416666666663 0.4935897435897436 0.05555555555555555 0.042735042735042736
0 0.42795138888888884 0.9316239316239318 0.08159722222222222 0.11965811965811968
0 0.37152777777777773 0.6960470085470086 0.020833333333333332 0.03311965811965812
0 0.33463541666666663 0.6287393162393163 0.0390625 0.0373931623931624
0 0.3797743055555555 0.764957264957265 0.02690972222222222 0.05982905982905984
0 0.38324652777777773 0.17681623931623933 0.02690972222222222 0.030982905982905987
0 0.4192708333333333 0.202457264957265 0.024305555555555552 0.028846153846153848
0 0.21397569444444442 0.5405982905982907 0.021701388888888888 0.02777777777777778
0 0.42621527777777773 0.3942307692307693 0.026041666666666664 0.02777777777777778
0 0.328125 0.5811965811965812 0.020833333333333332 0.02777777777777778
0 0.3615451388888889 0.3915598290598291 0.019965277777777776 0.024572649572649576
0 0.22699652777777776 0.3461538461538462 0.0234375 0.025641025641025644
0 0.18185763888888887 0.608974358974359 0.06163194444444444 0.10256410256410257
0 0.3771701388888889 0.27083333333333337 0.02517361111111111 0.028846153846153848
0 0.7630208333333333 0.826923076923077 0.041666666666666664 0.08760683760683761
0 0.4939236111111111 0.14903846153846156 0.026041666666666664 0.030982905982905987
0 0.4175347222222222 0.5256410256410257 0.020833333333333332 0.02777777777777778
0 0.4665798611111111 0.20512820512820515 0.021701388888888888 0.02991452991452992
0 0.47916666666666663 0.7366452991452992 0.029513888888888888 0.03311965811965812
0 0.3138020833333333 0.7387820512820513 0.04079861111111111 0.030982905982905987
0 0.4171006944444444 0.27403846153846156 0.019965277777777776 0.024572649572649576
0 0.2999131944444444 0.3808760683760684 0.06163194444444444 0.07158119658119659
0 0.16623263888888887 0.3087606837606838 0.0390625 0.042735042735042736
0 0.43229166666666663 0.3231837606837607 0.017361111111111112 0.0202991452991453
0 0.6419270833333333 0.48557692307692313 0.019965277777777776 0.024572649572649576
0 0.6293402777777778 0.9887820512820514 0.04513888888888889 0.02243589743589744
0 0.7387152777777778 0.8856837606837608 0.041666666666666664 0.025641025641025644
0 0.5967881944444444 0.9845085470085471 0.10850694444444443 0.030982905982905987
0 0.3350694444444444 0.5603632478632479 0.03819444444444444 0.06944444444444445
0 0.20225694444444442 0.4775641025641026 0.015625 0.019230769230769232
