0 0.3990625 0.813076923076923 0.051875000000000004 0.07384615384615384
0 0.655625 0.5457692307692308 0.0725 0.08692307692307692
0 0.77375 0.3819230769230769 0.058750000000000004 0.05615384615384615
0 0.7153125 0.18769230769230769 0.038125 0.04153846153846154
0 0.716875 0.26153846153846155 0.0325 0.05076923076923077
0 0.6490625 0.4646153846153846 0.054375 0.04153846153846154
0 0.505 0.9030769230769231 0.08125 0.11846153846153847
0 0.56125 0.6673076923076923 0.02 0.031538461538461536
0 0.598125 0.6003846153846154 0.03875 0.036153846153846154
0 0.553125 0.7365384615384616 0.02625 0.05923076923076923
0 0.5496875 0.1473076923076923 0.025625000000000002 0.03
0 0.5134375 0.17346153846153847 0.023125 0.026923076923076925
0 0.7190625 0.5119230769230769 0.020625 0.026923076923076925
0 0.5065625 0.3657692307692308 0.025625000000000002 0.026923076923076925
0 0.6046875 0.5526923076923077 0.020625 0.026923076923076925
0 0.5715625 0.3626923076923077 0.019375 0.023846153846153847
0 0.70625 0.3173076923076923 0.0225 0.025384615384615384
0 0.75125 0.5803846153846154 0.06125 0.10076923076923076
0 0.5559375 0.24153846153846154 0.024375 0.027692307692307693
0 0.1696875 0.7980769230769231 0.040625 0.08692307692307692
0 0.43875000000000003 0.12 0.025 0.03076923076923077
0 0.5153125000000001 0.4969230769230769 0.020625 0.027692307692307693
0 0.46625 0.17576923076923076 0.02125 0.02846153846153846
0 0.4534375 0.7076923076923077 0.028125 0.03230769230769231
0 0.619375 0.7103846153846154 0.04 0.03
0 0.515625 0.245 0.01875 0.023846153846153847
0 0.6328125 0.3523076923076923 0.060625 0.07076923076923076
0 0.766875 0.28 0.03875 0.04153846153846154
0 0.5003125 0.29423076923076924 0.016875 0.019230769230769232
0 0.290625 0.45653846153846156 0.01875 0.023846153846153847
0 0.3034375 0.9607692307692308 0.044375 0.021538461538461538
0 0.1934375 0.8569230769230769 0.040625 0.024615384615384615
0 0.3359375 0.9561538461538461 0.108125 0.03076923076923077
0 0.5978125 0.5319230769230769 0.036875 0.06846153846153846
0 0.7309375 0.44884615384615384 0.014375 0.01769230769230769
