0 0.5502471169686985 0.18836291913214992 0.04942339373970346 0.06903353057199212
0 0.2932454695222405 0.41321499013806706 0.06919275123558484 0.08086785009861934
0 0.17298187808896212 0.5547337278106509 0.05601317957166392 0.05226824457593689
0 0.21746293245469522 0.73767258382643 0.036243822075782535 0.03944773175542406
0 0.2199341021416804 0.6701183431952663 0.03130148270181219 0.04832347140039448
0 0.2953047775947282 0.4886587771203156 0.051894563426688634 0.038461538461538464
0 0.45510708401976935 0.09714003944773177 0.07825370675453047 0.10946745562130178
0 0.38879736408566723 0.3091715976331361 0.019769357495881386 0.03057199211045365
0 0.35049423393739704 0.3678500986193294 0.03706754530477759 0.03353057199211046
0 0.4007413509060956 0.2465483234714004 0.025535420098846788 0.05522682445759369
0 0.37191103789126856 0.7884615384615385 0.025535420098846788 0.028599605522682446
0 0.40774299835255357 0.7672583826429981 0.023064250411861616 0.025641025641025644
0 0.23146622734761121 0.43984220907297833 0.019769357495881386 0.025641025641025644
0 0.42462932454695224 0.5907297830374754 0.025535420098846788 0.025641025641025644
0 0.3418451400329489 0.4112426035502959 0.019769357495881386 0.025641025641025644
0 0.3628500823723229 0.5882642998027614 0.018945634266886325 0.022682445759368838
0 0.23311367380560133 0.6198224852071006 0.0214168039538715 0.02465483234714004
0 0.20469522240527183 0.3742603550295858 0.05848434925864909 0.09368836291913216
0 0.37108731466227346 0.7011834319526628 0.023887973640856673 0.025641025641025644
0 0.7660626029654036 0.21992110453648916 0.03953871499176277 0.08086785009861934
0 0.4752883031301483 0.8224852071005918 0.02471169686985173 0.02958579881656805
0 0.42339373970345967 0.46992110453648916 0.019769357495881386 0.026627218934911243
0 0.45222405271828664 0.7687376725838264 0.0214168039538715 0.026627218934911243
0 0.492998352553542 0.28057199211045364 0.027182866556836903 0.03057199211045365
0 0.3364909390444811 0.26479289940828404 0.03871499176276771 0.028599605522682446
0 0.40939044481054365 0.7011834319526628 0.018121911037891267 0.02366863905325444
0 0.3043657331136738 0.5931952662721893 0.05848434925864909 0.06607495069033531
0 0.17380560131795716 0.6489151873767258 0.03789126853377265 0.03944773175542406
0 0.4266886326194399 0.6572978303747535 0.016474464579901153 0.018737672583826432
0 0.6334431630971994 0.52465483234714 0.018121911037891267 0.02366863905325444
0 0.6482701812191104 0.0601577909270217 0.042833607907743 0.021696252465483234
0 0.7471169686985173 0.16469428007889547 0.03953871499176277 0.02366863905325444
0 0.6173805601317958 0.0616370808678501 0.10296540362438221 0.028599605522682446
0 0.3471993410214168 0.4309664694280079 0.03542009884678748 0.0631163708086785
0 0.2170510708401977 0.49654832347140043 0.01400329489291598 0.01676528599605523
