0 0.473125 0.28307692307692306 0.10625 0.13384615384615384
0 0.446875 0.15846153846153846 0.1275 0.09692307692307692
0 0.5628125 0.24423076923076922 0.031875 0.07615384615384616
0 0.39375 0.2923076923076923 0.0475 0.11384615384615385
0 0.348125 0.7107692307692308 0.03 0.046153846153846156
0 0.4159375 0.7746153846153846 0.083125 0.16
0 0.37125 0.47115384615384615 0.24875 0.43153846153846154
0 0.3496875 0.7653846153846153 0.041875 0.12461538461538461
0 0.5140625 0.3553846153846154 0.050625 0.046153846153846156
0 0.625625 0.37653846153846154 0.1575 0.3161538461538462
0 0.56625 0.9180769230769231 0.19375 0.13307692307692306
