0 0.5965625 0.7019230769230769 0.106875 0.13307692307692306
0 0.6225 0.8265384615384616 0.1275 0.09615384615384616
0 0.5065625 0.7411538461538462 0.031875 0.07615384615384616
0 0.6759375 0.693076923076923 0.046875 0.11384615384615385
0 0.7212500000000001 0.27384615384615385 0.03 0.046153846153846156
0 0.6540625 0.2103846153846154 0.083125 0.15923076923076923
0 0.69875 0.5138461538461538 0.24875 0.4307692307692308
0 0.7203125 0.21961538461538463 0.041875 0.12384615384615384
0 0.555625 0.6292307692307693 0.051250000000000004 0.046153846153846156
0 0.44375000000000003 0.6088461538461538 0.1575 0.3161538461538462
0 0.503125 0.0673076923076923 0.19375 0.13307692307692306
