0 0.47359870024370426 0.2654382470119522 0.10560519902518277 0.13247011952191234
0 0.4463850528025995 0.14292828685258963 0.12753858651502842 0.09661354581673307
0 0.562144597887896 0.22609561752988047 0.03249390739236393 0.07569721115537849
0 0.3952071486596263 0.27589641434262946 0.0479285134037368 0.11354581673306773
0 0.3529650690495532 0.6897410358565736 0.030056864337936636 0.046812749003984064
0 0.4207961007311129 0.75199203187251 0.08285946385052802 0.1593625498007968
0 0.37408610885458976 0.45268924302788843 0.24776604386677498 0.42729083665338646
0 0.35499593826157594 0.7435258964143426 0.04224207961007311 0.12450199203187251
0 0.5146222583265637 0.33615537848605576 0.05117790414297319 0.046812749003984064
0 0.6259138911454102 0.3555776892430279 0.15678310316815597 0.31274900398406374
0 0.5714865962632006 0.8914342629482072 0.1925264012997563 0.13346613545816732
