0 0.40163265306122453 0.3035892323030907 0.10612244897959185 0.13260219341974078
0 0.3742857142857143 0.18245264207377865 0.12653061224489798 0.09571286141575273
0 0.48938775510204086 0.2637088733798604 0.03183673469387755 0.07477567298105682
0 0.32326530612244897 0.31455633100697905 0.0473469387755102 0.11266201395812561
0 0.28448979591836737 0.7248255234297108 0.030204081632653063 0.04586241276171485
0 0.3522448979591837 0.7856430707876371 0.08244897959183674 0.1575274177467597
0 0.30367346938775513 0.4900299102691924 0.24653061224489797 0.423728813559322
0 0.28653061224489795 0.7781655034895314 0.04244897959183674 0.1226321036889332
0 0.443265306122449 0.37387836490528414 0.05061224489795919 0.04586241276171485
0 0.5538775510204081 0.39132602193419735 0.15591836734693879 0.3100697906281156
0 0.5024489795918368 0.9232303090727816 0.19183673469387755 0.13160518444666
