0 0.50625 0.28384615384615386 0.10625 0.13384615384615384
0 0.48 0.15923076923076923 0.1275 0.09692307692307692
0 0.5959375 0.245 0.031875 0.07615384615384616
0 0.426875 0.29307692307692307 0.0475 0.11384615384615385
0 0.38125000000000003 0.7115384615384616 0.03 0.046153846153846156
0 0.44906250000000003 0.7753846153846153 0.083125 0.16
0 0.404375 0.47192307692307695 0.24875 0.43153846153846154
0 0.3828125 0.7661538461538462 0.041875 0.12461538461538461
0 0.5471875 0.35615384615384615 0.050625 0.046153846153846156
0 0.659375 0.37653846153846154 0.1575 0.3161538461538462
0 0.6 0.9184615384615384 0.19375 0.13384615384615384
