0 0.4925 0.25769230769230766 0.10625 0.13384615384615384
0 0.51875 0.13307692307692306 0.1275 0.09692307692307692
0 0.4028125 0.21884615384615386 0.031875 0.07615384615384616
0 0.571875 0.26692307692307693 0.0475 0.11384615384615385
0 0.6175 0.6853846153846154 0.03 0.046153846153846156
0 0.5496875 0.7492307692307693 0.083125 0.16
0 0.594375 0.44576923076923075 0.24875 0.43153846153846154
0 0.6159375 0.74 0.041875 0.12461538461538461
0 0.45156250000000003 0.33 0.050625 0.046153846153846156
0 0.339375 0.35115384615384615 0.1575 0.3161538461538462
0 0.39875 0.8926923076923077 0.19375 0.13307692307692306
