0 0.555 0.2630769230769231 0.10625 0.13384615384615384
0 0.58125 0.13846153846153847 0.1275 0.09692307692307692
0 0.4653125 0.22423076923076923 0.031875 0.07615384615384616
0 0.634375 0.2723076923076923 0.0475 0.11384615384615385
0 0.68 0.6907692307692308 0.03 0.046153846153846156
0 0.6121875 0.7546153846153846 0.083125 0.16
0 0.656875 0.4511538461538461 0.24875 0.43153846153846154
0 0.6784375 0.7453846153846154 0.041875 0.12461538461538461
0 0.5140625 0.3353846153846154 0.050625 0.046153846153846156
0 0.401875 0.3565384615384615 0.1575 0.3161538461538462
0 0.46125 0.8980769230769231 0.19375 0.13307692307692306
