0 0.563125 0.7230769230769231 0.10625 0.13384615384615384
0 0.589375 0.8476923076923077 0.1275 0.09692307692307692
0 0.4734375 0.7619230769230769 0.031875 0.07615384615384616
0 0.6425 0.7138461538461538 0.0475 0.11384615384615385
0 0.688125 0.29538461538461536 0.03 0.046153846153846156
0 0.6203125 0.23153846153846153 0.083125 0.16
0 0.665 0.535 0.24875 0.43153846153846154
0 0.6865625 0.24076923076923076 0.041875 0.12461538461538461
0 0.5221875 0.6507692307692308 0.050625 0.046153846153846156
0 0.410625 0.6303846153846154 0.1575 0.3161538461538462
0 0.47000000000000003 0.08846153846153847 0.19375 0.13384615384615384
