0 0.354375 0.2853846153846154 0.10625 0.13384615384615384
0 0.328125 0.16076923076923078 0.1275 0.09692307692307692
0 0.4440625 0.24653846153846154 0.031875 0.07615384615384616
0 0.275 0.2946153846153846 0.0475 0.11384615384615385
0 0.229375 0.713076923076923 0.03 0.046153846153846156
0 0.2971875 0.7769230769230769 0.083125 0.16
0 0.2525 0.47346153846153843 0.24875 0.43153846153846154
0 0.23093750000000002 0.7676923076923077 0.041875 0.12461538461538461
0 0.3953125 0.3576923076923077 0.050625 0.046153846153846156
0 0.5075000000000001 0.37884615384615383 0.1575 0.3161538461538462
0 0.448125 0.9203846153846154 0.19375 0.13307692307692306
