0 0.405016447368421 0.29838709677419356 0.10608552631578946 0.13306451612903225
0 0.37993421052631576 0.1754032258064516 0.12664473684210525 0.0967741935483871
0 0.4942434210526315 0.2610887096774194 0.03289473684210526 0.07661290322580645
0 0.32648026315789475 0.3069556451612903 0.04769736842105263 0.11391129032258064
0 0.27796052631578944 0.719758064516129 0.03125 0.046370967741935484
0 0.3449835526315789 0.7837701612903225 0.08305921052631579 0.15826612903225806
0 0.3026315789473684 0.48336693548387094 0.24835526315789472 0.4284274193548387
0 0.2791940789473684 0.7736895161290323 0.04194078947368421 0.12399193548387097
0 0.4449013157894737 0.3704637096774193 0.05098684210526316 0.047379032258064516
0 0.5563322368421052 0.39264112903225806 0.15707236842105263 0.313508064516129
0 0.4930098684210526 0.9269153225806451 0.19325657894736842 0.13205645161290322
