0 0.3973076923076923 0.7254361799816346 0.10076923076923076 0.12304866850321396
0 0.37961538461538463 0.8415977961432507 0.12076923076923077 0.08907254361799816
0 0.48384615384615387 0.7529843893480257 0.03076923076923077 0.06978879706152433
0 0.3219230769230769 0.7235996326905417 0.045384615384615384 0.1046831955922865
0 0.25384615384615383 0.34618916437098257 0.02923076923076923 0.04224058769513315
0 0.31423076923076926 0.28191000918273645 0.07923076923076923 0.14692378328741965
0 0.2903846153846154 0.5629017447199265 0.23461538461538461 0.3948576675849403
0 0.2523076923076923 0.29614325068870523 0.04 0.1147842056932966
0 0.43115384615384617 0.6561065197428834 0.04846153846153846 0.04315886134067952
0 0.5353846153846153 0.6267217630853994 0.14923076923076922 0.2892561983471074
0 0.4469230769230769 0.1382001836547291 0.18307692307692308 0.12213039485766758
