0 0.41029766693483505 0.301564027370479 0.10458567980691874 0.1300097751710655
0 0.38777152051488334 0.18084066471163246 0.1255028157683025 0.093841642228739
0 0.49879324215607396 0.2673509286412512 0.03218020917135961 0.07331378299120235
0 0.33266291230892997 0.3074291300097752 0.04746580852775543 0.1104594330400782
0 0.27795655671761865 0.7082111436950147 0.02976669348350764 0.04594330400782014
0 0.34231697506033787 0.772238514173998 0.08125502815768303 0.1544477028347996
0 0.3065164923572003 0.478494623655914 0.24296057924376507 0.41544477028348
0 0.27795655671761865 0.7605083088954057 0.0410297666934835 0.12121212121212122
0 0.4485116653258246 0.3724340175953079 0.05068382944489139 0.044965786901270774
0 0.5567176186645213 0.396871945259042 0.15446500402252614 0.30498533724340177
0 0.48551890587288815 0.9154447702834799 0.18905872888173772 0.1300097751710655
