0 0.4829787234042553 0.2915376676986584 0.10468085106382978 0.12899896800825592
0 0.46127659574468083 0.17131062951496387 0.12425531914893617 0.09287925696594426
0 0.5714893617021276 0.2585139318885449 0.03148936170212766 0.07327141382868936
0 0.405531914893617 0.29721362229102166 0.04680851063829787 0.10939112487100103
0 0.34936170212765955 0.6955624355005159 0.029787234042553193 0.04540763673890608
0 0.4136170212765957 0.7595459236326109 0.08170212765957446 0.1547987616099071
0 0.37872340425531914 0.46697626418988647 0.24170212765957447 0.413828689370485
0 0.34936170212765955 0.7476780185758514 0.04170212765957447 0.12074303405572755
0 0.5208510638297872 0.3627450980392157 0.04936170212765957 0.044375644994840036
0 0.6285106382978723 0.3869969040247678 0.15404255319148935 0.3034055727554179
0 0.5557446808510639 0.9029927760577915 0.18893617021276596 0.12796697626418987
