0 0.385625 0.2684615384615385 0.10625 0.13384615384615384
0 0.359375 0.14384615384615385 0.1275 0.09692307692307692
0 0.4753125 0.2296153846153846 0.031875 0.07615384615384616
0 0.30625 0.2776923076923077 0.0475 0.11384615384615385
0 0.260625 0.6961538461538461 0.03 0.046153846153846156
0 0.3284375 0.76 0.083125 0.16
0 0.28375 0.45653846153846156 0.24875 0.43153846153846154
0 0.2621875 0.7507692307692307 0.041875 0.12461538461538461
0 0.4265625 0.34076923076923077 0.050625 0.046153846153846156
0 0.5387500000000001 0.36115384615384616 0.1575 0.3161538461538462
0 0.479375 0.9030769230769231 0.19375 0.13384615384615384
