0 0.4028125 0.29730769230769233 0.106875 0.13307692307692306
0 0.376875 0.1726923076923077 0.1275 0.09615384615384616
0 0.4928125 0.2580769230769231 0.031875 0.07615384615384616
0 0.3234375 0.30653846153846154 0.046875 0.11307692307692307
0 0.278125 0.7253846153846154 0.03 0.046153846153846156
0 0.3453125 0.7888461538461539 0.083125 0.15923076923076923
0 0.30062500000000003 0.48538461538461536 0.24875 0.4307692307692308
0 0.2790625 0.7796153846153846 0.041875 0.12384615384615384
0 0.44375000000000003 0.37 0.051250000000000004 0.046153846153846156
0 0.555625 0.3903846153846154 0.1575 0.3161538461538462
0 0.49625 0.9323076923076923 0.19375 0.13384615384615384
