0 0.349375 0.28615384615384615 0.10625 0.13384615384615384
0 0.323125 0.16153846153846155 0.1275 0.09692307692307692
0 0.4390625 0.2473076923076923 0.031875 0.07615384615384616
0 0.27 0.29538461538461536 0.0475 0.11384615384615385
0 0.224375 0.7138461538461538 0.03 0.046153846153846156
0 0.2921875 0.7776923076923077 0.083125 0.16
0 0.2475 0.47423076923076923 0.24875 0.43153846153846154
0 0.2259375 0.7684615384615384 0.041875 0.12461538461538461
0 0.3903125 0.35846153846153844 0.050625 0.046153846153846156
0 0.5025000000000001 0.37884615384615383 0.1575 0.3161538461538462
0 0.443125 0.9207692307692308 0.19375 0.13384615384615384
