0 0.595350669818755 0.29835589941972923 0.10638297872340426 0.1344294003868472
0 0.6209613869188337 0.17408123791102514 0.12765957446808512 0.09671179883945842
0 0.5063041765169425 0.26063829787234044 0.032308904649330186 0.07640232108317214
0 0.6749408983451537 0.3065764023210832 0.04806934594168637 0.11411992263056094
0 0.7222222222222223 0.721953578336557 0.030732860520094565 0.047388781431334626
0 0.6548463356973996 0.7857833655705996 0.0835303388494878 0.1595744680851064
0 0.6977935382190702 0.48452611218568664 0.24822695035460995 0.42940038684719534
0 0.7206461780929867 0.7761121856866537 0.0417651694247439 0.12475822050290135
0 0.5551615445232467 0.3704061895551257 0.05122143420015761 0.04642166344294004
0 0.44365642237982666 0.3916827852998066 0.15760441292356187 0.3152804642166344
0 0.5055161544523247 0.9284332688588007 0.19306540583136328 0.13346228239845262
