0 0.4836448598130841 0.8735687022900763 0.14485981308411214 0.10591603053435114
0 0.4513239875389408 0.7356870229007634 0.13006230529595014 0.1431297709923664
0 0.3469626168224299 0.773854961832061 0.0397196261682243 0.08587786259541984
0 0.6148753894080997 0.1407442748091603 0.04750778816199377 0.10973282442748092
0 0.21612149532710279 0.6469465648854962 0.08800623052959501 0.1049618320610687
0 0.5490654205607477 0.7299618320610687 0.06386292834890965 0.13358778625954199
0 0.7188473520249221 0.6025763358778625 0.0264797507788162 0.027671755725190837
0 0.5728193146417445 0.21994274809160305 0.04750778816199377 0.06583969465648855
0 0.4735202492211838 0.383587786259542 0.059190031152647975 0.051526717557251904
0 0.43302180685358255 0.4422709923664122 0.03582554517133956 0.05629770992366412
0 0.5292056074766355 0.1479007633587786 0.10046728971962617 0.13549618320610687
0 0.3543613707165109 0.026240458015267174 0.04205607476635514 0.04103053435114504
0 0.30218068535825543 0.9890267175572519 0.017133956386292833 0.006679389312977099
0 0.4902647975077882 0.48139312977099236 0.04127725856697819 0.04484732824427481
0 0.684190031152648 0.6498091603053435 0.042834890965732085 0.07633587786259542
0 0.6055295950155763 0.44322519083969464 0.21573208722741433 0.3330152671755725
0 0.3555295950155763 0.6302480916030534 0.12850467289719625 0.09255725190839695
