0 0.4810371517027864 0.8473247232472324 0.1369969040247678 0.09870848708487084
0 0.5038699690402477 0.7172509225092251 0.12229102167182664 0.13191881918819187
0 0.6044891640866873 0.7444649446494465 0.03715170278637771 0.07933579335793357
0 0.31578947368421056 0.18404059040590406 0.04489164086687307 0.10055350553505535
0 0.7213622291021672 0.6171586715867159 0.08359133126934985 0.09594095940959409
0 0.41099071207430343 0.7200184501845018 0.06037151702786378 0.12269372693726936
0 0.24380804953560373 0.6171586715867159 0.02476780185758514 0.025830258302583026
0 0.3602941176470588 0.25322878228782286 0.04411764705882353 0.05996309963099631
0 0.4628482972136223 0.3952952029520295 0.05572755417956657 0.0470479704797048
0 0.5046439628482973 0.44649446494464945 0.03405572755417957 0.05166051660516605
0 0.39744582043343657 0.1831180811808118 0.09520123839009288 0.12453874538745387
0 0.5557275541795667 0.05719557195571955 0.04024767801857585 0.03690036900369004
0 0.6586687306501549 0.9386531365313653 0.015479876160990714 0.006457564575645757
0 0.4531733746130031 0.48662361623616235 0.03947368421052632 0.04151291512915129
0 0.2786377708978328 0.6577490774907749 0.04024767801857585 0.07011070110701106
0 0.3413312693498452 0.46125461254612543 0.2043343653250774 0.3062730627306273
0 0.5886222910216719 0.6130073800738007 0.12151702786377709 0.08579335793357934
