0 0.5084134615384616 0.8718199608610567 0.14342948717948717 0.10567514677103718
0 0.47756410256410253 0.7353228962818004 0.1282051282051282 0.14187866927592954
0 0.3737980769230769 0.7715264187866927 0.03926282051282051 0.08512720156555773
0 0.6442307692307692 0.14823874755381605 0.046474358974358976 0.1086105675146771
0 0.24439102564102563 0.6448140900195695 0.08814102564102563 0.10371819960861056
0 0.5745192307692307 0.7304305283757339 0.0625 0.13209393346379647
0 0.7439903846153846 0.6066536203522505 0.026442307692307692 0.0273972602739726
0 0.6017628205128205 0.22602739726027396 0.046474358974358976 0.06457925636007827
0 0.5024038461538461 0.38649706457925637 0.05929487179487179 0.050880626223091974
0 0.46193910256410253 0.4447162426614481 0.036057692307692304 0.05577299412915851
0 0.5592948717948718 0.1541095890410959 0.09935897435897435 0.13405088062622308
0 0.38661858974358976 0.031800391389432484 0.04246794871794872 0.040117416829745595
0 0.328125 0.9843444227005871 0.016826923076923076 0.005870841487279843
0 0.5180288461538461 0.4838551859099804 0.040865384615384616 0.04403131115459882
0 0.7095352564102564 0.6521526418786693 0.04246794871794872 0.07534246575342465
0 0.6330128205128205 0.44716242661448136 0.21474358974358973 0.3287671232876712
0 0.3834134615384615 0.6301369863013698 0.12740384615384615 0.09197651663405088
