0 0.406875 0.8773076923076923 0.145 0.10692307692307693
0 0.440625 0.7376923076923076 0.13 0.14461538461538462
0 0.545625 0.7776923076923077 0.03875 0.08615384615384615
0 0.2809375 0.1326923076923077 0.046875 0.11
0 0.6790625 0.6511538461538462 0.088125 0.10538461538461538
0 0.34218750000000003 0.7303846153846154 0.063125 0.1346153846153846
0 0.1721875 0.5996153846153847 0.025625000000000002 0.026923076923076925
0 0.3228125 0.21346153846153845 0.046875 0.06538461538461539
0 0.42125 0.3803846153846154 0.058750000000000004 0.05153846153846154
0 0.4615625 0.44076923076923075 0.035625000000000004 0.055384615384615386
0 0.3671875 0.14076923076923076 0.100625 0.13692307692307693
0 0.5446875 0.02 0.041875 0.04
0 0.58875 0.9965384615384615 0.01625 0.005384615384615384
0 0.40375 0.47923076923076924 0.04125 0.04461538461538461
0 0.20625000000000002 0.6473076923076924 0.0425 0.07615384615384616
0 0.2871875 0.43961538461538463 0.216875 0.33615384615384614
0 0.538125 0.6326923076923077 0.12875 0.09307692307692307
