0 0.5152979066022544 0.13569321533923304 0.143317230273752 0.10619469026548674
0 0.47987117552334946 0.27089478859390365 0.1288244766505636 0.14257620452310718
0 0.37721417069243157 0.2295968534906588 0.039452495974235106 0.0855457227138643
0 0.6280193236714976 0.8657817109144543 0.04669887278582931 0.10914454277286137
0 0.24396135265700483 0.3500491642084563 0.08695652173913043 0.10422812192723697
0 0.5768921095008052 0.2807276302851524 0.06360708534621579 0.13274336283185842
0 0.7423510466988728 0.4119960668633235 0.02576489533011272 0.02753195673549656
0 0.5877616747181964 0.7856440511307768 0.04669887278582931 0.06489675516224189
0 0.4939613526570048 0.6204523107177975 0.05877616747181964 0.05113077679449361
0 0.45491143317230276 0.56047197640118 0.03542673107890499 0.05506391347099312
0 0.5434782608695652 0.8559488692232056 0.0998389694041868 0.13470993117010818
0 0.3663446054750403 0.9700098328416913 0.04186795491143317 0.04031465093411996
0 0.33816425120772947 0.014749262536873158 0.01610305958132045 0.0058997050147492625
0 0.5124798711755233 0.5245821042281219 0.04106280193236715 0.04424778761061947
0 0.7097423510466989 0.3647984267453294 0.0426731078904992 0.07472959685349066
0 0.6264090177133655 0.5658800393313668 0.214170692431562 0.32940019665683384
0 0.3820450885668277 0.37168141592920356 0.1280193236714976 0.09242871189773845
