0 0.5086682427107959 0.14394661582459484 0.14105594956658787 0.10295519542421354
0 0.4716312056737589 0.275023832221163 0.1268715524034673 0.13822688274547187
0 0.3715524034672971 0.2321258341277407 0.038613081166272656 0.08293612964728313
0 0.6052009456264775 0.8574833174451859 0.04570527974783294 0.10581506196377502
0 0.23837667454688732 0.3450905624404194 0.08589440504334121 0.10104861773117255
0 0.5665878644602049 0.2869399428026692 0.06146572104018913 0.12964728312678742
0 0.7261623325453114 0.4194470924690181 0.02600472813238771 0.026692087702573877
0 0.5677698975571316 0.778836987607245 0.04649330181245075 0.06291706387035272
0 0.47793538219070136 0.6153479504289799 0.057525610717100086 0.05052430886558627
0 0.44129235618597323 0.555767397521449 0.03467297084318361 0.053384175405147755
0 0.5224586288416077 0.8455672068636797 0.09771473601260836 0.1315538608198284
0 0.3467297084318361 0.9513822688274547 0.04097714736012609 0.03813155386081983
0 0.3368794326241135 0.0219256434699714 0.016548463356973995 0.005719733079122974
0 0.49842395587076443 0.5224022878932316 0.04018912529550828 0.0438512869399428
0 0.694641449960599 0.37225929456625356 0.0417651694247439 0.07340324118207817
0 0.6095350669818755 0.5662535748331744 0.2104018912529551 0.3203050524308865
0 0.37312844759653274 0.3698760724499523 0.1252955082742317 0.08960915157292659
