0 0.521617293835068 0.8502392344497608 0.13690952762209768 0.09856459330143541
0 0.49799839871897517 0.7196172248803828 0.1232986389111289 0.1339712918660287
0 0.39671737389911926 0.7473684210526316 0.03763010408326661 0.08038277511961722
0 0.6829463570856685 0.17894736842105263 0.04483586869495596 0.1014354066985646
0 0.277822257806245 0.6205741626794259 0.08326661329063251 0.09665071770334928
0 0.5908726981585268 0.7215311004784689 0.060848678943154516 0.12440191387559808
0 0.7586068855084067 0.6157894736842106 0.024819855884707764 0.02583732057416268
0 0.6389111289031224 0.24976076555023924 0.04483586869495596 0.06124401913875598
0 0.5364291433146516 0.39425837320574164 0.05604483586869495 0.04784688995215311
0 0.4951961569255404 0.445933014354067 0.0344275420336269 0.05167464114832536
0 0.6008807045636508 0.17894736842105263 0.09527622097678141 0.12631578947368421
0 0.4403522818254603 0.05406698564593301 0.040032025620496396 0.03732057416267943
0 0.34347477982385904 0.9444976076555024 0.016012810248198558 0.005741626794258373
0 0.5472377902321857 0.4861244019138756 0.039231385108086464 0.042105263157894736
0 0.7241793434747797 0.6564593301435407 0.04083266613290632 0.0708133971291866
0 0.6589271417133706 0.45933014354066987 0.20496397117694154 0.30813397129186604
0 0.41152922337870296 0.615311004784689 0.12169735788630903 0.0861244019138756
