0 0.5116185897435898 0.8635926993275697 0.13862179487179488 0.09990393852065321
0 0.48677884615384615 0.7315081652257445 0.12419871794871794 0.13544668587896252
0 0.3850160256410256 0.760806916426513 0.03766025641025641 0.08069164265129683
0 0.6686698717948718 0.1839577329490874 0.04567307692307692 0.10278578290105668
0 0.2644230769230769 0.6340057636887608 0.08493589743589744 0.09798270893371758
0 0.5801282051282051 0.7319884726224783 0.060897435897435896 0.12487992315081652
0 0.7483974358974359 0.6239193083573487 0.02564102564102564 0.025936599423631124
0 0.6245993589743589 0.25552353506243997 0.04567307692307692 0.06147934678194044
0 0.5228365384615384 0.4024975984630163 0.05689102564102564 0.04803073967339097
0 0.48157051282051283 0.4553314121037464 0.035256410256410256 0.05187319884726225
0 0.5865384615384616 0.18491834774255522 0.09615384615384615 0.12776176753121998
0 0.4238782051282051 0.060038424591738714 0.04006410256410256 0.037463976945244955
0 0.3329326923076923 0.9596541786743515 0.016826923076923076 0.005763688760806916
0 0.5344551282051282 0.494716618635927 0.04006410256410256 0.04226705091258405
0 0.7135416666666666 0.6652257444764649 0.040865384615384616 0.07204610951008646
0 0.6466346153846153 0.4668587896253602 0.20673076923076922 0.31123919308357345
0 0.3990384615384615 0.6268011527377522 0.12339743589743589 0.08741594620557157
