0 0.5206146926536731 0.8487018800358102 0.13718140929535233 0.09847806624888093
0 0.4970014992503748 0.7188898836168308 0.12293853073463268 0.13249776186213072
0 0.39617691154422785 0.7457475380483438 0.03673163418290854 0.07878245299910475
0 0.6836581709145427 0.18128916741271262 0.04497751124437781 0.10116383169203223
0 0.27848575712143925 0.6186213070725156 0.08320839580209895 0.09668755595344673
0 0.5899550224887556 0.720680393912265 0.05997001499250375 0.12354521038495972
0 0.757496251874063 0.6163831692032229 0.024737631184407794 0.025962399283795883
0 0.6394302848575711 0.25111906893464636 0.04497751124437781 0.05998209489704566
0 0.5367316341829085 0.39480752014324083 0.05547226386806597 0.048343777976723366
0 0.4955022488755622 0.44628469113697405 0.034482758620689655 0.051029543419874666
0 0.6019490254872564 0.18084153983885407 0.095952023988006 0.12533572068039392
0 0.44265367316341825 0.05550581915846016 0.03973013493253373 0.03760071620411817
0 0.34257871064467765 0.94136078782453 0.01649175412293853 0.006266786034019696
0 0.5472263868065966 0.486123545210385 0.038980509745127435 0.04118173679498657
0 0.7226386806596702 0.6566696508504923 0.04047976011994003 0.07072515666965085
0 0.6589205397301349 0.4597135183527305 0.20389805097451275 0.3070725156669651
0 0.41154422788605693 0.6141450313339302 0.12143928035982009 0.08594449418084155
