0 0.45437500000000003 0.8780769230769231 0.145 0.10692307692307693
0 0.48781250000000004 0.7380769230769231 0.130625 0.14384615384615385
0 0.593125 0.7780769230769231 0.03875 0.08692307692307692
0 0.3284375 0.13307692307692306 0.046875 0.11076923076923077
0 0.7262500000000001 0.6511538461538462 0.08750000000000001 0.10538461538461538
0 0.389375 0.7311538461538462 0.0625 0.1346153846153846
0 0.21937500000000001 0.5996153846153847 0.02625 0.026923076923076925
0 0.3703125 0.21423076923076922 0.046875 0.06538461538461539
0 0.4684375 0.3803846153846154 0.058125 0.05153846153846154
0 0.5090625 0.4411538461538462 0.035625000000000004 0.05615384615384615
0 0.414375 0.14076923076923076 0.10125 0.13692307692307693
0 0.5921875 0.020384615384615383 0.041875 0.03923076923076923
0 0.63625 0.9973076923076923 0.01625 0.005384615384615384
0 0.4509375 0.4796153846153846 0.041875 0.04384615384615385
0 0.25375000000000003 0.6480769230769231 0.0425 0.07615384615384616
0 0.3346875 0.43961538461538463 0.216875 0.33615384615384614
0 0.5856250000000001 0.6326923076923077 0.12875 0.09307692307692307
