0 0.48625 0.12192307692307693 0.145 0.10692307692307693
0 0.52 0.26153846153846155 0.13 0.14461538461538462
0 0.625 0.22153846153846155 0.03875 0.08615384615384615
0 0.3603125 0.8665384615384616 0.046875 0.11
0 0.7584375 0.34807692307692306 0.088125 0.10538461538461538
0 0.4215625 0.26884615384615385 0.063125 0.1346153846153846
0 0.2515625 0.3996153846153846 0.025625000000000002 0.026923076923076925
0 0.40218750000000003 0.7857692307692308 0.046875 0.06538461538461539
0 0.500625 0.6188461538461538 0.058750000000000004 0.05153846153846154
0 0.5409375 0.5584615384615385 0.035625000000000004 0.055384615384615386
0 0.44656250000000003 0.8584615384615385 0.100625 0.13692307692307693
0 0.6240625 0.9792307692307692 0.041875 0.04
0 0.668125 0.002692307692307692 0.01625 0.005384615384615384
0 0.483125 0.52 0.04125 0.04461538461538461
0 0.285625 0.35192307692307695 0.0425 0.07615384615384616
0 0.3665625 0.5596153846153846 0.216875 0.33615384615384614
0 0.6175 0.36653846153846154 0.12875 0.09307692307692307
