0 0.46332046332046334 0.13298872180451127 0.14208494208494207 0.10432330827067668
0 0.4934362934362934 0.268796992481203 0.12818532818532818 0.14097744360902253
0 0.5969111969111969 0.23355263157894735 0.03861003861003861 0.08364661654135339
0 0.32432432432432434 0.8486842105263157 0.04633204633204633 0.10714285714285714
0 0.7247104247104247 0.3599624060150376 0.08725868725868725 0.10338345864661654
0 0.3972972972972973 0.2725563909774436 0.06254826254826255 0.13157894736842105
0 0.2277992277992278 0.393796992481203 0.026254826254826256 0.02631578947368421
0 0.3667953667953668 0.7720864661654135 0.04633204633204633 0.06484962406015038
0 0.4667953667953668 0.6137218045112781 0.05791505791505792 0.05075187969924812
0 0.5073359073359074 0.556390977443609 0.03552123552123552 0.05451127819548872
0 0.40888030888030885 0.843984962406015 0.09961389961389962 0.13345864661654133
0 0.57992277992278 0.9661654135338346 0.0416988416988417 0.039473684210526314
0 0.644015444015444 0.023026315789473683 0.01698841698841699 0.006578947368421052
0 0.4517374517374517 0.5173872180451128 0.0416988416988417 0.044172932330827065
0 0.26216216216216215 0.34868421052631576 0.04247104247104247 0.07518796992481203
0 0.33745173745173745 0.5521616541353384 0.21312741312741312 0.32612781954887216
0 0.5868725868725869 0.37359022556390975 0.12664092664092663 0.09116541353383459
