0 0.47283049472830496 0.1435546875 0.13949716139497162 0.1015625
0 0.49878345498783455 0.2763671875 0.12489862124898622 0.13671875
0 0.6009732360097324 0.24560546875 0.0373073803730738 0.0810546875
0 0.31954582319545827 0.8310546875 0.04541768045417681 0.103515625
0 0.7230332522303325 0.373046875 0.08515815085158152 0.099609375
0 0.4042984590429846 0.2763671875 0.06082725060827251 0.126953125
0 0.23641524736415248 0.38818359375 0.025141930251419302 0.0263671875
0 0.3633414436334145 0.7587890625 0.04541768045417681 0.0625
0 0.46472019464720193 0.60888671875 0.05677210056772101 0.0498046875
0 0.5056772100567721 0.5546875 0.034874290348742905 0.052734375
0 0.40227088402270883 0.8291015625 0.09732360097323602 0.12890625
0 0.5669099756690997 0.95361328125 0.04055150040551501 0.0380859375
0 0.6520681265206812 0.0439453125 0.016220600162206 0.005859375
0 0.4521492295214923 0.515625 0.039740470397404706 0.04296875
0 0.2712895377128954 0.345703125 0.0413625304136253 0.072265625
0 0.3394160583941606 0.54541015625 0.20843471208434713 0.3154296875
0 0.5875912408759124 0.380859375 0.12408759124087591 0.087890625
