0 0.46431372549019606 0.13393708293612963 0.14274509803921567 0.10390848427073403
0 0.4937254901960784 0.26930409914204 0.12784313725490196 0.14013346043851285
0 0.5972549019607842 0.23450905624404195 0.038431372549019606 0.08388941849380362
0 0.32352941176470584 0.8465204957102002 0.04627450980392157 0.10676835081029551
0 0.7247058823529412 0.36129647283126787 0.08627450980392157 0.10295519542421354
0 0.3976470588235294 0.273117254528122 0.06274509803921569 0.1306005719733079
0 0.22862745098039214 0.3927550047664442 0.02588235294117647 0.026692087702573877
0 0.36666666666666664 0.7707340324118207 0.04627450980392157 0.0638703527168732
0 0.4666666666666667 0.613441372735939 0.05803921568627451 0.05052430886558627
0 0.5070588235294118 0.5562440419447092 0.03529411764705882 0.05433746425166825
0 0.40784313725490196 0.842230695900858 0.0988235294117647 0.1325071496663489
0 0.5784313725490196 0.9647283126787416 0.04156862745098039 0.040038131553860816
0 0.6447058823529411 0.025262154432793137 0.017254901960784313 0.006673021925643469
0 0.4517647058823529 0.5176358436606292 0.04078431372549019 0.0438512869399428
0 0.26313725490196077 0.3479504289799809 0.04156862745098039 0.07435653002859867
0 0.3376470588235294 0.5514775977121068 0.21254901960784311 0.325071496663489
0 0.5870588235294117 0.37416587225929454 0.12627450980392158 0.0905624404194471
