0 0.499375 0.12192307692307693 0.145 0.10692307692307693
0 0.533125 0.26153846153846155 0.13 0.14461538461538462
0 0.638125 0.22153846153846155 0.03875 0.08615384615384615
0 0.37343750000000003 0.8665384615384616 0.046875 0.11
0 0.7715625 0.34807692307692306 0.088125 0.10538461538461538
0 0.4346875 0.26884615384615385 0.063125 0.1346153846153846
0 0.2646875 0.3996153846153846 0.025625000000000002 0.026923076923076925
0 0.41531250000000003 0.7857692307692308 0.046875 0.06538461538461539
0 0.51375 0.6188461538461538 0.058750000000000004 0.05153846153846154
0 0.5540625 0.5584615384615385 0.035625000000000004 0.055384615384615386
0 0.4596875 0.8584615384615385 0.100625 0.13692307692307693
0 0.6371875 0.9792307692307692 0.041875 0.04
0 0.68125 0.002692307692307692 0.01625 0.005384615384615384
0 0.49625 0.52 0.04125 0.04461538461538461
0 0.29875 0.35192307692307695 0.0425 0.07615384615384616
0 0.3803125 0.5596153846153846 0.216875 0.33615384615384614
0 0.63125 0.36653846153846154 0.12875 0.09307692307692307
