0 0.5596293311845286 0.14854368932038833 0.13940370668815472 0.10097087378640776
0 0.5217566478646253 0.2771844660194175 0.12489927477840451 0.13689320388349513
0 0.42264302981466556 0.23300970873786406 0.0378726833199033 0.08155339805825243
0 0.6490733279613214 0.853883495145631 0.0459307010475423 0.10388349514563107
0 0.290088638195004 0.34320388349514563 0.0854149879129734 0.09999999999999999
0 0.6156325543916197 0.2898058252427184 0.0612409347300564 0.12718446601941746
0 0.7727639000805802 0.4228155339805825 0.0257856567284448 0.026213592233009706
0 0.6124093473005641 0.7757281553398058 0.045124899274778404 0.062135922330097085
0 0.5249798549556809 0.6131067961165049 0.057211925866236905 0.04951456310679611
0 0.4891216760676873 0.5538834951456311 0.0354552780016116 0.05339805825242718
0 0.5668815471394036 0.84126213592233 0.09750201450443191 0.129126213592233
0 0.39202256244963735 0.9432038834951456 0.0410958904109589 0.037864077669902914
0 0.39081385979049155 0.02524271844660194 0.016116035455278 0.005825242718446602
0 0.5463336019339242 0.5213592233009708 0.040290088638195005 0.04271844660194175
0 0.7421434327155519 0.3762135922330097 0.041901692183722805 0.07281553398058252
0 0.6559226430298146 0.5660194174757281 0.20789685737308622 0.316504854368932
0 0.4238517324738114 0.3694174757281553 0.12409347300564061 0.08834951456310679
