0 0.45437500000000003 0.12115384615384615 0.145 0.10692307692307693
0 0.48781250000000004 0.2611538461538462 0.130625 0.14384615384615385
0 0.593125 0.22115384615384615 0.03875 0.08692307692307692
0 0.3284375 0.8661538461538462 0.046875 0.11076923076923077
0 0.7262500000000001 0.34807692307692306 0.08750000000000001 0.10538461538461538
0 0.389375 0.2680769230769231 0.0625 0.1346153846153846
0 0.21937500000000001 0.3996153846153846 0.02625 0.026923076923076925
0 0.3703125 0.785 0.046875 0.06538461538461539
0 0.4684375 0.6188461538461538 0.058125 0.05153846153846154
0 0.5090625 0.558076923076923 0.035625000000000004 0.05615384615384615
0 0.414375 0.8584615384615385 0.10125 0.13692307692307693
0 0.5921875 0.9788461538461538 0.041875 0.03923076923076923
0 0.63625 0.0023076923076923075 0.01625 0.004615384615384615
0 0.4509375 0.5196153846153846 0.041875 0.04384615384615385
0 0.25375000000000003 0.35115384615384615 0.0425 0.07615384615384616
0 0.3346875 0.5596153846153846 0.216875 0.33615384615384614
0 0.5856250000000001 0.36653846153846154 0.12875 0.09307692307692307
