0 0.7697044334975369 0.5655 0.18144499178981938 0.543
0 0.6042692939244663 0.461 0.14614121510673234 0.17200000000000001
0 0.8230706075533661 0.1235 0.03037766830870279 0.045
0 0.8407224958949097 0.0675 0.034482758620689655 0.061
0 0.8411330049261083 0.1835 0.040229885057471264 0.083
0 0.8932676518883416 0.10400000000000001 0.07060755336617405 0.13
0 0.7454844006568144 0.125 0.08538587848932676 0.166
0 0.7951559934318555 0.196 0.025451559934318555 0.034
0 0.6551724137931034 0.1445 0.10180623973727422 0.121
0 0.5558292282430213 0.126 0.11986863711001641 0.196
0 0.6325944170771757 0.248 0.05829228243021346 0.096
0 0.4199507389162561 0.089 0.12397372742200329 0.13
0 0.3263546798029556 0.076 0.0451559934318555 0.052000000000000005
0 0.3033661740558292 0.03 0.0270935960591133 0.02
0 0.38382594417077176 0.559 0.1354679802955665 0.176
0 0.46223316912972084 0.6265000000000001 0.06568144499178982 0.081
0 0.7126436781609196 0.8795000000000001 0.13628899835796388 0.109
0 0.5681444991789819 0.914 0.1625615763546798 0.094
0 0.41707717569786534 0.86 0.14942528735632182 0.10400000000000001
0 0.39901477832512317 0.7705 0.15763546798029557 0.121
0 0.3103448275862069 0.7355 0.034482758620689655 0.08700000000000001
0 0.4860426929392446 0.7515000000000001 0.02463054187192118 0.037
0 0.4215927750410509 0.41500000000000004 0.05008210180623974 0.084
0 0.34072249589490966 0.4235 0.04597701149425287 0.091
0 0.3969622331691297 0.3295 0.12561576354679801 0.153
0 0.12438423645320197 0.5765 0.07963875205254516 0.077
0 0.08251231527093596 0.8135 0.11083743842364531 0.249
0 0.19704433497536944 0.6485 0.059113300492610835 0.083
0 0.06814449917898194 0.2645 0.05747126436781609 0.111
0 0.2044334975369458 0.34800000000000003 0.0361247947454844 0.044
0 0.5554187192118226 0.3 0.0812807881773399 0.134
0 0.6079638752052545 0.3005 0.0451559934318555 0.059000000000000004
