0 0.246875 0.546923076923077 0.185 0.56
0 0.4184375 0.44461538461538463 0.148125 0.17692307692307693
0 0.2021875 0.08923076923076922 0.030625 0.046153846153846156
0 0.1853125 0.031153846153846153 0.034375 0.06230769230769231
0 0.1825 0.15076923076923077 0.04 0.08461538461538462
0 0.130625 0.06692307692307692 0.07125000000000001 0.13384615384615384
0 0.28125 0.09346153846153846 0.08625000000000001 0.17
0 0.2290625 0.165 0.025625000000000002 0.03461538461538462
0 0.37343750000000003 0.11653846153846154 0.10312500000000001 0.12384615384615384
0 0.4753125 0.10038461538461538 0.121875 0.20076923076923076
0 0.3940625 0.22384615384615383 0.059375000000000004 0.09846153846153846
0 0.615 0.06653846153846153 0.12625 0.13307692307692306
0 0.7106250000000001 0.05615384615384615 0.045 0.052307692307692305
0 0.735 0.01 0.02625 0.02
0 0.64125 0.5534615384615384 0.1375 0.18076923076923077
0 0.5596875 0.6203846153846154 0.066875 0.0823076923076923
0 0.2984375 0.8726923076923077 0.138125 0.11153846153846154
0 0.4453125 0.9134615384615384 0.165625 0.09615384615384616
0 0.600625 0.8626923076923076 0.1525 0.10692307692307693
0 0.62125 0.7703846153846153 0.16 0.12384615384615384
0 0.7125 0.7373076923076923 0.035 0.08846153846153847
0 0.5328125 0.7480769230769231 0.024375 0.03769230769230769
0 0.605625 0.40307692307692305 0.05 0.08615384615384615
0 0.688125 0.4146153846153846 0.04625 0.09230769230769231
0 0.6328125 0.31576923076923075 0.128125 0.1576923076923077
0 0.9059375000000001 0.5796153846153846 0.080625 0.07769230769230769
0 0.943125 0.825 0.1125 0.2561538461538462
0 0.8300000000000001 0.6515384615384615 0.06 0.08461538461538462
0 0.9703125 0.25961538461538464 0.058125 0.11307692307692307
0 0.82875 0.34115384615384614 0.03625 0.04384615384615385
0 0.4715625 0.28 0.081875 0.13692307692307693
0 0.41781250000000003 0.2792307692307692 0.045625 0.06
