0 0.25547138047138046 0.529979674796748 0.17929292929292928 0.5294715447154472
0 0.4242424242424242 0.4435975609756098 0.14309764309764308 0.1676829268292683
0 0.22979797979797978 0.09603658536585367 0.0303030303030303 0.04369918699186992
0 0.21632996632996632 0.04014227642276423 0.03367003367003367 0.05995934959349594
0 0.20875420875420875 0.15294715447154472 0.03872053872053872 0.08028455284552846
0 0.16203703703703703 0.07063008130081301 0.06986531986531987 0.12703252032520326
0 0.30597643097643096 0.10416666666666667 0.08333333333333333 0.16158536585365854
0 0.2529461279461279 0.16920731707317074 0.026094276094276093 0.03353658536585366
0 0.3935185185185185 0.13109756097560976 0.10016835016835017 0.11788617886178863
0 0.4924242424242424 0.12195121951219513 0.11784511784511784 0.1910569105691057
0 0.4095117845117845 0.233739837398374 0.05808080808080808 0.0934959349593496
0 0.6275252525252525 0.09806910569105692 0.12205387205387205 0.12703252032520326
0 0.720117845117845 0.0934959349593496 0.04461279461279461 0.05081300813008131
0 0.7453703703703703 0.05132113821138212 0.026094276094276093 0.019308943089430895
0 0.6346801346801346 0.5584349593495935 0.132996632996633 0.1717479674796748
0 0.5534511784511784 0.6168699186991871 0.06481481481481481 0.07926829268292684
0 0.2925084175084175 0.839939024390244 0.13383838383838384 0.10670731707317074
0 0.43265993265993263 0.8871951219512196 0.15993265993265993 0.09146341463414635
0 0.5837542087542087 0.8475609756097562 0.1473063973063973 0.10162601626016261
0 0.6069023569023568 0.7621951219512196 0.15488215488215487 0.11788617886178863
0 0.6957070707070707 0.7362804878048781 0.03451178451178451 0.08434959349593497
0 0.5227272727272727 0.7357723577235773 0.02356902356902357 0.03658536585365854
0 0.6060606060606061 0.41514227642276424 0.04882154882154882 0.08231707317073171
0 0.6847643097643097 0.43038617886178865 0.04461279461279461 0.08841463414634147
0 0.63510101010101 0.33384146341463417 0.12373737373737373 0.14939024390243905
0 0.8876262626262625 0.598069105691057 0.07828282828282827 0.0741869918699187
0 0.9141414141414141 0.831808943089431 0.10942760942760943 0.24288617886178865
0 0.8122895622895623 0.6615853658536586 0.05892255892255892 0.0813008130081301
0 0.9617003367003366 0.2997967479674797 0.0563973063973064 0.10772357723577237
0 0.8228114478114478 0.3689024390243903 0.0361952861952862 0.042682926829268296
0 0.4819023569023569 0.2906504065040651 0.07996632996632996 0.13008130081300814
0 0.4297138047138047 0.28709349593495936 0.04461279461279461 0.057926829268292686
