0 0.7525000000000001 0.546923076923077 0.185 0.56
0 0.5809375 0.44461538461538463 0.148125 0.17692307692307693
0 0.7971875 0.08923076923076922 0.030625 0.046153846153846156
0 0.8140625 0.031153846153846153 0.034375 0.06230769230769231
0 0.816875 0.15076923076923077 0.04 0.08461538461538462
0 0.86875 0.06692307692307692 0.07125000000000001 0.13384615384615384
0 0.718125 0.09346153846153846 0.08625000000000001 0.17
0 0.7703125000000001 0.165 0.025625000000000002 0.03461538461538462
0 0.6259375 0.11653846153846154 0.10312500000000001 0.12384615384615384
0 0.5240625 0.10038461538461538 0.121875 0.20076923076923076
0 0.6053125 0.22384615384615383 0.059375000000000004 0.09846153846153846
0 0.3846875 0.06653846153846153 0.12562500000000001 0.13307692307692306
0 0.28875 0.05615384615384615 0.045 0.052307692307692305
0 0.264375 0.01 0.02625 0.02
0 0.358125 0.5534615384615384 0.1375 0.18076923076923077
0 0.4396875 0.6203846153846154 0.066875 0.0823076923076923
0 0.7009375 0.8726923076923077 0.138125 0.11153846153846154
0 0.5540625 0.9134615384615384 0.165625 0.09615384615384616
0 0.39875 0.8626923076923076 0.1525 0.10692307692307693
0 0.378125 0.7703846153846153 0.16 0.12384615384615384
0 0.286875 0.7373076923076923 0.035 0.08846153846153847
0 0.4665625 0.7480769230769231 0.024375 0.03769230769230769
0 0.39375 0.40307692307692305 0.05 0.08615384615384615
0 0.31125 0.4146153846153846 0.04625 0.09230769230769231
0 0.3665625 0.31576923076923075 0.128125 0.1576923076923077
0 0.0934375 0.5796153846153846 0.080625 0.07769230769230769
0 0.05625 0.825 0.1125 0.2561538461538462
0 0.169375 0.6515384615384615 0.06 0.08461538461538462
0 0.0290625 0.25961538461538464 0.058125 0.11307692307692307
0 0.170625 0.34115384615384614 0.03625 0.04384615384615385
0 0.5278125 0.28 0.081875 0.13692307692307693
0 0.5815625 0.2792307692307692 0.045625 0.06
