0 0.7675000000000001 0.5476923076923077 0.185 0.56
0 0.5959375 0.4453846153846154 0.148125 0.17692307692307693
0 0.8121875000000001 0.09 0.030625 0.046153846153846156
0 0.8290625 0.03192307692307692 0.034375 0.06230769230769231
0 0.831875 0.15153846153846154 0.04 0.08461538461538462
0 0.88375 0.06769230769230769 0.07125000000000001 0.13384615384615384
0 0.733125 0.09423076923076923 0.08625000000000001 0.17
0 0.7853125 0.16576923076923078 0.025625000000000002 0.03461538461538462
0 0.6409375 0.11730769230769231 0.10312500000000001 0.12384615384615384
0 0.5390625 0.10115384615384615 0.121875 0.20076923076923076
0 0.6203125 0.2246153846153846 0.059375000000000004 0.09846153846153846
0 0.39968750000000003 0.0673076923076923 0.12562500000000001 0.13307692307692306
0 0.30375 0.05692307692307692 0.045 0.052307692307692305
0 0.279375 0.010769230769230769 0.02625 0.02
0 0.373125 0.5542307692307692 0.1375 0.18076923076923077
0 0.4546875 0.6211538461538462 0.066875 0.0823076923076923
0 0.7159375 0.8734615384615385 0.138125 0.11153846153846154
0 0.5690625 0.9142307692307692 0.165625 0.09615384615384616
0 0.41375 0.8634615384615385 0.1525 0.10692307692307693
0 0.393125 0.7711538461538462 0.16 0.12384615384615384
0 0.301875 0.7380769230769231 0.035 0.08846153846153847
0 0.4815625 0.7488461538461538 0.024375 0.03769230769230769
0 0.40875 0.40384615384615385 0.05 0.08615384615384615
0 0.32625 0.4153846153846154 0.04625 0.09230769230769231
0 0.3815625 0.31653846153846155 0.128125 0.1576923076923077
0 0.1084375 0.5803846153846154 0.080625 0.07769230769230769
0 0.07125000000000001 0.8257692307692308 0.1125 0.2561538461538462
0 0.184375 0.6523076923076923 0.06 0.08461538461538462
0 0.0440625 0.2603846153846154 0.058125 0.11307692307692307
0 0.185625 0.34192307692307694 0.03625 0.04384615384615385
0 0.5428125 0.28076923076923077 0.081875 0.13692307692307693
0 0.5965625 0.28 0.045625 0.06
