0 0.7480499219968799 0.5710944808231992 0.17628705148205928 0.5191768007483629
0 0.5900936037441498 0.4639850327408793 0.14118564742589704 0.1646398503274088
0 0.8131825273010921 0.1510757717492984 0.030421216848673948 0.04396632366697849
0 0.8319032761310453 0.09869036482694107 0.03354134165366615 0.05893358278765201
0 0.8287831513260531 0.20907390084190833 0.038221528861154444 0.07951356407857811
0 0.8822152886115445 0.13564078578110383 0.0686427457098284 0.1253507951356408
0 0.7379095163806553 0.14920486435921423 0.08268330733229329 0.15809167446211414
0 0.7839313572542902 0.21936389148737137 0.0249609984399376 0.03274087932647334
0 0.6493759750390016 0.1637043966323667 0.09906396255850235 0.11599625818521983
0 0.5530421216848674 0.1412535079513564 0.1170046801872075 0.18709073900841908
0 0.624414976599064 0.2614593077642657 0.05694227769110764 0.09260991580916744
0 0.42238689547581904 0.09962581852198317 0.12090483619344775 0.1244153414405987
0 0.33151326053042124 0.08278765201122544 0.0436817472698908 0.04957904583723106
0 0.31084243369734793 0.03835360149672591 0.02574102964118565 0.018709073900841908
0 0.37285491419656785 0.5481758652946679 0.1310452418096724 0.16838166510757718
0 0.4469578783151326 0.6164639850327409 0.06396255850234009 0.07670720299345182
0 0.6829173166926678 0.8695042095416277 0.13182527301092045 0.1038353601496726
0 0.5409516380655226 0.8961646398503275 0.15834633385335414 0.08980355472404117
0 0.39586583463338537 0.8376987839101965 0.14586583463338534 0.10009354536950421
0 0.38143525741029644 0.7507015902712816 0.15288611544461778 0.11506080449017773
0 0.296021840873635 0.7132834424695977 0.03354134165366615 0.0832553788587465
0 0.46606864274570986 0.7366697848456502 0.02418096723868955 0.03648269410664172
0 0.4141965678627145 0.411599625818522 0.0483619344773791 0.08044901777362021
0 0.33541341653666146 0.4162768942937325 0.0452418096723869 0.08606173994387278
0 0.39274570982839313 0.32881197380729654 0.12246489859594384 0.146866230121609
0 0.12012480499219969 0.5528531337698784 0.078003120124805 0.07296538821328344
0 0.07254290171606864 0.7778297474275023 0.10764430577223089 0.23854069223573435
0 0.18876755070202808 0.6253507951356408 0.057722308892355696 0.07951356407857811
0 0.0748829953198128 0.2521047708138447 0.056162246489859596 0.10570626753975679
0 0.20553822152886117 0.3381665107577175 0.035101404056162244 0.042095416276894296
0 0.5479719188767551 0.3077642656688494 0.07878315132605304 0.12722170252572498
0 0.5990639625585024 0.31103835360149673 0.0436817472698908 0.05706267539756782
