0 0.2555366269165247 0.5298047276464543 0.1788756388415673 0.5292908530318602
0 0.424190800681431 0.44347379239465573 0.14310051107325383 0.16752312435765673
0 0.22998296422487224 0.09609455292908531 0.030664395229982964 0.04419321685508736
0 0.21635434412265758 0.040082219938335044 0.034071550255536626 0.05960945529290853
0 0.20868824531516184 0.1526207605344296 0.039182282793867124 0.08119218910585817
0 0.1622657580919932 0.07091469681397738 0.06899488926746167 0.12744090441932168
0 0.30579216354344124 0.10431654676258993 0.08347529812606473 0.16135662898252826
0 0.2529812606473595 0.16906474820143885 0.02555366269165247 0.03391572456320658
0 0.39395229982964225 0.131551901336074 0.09965928449744464 0.11716341212744091
0 0.49233390119250425 0.12178828365878726 0.11754684838160137 0.19013360739979446
0 0.4097103918228279 0.2338129496402878 0.05792163543441227 0.09352517985611511
0 0.6273424190800682 0.09815005138746147 0.12180579216354344 0.1264131551901336
0 0.7197614991482113 0.09403905447070915 0.044293015332197615 0.050359712230215826
0 0.7453151618398637 0.051901336073997946 0.02555366269165247 0.019527235354573486
0 0.6345826235093697 0.5585817060637205 0.13287904599659284 0.17163412127440905
0 0.553236797274276 0.6166495375128469 0.065587734241908 0.07810894141829394
0 0.29258943781942076 0.8391572456320658 0.13373083475298125 0.10585817060637205
0 0.432282793867121 0.8864337101747174 0.15928449744463374 0.09146968139773895
0 0.5830494037478705 0.8473792394655704 0.14735945485519591 0.10174717368961973
0 0.6068994889267462 0.7615621788283659 0.15417376490630325 0.11716341212744091
0 0.6959114139693356 0.7358684480986639 0.034071550255536626 0.0842754367934224
0 0.522572402044293 0.7353545734840699 0.024701873935264056 0.03597122302158273
0 0.6060477001703578 0.4141829393627955 0.048551959114139696 0.08221993833504625
0 0.684412265758092 0.4301130524152107 0.04514480408858603 0.08735868448098665
0 0.6354344122657581 0.3335046248715314 0.12436115843270869 0.14902363823227133
0 0.8875638841567292 0.5981500513874615 0.07836456558773425 0.07399794450154162
0 0.91396933560477 0.8314491264131552 0.10902896081771721 0.24254881808838644
0 0.8121805792163543 0.6613566289825282 0.058773424190800685 0.08119218910585817
0 0.9616695059625213 0.3001027749229188 0.056218057921635436 0.10688591983556013
0 0.8228279386712095 0.36896197327852004 0.03577512776831346 0.04316546762589928
0 0.4816865417376491 0.2908530318602261 0.07921635434412266 0.12949640287769784
0 0.4301533219761499 0.2867420349434738 0.044293015332197615 0.05755395683453238
