0 0.7646586345381526 0.5529931305201177 0.18313253012048195 0.5485770363101079
0 0.5967871485943775 0.44946025515210986 0.1461847389558233 0.1746810598626104
0 0.814859437751004 0.10647693817468105 0.03132530120481928 0.04612365063788027
0 0.8325301204819278 0.049558390578999016 0.03453815261044177 0.06182531894013738
0 0.8337349397590362 0.16683022571148184 0.040160642570281124 0.08439646712463199
0 0.8859437751004017 0.08586849852796859 0.07068273092369479 0.1324828263002944
0 0.7369477911646587 0.10843964671246319 0.0859437751004016 0.1678115799803729
0 0.7871485943775101 0.17958783120706573 0.02570281124497992 0.035328753680078505
0 0.6457831325301205 0.1295387634936212 0.10281124497991968 0.12168792934249263
0 0.5453815261044177 0.1113837095191364 0.12048192771084337 0.197252208047105
0 0.6240963855421687 0.2340529931305201 0.05943775100401607 0.09715407262021589
0 0.40843373493975904 0.07556427870461235 0.1244979919678715 0.13150147203140333
0 0.3140562248995984 0.06329735034347399 0.04497991967871486 0.05201177625122669
0 0.29036144578313255 0.01717369970559372 0.026506024096385545 0.02060843964671246
0 0.3759036144578313 0.5515210991167812 0.13654618473895583 0.17860647693817466
0 0.45502008032128516 0.6187438665358194 0.06666666666666667 0.08145240431795878
0 0.7092369477911646 0.8709519136408242 0.13654618473895583 0.11089303238469086
0 0.563855421686747 0.9082433758586849 0.163855421686747 0.09519136408243375
0 0.41124497991967873 0.8547595682041216 0.15100401606425704 0.10598626104023552
0 0.3923694779116466 0.7639842983316977 0.15823293172690764 0.1226692836113837
0 0.3028112449799197 0.7296368989205102 0.03534136546184739 0.0873405299313052
0 0.47991967871485947 0.7443572129538762 0.024899598393574297 0.038272816486751716
0 0.41285140562248995 0.4048086359175662 0.04979919678714859 0.08537782139352305
0 0.3313253012048193 0.41462217860647693 0.045783132530120486 0.09126594700686948
0 0.38714859437751004 0.31894013738959764 0.12690763052208837 0.155053974484789
0 0.1140562248995984 0.5716388616290481 0.08032128514056225 0.0775269872423945
0 0.07429718875502009 0.8110893032384691 0.11164658634538153 0.2522080471050049
0 0.1883534136546185 0.6432777232580962 0.060240963855421686 0.08341511285574092
0 0.055421686746987955 0.2571148184494602 0.05783132530120482 0.11187438665358193
0 0.19357429718875502 0.34003925417075564 0.036947791164658635 0.04416094210009813
0 0.5465863453815262 0.28753680078508337 0.08112449799196787 0.1354268891069676
0 0.5995983935742972 0.28802747791952893 0.045783132530120486 0.05986261040235524
