0 0.2577399380804954 0.47493036211699163 0.17647058823529413 0.5190343546889508
0 0.4256965944272446 0.5571030640668524 0.1408668730650155 0.16527390900649955
0 0.23839009287925697 0.9020427112349118 0.029411764705882356 0.0436397400185701
0 0.2248452012383901 0.9568245125348189 0.033281733746130034 0.0584958217270195
0 0.21671826625386997 0.8463324048282266 0.03869969040247678 0.07892293407613742
0 0.17143962848297215 0.9280408542246983 0.06888544891640867 0.12534818941504178
0 0.31308049535603716 0.8922934076137419 0.08281733746130031 0.15784586815227483
0 0.26006191950464397 0.83008356545961 0.02476780185758514 0.033426183844011144
0 0.3993808049535604 0.8639740018570102 0.09907120743034056 0.11606313834726091
0 0.4969040247678019 0.8714020427112349 0.11609907120743035 0.18662952646239556
0 0.4136996904024768 0.7632311977715878 0.0565015479876161 0.09285051067780872
0 0.6311919504643964 0.8922934076137419 0.11996904024767803 0.1244196843082637
0 0.7229102167182663 0.8946146703806871 0.043343653250773995 0.04921077065923862
0 0.7480650154798762 0.935468895078923 0.025541795665634675 0.019498607242339833
0 0.6315789473684211 0.43964716805942433 0.13157894736842107 0.1680594243268338
0 0.5506965944272446 0.3839368616527391 0.06424148606811146 0.07706592386258125
0 0.29024767801857587 0.16991643454038996 0.13157894736842107 0.10399257195914577
0 0.4280185758513932 0.12116991643454039 0.15789473684210528 0.09006499535747446
0 0.5773993808049536 0.1564531104921077 0.1455108359133127 0.09935004642525534
0 0.601780185758514 0.24048282265552462 0.15247678018575853 0.11513463324048283
0 0.6904024767801858 0.2641597028783658 0.03405572755417957 0.08263695450324977
0 0.5189628482972136 0.2678737233054782 0.023993808049535607 0.036211699164345405
0 0.6056501547987616 0.5817084493964717 0.048761609907120744 0.0807799442896936
0 0.68343653250774 0.5649953574744662 0.04489164086687307 0.08635097493036212
0 0.6354489164086687 0.6601671309192201 0.12229102167182664 0.1467038068709378
0 0.8815789473684211 0.3960074280408542 0.07739938080495357 0.0733519034354689
0 0.9051857585139319 0.16620241411327763 0.10758513931888546 0.23769730733519034
0 0.8061145510835914 0.33519034354688954 0.058049535603715174 0.07985143918291551
0 0.9589783281733747 0.6870937790157846 0.05572755417956657 0.10584958217270195
0 0.8204334365325078 0.6225626740947076 0.03560371517027864 0.04178272980501393
0 0.48452012383900933 0.7056638811513464 0.07894736842105264 0.12813370473537605
0 0.43343653250773995 0.7098421541318477 0.043343653250773995 0.056638811513463325
