0 0.75375 0.5576923076923077 0.185 0.56
0 0.5821875 0.4553846153846154 0.148125 0.17692307692307693
0 0.7984375 0.1 0.030625 0.046153846153846156
0 0.8153125 0.041923076923076924 0.034375 0.06230769230769231
0 0.818125 0.16153846153846155 0.04 0.08461538461538462
0 0.87 0.07769230769230769 0.07125000000000001 0.13384615384615384
0 0.719375 0.10423076923076922 0.08625000000000001 0.17
0 0.7715625 0.17576923076923076 0.025625000000000002 0.03461538461538462
0 0.6271875 0.12730769230769232 0.10312500000000001 0.12384615384615384
0 0.5253125 0.11115384615384616 0.121875 0.20076923076923076
0 0.6065625 0.23461538461538461 0.059375000000000004 0.09846153846153846
0 0.385625 0.07730769230769231 0.12625 0.13307692307692306
0 0.29 0.06692307692307692 0.045 0.052307692307692305
0 0.265625 0.02076923076923077 0.02625 0.02
0 0.359375 0.5642307692307692 0.1375 0.18076923076923077
0 0.4409375 0.6311538461538462 0.066875 0.0823076923076923
0 0.7021875 0.8834615384615384 0.138125 0.11153846153846154
0 0.5553125 0.9242307692307692 0.165625 0.09615384615384616
0 0.4 0.8734615384615385 0.1525 0.10692307692307693
0 0.379375 0.7811538461538462 0.16 0.12384615384615384
0 0.288125 0.7480769230769231 0.035 0.08846153846153847
0 0.4678125 0.7588461538461538 0.024375 0.03769230769230769
0 0.395 0.41384615384615386 0.05 0.08615384615384615
0 0.3125 0.42538461538461536 0.04625 0.09230769230769231
0 0.3678125 0.3261538461538461 0.128125 0.15692307692307692
0 0.09468750000000001 0.5903846153846154 0.080625 0.07769230769230769
0 0.0575 0.8357692307692308 0.1125 0.2561538461538462
0 0.170625 0.6623076923076923 0.06 0.08461538461538462
0 0.0303125 0.2703846153846154 0.058125 0.11307692307692307
0 0.171875 0.35192307692307695 0.03625 0.04384615384615385
0 0.5290625 0.2907692307692308 0.081875 0.13692307692307693
0 0.5828125000000001 0.29 0.045625 0.06
