0 0.7420127795527156 0.5579150579150579 0.17891373801916932 0.5308880308880309
0 0.5802715654952076 0.45222007722007723 0.14297124600638977 0.16891891891891891
0 0.8011182108626198 0.12644787644787644 0.03035143769968051 0.0444015444015444
0 0.8194888178913737 0.0723938223938224 0.03354632587859425 0.059845559845559844
0 0.8182907348242812 0.1862934362934363 0.039137380191693286 0.08108108108108109
0 0.8710063897763578 0.10907335907335908 0.0694888178913738 0.1274131274131274
0 0.7248402555910542 0.12644787644787644 0.08386581469648562 0.16216216216216217
0 0.7727635782747604 0.1973938223938224 0.02476038338658147 0.033783783783783786
0 0.6349840255591054 0.14333976833976833 0.10063897763578275 0.11872586872586872
0 0.5375399361022364 0.12258687258687259 0.1182108626198083 0.19111969111969113
0 0.6114217252396166 0.24420849420849422 0.05830670926517571 0.0945945945945946
0 0.4037539936102236 0.0834942084942085 0.12220447284345047 0.12644787644787644
0 0.31190095846645366 0.06853281853281853 0.0439297124600639 0.0501930501930502
0 0.29033546325878595 0.02364864864864865 0.026357827476038338 0.02027027027027027
0 0.3614217252396166 0.5434362934362934 0.13338658146964855 0.17181467181467183
0 0.4376996805111821 0.6110038610038611 0.06549520766773162 0.07915057915057916
0 0.6809105431309904 0.8638996138996139 0.13338658146964855 0.10617760617760617
0 0.5379392971246006 0.8943050193050194 0.16054313099041534 0.0916988416988417
0 0.389776357827476 0.8388030888030888 0.1485623003194888 0.10231660231660232
0 0.3730031948881789 0.75 0.15495207667731628 0.11776061776061776
0 0.28634185303514376 0.7138030888030888 0.034345047923322686 0.08397683397683398
0 0.45926517571884984 0.7335907335907336 0.023961661341853034 0.03667953667953668
0 0.4013578274760383 0.402992277992278 0.0487220447284345 0.08204633204633205
0 0.3214856230031949 0.4092664092664093 0.04552715654952076 0.0888030888030888
0 0.3777955271565495 0.31853281853281856 0.12460063897763578 0.15057915057915058
0 0.10543130990415335 0.5545366795366795 0.07827476038338657 0.07432432432432433
0 0.06070287539936102 0.7847490347490348 0.10862619808306709 0.24324324324324326
0 0.1761182108626198 0.6264478764478765 0.05830670926517571 0.08108108108108109
0 0.05471246006389776 0.24806949806949807 0.05670926517571885 0.10810810810810811
0 0.1880990415335463 0.33204633204633205 0.03594249201277955 0.04247104247104247
0 0.5347444089456869 0.29295366795366795 0.07907348242811502 0.1303088803088803
0 0.5866613418530351 0.2953667953667954 0.04552715654952076 0.05791505791505792
