0 0.23380992430613962 0.5709255533199196 0.17493692178301093 0.5140845070422536
0 0.3898233809924306 0.4627766599597586 0.14045416316232126 0.16297786720321933
0 0.1661059714045416 0.15442655935613683 0.02943650126156434 0.04325955734406439
0 0.1467619848612279 0.10261569416498995 0.03280067283431455 0.05835010060362174
0 0.15096719932716568 0.21277665995975856 0.03784693019343986 0.07947686116700202
0 0.09714045416316232 0.1403420523138833 0.06812447434819176 0.12374245472837023
0 0.2409587888982338 0.1519114688128773 0.0815811606391926 0.15694164989939638
0 0.19596299411269974 0.22183098591549297 0.025231286795626577 0.03319919517102616
0 0.3292682926829268 0.1659959758551308 0.09840201850294364 0.11468812877263583
0 0.424726661059714 0.14285714285714288 0.11606391925988224 0.18511066398390344
0 0.35492010092514714 0.2620724346076459 0.05719091673675357 0.09154929577464789
0 0.5542472666105971 0.10010060362173039 0.11942809083263246 0.12374245472837023
0 0.6442388561816652 0.0824949698189135 0.04373423044575273 0.048289738430583505
0 0.6648444070647602 0.03822937625754527 0.02607232968881413 0.02012072434607646
0 0.6063919259882253 0.5442655935613683 0.1312026913372582 0.16700201207243462
0 0.5332211942809083 0.6126760563380282 0.063919259882254 0.07645875251509054
0 0.30025231286795623 0.8656941649899397 0.1312026913372582 0.10362173038229378
0 0.44154751892346505 0.8908450704225352 0.15643397813288476 0.08953722334004025
0 0.5853658536585366 0.8314889336016097 0.14465937762825903 0.09959758551307848
0 0.5996635828427249 0.7454728370221329 0.15138772077375945 0.11468812877263583
0 0.6837678721614802 0.7072434607645876 0.0336417157275021 0.0824949698189135
0 0.5147182506307821 0.7318913480885313 0.02354920100925147 0.035211267605633804
0 0.5647603027754415 0.40945674044265595 0.04793944491169049 0.08048289738430583
0 0.6429772918418839 0.41297786720321933 0.044575273338940284 0.08551307847082495
0 0.5849453322119428 0.3274647887323944 0.12195121951219512 0.14587525150905434
0 0.8578637510513035 0.5472837022132797 0.07737594617325483 0.07243460764587525
0 0.9066442388561816 0.7691146881287727 0.10765349032800672 0.2364185110663984
0 0.7901597981497056 0.619215291750503 0.05803195962994112 0.07947686116700202
0 0.9007569386038687 0.24798792756539237 0.055508830950378465 0.10563380281690142
0 0.7716568544995794 0.3345070422535212 0.034482758620689655 0.04124748490945675
0 0.43103448275862066 0.30784708249496984 0.07821698906644238 0.1267605633802817
0 0.3801513877207737 0.3113682092555332 0.04373423044575273 0.05533199195171026
