0 0.7330407023144454 0.566951566951567 0.17318435754189945 0.5071225071225072
0 0.5794094173982443 0.45821462488129155 0.13886671987230648 0.16049382716049385
0 0.8048683160415004 0.15811965811965814 0.029529130087789308 0.042735042735042736
0 0.8244213886671987 0.10731244064577398 0.0335195530726257 0.05698005698005698
0 0.8192338387869115 0.21557454890788225 0.03750997605746209 0.0778727445394112
0 0.8731045490822028 0.14482431149097816 0.0670391061452514 0.1225071225071225
0 0.7310454908220272 0.154320987654321 0.08140462889066241 0.15479582146248813
0 0.7745411013567438 0.2241215574548908 0.024740622505985636 0.032288698955365625
0 0.6432561851556265 0.16619183285849953 0.09736632083000799 0.1120607787274454
0 0.5490822027134876 0.14150047483380818 0.11492418196328812 0.18233618233618235
0 0.6169193934557063 0.26115859449192785 0.0558659217877095 0.0892687559354226
0 0.42098962490023945 0.09781576448243115 0.1189146049481245 0.12155745489078823
0 0.3320031923383879 0.07929724596391263 0.04309656823623304 0.04843304843304844
0 0.31245011971268954 0.035137701804368475 0.024740622505985636 0.018993352326685663
0 0.363926576217079 0.5351377018043685 0.12928970470869913 0.16429249762583098
0 0.43615323224261776 0.6030389363722697 0.06304868316041501 0.07597340930674265
0 0.6632083000798085 0.8561253561253561 0.12928970470869913 0.10161443494776828
0 0.5231444533120511 0.878917378917379 0.1556264964086193 0.08831908831908833
0 0.3818834796488428 0.8181386514719848 0.14285714285714288 0.09781576448243115
0 0.3687150837988827 0.7326685660018993 0.15003990422984836 0.11301044634377969
0 0.28571428571428575 0.6937321937321937 0.0335195530726257 0.08072174738841406
0 0.45251396648044695 0.721272554605888 0.023942537909018357 0.035137701804368475
0 0.4074221867517957 0.4021842355175689 0.047086991221069435 0.0788224121557455
0 0.3296089385474861 0.40503323836657174 0.0446927374301676 0.0845204178537512
0 0.3874700718276137 0.32051282051282054 0.12051077414205906 0.14339981006647673
0 0.11532322426177176 0.5327635327635328 0.07581803671189147 0.07027540360873695
0 0.06424581005586592 0.7507122507122508 0.10614525139664804 0.23266856600189934
0 0.18156424581005587 0.6049382716049383 0.05666400638467678 0.0778727445394112
0 0.07621707901037511 0.23741690408357077 0.05506783719074222 0.10256410256410257
0 0.2031125299281724 0.3247863247863248 0.034317637669592976 0.039886039886039885
0 0.5407023144453312 0.3043684710351377 0.07741420590582603 0.12440645773979107
0 0.5909816440542698 0.308641975308642 0.04389465283320032 0.055080721747388414
