0 0.776875 0.4453846153846154 0.185 0.56
0 0.6053125 0.5476923076923077 0.148125 0.17692307692307693
0 0.8215625 0.9030769230769231 0.030625 0.046153846153846156
0 0.8384375000000001 0.9611538461538461 0.034375 0.06230769230769231
0 0.84125 0.8415384615384616 0.04 0.08461538461538462
0 0.8931250000000001 0.9253846153846154 0.07125000000000001 0.13384615384615384
0 0.7425 0.8988461538461539 0.08625000000000001 0.17
0 0.7946875 0.8273076923076923 0.025625000000000002 0.03461538461538462
0 0.6503125 0.8757692307692307 0.10312500000000001 0.12384615384615384
0 0.5484375 0.8919230769230769 0.121875 0.20076923076923076
0 0.6296875000000001 0.7684615384615384 0.059375000000000004 0.09846153846153846
0 0.4090625 0.9257692307692308 0.12562500000000001 0.13307692307692306
0 0.313125 0.9361538461538461 0.045 0.052307692307692305
0 0.28875 0.9823076923076923 0.02625 0.02
0 0.3825 0.43884615384615383 0.1375 0.18076923076923077
0 0.4640625 0.3719230769230769 0.066875 0.0823076923076923
0 0.7253125 0.11961538461538461 0.138125 0.11153846153846154
0 0.5784375 0.07884615384615384 0.165625 0.09615384615384616
0 0.42312500000000003 0.1296153846153846 0.1525 0.10692307692307693
0 0.4025 0.22192307692307692 0.16 0.12384615384615384
0 0.31125 0.255 0.035 0.08846153846153847
0 0.4909375 0.24423076923076922 0.024375 0.03769230769230769
0 0.418125 0.5892307692307692 0.05 0.08615384615384615
0 0.335625 0.5776923076923077 0.04625 0.09230769230769231
0 0.3909375 0.6765384615384615 0.128125 0.1576923076923077
0 0.1178125 0.4126923076923077 0.080625 0.07769230769230769
0 0.080625 0.1673076923076923 0.1125 0.2561538461538462
0 0.19375 0.34076923076923077 0.06 0.08461538461538462
0 0.0534375 0.7326923076923076 0.058125 0.11307692307692307
0 0.195 0.6511538461538462 0.03625 0.04384615384615385
0 0.5521875 0.7123076923076923 0.081875 0.13692307692307693
0 0.6059375 0.713076923076923 0.045625 0.06
