0 0.7714859437751004 0.5467980295566502 0.18393574297188756 0.5536945812807882
0 0.6008032128514057 0.44778325123152707 0.14779116465863454 0.17635467980295566
0 0.8124497991967872 0.0940886699507389 0.03132530120481928 0.046305418719211816
0 0.8285140562248996 0.03645320197044335 0.03453815261044177 0.06305418719211822
0 0.8325301204819278 0.15467980295566502 0.04096385542168675 0.08472906403940886
0 0.883132530120482 0.070935960591133 0.07148594377510041 0.13399014778325122
0 0.734136546184739 0.09901477832512315 0.08674698795180723 0.1684729064039409
0 0.7863453815261044 0.1689655172413793 0.02570281124497992 0.034482758620689655
0 0.642570281124498 0.12266009852216748 0.10281124497991968 0.1231527093596059
0 0.5417670682730924 0.10788177339901477 0.121285140562249 0.19999999999999998
0 0.6232931726907631 0.22906403940886697 0.05943775100401607 0.09753694581280788
0 0.4032128514056225 0.07635467980295566 0.12530120481927712 0.13300492610837436
0 0.30803212851405626 0.06699507389162561 0.045783132530120486 0.05320197044334975
0 0.28353413654618476 0.02167487684729064 0.027309236947791166 0.02167487684729064
0 0.3803212851405623 0.5576354679802955 0.13734939759036144 0.1793103448275862
0 0.46184738955823296 0.6226600985221674 0.06746987951807229 0.08275862068965517
0 0.7228915662650602 0.8694581280788176 0.13815261044176708 0.11133004926108374
0 0.5775100401606426 0.9113300492610836 0.16546184738955824 0.09655172413793103
0 0.42329317269076305 0.8630541871921181 0.15261044176706828 0.1064039408866995
0 0.40200803212851405 0.7719211822660098 0.1598393574297189 0.1231527093596059
0 0.31124497991967875 0.7399014778325123 0.03614457831325301 0.08866995073891625
0 0.48955823293172696 0.7487684729064039 0.024899598393574297 0.03743842364532019
0 0.41485943775100403 0.40886699507389157 0.05060240963855422 0.08669950738916256
0 0.33333333333333337 0.4211822660098522 0.046586345381526104 0.09162561576354679
0 0.38714859437751004 0.3226600985221675 0.12851405622489961 0.1566502463054187
0 0.11847389558232932 0.5866995073891625 0.08112449799196787 0.07783251231527093
0 0.08353413654618475 0.8295566502463053 0.11244979919678716 0.2541871921182266
0 0.19397590361445785 0.6571428571428571 0.060240963855421686 0.08472906403940886
0 0.051807228915662654 0.270935960591133 0.058634538152610445 0.11231527093596058
0 0.1927710843373494 0.3502463054187192 0.036947791164658635 0.04433497536945812
0 0.5469879518072289 0.2857142857142857 0.0819277108433735 0.1359605911330049
0 0.6 0.28423645320197044 0.046586345381526104 0.06009852216748768
