0 0.246875 0.4523076923076923 0.185 0.56
0 0.4184375 0.5546153846153846 0.148125 0.17692307692307693
0 0.2021875 0.91 0.030625 0.046153846153846156
0 0.1853125 0.9680769230769231 0.034375 0.06230769230769231
0 0.1825 0.8484615384615385 0.04 0.08461538461538462
0 0.130625 0.9323076923076923 0.07125000000000001 0.13384615384615384
0 0.28125 0.9057692307692308 0.08625000000000001 0.17
0 0.2290625 0.8342307692307692 0.025625000000000002 0.03461538461538462
0 0.37343750000000003 0.8826923076923077 0.10312500000000001 0.12384615384615384
0 0.4753125 0.8988461538461539 0.121875 0.20076923076923076
0 0.3940625 0.7753846153846153 0.059375000000000004 0.09846153846153846
0 0.615 0.9326923076923077 0.12625 0.13307692307692306
0 0.7106250000000001 0.943076923076923 0.045 0.052307692307692305
0 0.735 0.9892307692307692 0.02625 0.02
0 0.64125 0.44576923076923075 0.1375 0.18076923076923077
0 0.5596875 0.37884615384615383 0.066875 0.0823076923076923
0 0.2984375 0.12653846153846154 0.138125 0.11153846153846154
0 0.4453125 0.08576923076923076 0.165625 0.09615384615384616
0 0.600625 0.13653846153846153 0.1525 0.10692307692307693
0 0.62125 0.22884615384615384 0.16 0.12384615384615384
0 0.7125 0.2619230769230769 0.035 0.08846153846153847
0 0.5328125 0.25115384615384617 0.024375 0.03769230769230769
0 0.605625 0.5961538461538461 0.05 0.08615384615384615
0 0.688125 0.5846153846153846 0.04625 0.09230769230769231
0 0.6328125 0.6834615384615385 0.128125 0.1576923076923077
0 0.9059375000000001 0.4196153846153846 0.080625 0.07769230769230769
0 0.943125 0.17423076923076922 0.1125 0.2561538461538462
0 0.8300000000000001 0.3476923076923077 0.06 0.08461538461538462
0 0.9703125 0.7396153846153846 0.058125 0.11307692307692307
0 0.82875 0.6580769230769231 0.03625 0.04384615384615385
0 0.4715625 0.7192307692307692 0.081875 0.13692307692307693
0 0.41781250000000003 0.72 0.045625 0.06
