0 0.765625 0.553076923076923 0.185 0.56
0 0.5940625 0.45076923076923076 0.148125 0.17692307692307693
0 0.8103125 0.09538461538461539 0.030625 0.046153846153846156
0 0.8271875 0.037307692307692306 0.034375 0.06230769230769231
0 0.8300000000000001 0.15692307692307692 0.04 0.08461538461538462
0 0.881875 0.07307692307692308 0.07125000000000001 0.13384615384615384
0 0.7312500000000001 0.09961538461538462 0.08625000000000001 0.17
0 0.7834375 0.17115384615384616 0.025625000000000002 0.03461538461538462
0 0.6390625 0.1226923076923077 0.10312500000000001 0.12384615384615384
0 0.5371875 0.10653846153846154 0.121875 0.20076923076923076
0 0.6184375 0.23 0.059375000000000004 0.09846153846153846
0 0.3978125 0.0726923076923077 0.12562500000000001 0.13307692307692306
0 0.301875 0.06230769230769231 0.045 0.052307692307692305
0 0.2775 0.016153846153846154 0.02625 0.02
0 0.37125 0.5596153846153846 0.1375 0.18076923076923077
0 0.4528125 0.6265384615384615 0.066875 0.0823076923076923
0 0.7140625 0.8788461538461538 0.138125 0.11153846153846154
0 0.5671875000000001 0.9196153846153846 0.165625 0.09615384615384616
0 0.411875 0.8688461538461538 0.1525 0.10692307692307693
0 0.39125 0.7765384615384615 0.16 0.12384615384615384
0 0.3 0.7434615384615385 0.035 0.08846153846153847
0 0.4796875 0.7542307692307693 0.024375 0.03769230769230769
0 0.406875 0.40923076923076923 0.05 0.08615384615384615
0 0.324375 0.4207692307692308 0.04625 0.09230769230769231
0 0.3796875 0.3219230769230769 0.128125 0.1576923076923077
0 0.1065625 0.5857692307692308 0.080625 0.07769230769230769
0 0.069375 0.8311538461538461 0.1125 0.2561538461538462
0 0.1825 0.6576923076923077 0.06 0.08461538461538462
0 0.0421875 0.26576923076923076 0.058125 0.11307692307692307
0 0.18375 0.3473076923076923 0.03625 0.04384615384615385
0 0.5409375 0.28615384615384615 0.081875 0.13692307692307693
0 0.5946875 0.2853846153846154 0.045625 0.06
